1773,0.3129986900058521,0.7632228883124964,0.7072912152465057,-0.5509344325363938
22533,0.45707578568125273,1.0608364970060642,0.10373932096265646,-0.6149976406992611
18413,0.019564107760304428,-0.5498142027598198,-0.08866688601816479,1.5191655406195936
20493,0.6902853241360446,-0.08555230511168685,-0.08281203821072654,1.4334824779016422
28333,1.1915867589171025,1.5424646630477403,-0.24315036162579448,-0.2747183657993504
8213,-0.2123990419239642,-0.8607536847876112,-2.817615193365006,0.22491719095654822
7093,1.7016367713649156,1.7926339333931052,0.5607126738910022,0.3662388314492454
11253,0.18155190946248698,-2.7572612006274815,0.3942195698484944,-0.07747746834630574
26653,0.31267067839032087,1.8609470636394145,0.034564777785302446,1.1138651958904995
7173,-0.5042438147587096,-1.721359495011947,-0.08836690697114906,0.15423972708537687
27893,-0.057201916196171015,-0.6975888289098546,0.03311872749311336,-1.0282854958063539
24613,-0.48823259362267685,0.08724817751265082,0.009769552915471014,0.8623563591478683
4093,1.4202425216678525,-0.8320068560041117,0.9947483504618484,-0.007266691312258108
2093,-0.1975581367296731,0.7750787112874612,0.5622305534608576,0.751274572935662
11613,-0.04723511428509597,0.638310602374082,-0.189904364139655,0.38036665150579213
573,2.6366602531667356,-0.42742530171006865,-1.2780705622162942,1.1198911817315866
53,0.33997537700669894,-0.5702281835364273,-1.3358216947296684,1.362353546017915
18493,1.8149109428207932,1.031812472406019,0.9428321515023333,0.3980458170190006
21173,2.552584022738616,-0.25112397538551184,2.881699669718746,0.5029064755142554
4733,-0.5052114251788409,-0.09901676587593948,0.14680462561154473,-0.5507022431876066
26693,0.1565141015955688,0.24449906243433459,-1.7682374046145102,0.6354240311910282
17733,0.2629698415852526,-0.8494185578797772,0.6848829676506419,-0.33346214413947833
26053,-0.30834145452910483,-1.3693394698426693,-0.950008464343386,0.7867577386839497
29733,1.4152411969821346,-1.8845049795199724,0.06107283165869302,-0.03743691986589379
24653,-1.1484764967572614,-2.8984027713640024,-0.9250997884717634,1.0568765463696494
25613,0.06211000378212615,-0.9254524658910902,0.032107459985377354,0.019853379501034937
32853,0.41154446572069153,0.4790614478500384,0.35055409533831394,0.5731279355857283
22573,0.8693894820754869,1.5191759809715162,0.5918439236940884,0.46119954727147494
18893,-0.23360301821237958,-0.44713681729847615,0.4816405854317122,-0.9412583087526055
23053,0.5223912936057944,0.26280781928103863,0.5616591508898972,0.3889561639791803
10333,1.330370723078289,1.9770876905046324,-0.05317225988127469,-1.4923550731866024
27213,1.6291619142309697,1.6425125537260983,0.8001149916224224,-0.8250535166014743
30053,0.10690103144475238,1.941338030965447,0.7775294919255524,-0.4934752365393562
31373,0.7346340046826177,0.9135278177167174,-0.21269626646909004,-0.0015120942857677427
8293,-0.25512143451385416,0.30576189074232196,-0.37675252518295976,0.05905599412006294
18533,0.9226404712568138,0.7754846378457895,0.5657323850339873,0.06791877002204394
7573,-1.5422224427325912,0.2777185185464437,-0.5036529215472143,-0.7394380826998065
16493,-0.7948047521442387,0.715274980530655,-0.0037695533520342088,-0.2852699651534991
24253,0.5231230484752483,0.07476872462572615,-1.5350745313399357,-0.4477708820218213
4213,0.17005825505066785,-0.2303353687312237,0.05801821854816539,-0.29332928789121016
4573,-0.8609216717693243,-0.3965110377677816,-0.17813146171055863,0.010695242415477533
8733,1.549812212672108,-0.07259756474431084,0.5197456116580719,0.824860721204734
12413,-0.8189586352985928,-1.0238045794971946,-0.44766115271000684,-0.8213963298731317
13333,0.12114508379349147,2.3109287288602314,1.8381559692455673,-0.020040819517903957
17053,0.028813076533450045,0.28384716848775066,0.3760688215868172,0.7485209343723008
21213,-0.2766686043041371,1.979942800481826,0.6390178684431707,1.6212768622599376
25373,0.5791041433069132,0.21967136603861953,1.1385943615475387,0.19264923827086194
133,-0.4450571680379809,1.3452627265089678,-1.4656451706960973,-1.2774991191608658
18573,2.1901856993050237,-2.28571903634382,1.6241353571125106,-0.8783388065395086
20773,0.7165506690523568,0.09239930646874658,-0.4691198502578936,-0.2133945125486754
7533,-0.3882243929770829,-0.8856181162769531,-1.2558563297766672,1.1487417925204284
26773,-0.20818741040710967,0.5356518947677033,-0.5491372830832377,0.25340776897956246
22373,-0.20342583644975665,-0.639651068783634,-0.7791039756157483,0.20093650393533713
14493,-1.3239429262029363,0.3655732758881247,0.24750796199491557,-0.7885992298038662
6853,1.2162405965323133,0.6994136583288837,-0.3991977423876824,0.1370020576231696
22693,-0.03813718241860069,-0.0983278737110096,0.17175776847741783,0.13299844887860945
23533,3.168762885794684,-0.26958924178379645,-0.42826483500224133,0.988272928567608
30893,-0.5638744188824981,-1.1110735966091159,-1.8407894246466339,0.9727103967125927
31853,0.932692490438378,-0.8281109020751263,-0.3870201715847768,0.5067218560622028
28853,-0.021216872204009946,0.10231786008010707,0.6798092643451741,2.009503224640159
8053,-0.34533214295710146,1.001281589892942,1.0835572395529514,1.4733797252689478
16373,-0.17387536461433994,-0.45849864868377077,-0.6024867746083221,0.587592351818482
16573,0.7458379579799344,-0.9869667138168436,-0.4833418074473591,0.8979439529847194
373,-1.3117454679309148,0.015460651714371457,0.6852251387506672,0.49647943201803474
4293,0.6515597623843926,-0.01152234357645936,1.3415874679808009,-0.1474864924843616
893,0.8048205900185155,-0.7487322046774925,-0.0405643428430585,-0.7946232070479197
9213,-0.08508611357441098,0.07639967285314482,-2.2316599150570613,-1.448880115087189
2253,-1.2661363873582279,-0.9719040402294218,-0.9308198067925958,-1.0563920877421649
25293,-2.1670049538084792,1.1479797928440625,0.07448081550006552,0.46760578278635107
21693,-2.9244212252001276,-0.49802163392421595,-0.007614894815931561,1.5140089244044415
25853,-0.3089008129301092,0.6687249136845079,1.6666299057737683,0.6314926297223659
30933,0.004870578123489357,-1.127914987363783,-1.6293299318657175,1.0291190887809607
32053,-1.2705157426051163,0.517747731549264,0.9882598827869622,-1.135243616130481
2053,-0.5180025907947069,1.1968515428331565,0.5653139177798948,0.4878814482267451
28893,0.2813077968773278,0.6744664953728051,-0.7316567389292192,-0.8663736018429289
4133,-1.1523474125000688,-1.1549075344805741,0.6924712729994615,-0.4848409805820253
10373,0.23188304490049483,0.8346492490418862,0.8110088510480878,-1.3611697100196265
14533,-0.6417018073017066,-0.9769842765688068,-1.841614988712436,-0.9994602950749841
16613,-1.0646631465492549,-0.12072729636831711,0.3757764158427126,0.7946621972069863
27013,0.6566785371278963,1.7773697324191018,-0.4716365946148665,-0.3477759351929336
14573,0.7176450648548854,0.39457029807513616,0.08778206245488582,-0.6537684894981529
3453,0.28679649365237325,-0.39500189286594534,0.1284516711163161,-0.10879105104026199
3213,0.12508330932135373,0.3909517181991015,-1.1238034680224394,-2.4299929471948265
22773,-0.4940255583182535,1.0615863300155026,0.15415926174467984,-0.13222026502352957
15693,-1.3807625865055917,-1.1908039311268965,0.8191219048130987,1.3032980018177176
24013,-0.06216722020973732,-0.3151195839919456,0.7209737240100593,-1.1271457328942318
20733,-0.18558459472262276,-0.9456026220714498,0.08393824474917816,1.5688994358118373
2773,0.43653297889951787,-0.8578629279110453,-1.799058745063575,0.8860103146708183
213,-1.0020668436658051,0.44209540383992824,0.4675706250520489,-1.4333087442895576
18693,-1.4289557180073669,0.7225659133786032,0.6421143843744715,0.34192363556685107
12693,-1.1829697424930827,1.110748574574178,0.2340104385559418,0.1800772261745788
16853,0.1973345586108083,-1.3057575685168357,0.5633582223441723,0.28992304138711444
6413,-2.7684793542777992,-1.401341297602073,0.7701425556596285,-0.9433129913634446
12333,0.7935849303413305,-0.09334565562698231,-1.4866423964459559,0.1315437191011647
29333,-0.42735253085683045,-1.2275070544896802,0.23017693867209818,0.5712413191527794
24853,-0.5531771751600701,1.0027984431034032,0.6088919982114045,0.9962099067772203
1373,0.29930685630421333,-0.4170936765966296,-0.1349712015483973,-0.20409685325679433
5533,-0.5696054342004876,-0.2684549878546165,-0.8007833152434335,0.124649227227563
9693,0.3672827130149207,-1.4465743554514026,0.9482665796162268,-0.8959603483453744
13853,-0.4207821156820467,-3.3094439868535597,0.2804401359772722,1.2005494931740592
12573,-0.7270894549851038,0.9872003207421873,1.2915496420626007,-0.677296418343297
21893,0.6078174935920931,0.875162116358055,0.8709632031684343,-0.7584608094675734
22173,-2.2709756137362276,0.5609821353840612,0.165371104092501,-1.0664407084688843
10533,-0.9678657045488415,0.43776291634589737,0.8234082159381158,-0.28304920812397694
2533,0.10194020792200624,0.29733772028247696,0.650424892594477,0.3419278039947216
15373,0.766905538607031,0.369664613661198,-0.7461253015948199,-0.6374970471811006
18733,1.0720258848067448,-0.6970790593050585,-0.443739100175017,-0.4888258428014575
5853,0.5958489133671456,0.44010032304505275,0.9971128878487862,0.5046640685754776
19173,0.5976625736313009,1.5901129516822414,0.5090415632037901,2.1277106253461766
16693,0.6138424830115883,-0.4840458920381563,0.9241342897710694,-0.4803942323277614
31653,0.669220640546114,-1.2712678175219867,-1.1671855996484861,-0.2894420262633951
24893,0.31744544957470106,0.8102294951725791,-1.4766113124851876,-1.3851230163515098
30773,-0.7078904907003699,-2.1101699589908973,-0.08582601842044756,0.35609528143274183
7853,-0.6742411427551507,-0.8336556598156712,0.1090307489624086,-0.6029650688571474
12013,-0.9435331711033165,-0.11833265591854054,-0.474569708178266,1.7838369665444644
22853,0.5281024230620696,-1.6500125060828539,-0.2532216753626316,-1.6563784890061104
20333,-2.0323011519533836,-0.5226673276616368,0.7660536040702259,-0.12546769375749764
31053,-0.8372564802725502,-0.7940445021988652,0.012128910260902629,-0.5823437543986734
9613,-1.567691672689416,-0.6652381584429968,1.0284100437848924,0.7095215717512866
4853,1.4564659685056647,0.07724788361073048,1.3374573502515792,-0.5045275867218284
18773,-1.0606724227737567,0.4937081688816635,0.28696586329598306,-0.40983232092916067
13173,-0.38427925142072694,-0.06324319939240436,-0.6287445937048048,-0.6886685804941537
23093,0.967096808629513,-1.530484440819326,-0.7083427922337239,-0.6344563414794898
17333,1.8277887952990959,0.6315688388985476,0.17549081965690985,0.11104529733555427
6493,0.4331323365959139,0.41534737894409296,-0.45987187788420325,0.6926099723556844
14053,-0.4553026743634217,-1.3742898589024288,1.578412851170117,-1.1817393415736404
8813,0.7653450587241132,-2.3816212846254396,-0.3475325167284575,-0.3937784664285879
4453,-0.8316187253174389,-0.3537342703770081,-0.7613613315414749,-0.8264381033916518
2413,-0.8554900275501188,0.8999536018936036,-1.4574373171345538,1.2442129811267837
23613,-0.47343486558847425,-1.41313160186907,0.2720614598162272,-1.0087864931487898
30973,-0.9350329106405461,-0.03342299894578347,-0.23787139764989093,0.6881898746628798
31093,-1.2864157722052227,-2.1630964347371244,-0.1437745320073137,-0.9932156459896455
3013,0.15127924322625924,0.295196981048974,-0.05570272889047241,-0.33803023515287717
29053,1.764641032837833,0.7305293702338044,1.2353000279530273,0.7986083393110768
11333,0.5508990127747745,-1.0441519366904606,0.9873976701914399,0.12733022311667283
17813,0.7936793558392822,0.4377913179765201,-1.428498603459207,-0.7153942418145434
15493,-0.9630439638382137,-1.344672152178995,0.15487559786753372,0.7367715247910923
19653,-1.0849723765914463,-1.1359181521426214,1.4833615789546495,1.8695519361338482
23813,0.8900186750220814,-0.4267806113177839,-1.1032159213363466,-0.5583534976315678
16773,0.3794712515242397,0.8649396754602433,-0.5704865692594293,-0.5898833957862097
32133,0.16823748646928896,0.43497354595211823,1.058847798472284,-0.4086452411164753
13,-0.03997341720911841,-0.8429899187798251,-0.36025050339124376,-1.850326298924577
14733,0.386462622865568,0.041779369718426,0.8914068136927049,1.815973013717696
21293,-0.2401748953629372,0.8453156948779652,-1.0658416110445625,0.3347002300523926
27373,-2.1407397485259048,-0.3146368667567943,0.17222315772381466,0.4383274042528287
16653,-0.9468572852643974,-1.0350718860154697,-0.09592800716251074,-0.27712988740295785
2453,0.4442638946935049,-0.8172078782830184,0.20099279058919747,-0.47472839351241375
20813,-0.409249989911068,0.5153259075268056,-1.1139087904570313,-0.08414206170373645
24973,-0.16434280166120507,1.3619965980106412,-1.0830741390912848,0.7951519015693432
413,0.6861099631752912,-1.6042065384948707,-0.4111307495625046,1.363186216380493
6213,0.25407514270625203,2.4659670110537006,0.4756299133021489,-0.7316564660859068
5333,-0.11767723033527966,-0.393884838602334,1.3642189789942611,0.7309940787417792
18853,0.5548195717283328,0.5164457456226125,-0.4216378963968354,-0.8717244057112862
13653,0.8277778747793354,0.1411837429701903,-1.1109405259315348,0.7532341032684642
21973,-0.33354425084138667,1.022078097933255,0.7406209807298709,-1.5971671573917445
26133,-0.24673915720966422,-0.42048138846335215,-0.7255884966773928,0.8351350497051911
6573,-0.7912369300894764,0.04516043265418982,0.8858276062631377,0.19093203022651345
30293,-0.30877327153515527,1.6591604528184736,0.7132544733698194,-0.37859088800258406
20893,0.3585759896251742,0.9729120837933057,-1.3502321948804605,1.0290225911068567
2333,-0.21197256430731995,-1.5894282300471405,1.6169072662368902,0.6315528426723044
25013,0.06445215274909646,-0.31790395638242297,-0.42648302405494093,-2.091078612836686
10653,-0.016260296867223193,0.555806048953988,2.2552990945773894,-1.4642263579437649
14813,-0.1464044334079831,-0.04758927845109656,0.7829474040163888,0.17383068118210154
12733,0.708685931856759,-1.5131868894900564,0.8033668314277548,0.1285485998686856
25333,0.876431735579155,0.26894534434075146,-0.8612485527660828,0.26219120175299887
3893,1.8943771212970688,0.8954694851425831,1.1870884555068963,-0.0706349015280941
453,0.07232671615437904,-1.375969649318173,0.30221194807746676,-1.3402193200370116
3493,-1.4651170369630604,0.8770884859728534,0.07918690731687464,0.27401821971756746
7653,-0.02871799776725316,0.7561479309099209,-0.19333742111875954,-0.362249699104804
8653,0.9031795960503904,0.3758271319960195,-0.7391131734104276,1.2968351330403147
15973,0.29146455601674004,-0.3083368135299631,-0.01293257597928539,-1.2873351307852303
20133,1.080011879668395,0.1468406031251608,-0.506257592231338,-2.2660017924802025
27093,-2.040064284810895,-0.9845299323686414,-1.1526213798744889,-0.3856717016442342
32613,-0.27367728032592714,0.14748328940940283,-0.3328160788317689,0.95070976058585
493,-0.005798830558846059,0.41933923315957977,-1.121658530235624,-0.6123537027167651
25053,0.5647697227169699,0.282124900067423,0.23839833563747329,0.3885576539998191
13733,0.19043313310189083,0.009593168643411858,-0.08421345197859607,0.2842460899807006
12973,-0.3351959588275957,-2.190575305692719,0.2494899118812619,-0.5755143620091315
17133,0.5257589200403356,-0.7579530810180831,-0.06185930019840801,-1.2826206942757052
12773,-1.525329303274756,1.9473269975610568,1.8918934667013276,-0.20907268867959355
25453,0.22201778906381858,0.16914778905670874,0.6233515211436709,-0.16922515367726498
20973,-0.6199678307948161,-1.9160272141748873,0.2456927387634272,-0.7838590741160262
1653,0.6988354384237622,-0.5087955147591758,-0.9202463412783239,-0.3006669548910864
5813,-0.07998849104055954,0.2089976048970089,-0.7995625147467134,0.5213832607970644
9973,1.1593327573098253,-1.4397098361500513,1.1947752253297703,-1.0071054149712222
8693,0.5716186970135625,-0.09928716771261302,1.723786796909749,0.6208790736516216
22453,-0.6276807787628106,-0.7311950373381962,-0.3516055577964605,-0.5172588796665274
26613,-0.16945328794672912,1.4755247904669635,-2.813603149601218,-0.1888310427232145
16893,0.2848503511832482,0.21661524747991776,1.8229341848189191,-0.8291169987715261
22613,0.4853032245673673,1.202679959700163,-0.2974339736981533,-0.4648227616513712
2813,0.46955890905267317,1.1601851358813495,-2.026892349966579,0.2045435404010015
6973,1.329856186546947,0.04002885787780206,-1.2085598106545659,-1.1770073031046058
15293,-0.5272534461612726,-0.9474864924958775,-1.376233077807467,1.7770691530748823
2573,0.07355930195374265,1.195588083243707,-1.0678595332992404,-1.65047148333854
32173,0.19400629193444852,0.19302270790116305,0.02266632358093905,1.3433037038296103
21013,-0.08647054505154929,-0.7065390711408011,-1.627095915347027,0.018192581183582534
8133,-0.43347462793995334,3.8351955857555433,-1.447143304076955,2.1469961572947307
12293,0.7047233417408851,1.2280240739128732,-0.9294190683950055,0.11364559210040243
18973,-0.19209481707565004,0.6841059196494883,-0.7419119668369583,-0.457687069416132
16453,1.0429595359422783,1.3987724557933876,0.32349259063373587,0.09038979425033718
773,0.22017430243115285,-0.15085969435351038,0.401495105030104,0.21386193624348093
28933,0.27135858642115745,0.1796465991650439,0.2424054833144097,0.12204417977655112
27173,0.3812897743168956,-0.9944308597365661,-0.6635389771362793,0.0891025204265212
4653,1.2138244553397053,0.09054739891488753,-0.21230264403817117,0.32298883801460915
9293,2.509609592761445,-1.1802522219412426,2.161612165805826,-0.8928166821469385
5213,-0.8274996406355795,-0.2828854922377127,0.4801338368243214,-0.488743895663099
17613,-0.8064042725565101,-0.6036735290484845,0.6501096471755902,1.1729303905754034
21773,-0.480468555002657,-1.047157402781118,-0.9757486454412584,0.7056082903962462
2613,-0.5947288635688555,0.6986350945901839,0.737825578194923,-0.3481157825088413
30093,0.7403614383968521,-0.4565015687233468,-0.8776889126007451,0.6504878870204084
10813,-0.18293109324829832,-0.5664051194039228,0.11489147809393413,0.7072947712918635
2133,0.26565904837334137,-1.6566108198884317,-0.6961117557840731,0.16427448364723757
30133,-0.3102184256670694,0.2419739070020588,-1.420393098797482,-1.3824663552628798
6293,0.4009895704751751,0.2132573999662059,-1.654641018033195,1.0555662085994608
14613,0.2700282499084209,-0.8415988436154832,-0.3472948754331068,0.9015288071044729
29253,-0.9373248530159138,0.24715014508359143,-1.0991500871647477,-0.12405630836429204
22933,-1.2780886342161442,-0.6881399772413607,-0.20623761418910275,0.013406352063131365
31253,-0.05841051630678465,-0.9869549020742989,1.452812609795905,1.2471523649010383
16973,0.6862833168090222,-1.3000941930497716,-0.19272376371352318,0.6616879162915397
3853,-0.19412154140525467,1.0544679567965995,0.6669997598409118,-0.15127953633981547
3293,0.31589690909600343,0.725329642417993,0.028842053127808225,-1.245506331249138
9933,-0.35212988465339234,-0.5641526581231544,-0.6256410028577022,-0.5897517963828862
25173,1.2563554032963866,-0.6367179704986629,-2.675669366840662,0.8923411020833764
24093,1.9530780025934977,-0.3739848753431497,0.15091923329453713,0.4083268093968459
23133,-0.07257103817529377,-0.3834116198846362,-0.9871624787629276,0.45049744797560204
28253,-1.7016715970195424,1.7249482054858332,-0.2470299867082084,-0.3091620574250057
23653,-0.15336245932680326,-2.0768565817263056,-1.1849932865625814,0.34794541340182505
10853,0.7325366881059705,0.3002017789829243,0.5236513512845439,0.7379727213917531
27773,-0.09493256514790901,-0.04025108778336561,-0.5531258490835167,-0.3192774347269542
8613,-0.5853104451794396,0.2701341346688035,-0.2564944233918033,0.560929742657555
29293,-0.850273330067079,0.6904438784362321,-0.8416638021899184,-0.498581462021352
22973,1.588396176358741,1.035154754455543,-0.7356776763806397,0.6131234915108421
25253,-1.6010831015408484,0.41013689548043164,-1.1403762415730183,-0.8861740323017991
6773,-0.2738622143425632,-0.7408760194238421,-1.9758976837005735,1.5888010074540897
1453,0.7679809606473053,2.552379969150315,-0.3472326974994021,0.11665659749024022
14973,-2.210029012201893,2.2173138661637304,0.5764282780880045,1.1804281151553164
12053,-0.047766092626163686,-0.27580492440495835,0.15899655851497033,0.2066049886899652
22253,1.0765447950714793,0.9314276046221046,-3.3904318175507466,-0.019065751206070212
2693,-0.35749353803598144,-1.413719258578961,0.611346559351185,1.2521728326161998
31333,1.0893293886988737,0.4782190693772992,1.4748011789186288,-1.3731767515761812
653,-1.3309635946380922,-0.5199670188317151,-1.6986644335060308,-1.0135831923591687
26733,-0.6394321870361559,-0.9583064677015347,-1.4425674975994718,-1.3958255412146094
19093,1.2456208170902243,0.6618857311849498,-2.8032071289998144,1.0903484711820168
27293,0.9853362235051801,0.8760934580655829,0.31067743345738624,0.5958992842195348
10693,-1.374288608114961,-1.0044309574726866,-0.13919710335534305,1.6290392974469594
3773,1.4066720986585015,0.3781570267045063,0.2368990850270663,-0.3723674660778037
7933,-1.6412568083955748,0.8216348843434046,-3.1404915330647003,0.5435451315017296
15013,0.4958511769031354,0.6131814120203747,0.5534272038618369,0.04177086984192443
16253,-0.7375899573027841,-0.8570439010464208,0.8316889670698634,-0.12037498694835798
20413,0.15393720857090348,-0.7660422705451289,-1.8764789577270304,0.05035597220734348
23213,-1.1478997081319644,0.48041431020050135,0.655490564870888,0.14065452355238528
20253,0.3816098536308293,1.4060002289663809,-1.068969444688717,-0.38619964122438943
10933,0.30863045124317995,-1.3098992680414796,-1.4649240610518932,-1.764034990774495
9093,-0.5018098883584803,2.0771446934334756,-0.8244949287531274,-0.5921625807321285
29373,-0.2805688511534698,-0.03923812398925352,0.2690892021968396,-1.5088813409914315
21573,0.6030170950285,0.8248591991430917,-0.6049970817872661,-0.6602773880986215
14453,0.9634284674920265,-0.40571859915142816,-1.4688595081952445,-0.14737004910657303
25733,-0.060804554460297505,0.7790896695221451,-0.38248800233949726,-0.6249187209319053
29893,-2.181534067262577,0.18420131442026902,0.5879737853667938,0.17010297168540134
27333,0.03408617468077439,-0.34901537769558577,-1.4093768616249136,-1.4162892832702985
1933,-0.15127612669608814,-1.520946813947748,-0.11480482869050065,1.0901348377211058
6093,2.1307375705493223,0.4423566006013276,-1.6566035792805522,-0.7485184730216862
10253,-0.4007949946734204,-0.14558073311374303,-1.4642218745964481,0.4853568127047011
15053,-1.9572208619221936,-0.7120084215224959,0.5461295754552151,0.9592289426336714
14413,3.5000440051007264,0.10062029990058845,2.1067259735033668,0.6120731923344445
29133,0.9098260714266572,0.20872334535454673,-0.4082041148757693,1.4516897541913307
24173,1.0420974301993866,-1.380605470099376,0.0999899276290727,0.7765197417973116
26893,-0.32582939169415864,-0.5314629819200102,-0.020944285720525323,-1.3450674046614275
23253,-2.0828184547079545,-1.2802054387981339,-0.5082127324774599,0.6817948505994365
14653,-0.534131045678894,0.842776961645568,1.9023346535500185,-0.6744987423596558
31453,-0.234492792955586,0.11428017953450223,-0.595309628491701,-0.15838653846678394
18213,0.3749195642416708,-0.7517469025751885,2.159385343394849,1.4893468395267464
11413,-0.10698624036325864,-0.7369450927342244,-0.16313568981563267,-0.7870996125979757
15573,-0.22813941949001554,-0.44140689825250035,0.1844591549111631,0.31284796023045847
19733,0.46892132890870786,0.19055184652156676,-1.4497786676006856,-1.7012330599659864
29413,-1.9676793459541737,0.29237112672155485,-1.5695256111209248,-1.1698566175973066
18813,-1.3092394016041078,1.956374415128296,0.7950904791675295,-0.06637101644147395
6893,0.6053125441983762,-2.12995003217642,-1.6645771720187652,-0.06681972250676767
93,-1.9826394777705774,1.0312873733654966,0.06996720831183897,-0.3651286215187227
2173,0.7124492797656538,-0.21035286858740115,-0.9004287363674015,1.3614950773448915
4253,0.04611556461766403,1.135599508976875,0.36392879692559776,-0.029806511016914772
8413,1.075543347960955,1.6393390532187282,-1.1057288820217843,-0.2982281785640688
15093,0.03924092079778953,-0.04434802656265718,-0.19727953898106784,0.11416459538878335
16733,-0.5913069413915065,0.12514404353273392,0.18818613304043114,0.2750759551701375
13053,0.6313445463643846,2.1955540943021217,-0.30858133267027527,-2.9192525152333073
32213,0.1687572889314778,1.7663171599402248,0.30730534551408545,0.23710552884736366
1253,0.5287602862439389,-0.09733782766100424,1.3001695778316764,0.2846144113042992
31493,-0.0639520522687988,-0.09038276485009923,0.3195160782504818,-0.33171547325430595
9573,0.8689554554384088,-0.4494295585845321,-1.2793085936547273,-0.654705713264297
8973,-0.6823804626351634,-0.8239292473974169,0.0750240126125421,-0.858378566137601
12853,0.10927927349038266,0.7789761237919651,-0.22809343974644755,-0.13210959966821462
31533,-0.020676432260772936,-0.7120977292250659,-1.879139018457871,-0.29532230978652785
17173,2.01291644072629,2.0338489078649173,-1.430092483282522,0.3235944670403716
10733,0.21101858877154334,0.744039684312916,-0.07307279963735931,-0.4319615087514413
17013,0.6087833268030612,0.2677878625232268,-0.10121444277061988,1.5723409664074433
4893,0.6209253058171635,-0.41674032450412146,1.37715206537003,0.844775730187967
20613,-1.1453678398147922,-0.16540519353216984,-0.6724091663860426,-0.4223053871674764
13093,-0.4175798374686707,-0.029678198095655473,-0.03164281911451789,0.5948508618892446
3573,1.185143208735386,0.31231180468818326,0.4449603162190132,0.08543130972533941
813,-0.319075685422962,-1.1105430623885888,0.8117310835859575,0.6848497064009927
30173,-0.5695718496110315,-0.38198933315768446,-0.7010387114975767,0.9893709935606729
9013,-0.10252369625572622,-1.7714340417046786,0.306344173463041,-1.2871571092861473
32693,0.32539967774126805,-0.9877438602117743,0.1943651123144747,-0.3279652111585194
17213,0.714176864803536,-1.9548146250120841,1.1442797112618734,0.07348927270600075
14133,1.7722352896933724,-0.6664025303089841,-0.17251976836287494,-0.4764375741105363
8893,-2.0438002079493582,0.14237474743052436,-0.010142349561749447,-1.099978958821396
11053,-1.159654489341156,-0.8821836535603792,-0.547806179538854,0.9168743776415483
4933,1.2483123834182164,-0.14818672613591793,-1.5353142181455726,-0.34101314018380535
29493,-0.7611704436148932,-0.6494840431923408,-0.9806617647238917,0.266681147054629
21373,0.5570846003179907,0.41136190701609776,0.6200944999256063,0.5169424125447684
2893,-0.14952065387940777,-0.6204985574442026,-0.4805919229777369,0.2666193012202064
8333,-0.3488543102268746,-0.8227041400048434,0.813404367998965,-0.5195290954788429
1733,-0.8544984620844072,-0.3686420803624481,0.10974869564112569,0.438876617979297
5893,-1.358414575218534,1.0015182949160681,-0.745532464339204,0.4437684389404632
31573,0.5682997796841336,0.10239734348033862,-0.9400021841298143,-0.06781680158028261
5693,-2.0822873186018764,0.3522599969775121,0.660012820955117,1.5874470243689496
29533,-0.07474470402495158,-0.36116158460057646,-1.4540803614978368,0.253516537146706
17893,0.5912089262592035,0.7292302296075815,0.15362801363490103,-0.23855247295288656
7013,-1.2898380307498478,-1.1621506251324358,0.9729779181757888,0.8739515115345791
7053,-0.6268618055749249,-0.4873949663881288,2.072144859159908,0.8325335408602286
11213,-0.9429107978708652,2.122573335254563,0.12072916751875205,-0.6921209428764431
19573,-0.852169081104219,1.351640389126727,0.11980416046267478,0.19134393447573153
15213,1.1859994303864476,-0.39109829436633214,0.8141620329100928,0.3006201658092322
1853,-1.156396864015954,1.1832184277214421,-0.5616043245404586,0.5383116717766001
23693,-0.7712725319245448,-0.13714914513496088,-0.5307837353449879,-1.452263042387139
2933,-0.835267843947964,0.1229296771076582,0.4936597099624133,0.9432626987319315
9253,-0.17036187074868855,1.095714670604046,-0.10582387108777452,1.91905771536787
11133,-1.0012005547814409,0.9447284204442975,0.5383218122678435,0.42972184532901553
12373,-0.7667438145544618,0.6501796575870872,-0.8539178064366053,0.693842874031939
1173,0.5385355621158553,0.7466616798686039,-1.9633728159563117,-1.1430412423262757
16533,0.26673442460107805,-0.4663861704283434,-0.5832862447956226,-0.6982288676278483
20693,2.576007814700434,0.9053010473588615,-0.47602730322598563,-0.2723041160891172
19333,0.2096345461534281,0.29099134763554907,-0.4819507817199569,0.2401287913864655
29013,-0.9147891430037268,1.7361519986163858,-0.548663798540872,-0.9478988133377153
13413,0.16554717291075363,0.36905839294820375,0.5767581050004014,-1.38937737033946
1053,-0.5120599301814748,1.1562734148915306,0.4438518675774832,0.786764465239648
17293,-1.1903902962457937,-0.09681194169286618,0.9225234239066303,-1.7039042210807982
31213,1.5150674019405679,0.20709020728052832,-0.12052989667799179,-0.41290248807180074
25493,0.6695986872281419,0.09782999679704822,-0.16906443091305473,-0.05798045812211877
21853,-0.07345303691092182,0.47338819118910946,1.9107101235389594,-1.5521423132383851
26013,-0.53796901617437,-0.4143283317532146,-2.1935215527692926,-0.6370500395998424
5413,0.9598850539693057,1.025442550615173,-0.900233813178632,-0.1553289467263079
13213,1.1898496127344123,1.3177829293550165,-1.2621270529773727,0.4897882627375324
15173,-0.8122653933111071,-0.6575904958922184,0.6997039876211002,-0.7586440055364437
11173,0.21971826450798423,-1.3679346491776168,-0.9610264335402264,0.8716483552756555
14693,-0.46020916582655885,-1.0267589886422401,-0.11858183149642944,0.8728831124795116
23013,0.6520780439986147,-1.3483072356516477,1.2376185650009843,0.2933455502415971
19373,-0.550234778562779,-0.6390362001565985,0.9055214277053193,-3.3070447826412166
9373,2.3135599730838177,0.9053950534704497,-0.47619771529398736,-1.175665347197745
25893,0.18133913212248048,1.3368649520457598,0.10329772185466876,-1.1633872279237178
27573,-0.3000629272074691,-1.2482971910582086,0.22180742159986871,-0.9911367307276537
5053,-0.007917576976277733,-0.14423407240615327,-1.0398914717976726,-0.8873605359808906
29173,0.2631977205988514,-0.06564634237335626,0.09491168905517652,1.3727638207824402
13253,-0.9342653433287157,0.8067159716592194,-1.2510561589913254,-0.9450017339427259
21453,0.1605989898992143,0.3270344719532486,-0.37642027193791067,-0.7955980273626743
8013,-0.6088634455137761,-0.6169139666667478,0.31091183245115367,0.07787585571532454
6253,-0.023172411214930362,0.2599584557257166,-1.023777159398633,-1.4715108142495381
24693,2.3526910481239454,-0.19487476489874486,-1.5222454391962292,0.10513330806130197
19413,0.9194935725222169,0.6882133470700511,0.6725867818248503,-0.33524329275842757
17373,-1.185429449200518,-1.0971016670168596,-0.8790190401747472,0.8881027890132512
2213,-1.5662734284336997,-0.6387066248732779,0.2681554795394743,-0.8562579540963347
9333,0.4618211247715954,-0.7290242718625174,-0.6699533616069296,-0.36200489390420315
5093,0.839365781618528,-0.2916369021000627,1.5235862203383521,0.8229453339920547
30653,-1.2311829065721562,-0.5810190563809793,0.2606764954519868,-1.3129901040278462
13293,1.2439654346128446,-0.014822449642379444,-1.0805628202681816,-0.161504117426956
32253,-1.341180187687606,-0.4814582870258792,0.20071906203845913,1.5099678112647608
11013,0.41618035762206795,0.6880838852448081,-1.1905294992689084,0.7553509340182801
31733,2.472049119472252,0.1428518903634071,0.594889630112795,-0.8187026381385226
23493,0.2904422324606992,-0.49560551859059054,0.37564576076750456,0.11099049540605498
27653,0.05339967424771586,1.881292641509214,-0.28850788804721217,0.5208604444459505
29693,-0.6619807630297667,-0.25933696893419605,-2.1621636418327776,-0.2663904214473685
11093,-0.35129677566688583,-1.8038922294900879,-0.6317979005161021,0.46290827498210535
17413,0.8227372605908501,-0.8482726036693895,0.9003055658603241,0.16539897550083513
16333,-0.5259934455625016,0.07890944684285263,0.284890693424621,0.3055548842452566
5133,0.20455431912566066,-0.17642551747880808,-0.18024100802780077,-0.5685955875193217
20653,0.7808741402741414,-0.8922560606455389,1.7328338236394598,-1.1282207450661845
28813,-0.42079594828461303,0.9872815949049379,-0.03178065121199531,-1.6856304503376767
23573,-0.9046095544451317,1.5226722356965747,-1.3984038852845047,-0.99757774319612
853,0.7309335302880776,0.09640829160508516,-0.502592662217369,1.3473057995958033
5013,0.6997060009096081,-0.5666377864057117,0.667722982888366,-1.7151500028305455
9173,-1.0874481955641273,1.0647556306941035,0.6304363883867247,-1.3577205764420288
11293,0.3965138178661126,-1.5019801999684026,-0.37282520291607313,0.4820412490771422
17493,-0.5803111506908745,-0.49818673068107594,0.0609149726543602,1.232410556314899
14853,-0.9875620677481114,-0.10438993119266302,-1.5908282153712427,-0.14277788368407393
19493,1.2422584661110918,0.6197373895947319,1.2620063028732154,0.9240670672405573
2013,-0.597650831334033,0.26668580812853715,-2.8776960576033472,0.05366319307711546
27693,-0.3946108547102124,0.7511265158095811,-0.2276805285052572,-0.5448408344974286
9053,-0.16172238161359892,-0.5955113245094077,1.762947248607998,-0.45822630075008985
18653,0.9442678823409014,-0.6550403064494184,-1.6855368242768995,-0.9689038639349636
15413,2.3668173137961115,0.305572595528218,-0.11908280649745986,-0.18866116930654814
26973,-1.0774710140141324,-0.40830649084225057,0.6342675871607127,-0.43808780316129936
31133,1.7934643445617555,0.6155079637895716,-0.1178514310730693,-0.5748084877832871
3133,-0.06312978088692285,0.3511692999611033,-1.2618579187802175,0.015286469820601202
18613,-0.44305275486216983,0.8857561467625407,-0.11286120936415121,1.195087743555546
21093,-0.8481606093269612,-1.4696132433926212,-0.37715343199734297,0.265641429620513
11493,0.5948143833525762,-0.05805974371746016,0.21846981010699415,-1.3987598691347662
1093,1.6074691426560042,-0.34430248110071876,-0.21021024609228708,1.0508388294371223
13373,-0.21776438371763962,0.2586356808367503,-0.9261334111732931,-0.599054140065645
19533,-1.5556024293557402,-0.639858915048516,0.35785108117963843,1.5994337585715406
28173,0.7593056943987396,-0.8491680655989226,0.78689182169908,-1.427887444663998
4333,2.3758517253715654,-0.5025869092434148,-0.6887477568121618,1.2126837279523874
8493,0.3093987917604649,-0.3679140904102722,-1.4733606619796518,0.5202884412447643
12653,0.18266484020940998,0.6405000106363522,0.5709148489947622,-1.2280000354498373
16813,-0.37719316685551085,0.7102708561020353,1.5343331788233892,0.43140552134270177
25693,0.5519267226770813,-0.8328810999743188,0.5341485709252851,-0.4917886513428178
27493,0.4479538184643642,1.4264204784849077,0.8630805865490899,-1.1520127695832911
3173,-0.3058492282620639,-0.016951708890206658,0.6638170819629186,0.05674611050608035
5493,1.1208241798053764,-0.1880985438030572,0.7993064774977794,1.3685724989694112
1133,1.0551337992634207,-0.8625123697381945,0.6693610941744185,0.9187542979312926
26813,-0.5714640536236826,-0.0645264365269091,-0.9771614426581772,-1.5168923432582608
26293,0.02164586785322799,-0.46465810912926847,-1.2269024252049419,-1.0941640344851993
30253,-0.06872008475054062,0.6425049993297176,0.8150562302445044,-1.1432222736764346
29813,-1.3533397317282445,-1.7257494724333289,-0.5376928199510917,0.5599792077108139
2493,0.42617788024835246,-0.17747150116438523,-0.004241041336977938,0.6253227128424755
6653,0.7579174572729837,1.1468275374355108,-0.42176213939525115,0.09080259916979028
7293,-1.4756606496743634,-0.7978786831790843,1.7317523939856827,-0.02965894950504088
5653,1.8162826581317446,0.13590897482905467,1.0498716485309005,-0.11938429305148124
19133,0.6939889332162029,-1.525704038069735,0.11025567679131268,0.9638318298241848
23293,-1.129364981021339,0.2899732101217281,1.3798912149516476,-0.8745675590129586
5253,0.9357938601147424,0.6470570903138226,0.005840342569509263,-0.34439498704937216
31613,0.4176070171439151,0.004238259708755202,-0.13184131087752235,-0.44194962746434785
16933,-0.33550496603146374,1.1239670559352968,0.6320562136256672,-0.19155067960134006
13453,1.4836486159653317,-0.02427703631769092,-0.04860294507497304,-0.018147509747223966
4413,-0.5840640148612133,0.557677643376241,-0.9146222619075007,-0.17834832625416633
4973,0.4289333035425372,-0.16102105774474032,-1.5087355384570111,-0.803590768109479
17533,1.1737725590777772,0.03659656261160773,0.48597394434342983,-0.46998144415910414
21653,2.330402430571136,-0.5202599352250891,0.35073662202999706,-0.00837417175072498
20293,0.8743348200486252,-0.48841805534401717,-0.38537316052028353,-0.22379271131745818
24453,1.2386703912431785,-0.1536283766142814,-2.0553501661149896,1.8507626349486939
32773,-0.6306232638667668,-0.8113017168993577,-0.004281486264310342,1.3943760959187608
29853,-0.25303711924232,-0.49627027614797714,-0.22153257540601565,1.3449417106464945
24773,-0.140722508809065,-0.14404781854086518,-0.36201146234430404,0.6395020226440981
4813,1.0776353205990417,-0.9339273482647084,-0.3103912570973669,0.7451956058037118
7333,0.41173295894778184,-0.8035334219947458,-0.4797348546734737,-0.8894641863849518
13133,-1.1588923807726548,-1.1677194843628962,-0.05883926634617695,-2.1541951864758038
15533,0.6259286084193302,-0.25388202416415806,0.42461855584553143,0.7191135907084415
29773,0.20538019008318514,0.3223828372469331,0.04701135117523104,-1.2215244839412032
29213,-0.963517210304887,-0.7255714939160748,0.1708989161273273,-1.1864966565993529
7973,-0.8907303651362192,1.4175430558333075,-1.485757803160471,2.180948833493814
26413,0.45700515072135,0.23341377837387842,-1.1116613881940263,0.4208734105977734
1813,0.5838251245957181,1.4121464953167742,1.625973764048044,1.3018322622273724
13493,0.2675566097510726,0.2595826527191221,-0.36253030737731484,-0.2225308077820559
5973,-1.0839695339833737,-0.07271264176539466,-0.8381370739776692,0.38682581230514734
10133,1.3196284833459762,-0.7054573413131375,-1.7857206010853257,0.2294497648961026
18453,0.4219099363254145,0.8436589258084852,-0.9785357692724886,-1.7731743192933205
31933,1.3925322894020016,-0.5150164695492812,2.168001204066511,-1.401561908676116
18293,-0.961191067705665,0.29688633621636396,-0.42039315608583394,1.7187540026261712
9413,-0.29466773607051094,1.6637099141125278,0.5484383488712459,-0.04683174465074874
21053,0.5306869975912102,1.7610605152700478,-0.6897428415197626,0.11575686594600965
7133,-1.4206282173573717,-4.420887550461675,-0.9890344572487644,-0.7894777515275802
21813,-0.0007401545382286433,2.9714840178814756,-0.612712444170579,1.1736710326219626
7373,1.4535661922392678,1.6308356552753764,-0.4198934991997357,-0.1728637103204093
15453,-0.13292452901098167,0.20155084153873534,-1.831937063232118,1.9319777204384176
27853,-0.6672190090696136,0.7454234992158199,-0.06606523814604136,-0.42522386852392646
19613,1.4083359097354848,-0.07351792447215644,-0.6399159038228139,-1.5152519577814976
25213,-0.055912958330922684,-0.08533684351995503,0.3027908767359994,0.31110008974220477
25813,0.943891087703314,-0.45423280249695536,-0.8577638937205299,0.7946673349263913
23773,2.0039955992816747,1.3114309251393375,0.5331452621241611,-0.04504327724005389
32293,-0.4951401192461613,-0.0481456107246417,-2.5090165342584707,-1.0295876177387657
12453,-0.1099338481703146,0.743442314095917,0.3180385370389192,-0.2813280189611007
31973,-0.7109462788986802,0.006458230811108133,-0.25592069133969936,1.393155177043759
24933,-2.245365875525587,0.5315115716285901,1.6789766776908692,0.8500357734847575
29093,-0.47358657565303103,0.5574343183479762,0.6467776677998678,0.12796564056772813
19693,0.9748471003429962,0.192350893914679,0.20525537292755228,0.22378585400789797
26493,0.5241491718772519,-0.06701665660772398,0.5702966654605215,0.7319000290451342
5293,-0.34224539470167836,-1.7512355813183118,1.566219999060369,1.0028830409426908
7413,-0.38944604516020076,1.0995290674763996,0.4519887310142832,0.05639790785205029
28773,0.944567480098589,0.27708701460456525,-0.4728659898200336,1.1089125228371213
21933,-0.12793601127327658,0.11450033714708754,-0.8658259462491131,-0.37660912538086455
26093,0.8477737580336329,1.666809349673807,-0.49924502305368695,-0.558971747749988
19253,0.7358155298328044,-1.2613536434832349,-0.14164242119944734,-0.16809229751946367
15613,-1.3674208631112512,-0.9412218725513427,0.6804814167449552,-0.9939082984090545
10453,-0.2678356652382197,-0.20175631611388914,-0.3688502620469802,0.18356469138109655
2293,-0.6444882133699407,-1.2408143873489568,-0.5887294926112553,-0.09095354250992678
13573,-0.916316075773012,-0.0678946964980645,-0.025730251207502705,-1.1679980991138879
10613,0.9096233966400114,0.3307107486924497,-1.4150899049519192,0.09622344989528743
14773,1.594631438080532,-0.5164687453517248,0.13993883914112748,0.7122236634337301
18933,0.13706392769180778,-1.1033591960400957,-1.1063953490822194,-0.8637913159688188
11533,1.5240179956988584,0.539757374346955,-0.830445486627575,-0.8006485958833811
20013,-0.5673452438234007,-0.5447477772002911,0.43162668824332207,0.33402590589717707
31413,-0.0675908243368423,1.6395518726253964,-1.3435196755086987,-0.6662953562995257
29973,-1.5995305007750986,-1.251679205526227,1.1164398844633905,0.013782537765612949
7613,1.557708812688746,0.13499896537241726,1.5822349852658124,1.0375030448669524
27933,-0.4365022075957829,0.3914530927788526,0.07916573587767547,0.24341295674527505
3973,0.9262353604210993,-0.6983396945995423,-0.48797748884709213,0.09919934893166295
28413,0.5430018658244735,0.32487238346822533,1.3552791654244303,-0.2301870558462667
32573,-0.060003085933821594,-0.4839627167331183,-0.23049461429754572,-0.20585727361513492
4613,0.9595488557541993,-0.11702329978031285,-2.0945508961756545,-0.5527595689618103
13613,-0.02174004190693288,0.09717041323975119,0.17492909036093982,0.2747896711476039
8773,-0.6736050334968525,1.176395674175356,0.5721255652703532,0.15216994355518065
13533,-1.0531761087922804,-0.1680066593263661,-0.6410038658244228,-1.7820478098191477
12933,-0.20409154319619544,-2.280217486525606,-0.43305906680018247,0.6788007957914008
17093,-0.36229654897412306,0.509665025748119,1.1003969056688774,-0.6998665835073412
17453,-0.10160510735496632,0.46412555828498153,-1.190127682829331,-0.22358546309960173
21253,-0.809506844588554,-0.6821322403990745,1.18567908938708,0.14108387665525343
1333,-0.5855614301668286,0.04454939357855995,-0.9608353345795541,-0.261868097072378
25413,0.5584211696217576,1.5933416795083977,0.8374094027956072,0.2651744165885057
29573,1.000645161281343,-0.4009831479357904,-0.9130172851215557,0.02685289428013564
9533,0.011638818937791241,1.2515265354960958,-1.4980380903212474,-1.020438542921022
1613,0.5794549406884664,-0.08921575416323979,0.26493518119015835,1.4984543242166313
17973,-0.26651912729025523,0.5294101109804897,-0.3275303604109223,0.7371467837401532
5773,-1.3522240843208888,-0.9659905280719601,1.8181559334827833,0.005027965317063374
21613,0.6896336326464791,-0.8769928918067413,0.42701377866865653,0.06801065431802983
11813,1.17276070765255,0.5539679480010798,0.494668808699406,-1.4490672942502816
14093,0.06426757877531021,1.2246231306363489,-1.473801361249375,-0.9325983747092363
27973,-0.3594970845880314,-0.051907637717055394,-0.25483267189373315,1.5898382005500762
18253,-0.11957535634362948,-1.6809099069170932,-0.18787297668821493,0.5593053908572017
30733,0.9491653567076487,1.0652188791634019,0.7615857743086294,0.3609413954922789
25933,-1.1425199856346324,-0.06371217003211092,-0.202461091536483,0.9109385621507325
32653,1.4742887218865548,1.4757673987958768,-1.573302296450988,0.48494177120478565
6933,0.35157513601329493,0.7869655556128039,1.6820990337002908,-1.747599182229966
3413,1.2244748998651975,0.38371868502531953,-0.8740277863964256,-0.02816484917938218
32093,-1.2968069292173847,0.796788818893364,0.9253084183261584,0.4038590417847336
27733,2.631712666069665,0.5345871495499236,-0.466948345401907,-0.9852568774669798
6373,-0.3879848951813263,-0.046398271544439894,0.13474921160157374,0.13641787862895466
31893,-1.44913415340658,0.9733848451442954,0.366741556927821,1.6248877890786233
19813,-0.7459598983467842,-0.9966992468058754,0.6203786024701519,-0.19170041556924192
3933,1.8735446850055375,0.7666882731805121,0.26983563680631517,0.33207984115967026
15653,0.28260307487853753,-1.24210099089151,-1.0426039501569204,1.6594967480700638
16413,-1.8409774466813518,-0.902195636419107,2.6203805663699304,1.4612120195651483
17773,0.5053469746394302,1.2640750198793187,-0.5508086409815293,-1.4662946598226037
20573,-0.43779048767622786,0.04941864721414734,-0.8500977120605331,0.7839004634286993
31293,-0.43061737299700376,0.4142567069605802,0.41737172026702757,1.0185251885986804
24733,0.45935260012000145,-0.3021029984527267,-0.1691894932161445,-1.075528990862965
25973,-1.8510228310040144,0.21377338873689006,0.7497054601369528,-0.36520609819253713
933,-0.4822605952196006,-1.621182298627172,-0.036310177505131776,-0.06719420865723487
13693,0.5751687147433837,-2.820237198919362,0.2259011709255664,0.7908091947538202
28733,-1.1116881179021392,0.12662201844020432,0.9622444459669925,-1.1070463613810846
15253,-0.15523536870866295,0.12036501360285586,0.6695977539874876,0.19086196021706198
17573,-1.0979289479935537,0.5857537073665825,-0.2471059873997274,1.022220925333851
21733,-0.2825225896859987,-1.5793408261732953,-0.2743435126095722,1.7793169998509568
11653,0.6750367676529319,-0.15492697158975807,1.1309655138300339,0.6211358428330268
32893,-1.6660358511857039,-0.6361467504995492,-0.9668495251230118,0.648467798587022
19853,1.18530577120534,1.222265092526632,0.3599045118310742,0.5092538903447474
9453,-2.344903946009328,0.20756894579316176,-0.4370365794523587,-0.6013497097710214
10413,-0.9420753319748147,-1.140258387429833,-0.9554822117835536,-0.16026051710224898
28053,-1.0557068352630923,-0.9383812842032926,1.9291449485339804,2.7588932134570494
22893,-0.5021743134415558,-1.2844859754000495,1.7785604083675541,-0.08436611553158478
27053,-2.64776558451896,0.7735388670011014,1.6385105630567427,-0.27845836352681363
15773,-0.5906580132600697,0.08343878110424473,-2.2443814659502004,0.9380285359990892
24133,-0.6849847461980094,0.5441133318659043,1.2538645878847985,-0.3777971724562198
3253,-0.4452524065477261,0.5191861957180849,0.607846865994428,1.5557649898697403
27533,-0.7970741959667048,1.1526959292855306,0.2704595635786976,2.400692783458617
23973,0.7265016175318337,1.9193962362309998,0.9576454447940373,-2.130148375829195
15733,-1.173983869799021,0.909059667123221,0.761804712677694,0.2998944538734236
19893,-2.1512834736409285,1.2859412845373326,0.5921621841461168,-1.1709708042187195
10973,-0.4966089146951375,0.6736799531874731,1.2418355890180597,0.8480789651776341
24053,-0.5875832950138886,1.048916151766166,0.23793237280315738,1.489186455343762
11693,1.3195292731252188,-0.7607579509832465,-0.3807667039801576,-0.8955151581686249
8093,-0.2897627502966608,-0.5956057568556087,0.7618459154421064,0.3633870618693334
31693,-0.8164455420425688,0.5247397881710371,-0.4198474107449079,-0.702212708426493
26933,1.7102742942936906,0.6140557302281759,-1.1123876131054873,-1.0340454768250504
9653,-1.1566567075008511,0.1276393643538434,-0.2350588805910396,-1.5368424078909502
8573,1.8166445510296048,1.1068395318953261,0.06015313852049471,-1.591284186650861
19773,-0.013465170503865798,0.2551965118647242,-0.8923789607360323,1.5200386657237521
17853,0.7230767040013926,-0.5340035678174117,1.0599153002673865,-0.5061556468993588
17653,-0.021196417725206695,-1.3706076263048321,-0.3018246641106408,0.95359204864565
15813,0.7657327293309957,0.9344628965128835,-1.1479288692172631,-0.6889360056734071
1413,0.013292967975958084,0.24553199887002314,-1.0892802834269713,-0.5233619373404281
5573,-0.7070617520091338,-0.09743624056021948,-0.3324582878873156,0.12001762345004521
9733,1.423086269592735,0.5370879919025252,-1.7243568082018406,0.5959179938253335
13773,-0.20641988267114317,2.466067013039194,-1.6730545743480496,0.44820044876164206
13893,-0.6957279320506168,0.7764131784188838,-2.357673421217794,1.4278841389351211
32333,0.8328119041145022,0.5177770182197585,-0.505711573315355,-0.6983010255917015
18053,-0.6081811137039964,-1.758322836380856,1.192951078334512,0.02988036359800114
22213,-0.443615964781369,-0.22407181565662584,0.06937264032719924,0.727287475481054
11733,-0.10585302199830622,-1.8410053867556333,0.44108903447460585,-1.073273814121494
19933,0.23312619056682943,0.44414668814024355,0.39148784247236934,0.30961637677324927
6733,1.030285035851425,0.3052716648542712,0.6357936864435499,0.41049964169118197
16293,0.2669766847743072,-0.66916740987213,1.6112963494497214,-0.01645797741180562
19213,-0.025755368356175354,-0.32672590291887044,1.3964558552733342,-0.564788054766613
28133,0.7639229488678956,-0.12012873306021868,-0.5562543255163777,0.14690573221732453
23373,1.0886151754468827,2.058373304097094,-0.31370417708647946,0.9369433099875976
6693,-1.2341240412169967,-0.7138296255946995,-1.7303316757611913,2.0553480860128754
25133,-0.3707905600727237,-0.8594475632407451,-0.9286715898837519,0.8537002869430483
5613,1.684299190902581,0.2823217265040409,1.6385037752911435,0.23859816715080395
253,0.8014579078197211,-0.39888953839361063,-1.1258951970605622,0.6157676512971884
7893,0.050605330226611636,0.23589684953736945,0.5449066809174479,-0.9269085283841662
13813,-1.320656542505689,-1.1116253007111816,-0.5968166905122511,0.09372699472609046
20373,-0.08459791195071048,0.37173810593184725,0.674372248548711,-0.36467385118032963
28693,0.2520625095452629,0.9031313037759247,-1.8035569600952415,2.3648555787687426
11773,0.1914874812316558,-0.8074321680697374,0.4572732772223867,0.030525662590622876
14933,1.72144418432032,1.0732233553902173,-0.010407902944883148,0.45225740780337725
733,-0.4825152919459,0.3169342223888844,-0.4746402588629608,-0.3033125385132534
30213,0.06078161739702076,-0.5282844763768315,1.8636589592710742,0.8107171136489446
7693,1.4183398747568552,-0.9532145979363557,0.6446365724669697,-0.22826352662520957
9133,-0.27096695813002786,0.34121292611739434,-0.00847814973740572,1.1034890073783468
15893,0.14013045107020752,0.038803125598108876,-0.4517598660945621,0.29293662633933404
6053,0.10830846014882947,0.09681638338639738,-1.7762348407529285,-0.8313110221923673
3613,0.4919477725672526,-0.412436771568313,0.63380350815206,-0.4614081392990074
3333,0.6023523109119374,-1.0980458884961033,-1.745393220396108,0.6953947996964468
23333,1.216999534461926,-0.6978429666640491,-0.3010153839719432,-0.26633253131466667
26853,-0.6253411265166606,1.3503211456741786,-0.7732499050015742,-0.4708745642600817
1573,-1.1383455796744844,-0.3136238213807865,1.7902656671289092,0.04103926105363167
3053,1.2823587890010977,0.1624796962066009,-0.5647579645226747,1.0157761825648641
9773,0.353920009730778,-2.208188133317245,0.33460801195116535,0.3810500620794814
12893,-0.45815195062590985,1.0080264822415312,-0.8610997859422853,-2.4949102143788617
28213,-1.2201629161862793,0.4366510821830005,0.35923843826081026,1.2008393114130338
28013,0.6727704502397615,-0.1970282249934734,0.7344496051246141,1.1199963245543334
15933,0.7491211679432539,-0.12471280517486999,-0.7613215050208075,1.022982855810048
12213,0.7461573146453313,-1.5819740471349608,0.3161397550027589,0.7204737412056059
8373,-0.39747934960312997,-1.1688495134261556,1.6459307187563301,-0.7984867425532802
12533,-0.10898552864490813,-0.306846762969863,-0.9063053082805747,1.097010653693081
3653,-0.7113914124985429,0.09770736041146232,-0.5926882534312271,0.28863367058027667
20853,1.1624184723390336,-1.9553988505559958,-0.3916382160272137,-1.3465390759816547
11853,-0.7701242358594651,0.2805910233204489,0.25243344379060906,2.247060986165458
32013,-0.28461180698836475,-0.7722752647368584,0.09670906498027937,0.39396815393027523
1213,-2.1436096359129357,-1.0459619845631545,-1.2705592636667102,0.11018457690118752
5373,-1.3083235379096507,-1.0922478961484927,0.10390508021788256,-0.40032982098292147
20053,-0.6684929292996065,-0.13154941665055048,-0.17991746521885627,-0.7320452566208283
22013,0.03603292103209427,-0.45293131332456915,0.3302747449430333,-0.2966231108683772
18013,0.12633181358438597,-0.2519749448931037,0.9067407147621337,-0.017966627361037706
26213,-0.46741599854154015,-1.2086358764020466,-0.8452627824316551,1.1303546193263907
5733,-0.4532680363546371,-1.3430595635308653,1.0229520174916618,1.2197041130908133
2373,0.3674236170783645,1.8225934040820275,0.6072679099075541,1.7743292355445985
6533,1.2622822083081087,-0.964569537723992,-0.03066806448462337,-0.4404169031766229
16173,1.2149318123494453,-0.9585403026951504,-0.7859097734832597,0.14446168420479744
3693,0.5951407964298313,-1.2522960687732692,-0.07107520642086387,-0.6440769560986109
19013,0.5237581667792793,-0.498841684753151,1.8190170184298027,-0.8726278402585885
25533,0.7230812956274058,-0.8883260978885142,0.18090981205590573,-0.7912000192593425
23173,1.3566290779168275,-0.30065530248026334,-0.10382905175099462,1.282219011313108
32373,-1.305460252469259,-0.6142962813708481,0.7170939758610018,-1.51461161173708
3533,-0.5129058236696203,0.7473386229597876,0.646101774349135,1.0577117604432935
20093,-0.1740097455104961,-0.7712056845769432,-0.1776916471130366,-1.8854477940758472
9493,-0.19255465997209775,-0.21342348725467547,1.5194206474535816,0.5118185654101702
20173,-1.454224755571171,0.21986665008259498,0.07962691001887497,-2.4176958142518017
7813,0.5282188591318784,1.2538484002476924,0.8407961401534412,-1.354718007305474
533,-0.42086563955407486,-0.8212305011195506,0.4856982226621977,0.28545513899741337
16013,-1.1435924690082586,0.1709656406832697,0.28590510645372585,0.3584820938062486
4693,-1.2653981906757983,-1.3831761542890084,0.664327385743215,0.4875728919218039
13933,-0.4326436589520236,1.0993877300532413,-1.0365660127697425,-1.0160033739526932
8853,-1.5601875134076497,-0.33687209752344355,0.7320279435567107,-1.3963972737999026
13013,0.66339900926123,0.01655669706522915,-0.7690248213008134,-0.9864713694795304
24213,0.6718327525746834,-0.9904294296494749,0.5034370972455051,-0.5806191569557813
21333,-0.4670962157745338,0.35156959656786996,-1.211505990840701,0.9826930380306927
32413,0.14759935576729907,0.0574028566413978,-0.15385888791010865,0.43132254215746024
18373,0.501573659792002,-0.3625750854390363,0.9404623177000493,0.5127485472860274
14373,-1.0864317568947155,-0.9684232569896997,1.0769512938208912,-0.44461202048956094
32813,1.1816838620186254,1.3797009607746404,-0.490959550097127,0.4116925105762568
10013,-1.2047382838510206,1.4741566038364757,-0.7713260922089293,-2.609087103052742
9893,0.7339535802289693,-0.4426944175078687,-0.2850443935138953,1.1150350333823362
18093,0.11649286119836103,-0.7793838192727889,0.5565737534420572,1.13175425376917
30813,-0.015375994532900603,-0.30212503960315246,-0.3804659332744911,1.1190182090604812
17693,1.1374470286377218,0.006192687577397648,0.29035055086353884,-1.3567670691489833
2853,-0.3351362856169106,0.702325126364091,2.574540913889791,0.4318658238739434
27453,0.09862905290614071,0.9648927448571559,0.8449098283720885,-0.21129100250644725
16053,-0.9623931317763077,-0.6643936935640767,-0.30048287036664856,0.45135487004639957
14013,0.603608043026771,-0.48561680866461276,-1.2464728268586873,-1.459459335445471
27253,1.1869162886761648,-0.4192973032070263,-1.1866944791941973,0.9586462175638889
27813,0.812705485017455,0.6736272559732066,-1.6008153244564902,0.06162445074823423
11973,0.39922629062257187,0.1611532687214408,0.6263429993765216,0.38166593443381486
4013,-0.02259124153622059,-0.9253495139946606,-0.24207692759469596,-1.6042699233092699
30413,-1.1732370055607197,1.7466621290969777,-2.3229466642221315,1.504584913616713
973,1.003733694019705,2.1546607463406304,-0.06371486321668772,-1.326422585241466
24813,-0.7494349233652431,1.1170404230539581,-0.5029685747667688,0.11626692925790194
28373,0.0506665796004678,-0.8427590158696371,0.8276600399918908,-0.9251199172841355
26333,0.8245347584608984,0.6692126681397292,-0.38068254283834935,-1.0052023962808143
293,1.8131411617959163,-1.4516241423278966,-1.7819863044416708,0.42926370604518316
24293,0.5117581301697713,0.8986107680451875,-0.7934631271790678,0.7071449875786394
7213,-0.695454801985863,1.0911992458046904,0.30666156841777853,0.8685562213889344
32493,0.31921903401641255,-0.6775404118036477,2.97203853385702,0.10680934036375622
9853,-0.5805431737288851,-0.13696119974618734,-0.20274089277182164,-0.37565189939585386
30453,0.3273340567430945,0.6157998911859544,0.9454815907159959,-0.5721388390308889
11373,0.09546252401889731,0.15200169391989113,-1.2077371689623977,-0.9859632386457552
27133,-0.9265488122582592,1.1730705541052744,-1.7311131538784954,1.1518572715797453
18173,1.362491379960805,0.553492239298023,-0.24381766820388198,-2.793295692695478
4053,-0.5985456404705217,0.04305914565968084,-0.791179568682356,0.700269668806838
26373,0.4941215608620487,0.56782861616909,-1.3494958316525458,-0.6433735455251844
7493,-1.699589766966137,-1.3067764255233898,-0.7542614368980699,1.8864204225094907
19973,0.744527032252567,0.5415946737258702,-1.367678454430472,0.6575584035960236
24333,0.7161021043030126,0.38841336863729053,1.0338461433894848,-0.24616302768096204
3373,0.283311641397371,-0.6221070327853815,0.09328291211013062,0.15262257746877556
32453,-0.09319003114031617,0.10391113938550026,0.03712875338518616,0.2855338434499652
32533,0.12335963632873045,-1.5712375381974104,0.8793512878661262,1.4534570360017671
333,-1.421828692444442,0.7231813843368345,1.0493595664156332,-0.5002106633676255
4493,0.6252484167755094,-0.12905345531321608,0.3625644910251246,-1.6300954496647886
12813,-0.5817157622356123,0.24176919755439272,-0.5938074100235364,0.13922828388082886
30493,-1.2616285235011087,-0.21685658205347516,-1.5261328454497813,-1.6773123983774543
28293,0.06520012078233298,0.6286747152482973,1.0750850834512757,-1.7497537562089156
23853,-0.6555803602166457,1.7963192362103364,0.9209857914015439,-0.5960209827301197
29453,0.8735703114412446,-0.849871892152509,-0.5492420780780222,0.5027081578876321
28453,-0.5982256906261962,1.9702132599603128,-0.5678435418372646,-0.5877794262337124
1493,-0.5056183086777711,0.16446695957156962,-0.00350437437332128,2.3035901285703058
5933,-1.4226668334602677,-1.5245297773765307,0.6780094971131464,0.37756771059717276
9813,-0.3881205835581146,-0.6122871661513222,-0.4326465226410823,-1.1725146802492699
22493,-0.0568625522787094,-1.5327617771824893,-0.8093262238486428,-0.7539545985695754
13973,0.5648856715413753,0.4856866244925275,0.060153445099368145,1.4672414170453556
18133,-0.7711455880523491,0.8422533783308757,-1.0270120883372766,-0.7089320182751351
22293,-1.203399535711583,0.8082145834516545,0.42401430919671457,-0.28228734376710013
24373,0.24758180691327555,0.5830865023314274,0.18940919457496616,-0.11576691233198358
26453,0.3112724690897961,-1.2984933470867306,1.22372373531021,-1.2352647146909426
12093,-0.09260490740084981,-1.2879481810180329,0.18715842996269513,-0.604814289194086
2653,0.055101307532276426,-0.6131629892086214,-1.1622777546132128,-0.4738428648871204
11573,-0.47791126779335724,-0.7259356087816844,0.8985402573801069,-0.008703824580607636
22653,-0.10658250413174958,-1.4077173506048575,-0.30660032962504635,0.3076671601096509
15133,0.6761722375150071,-1.2628644719583761,0.489545779434023,1.1033342142810403
30533,-0.3338412120747516,0.3181290813685753,1.3496421322840964,0.8650967421836248
19293,0.15012916918471286,0.8299510428119092,1.631261440816723,0.4655180146370785
23453,-0.2358243112014639,-0.7830067414963842,1.7102898884416817,2.257584078251106
27613,-0.43424589379844214,0.06662413576295957,-0.9837614246214172,-1.804731399970998
31773,0.33691004324787416,-1.7874510077172239,-0.3118528194720355,0.020487767004493302
28493,-0.6661885372190941,-2.231765924662525,-1.2466078010926798,-0.33895162986246663
21133,-0.25655128478382566,1.2983933792357891,-0.4733192358420366,-0.25013853968441624
3813,-0.26658536687213574,-0.6913731913766933,0.9444653824834328,-1.0242908256985321
16213,-0.5649590702484114,0.007035576952155344,-0.8455875696891803,0.2665279690994138
22053,-0.5963630559396365,-3.4246718822435778,0.7698948739078072,1.326895246272892
14173,-1.1849881230387493,0.9355399034614509,0.7575226894951026,0.3312550696573821
10213,-0.7822529921892722,-0.5949719210052261,-0.5739758081183666,0.4242876647825609
1893,0.6351067480320551,0.1421705381161525,-0.3592720913159693,-0.8129469796381944
10093,1.0985742108937522,1.9505259164787878,-0.309797650967523,0.487652450133752
30013,-0.5620262943818595,-0.15411811241331483,0.643118279075093,-0.030888739205982074
25773,-0.45759524833907694,0.7732888523949939,-0.10434313602316178,0.34062889755457293
29933,0.6826378638267796,-1.133058709617084,1.549760866990763,0.8129984952785464
28533,-1.9191380014893864,-1.028599704367636,-0.43722087513862545,-1.7294776803202905
6013,1.341593200215835,1.1322382139868024,-0.23000429704952238,-0.4881330039316849
3733,0.009963227898901713,0.24538601234504223,0.5706632284975475,0.27726226772381074
14213,-0.09091692350830637,0.9640595475775812,0.5020621992854101,0.6607661520518323
12173,-0.2948805818101338,0.3662571890834985,0.4406185690963793,-0.9770691343439769
8173,1.9710593557201002,-0.6081053832804794,-0.5211166935170183,-1.7527473330188321
11453,-0.3129100487581174,-0.06775467538648955,0.016019209064117725,0.3621251904083334
30613,-0.7643580629947193,-0.8252304727052586,0.35243354680214406,-0.2696853571803191
23933,0.4629354635285003,1.2765507521057162,0.6665379468987843,0.6935727962864283
28093,-0.09961848472993359,-1.7771835506404745,0.9764963190636895,-0.520329552109368
18333,1.1676334250626001,0.22709616348645537,-0.26001743477143757,-1.415316590118833
12613,1.9500861718247655,0.8031757623163301,0.7379747883354596,0.021778588347690964
14893,0.037666235999195156,-3.1698187425429167,-0.8379100451795932,0.3134817273808196
8453,-0.41390725156239133,1.1609070327769855,-0.8215707567166123,-0.8361061250028745
26533,-0.8585583198173323,-0.04432605847807729,1.0264716295848633,0.21587449147296156
613,-1.1587298488753865,-1.1257161843703203,3.2796723864926443,-1.3427965701952713
14253,0.018821851969949822,1.1350654868202024,-0.5691160409794952,1.0754333504262321
19053,-1.032446942697519,-0.10345518988206465,0.9807027348922599,-0.32055136344965707
1693,-0.7544109395040389,-1.0086209517502633,-1.1814580970243567,0.6170129202197974
1293,-0.9932423660343782,-0.9735249536955215,-0.0924940737026712,1.8905870302337184
1973,1.530133769548012,0.22750604568393043,-0.329472667147624,0.12706092969271085
5453,0.9797334426460266,-0.10533148697863941,-1.7913195555163521,-0.8871977490000605
17933,0.11485948978904055,-0.803393942278193,-1.2858338970892553,0.053882458286005463
10173,0.5023749011460618,-0.05951030474329902,-0.16759470663992182,0.46070674437516124
22093,-0.7209428387271829,0.9962900058565918,-0.3123489886506204,1.0136710147842998
1013,0.05728034267814236,-0.5478885866166016,-0.7613924891123652,-0.7693923438290384
26253,-0.9121605436134702,-0.8789954659490865,-2.3889469206434506,-0.20131449886939276
28613,-0.9691615841097838,1.6952913897492972,1.1034836690988057,1.043164467741356
6613,0.8245863856061317,1.3689031633464845,-0.8762203305413103,0.4185404145893146
4173,-0.627777494239477,-0.4906832588754705,0.4105938052006486,-0.4031913209140228
10773,1.4916714705908931,-0.5419114636971804,1.680314895884106,-0.39967938446237206
26573,1.5465487023047797,-0.976054215742735,0.06668690870478267,-0.7876392751761233
10573,0.4630524144119753,-0.9135341067204934,-0.43928454674554157,0.16991094180393335
27413,-0.4743795163570117,0.11233696880918467,1.9815922422034715,-0.004818548964011878
24533,-0.18150740665535745,0.33215513709876915,-0.8797907384881104,-1.7807835139990387
12253,0.0492296340549772,-0.4341987547642938,1.1012612457077182,1.4239899328460506
30373,-0.35143766870951715,-0.3137445786154155,-0.623950509401288,0.8045494013026331
11933,1.8377242999504055,-0.049627350181153496,-0.881601819874183,-0.92119902583525
16093,-0.6158836824572027,-0.5312254556398867,-0.23792035544962414,-0.5544172625711993
17253,0.022423215540538433,0.0007559129045527867,-0.7477414827335519,1.1090883163254195
30693,1.7413338149045567,0.6442169954884667,0.7205900762848537,-0.7195093741935155
24413,1.5584471716777237,1.3225196438206217,1.4461536000933188,0.7395582077026198
28573,1.5135189520924768,-1.2544427828708866,-0.30012604086584344,1.5625942036786997
7733,0.45927404044718756,-0.03501276565021922,1.0556821582648241,0.9820229330269216
32733,0.790973052197743,-0.4680883529310712,0.43340644358918357,0.4693563692519404
26173,-0.026285984340108908,0.6137498952804613,2.0882055061918336,1.8315509325415422
28653,1.8564589245338994,0.09507694163396822,-0.08124299631255513,0.47921622493813515
24573,-1.3296992345801677,-1.6526189589984246,1.142067079910064,0.8150126524948942
8933,-0.7408478354310108,0.49447377246561125,-0.10278879373055712,-0.023546698113706733
6133,0.8086967622246735,0.12570983763279886,-1.0335837100143157,-0.33968710010197817
11893,0.17284042011731368,1.3018089322563353,-0.14369925860458563,0.593885775982574
30333,-0.9655257153397379,-0.5240267263227204,0.184723778054796,-0.5694453109738037
25573,-0.07193575443797642,0.06708091776542378,1.0928559536989142,0.9458403411370726
14333,0.11845404748766007,-0.5971096219211669,-1.181246167804719,0.45695825689176617
23893,0.012839897760759998,1.8048485455027465,-0.37922591558119734,0.4114067531589848
