22528,-1.934950025118787,0.12634599169005248,1.7073467422130206,-1.2045010413532096
32768,0.6722065805325742,-0.7756384486609152,1.3985729787650163,0.03747795899411539
9288,0.6596722334019937,-0.8877967854391182,0.7901201903099413,1.0683846262801375
30688,-1.0842850051068684,1.7193100228784373,-0.9734448128031377,1.1023184841189082
8,0.7689713708187983,1.7397601734075665,0.0647994734457802,1.4961002341993348
28688,-0.9062561394471332,0.33413077051542067,0.6427759293975323,-0.8756338755941028
6488,-0.7553690722609944,1.2748588499634959,-0.11775453235733883,0.8290372036327156
19368,2.266413982325189,-0.8197609927879144,-1.4127436707191998,0.04098237324183484
23528,0.14605353002500213,-1.8148077514136463,0.6577028226461618,-0.8064936352583527
26648,0.5686303071046092,0.65054433417966,1.510614685971394,0.6250742537653904
22368,0.9323469596985232,0.34798228504112844,1.684900847987423,-0.2635011533919771
14368,1.6214055001156358,-0.9472451057215561,-0.9333535110046333,0.9171068004420763
10928,0.040189085419943496,1.8919078644614542,0.644992385707652,0.0219434142902757
12208,1.1214588682974675,0.8605943209522006,1.072061864867222,-0.26212015300799474
32808,-0.49002614340295636,-0.8008664365403876,0.23223837218753982,-0.2884964144292584
28848,0.4778196516759749,0.5565888999421508,-0.4263372104809141,-0.8534039747582118
20528,-1.2842354240249352,0.026838505591333762,-0.7540538466573726,1.4042665448362148
10248,-0.39117582827083686,1.0499695966057285,0.959055240555501,-2.0505850153954057
5048,-0.8866710435908317,0.5247219360497417,0.1663065509110134,3.096624948930179
9208,0.5960809188301944,0.9762295734622128,-2.011186914973843,-0.4305047527323689
28728,0.06348841675348289,0.770064228580276,-0.8476200065643986,-1.2362958557441335
17528,0.9469256260461252,0.7088621360837284,0.654440798220754,-0.06332697210532777
25928,-1.6785267496101703,-0.8408880744405351,0.047822757618299516,-0.09790187915933578
25848,0.06504894944609813,-1.457508573200678,0.9100033838421717,1.6967678749005932
6208,-0.22701275918510214,0.5089683864556196,-0.16208146635108628,0.044488867966855125
4448,0.8147781794096903,-0.5803567622744079,-0.24326306123471483,0.10778276812050257
2048,0.6858311360222122,-0.09170282458950256,-0.006807332884775197,0.4664465630582287
14408,0.2003885107439982,0.23863065864057742,-0.40254750070476997,-1.0898191412298666
2128,0.5458333927113896,1.1032001829139584,-0.5032370505262407,-0.4599073473284704
14528,2.1644975851418837,0.8713874690841569,-1.5281177245645494,-0.7984650497051392
22848,-0.4552369258370975,-1.7914963096983365,1.5913427848296569,-0.10705572984258056
19128,-0.18434627678738905,0.58545248538246,1.4441889857119994,-1.207684133637891
4168,-0.7118727558412196,0.17521719889752926,-0.9839763544375809,-0.41892221336731705
31168,0.2951069143672368,0.801739796639874,-0.7851716704488674,0.8763370587474896
20568,0.9450157786786652,1.012591730945536,-1.2070610654279195,0.2544934941012319
11528,-1.443699664808715,-0.39619167609819056,-1.622786442036977,-2.3055044257783837
8288,1.2207752078338596,0.03936158330114607,2.3704176748124928,-0.9260747392988656
13328,1.3090405653818376,0.10759479227889795,-0.15774346253051963,1.338598744148465
28168,-0.2570970141834415,0.5628648642179025,0.1645401347791603,-0.0363680434336293
26728,-0.9074560392782913,1.348013500953129,0.2085852651535243,0.590204757866226
208,-0.71484567128706,2.3660625424489576,0.5377099982622604,-0.2869252422344245
4368,0.6852715102266497,-0.12126756893283915,0.43554365851078536,0.933027921770077
24688,-0.5847968714153419,1.9112974078036833,-0.9932841578727948,0.7897479530887335
7528,0.4011979102365879,-1.1036679513946022,-0.04432384620870283,0.11682811173695352
14608,0.6729311248701403,0.633091392668085,-0.1716972695487152,1.713250445554401
21008,0.9624856866353569,-0.15539844254574775,-0.121989670116871,0.5182408345594188
32888,0.29968577179363853,0.1961644030461195,0.7744845863714345,-2.16036580522128
29328,-0.011317853517476417,1.144743875701812,-1.2015401463097388,-0.16872764465024653
30848,-0.2708918425351859,-0.37879902022922096,1.1617744095826772,-0.38681469884439373
32448,-0.8024348617252218,-0.2455397828201323,-0.19654363821852952,-0.01782646813104509
5528,-1.925434182508584,0.525066187663736,0.69726372709806,-1.2707100169137613
18768,0.9120212730748722,0.3605292972991731,-1.786052754293812,-0.9414973622621132
9688,-0.5674079125872532,-0.43946805754873064,0.0020969732001906477,-1.3780854902122819
8328,-0.07281072555938069,-1.008336255843161,-0.1753258780944495,-1.1316332070077115
22168,0.048957480702194606,-3.1496130459247174,0.6394180752064715,-0.37413712438912033
26328,0.8754138457795752,0.18259757905990096,-0.094685004973714,-0.03840344639068503
30488,0.05044360324490505,-0.6964742180688145,0.11857372804062911,0.8212099808962257
26768,-0.5175315337204711,-0.16367122786947788,-0.41611163307037163,-0.7605188414321571
21528,0.7071710007705522,-0.6069774859430248,0.20915907985459095,-0.39703105758589
14488,-0.9236986103775389,0.3019230575872701,-0.26749150207796163,-0.5080486737174577
23328,-0.1453454078484804,-2.4667573091196617,0.3026350005810019,1.2966058693754134
2208,0.45952169661911446,-0.6761628281213171,-1.3838992750364632,0.129294537312113
10608,-0.07443389670636989,-0.5918910787153423,-1.6535227651574371,1.2252691249935324
31648,-1.0271207047371398,-1.5983230646360282,-0.8328150144886111,1.0605070715553477
20648,0.14336371367424125,0.27613901052697093,-1.491429781407571,-0.8229276052395867
8368,1.7569905211396968,-1.0706098734323348,-1.9461936169600988,1.0927092814043584
30408,1.2485955735139602,0.1596538295184748,-0.5477659197306669,-0.5027801726976115
6328,0.9375084102894699,-0.6699374333586043,-0.8367656765372962,0.47498283082435083
16968,0.8558996545822551,1.2207188237951154,0.6583539481831483,-0.22428906158450926
24768,-0.8311230690839541,-0.8090598973550583,1.0180516366258787,1.0076478310669121
29728,0.16658141933597315,-0.18247410161348923,0.3157249352308336,-1.8895609565915374
17328,0.6547128400944464,-0.7061691243838503,-1.1258816564786076,-0.3628707243018969
21488,0.4533858580229579,-0.4328919855243678,-0.7968605635044755,-0.5458957885629658
25648,0.11982500313703547,-0.4310171782399568,-0.6554071876330289,-0.6374256544710435
12488,-0.2509140300845659,0.20447956781360307,-0.5895569674728919,0.8520243119862968
29808,0.30526794979815547,0.10372813451473972,-0.6576557321778898,0.47167177638588703
11608,-0.6375641242750293,-1.7033265393765242,0.34044478042777204,0.7135842960396741
1848,-0.4951423933884499,-2.58008077245172,0.7842936804846813,-0.7636495358091611
10448,0.7809590723644979,1.5004610098931044,-0.17773433633579305,1.3205598696512506
23928,-1.0068124570457722,0.31619758624992605,-1.464911003784688,-0.2896186133370312
30048,1.0804836950885133,-0.06547203954384573,-0.749510970829974,0.22840234328517645
14328,-0.06688402547581383,-0.07140956857372056,-1.640082384974761,0.20144128126533145
28888,-1.8797927531800829,-0.15350689261533354,2.4763448870145828,-1.0018723821454458
22648,1.1229437772492956,-0.2841659098355322,-0.46522934614371864,-0.41645681761174136
26808,-0.6365276193132133,-0.40472636552872254,0.05370092163213173,1.1539758060356067
26848,0.3320847727092884,0.5481291095292421,-0.1989629531757954,-0.49390290120120856
13008,-0.16920449881922434,0.49183907812195893,0.555196205194661,-0.44794168142318275
7168,-0.8363657929872774,-0.7746354510164021,-0.03720356563477855,-0.26725178883775297
14568,0.28377700145872337,0.15758515520504382,-0.07733041167922874,0.0163984260563954
15488,-0.011051320230384909,-0.5880512845556313,-0.994202591101643,-0.6683813958949051
19648,-1.674262142808683,0.5395865680944348,-1.22871300595671,0.32385335730584125
23808,0.35224639682193976,-0.1736640137809995,-1.315088600324272,0.5671203858177922
15168,0.05201362087680712,-0.4714319200632454,-1.271584459980463,0.5612729068476219
22768,1.277799254438851,-0.2134371611316563,-0.6139750925722987,0.8331625562475429
2088,0.40614853688963254,-1.7022261515445227,1.581429945602341,0.1793565422552233
30968,-0.6212151959149632,0.020042109802507785,-1.5965651703387833,0.7529753136759794
16648,-0.5760948719828114,1.0413851663086584,0.24920962665180985,0.2445481601969121
8448,-0.3777960775834008,-1.1270058381907018,-0.327275578969456,-1.3110892255836073
21888,0.26753390182827386,0.08249866133914344,-0.19928521275029082,-0.24216051835436203
9808,2.10120817750713,1.9507690340375403,-0.5880964877331533,-0.4928453953862795
29128,-0.40019391229806295,0.1508983173169263,-1.195156801125221,0.7684483212010944
26888,-0.7743407130806325,-0.9808289148911442,0.2614397277337207,0.3840100953368946
1168,0.9037211058701771,-0.6040256737353533,1.3225919080628559,0.9891614167168326
5328,-0.17916094791558293,0.19009445876166278,-1.283806285815527,-0.35542410696346954
9488,0.6860257833446881,1.2131298538852848,1.3498277970082129,0.9205695067209483
24848,1.138240788672088,-1.0387745197394704,-1.4943274838580793,-0.6729320055101522
16088,-0.09347178721625297,-0.9016890825857687,0.6708042626864198,-0.22512868623634574
12128,0.784581700509169,-0.5656444642124279,1.3873406369010959,0.7519073756477973
22808,-1.0507905720910493,-0.34820282162352556,-2.127085137448941,1.8036372596223846
7488,0.3042712681723392,0.9014729731604227,-0.331602784195642,-1.00447069106743
22888,-1.0858724903449926,-0.1707860844828443,-0.26998909468631443,0.12604324281143367
20768,0.6781533885800062,0.15300335338614218,1.004911172278893,-0.7720681505470198
10288,-1.1438749112979063,-0.27523322201023864,-0.3512059159702145,0.4024570258403493
18728,1.1917993700432794,-0.3427987123079698,1.6347640078393497,0.6195826803302523
27288,-0.9480877112486621,0.11217550024248632,0.8816469335994349,0.4898475407500537
31448,-0.1941523803942386,-0.23660585228501943,0.7661715613475569,1.8520806244775616
6448,-0.6198269263687459,2.1926172682417153,-1.3427029994522126,1.018588520119412
19848,0.3045216366563314,0.7443503042525743,0.8912722930892351,-2.2966490511703648
3488,-0.8364022988491481,-0.12832447541925698,-0.4440564477264112,1.0879858026693212
11808,-0.9164571420889105,-0.22024353384230622,0.30627801396399645,1.2879526855322068
24888,-0.9082446622180519,-0.33436574411553044,-1.8150409882817662,0.73865182897365
24288,-1.454645133342159,0.8384577541106146,-1.14853853753334,0.70374624836281
2368,-1.3194424035042525,0.7472765050277772,-0.20547298177701928,-0.566039005091031
14048,0.48911502742149415,-0.11431532025705037,0.8937466098133029,1.2688616504015175
4648,-0.5853688579419511,-0.012638768954429842,0.5687591908894397,-1.1703304232317633
328,0.5440176161673,-0.010194427973249702,0.3791011457978397,-1.0355375537110545
8808,1.333555663011571,-0.04733662123180923,-1.1390594481779082,-1.7300401583570157
12968,0.04883915952082238,-1.2277593938314606,0.38542208407033196,-0.4623195436223225
17128,-1.5825011734527918,0.5779663373673735,-0.8417157926713712,0.7140555108586285
21288,-0.8819221535242471,0.7575021883047488,0.16642871855453129,1.0743768773072162
29008,0.20914198528160077,0.12906914067724215,0.9061118498820704,0.11310219603971512
18488,0.16963112608683856,-0.04475986705025603,0.6539823406160896,0.6159818030733286
16728,-0.181759425193387,-0.4408211854433554,0.19636655366031006,0.5673180632871447
1648,0.4441581429778015,-0.7153010459138066,-1.068106866378826,-1.3736668014785474
9968,-0.773073324748891,-0.40611551069563656,-0.6106721158069385,-0.5454931276080839
14128,-0.020580858645741502,0.618392273651296,-2.1905380568908237,-2.381138792483692
24928,1.2323022636195027,0.013531760774623097,0.2027565708611522,-0.5719469081614518
2448,-1.7413937118611096,-1.217263913247895,-1.5194694155596962,0.771974989981404
22448,-0.38840598651698705,0.2674842099356304,1.4764654473730034,-0.019580574284557027
15728,0.43655167984014404,2.3220494030161816,0.2939972739692706,0.23823219014553523
30768,0.21900196836285737,0.32976492879493513,0.4813023027510356,0.6436828492760164
2408,0.0070458104311795075,1.1517349909050942,-1.136810549333384,-0.32625075097419254
31088,0.11609335471921388,-0.11238967245242279,0.9149496230483543,2.2453977318330773
1768,-1.8127240632462625,0.4175840343936194,1.460966448594809,0.2255319013656676
15288,-1.5341187843443478,1.249628864194998,1.4007721761651037,-0.21751520056746676
18808,-0.7521484496949589,0.6161843049461978,-0.5682831509852505,0.5301044512729983
31928,0.6450150045642283,0.8709583912825385,-0.6505915170088371,1.0810278644907916
6528,0.7132988897530789,-0.38970487628101674,0.2545830954685418,0.823503500523916
1088,-0.5479156327229358,0.3856713335658696,1.025411925879294,0.42452447146474137
3968,0.2675900610503822,-0.7328263252018876,-0.5230641599901281,0.30377021420172523
19288,0.568684841078738,-0.1520895091308696,-1.336573159389978,-1.5232347458369562
8128,-1.367372455627172,1.8666299456704099,-0.24014152538518377,-1.5524857867036126
12288,-0.6415720284867963,-1.407830949916495,-0.6887381464877863,-0.17639353417146422
14728,-1.2301353673853384,-0.31714525605512367,-0.3444336237725351,1.4228947759421304
20608,0.1869418565075928,-0.6417918466302188,1.2476641054902036,-1.1783267315051262
12688,-0.313305691440631,1.0702410542381804,0.02615226185246189,1.397189349839432
408,0.2326334899791693,1.1415674038893624,-0.8518896463272052,1.505757691975029
968,1.2985143863186421,0.31675922933791884,-0.2789271381051971,-0.7767225257028262
10648,0.17962634643799844,0.21516501782897057,0.6099256007907552,-2.1388499693313143
13448,-0.9565355259016897,-1.3339976170629375,0.30815621434282386,-1.1576371621025623
21768,-0.43153876566098504,0.7595462615760836,0.5129543005821121,1.2083093459534875
8608,0.43245232675145584,1.2077429540825069,0.4227668499814882,-0.29677640779808906
25328,0.15250153006139208,0.47149016639896363,0.004413090425201459,0.16163214026191106
6568,0.2624735360968365,0.5639678545490399,-0.14918941805033473,-1.2333720053950625
6288,-0.17623598307014968,-0.42015056857092864,-0.13258129805335725,0.2947399372576694
8568,-1.180039085385184,-0.09321287589702723,0.442581531851884,0.37700653570171466
14768,0.7214512882144927,-0.49449438833727827,0.7194568244485131,-1.3755554704884223
15688,0.6930561021313618,-0.24775667117909816,-0.07800604859663332,1.827548005828841
22928,1.3108381558222075,-0.3843061902659707,-0.1100980124623308,-1.6128706747379498
27088,0.04773466526375503,0.4066885382092079,-0.9346337951303334,-0.9907948561627259
27008,0.25653038640260234,-0.719366165744784,0.9000426169311665,-0.1156556779100456
2488,0.5128714134165103,-0.6022654898450421,-0.18469477577634041,0.27736280284433135
17488,0.61058761583654,-0.06364218271982014,1.4418287937171208,-0.4367357373345396
3288,0.8578043050074908,-0.7371611265896104,0.9660506127877145,0.21651642185993536
7448,1.211920484896276,-0.4328406098463701,0.4810413132231611,-1.2733675024314117
448,0.5475622629420661,-0.8961697013871344,1.6452362938715963,0.8470251924263739
23968,-0.4833090765659734,0.43707237324264236,0.24826593253579343,-1.0441416612560033
24088,0.5528369062197516,0.8772044148224963,0.7915850485507241,-0.3886059481900503
18888,0.33216051738064284,0.804944043026431,-1.976346448988265,0.7558649374647007
15448,-0.6350540346626589,-0.4120152171951954,1.043505491909793,-1.3055023093910831
288,-1.9419268737768751,2.0792917013440633,-1.157828203986104,0.610812363964147
16848,-0.4003286045252889,-0.573437622376196,0.7012658426088212,0.21074368670874888
7928,-0.4137378316340177,-0.06730436650555173,-1.1462210561050261,0.8910443455220474
30568,-0.46816715792300995,-1.322368869652158,0.9692822196716256,1.8476830809688285
12768,0.5293347086053198,0.7711450867721454,-0.8893954834304453,-1.1499042027923068
16928,1.043403673628263,0.02076586094712469,-0.31557511502318164,-0.04429511106258165
14808,0.1648496416514017,-0.11510868436711212,0.4797885840748775,0.4292715076960412
21088,-0.7510990587497987,-0.8204669449593888,0.19976529063070675,0.32762484649923895
29408,0.8897749395803042,-1.5124760450276231,0.4344517375920194,0.8389830536675249
23008,-1.0955432185539424,0.36745464361206803,-0.3831420893039061,-0.5916569463388603
22608,-0.27730924436652565,2.0771541957764836,-0.22037729377641818,-0.5676149437335688
1448,1.120059715909143,0.02595183179115087,1.0616936686708176,-0.029494959747307176
5608,-0.005775452573360844,0.40162866151036075,0.7395864494848282,-0.9371080631465001
9768,-0.025360070792349025,1.951674713305512,1.2018431620877008,0.5474957956013777
10728,-1.3524923642491786,-0.38089648596388287,-0.07549361129478104,-0.3350847630963038
13928,1.358018601605237,0.16667820552106333,-1.5089785153744104,0.6714039660778662
18088,-0.9507078898611242,0.8605205571203489,-0.6586092544638477,-0.23876575395865954
26408,-0.1367166033121719,-1.9809375834388807,-0.3763086832814246,1.430082985346583
18928,-1.4886867860095754,1.3272534337645654,0.2249626327822252,-1.040684505622476
27048,0.24377856626556582,0.07940947035473198,0.24145952277683017,0.17871639686990837
2608,-0.0998069967094976,-2.4122665575120767,-0.7717816634556699,0.9998285966123409
27128,-0.3387062472180846,-0.8603752279559008,-0.6928566895089833,0.3732951830183752
15088,0.21972926666216838,-0.7671148421380426,-1.2646521757129996,-1.7125090905797469
14848,1.0470513601137337,0.13998526956930846,-0.4904889059344871,-0.1932479006733494
16128,-0.9095080571836978,-0.35705109051924855,-1.0699384239225604,0.08008712324644768
2568,-0.4024982364941468,-0.976779624288523,0.757064236467874,0.0435771416261221
31248,-1.3149251308197263,0.5310889063825373,-0.18863770300152333,-0.8372473530071683
10328,0.36378245278686866,2.1219140783464026,-0.380514577222334,-0.9513586175510961
20408,-0.7508290724192394,1.3241138772221772,1.8302229480554555,2.0044120631936786
18968,0.7656982262982768,0.5150074847813065,-1.0732772890217115,1.2865506187460984
23408,-0.3729536662030477,1.63942233203393,0.20441891115551802,1.8808504516649813
768,3.5907110628202528,-0.35340557371150805,-0.0784775954535707,0.21172138265279947
6688,-0.7038948535477373,-0.4245718603647083,0.7205185046343573,0.6320623680336074
19888,0.714770942981667,0.31438682067057516,-0.7194446956215663,0.030722624246192272
9088,1.305834913848669,0.9305947862658401,-0.9502117689548107,-0.9385422757999444
17408,0.3296063536268543,1.1653898848481477,-1.7224197098858987,1.1950025115870273
25128,0.16727596781345364,-0.05952505291431783,-0.8332165129847297,0.868175462630817
29888,0.25283881858757123,-0.7907946303606299,0.23916789849418224,0.8909510398290225
12848,0.04995930450759788,-1.7967557096453057,-0.04580648141007039,1.6857909311833907
14088,-0.9080074689700998,-1.005580903428429,-0.8269552199373357,-0.5873209071232318
1928,0.11329320556757055,0.901768141683333,0.7073812753646148,0.34850582685666737
24968,0.3257565854730175,3.2011050775870133,0.8767732718810464,-1.0271224309741647
568,0.36619239424933137,-0.415723861056387,-1.2265284156219618,-1.0296860683486235
18568,1.6926436029945435,0.46657105086403333,1.008532907969823,1.6743634422880158
26968,-0.19856364164903093,-0.787968898709654,0.35421416651121773,1.119607622366219
8768,0.045760241137302496,0.9300949571593754,-0.3657869425748699,1.561446329172216
23648,-0.31043696571581375,0.7491437695025064,-0.039339791709316604,0.2116557392945185
28528,-0.5172451469030627,-0.6686333541386434,1.4434696583009394,-0.19930666755313048
7248,-0.06911086094088134,0.8173076287463357,-0.4080912167593289,-0.3849177843130919
23888,0.7098765837993665,0.4640470498096941,-0.4740060882554037,0.07362914843255178
26128,-0.7319948628593617,0.7515757095142254,-1.6447996954010005,-1.5598343747600474
4688,-0.41548955283787825,-0.9461062527947225,0.471197932764421,0.14041256930096563
28088,-0.9669844486568694,-0.4382571296070128,-0.8458353527552983,0.10253571311003346
28048,0.05441448712140788,-1.2516658626918231,1.7460700537409513,-1.1368873095415757
32208,-0.6695492259569834,-0.4402518019386722,-0.8322201104528364,-0.39146284911925966
2648,0.07282611870512448,-0.05755715033029957,-0.9203173449415941,-1.211164608563442
4248,-1.0139549518253523,-0.5307772385602031,-1.4991315466687707,0.2601439358069045
8408,-0.6974426847342767,-0.24441710776006947,0.2009304308488195,-0.8605898525273866
12568,1.3028816909874479,0.7108616511079529,-1.3210387127401984,-0.6401569747152773
11128,0.9758250731015483,0.8471159782810835,0.331409299968653,0.0772671115731187
10848,0.7588808846988544,-0.6562544797812129,0.6174058170904447,-1.1126171903895035
32528,-1.1598803410630945,-1.8803835276950818,-0.8138768021036655,-0.7283492387673525
20888,-1.2068301519601068,0.19157276969718717,0.2285278648668479,0.7622660360456529
25048,1.2427288971743358,1.4562704715113892,1.1293183298033864,1.409543555937761
16248,-0.4585518537429723,-0.6212947154391885,1.1030972773957817,-0.5975410518517328
29208,1.2922076514540193,-0.4050928939187701,-1.6316960382214796,1.0091284241430587
19048,-1.1818532124968553,0.8859791599338895,0.24080482121737543,-2.0366786802881607
5408,-0.32874510874991625,1.1301461316798718,-0.5104168608651111,0.8059423339690779
27248,-0.5200454278665965,0.4784198708604659,-1.1927390986851927,-0.55124092672626
1128,2.293073268679691,0.562201934807421,-0.5660118514910164,-0.34120949265299516
17888,-0.5287924862137077,1.128212128887269,0.8274293000205079,1.579734799635976
22048,1.1374907074745217,-2.411587322213316,0.17917627101703124,-0.40089711759023317
4728,1.2278774628760947,0.12239553216698892,1.3577150648478233,0.8105832321484744
12928,-0.13467368785418296,0.43057416008709326,0.00992392484476454,0.4740893714754851
5568,-0.4387521180835882,-0.6247452402144131,0.4288083272200052,0.08937404833817252
1368,1.5646186677874725,0.0007661492072334746,0.38585269099090486,0.2905074537493742
648,0.9686900748985594,0.6660145210715885,-0.4253543805081251,0.6752800456345193
27368,1.476079169108902,0.992346726816134,-0.8111940421886218,1.0484237301919388
31528,0.44545826102875286,-0.8285694604590828,1.2579613202738769,-1.5327578715190433
8848,0.23072365122405705,1.1556922432669483,1.3268316947871281,-0.5771182905588959
10008,0.5517374999234528,-1.2604745308152856,0.3080634001808295,0.18020225662935493
3568,-1.4081998243768303,-1.0403090702177569,-0.6396207892658838,-0.24583941965707387
7728,0.13642062186087622,-1.0634252823507548,-0.19701755495180281,0.4463512314635184
6808,0.7337468398019524,-0.8241249347643924,-0.7224983468641782,1.2155854253671754
16048,-0.3760197205954545,0.6180704924094323,-0.45438096725256477,-1.2943323030575378
24368,-1.2768719086144213,1.1440923234536875,1.2322078970416719,0.4295370804555658
15008,0.5194189445144338,0.8225395576083994,-1.6018585925274873,-1.513052141052364
4208,0.3350955632894502,-0.9321654657836845,1.021540451674554,0.18677949959675724
32688,-0.3690824564442008,0.3118672284010761,0.6431575046955536,-1.057500687065258
23208,-1.2929873652710506,0.1704265308676311,0.3887436808530265,1.2928283042695972
8888,1.3522173691923158,-2.250845948993531,-1.509147877918208,-1.2584259201742725
29768,-1.4352403382085495,-1.6515678698460023,-0.28916668402285434,1.855698644861202
13048,-0.4855904647164334,-1.447835037679701,-0.35707444202200606,-0.20667887696679416
688,-0.04428945043878016,0.4910531261908283,-0.34258023079889655,3.203614717210556
13768,-0.5073951809525172,0.016164699438270754,1.6741340390563706,-0.3417725086867713
29688,-1.3531047762913788,0.7257493798091647,1.0842405415681067,0.4684694882934788
29368,1.8180145140179045,0.37159564307248827,0.9005433649122615,0.3907973726060585
18008,-0.7904860842310096,0.06857080051686174,1.7120246691817915,-0.0011164660591244475
27328,-0.7126259987097315,0.5980730569662018,-0.44588631007344093,0.9411933164425123
18208,0.28332824642414195,-0.7682788352210876,-0.00110163033949707,-0.8405668715494697
4808,-0.265686874760933,0.6043532228559937,0.5951229640930724,0.18796732742434963
23248,-0.1189695313337525,-1.178483699571606,-0.9565026013495311,-0.9492283476228819
12408,-0.9955320507596703,-0.38786897223543404,0.11315057426099302,0.332203243534564
12648,-0.7064612297465384,1.9392185031807967,-0.007075058421737383,0.1923703613278448
11208,-1.616219754922038,0.5227952981796873,0.22807790321475377,0.1712565613789075
15368,0.3935820579889485,0.15023780518981678,-0.1584028676643315,1.565612479912452
10968,-0.04620050247472968,0.7998364563648447,0.4944220674048618,-0.19606869597298757
8928,0.5523791810599016,0.7368063553343664,-0.4538842373779527,-0.15227790715370215
21968,-0.47749435617869934,0.21250172577004922,-0.5439297634435878,0.45452166791026105
8208,0.7545720675706225,-0.5127175367950859,-1.1537736322516599,0.30145265767651186
6888,0.2952858242153698,-1.7820439496034288,-1.691964529539817,-0.9914594585711048
16528,0.3417513105261683,-1.363234458362003,-0.0284716874589978,1.4470463702763687
4848,-0.5140394199617788,-0.879970766133633,-0.1138424300782837,0.3106786109044112
808,-0.32624204033458193,0.0655390593662669,-0.29984040084995456,0.7238027505020208
2808,-1.2711961050981972,1.3469413025480812,1.520054711786931,-0.8143578771003716
9368,-1.202660685676479,-0.09012630835456656,0.378523903681525,-0.006691464728313253
13528,-1.666902996515443,-0.9221072858950505,-1.3804800440706755,3.2571515793335686
17688,0.037511597990688025,-1.3958966940492379,-0.582401100269591,0.34992355390267965
21248,1.0204236304208711,-0.43057311355788586,-0.2023888926358046,-1.5888736038100613
10368,1.479077667767049,0.979825524422522,-0.19945490461230703,-1.4486822151130048
26008,0.006275967474181878,-0.7296406770424329,-0.18659487042239437,0.44590761049485983
29448,-0.955791385151368,-0.6226612978380773,0.34936262217816444,-0.6076891261744536
6368,1.6961603612161975,-0.7368753931953591,-1.3865545143413065,-0.18213924584399904
27408,1.3360200526437143,-0.529123023865736,0.7595625376962757,0.5140191461184286
19928,1.1202378169774108,-0.5997074797843486,-1.5325193588818897,-1.6113643283856398
4888,-0.37609383914833927,0.6478204280576364,-0.9000930138702633,0.16061385417455637
31328,-0.1714182453491384,0.44073435391304955,-1.2551765231040284,-1.2794878620793915
13088,-0.08381704795489772,-1.0382465140619794,0.07091308802109786,-1.198806637659229
9008,-0.12313239630758033,-0.6352726316877353,-0.8475551158838734,-0.3819169126081646
11688,0.06566664028615123,-1.9022578612891579,0.8464168322925788,-0.45721326348817193
20008,1.7604467348326476,0.952775863982069,0.955067640912099,-2.0150806249082254
11048,-0.2643766023778036,0.3993064813817807,0.1515772780092162,-1.0373699476545934
32848,1.820813188272741,1.2627657007681206,1.1495053906016375,2.5141741487141864
28328,1.1328146285335947,1.7178912562630628,0.36241752347247386,0.5681593365852117
32488,1.7211090083979828,0.6317643479299756,-0.4694420882706692,-0.5749720523043396
19248,-0.6754144082997586,0.9404275511918698,0.5123318962688819,0.2962279233911503
23688,-0.706536626262351,0.7208532853043343,0.5823118524174714,-0.8745710760966353
6968,0.07664897601436343,0.13624181430911764,-0.1788359607045803,0.1573333353787337
17008,0.02458937868032634,-1.3126479771919581,-0.13851456008344223,-0.16676503484361607
21168,-1.4145791724502543,0.4800217556747999,-0.973269919604771,0.9225186038289241
29488,0.1796386214422677,0.18531760074764267,0.5973662823720273,0.8511019130915319
4928,-0.045235990060995226,-0.19299981933294832,-2.054733583135264,0.998518497803085
2528,0.0816835037144428,-0.8671427256919512,0.7240599469440429,0.880229982575679
23368,-0.8389759908963987,-0.2658193119489278,1.7034217190717327,0.8384939235157033
14008,0.3619747481188096,0.6975700954366644,1.1769310761526737,-0.05675834318827314
18168,-0.9855082171046008,-1.3227635421538138,0.6706301430682567,-0.9574673100675494
22328,-1.3217803193781836,-1.243462359121691,0.8582926777015311,-0.34329153405706075
31568,0.1876348191113944,1.0676185386933839,-0.15780460603541213,-0.9937049361813471
17208,-3.0175847382008154,-0.036810087390132785,-0.4264217643704962,-1.5978844185748773
9048,-0.5126036382418224,0.8794771522582954,-0.1511247837249293,0.7688575643763339
2688,-1.5254840529355684,1.6483750668981099,-0.7583563098813737,-1.8446601701157335
6848,-0.16113230006810914,1.513118939461285,-1.423326174336569,1.7970296616078345
12608,1.688574292301767,2.734066737740319,-0.40216222767949933,-0.5821668072070368
11008,0.059490938797299796,-0.5930881193036923,0.394617788778187,-0.2225873003671721
31048,0.6647097734792657,1.0199577119651055,-0.16888052894994948,-2.033074249428
17248,0.3551543184136583,-1.2780328628711706,-0.3704166487381888,0.09502138555080153
11408,0.2553195528882092,0.03758934034879311,-0.38833762985405984,0.050203316209048235
3088,-1.0639905469431992,0.09710272066841384,0.23464875767987792,1.640842578624291
23488,-0.10622102168646093,-0.6379877754215146,0.14331241702789974,0.15673260061783248
3408,-1.2211928820055187,0.5664191400378177,-0.6276793830633273,-1.3544727956773561
4968,-0.02981269044467811,-0.5115983252039566,0.3072476946634625,-0.6843938030802076
13168,-1.4265325953340617,0.3051830874930075,-1.5654907308176638,-1.4430120535905164
488,0.9413008191664113,-0.34823593957830196,-0.49992516676087584,2.0035204275519685
12168,2.6470978515363215,0.06246929354960795,-0.8308508672122973,0.7269972951875079
20488,-1.00931575113972,0.526251674832459,-0.3384309131429459,1.314971860544605
888,0.21426943325626932,0.21571958846229314,-0.37980498804886154,-0.7101672265369584
28808,0.5786512492027822,-0.7436741213536068,1.2851776808600859,0.8400611353395878
29568,-0.8507249590243019,-0.062089890757484084,-0.18950759537567133,-0.807867297177042
10048,1.0991198727622242,-0.3670955641230561,1.1855295338693201,-0.8246001569480228
5008,0.11614530449552857,0.5050795585227755,0.14940998454754373,0.932320866305303
1888,-0.9014853897207564,-0.052976435278600215,-0.7780374221506916,-1.172700843827651
27528,-0.39372976433490087,0.02848392318924977,-0.5093381025409344,0.31126184911810917
21648,0.4092831316284501,-0.5089458333338563,-0.4482831561897747,-1.6597248017192048
25808,-0.6100497820484698,-0.13640918428104526,-0.006069219251077078,-0.8438554734539635
25488,1.5099807873326003,-1.2045495350247328,1.2727337412127933,-0.5471163168603264
24728,-1.1289878534583138,0.8364181986316866,-0.4220880588624749,-0.4344310740708557
2008,0.0773575847271316,0.13858139069092254,1.1444029354757037,0.03344221936325056
6168,1.7717559244621963,0.5420826982723067,-1.509185209658109,-0.7371474271016399
2968,-2.1953727827390765,0.05404016004466042,0.415703161624147,1.3331204853389076
21408,0.005826872006558993,-0.12641944755100454,0.2831852451253478,0.014079039342918126
13808,-0.48684193291229977,0.9526137424349588,-0.43629093351867093,0.8792615700876779
31128,0.5004091436851497,1.9109182260523145,0.242085620605826,0.11183835204990344
29608,-1.5285269419149716,2.4655047359181905,-0.2615950510223211,-0.4184986765839489
3168,-0.5908358393665316,-0.9934869559595286,-0.2981143525518635,-1.4563531116067323
7328,0.9566525554728478,-1.1189147888264253,1.0255111560666228,0.7168689899551872
11488,-0.7222504228540475,0.07892890109514972,-1.2125206556099488,-2.090356320754808
15648,0.23483174851871355,0.15352197817564123,1.0466772139641476,0.223005704749531
27568,0.10730240535544444,0.041327126617753195,-0.18762769181752706,-0.014515102121499507
2888,-1.5213449307015146,0.5442497525387661,-0.51712148569957,-0.35984188908438264
28128,1.9883642836943647,1.6350402670280104,-0.19986810617025916,-0.47414317730141375
25528,-0.5110295819473702,0.44050330517655006,-0.6118499615523779,-0.26385027606127187
88,0.06899730679720369,0.7825123466439649,0.4366105741438546,-0.7503680642227893
8488,0.4359556337037181,1.0188090910195646,0.7007071114915739,-1.489318332830584
13248,-0.7314954461983065,-0.2250001292474182,-0.02620469350629613,1.0734158705730288
17568,-0.7308649715771871,-2.205124997767189,-0.4837072509846649,0.7905894707314404
16808,-0.5492870155081091,-0.4632788765538704,1.2940706539056501,-1.4118369294459632
20968,-1.44888551982075,0.08181615589918226,-0.9650639799330255,-1.0657579877173264
31688,-1.3987095178123217,0.2404375958607847,1.496524793163241,-1.543817983664888
29288,2.7206601970457953,-2.4724208733905852,-1.5334474274948195,1.0518607612035342
9168,-1.4545665839760333,-0.628234125574641,-1.0238027858621908,-1.559410591260416
16888,-1.5510893880248677,-0.3723396298765254,1.5337436770084059,0.41370873778932044
31608,-0.14757112991832805,0.25677122025206733,0.21607989909999675,-0.05941775827200154
27608,0.39349788920504536,-0.3307609237495914,-0.6137734084853068,0.14064748179473965
3648,-0.07554519806537686,-1.0170219617234664,1.4315139320092178,-0.13343282658083516
30448,-0.5768200648746222,0.4785147047789963,0.35810376091564444,-1.746361234597079
22088,1.6028430872743678,2.3296435446412915,-0.42621066849924444,0.5301638052098755
15328,0.2835038971928827,0.5169678313603914,1.7194416319524561,1.3651637712256652
848,-0.7515667583312217,1.311384122741544,-0.77750637454025,0.24530975475988098
6648,-0.45795058452225174,-0.40766881115915893,-1.8656597209052013,-0.4902489926583929
10808,0.3009276654273798,-0.15911262987122232,1.1901153400579187,0.5128419715172443
3048,0.49432397937491795,0.48155005476261176,-0.9112481316137365,0.054649556795641874
23288,-0.3613958064580298,-0.4066554429000209,-0.5538747218763052,0.3815951731663805
27448,-0.8242855897801363,0.28653365797066166,0.15599702227542941,-0.7252278737066578
31728,-0.47530113556374953,-1.3443318750516007,-1.0197645578443193,-0.004607647288745359
25768,-1.1882083883561732,0.7502404967288407,0.071689573445634,-0.31661485235214093
19448,0.203674037892878,0.4306339924797958,-0.5728578390701364,2.108072471205297
11968,0.9899413448705366,-0.376958594648002,1.097242170239891,-0.1088599983581819
27648,-0.5906053989601986,-0.8833465593733023,0.6981074633332127,-0.4504942833561678
25088,0.12267950423167115,0.5233499972168988,0.8895926102161023,0.004159088930339308
24448,-0.05729567930857367,0.9085221061693844,1.0332976206390543,-1.3541421021795206
28608,-0.7305109716478715,1.720634507752135,-0.6255298807412972,1.3782070549233159
5128,-0.697577936330932,1.9946936651768359,0.6904032030985694,-0.35719059360507244
8968,0.5068986013064005,-0.33846888392034674,-0.9183546127870026,-1.1423061668435148
23568,0.10808290614567459,0.654238916945455,0.32306047428470575,0.7078267741116961
3928,-0.9079478949186134,-0.33666597906681345,1.3514387366774732,1.7817643932749347
20288,-1.8580790368002391,0.7650251580372408,-0.7821348274558418,-0.06154831677339584
25608,-0.06244194684309016,0.3415208915408223,0.28396802482931505,0.20980339130735762
1048,-0.26892961010843336,1.7858991852937984,-0.30229353318911273,2.267125285606121
6008,-0.0749484096920428,-1.3197803402047243,-0.22089174098734846,-0.42825349352313835
19488,-0.32497497620207555,1.744404372333309,-2.0864752553934895,0.9820638235528915
18608,2.4164249101959494,-0.41872998040987647,-0.23472298485157436,-1.059638689903526
18448,1.0423099153186157,-0.12364989900963873,-0.9194895423147889,-0.4208129471701298
14928,-0.5566501810496318,-1.0283708758059635,-2.365971313108517,-0.3915005155240203
27688,-0.7848085405277345,0.3088444982544338,1.9298776351068374,-0.02279719835842888
30928,-1.425209444068625,-0.29204066835915365,-1.3031919901822473,1.1024356537227114
15408,1.2395295551703984,-0.46473551405231367,1.6886940149388363,-2.0152488266402684
7688,1.1072544244142513,-0.6003211152723613,-1.3640258313865383,-1.2610224409744397
7128,0.4364674225932411,-1.2498067509399358,-1.4455986767970614,-0.974023639571239
25168,-1.6890735415002929,-0.3374687498808697,1.5528489768494826,0.13885714943973185
3128,-0.8928442809162139,-0.548577207049405,-0.9428387912807495,-0.5762548865786759
9568,1.0314415191343416,-0.2505340547474956,0.689920122226035,0.2143223703929535
21568,-0.5438247254387367,0.20092080758825742,-1.500950228074338,-1.5354396612776027
27488,1.39646786949491,0.9374483995720237,-1.571471473360726,-0.07417333941911768
4128,0.5777714474291337,-1.5700480586951437,0.28715920073615764,-0.4083719247819841
19528,-0.4023241184013345,-0.17496907057043182,-0.057075492804736144,0.5202818533293129
12448,0.47648580102525634,0.48276306391186957,-0.655076496624782,-0.45200558708922467
16608,0.4020609892204388,0.8618246458171481,0.07066368883804659,0.05270869906329578
27728,0.7072791008835967,1.1829688776182963,1.393671708107767,1.1173500412794
21688,0.04802369548426465,1.0025823804769793,-0.6327861855018109,0.7172635796440143
29088,0.6050744969644212,0.20624495325435058,-0.008440054634996587,0.7290030353577326
5208,-1.0916285539775743,0.13652438390280516,-0.8214678835255715,1.3507611236132333
13128,-1.0038398315868793,-0.8743202664810191,-1.337204705393325,1.3767611355328744
13608,1.403326704839893,0.05555454830253853,0.7923271388329605,0.06599994876412671
13408,0.023304611139747522,0.20548554822613793,-0.5127701261515246,-0.07593062887159548
10768,0.4027914102415984,0.5980733216509674,1.5489765832715725,-1.9377731973404082
26088,0.25822153174369633,1.1661506838514692,-0.7984549896782116,1.6272974484667992
31848,-0.30197242681735015,-0.19070511540800486,-0.2530151416417148,-0.36636967638362994
9328,-0.30909975335071893,2.557068323064059,-0.18350924308507394,-0.5743544974859899
15208,1.2695816398318995,-0.11682606931133273,-0.6885505373452525,0.2945411644547999
27768,-0.0014028558915852255,-0.7823964325354973,-0.36710564260037626,0.3164902090458375
21448,-1.5183140648000986,0.5115054883668542,0.6206967744274466,-0.7029864499148336
25728,0.9682053483494939,-0.5857898269418257,-1.3488420567989943,-0.5676854465175155
4288,-2.3359381196835427,0.1938490275066106,-1.0785575504757434,-0.33395946197800797
7608,1.8727824123908468,0.04043049493584574,-0.3885782060644144,1.8701019508616814
11768,0.3691091067455998,-1.675426735895439,-1.0354804924451932,0.7812322165630579
15928,-0.16300390305858992,-0.05524519844231804,-0.7867841328747467,-0.23591070967538616
3208,0.39877947819331816,-0.33799383951420275,-0.42672032416460787,-0.005709364886678742
20848,1.0172156229519436,-1.6849708374738612,0.1713866236276034,1.045442680316684
24248,0.6415055827208646,0.1661249472171258,1.26615921106691,0.6581288757983358
32568,-2.058706590735249,-0.8157891229766697,1.454179426591337,-1.4662229295714464
31888,1.129752622922793,0.27199922468586707,-1.1933280399074013,0.021466232215460006
13848,-0.4895096968558979,0.7836339526747325,0.11248370087796607,-0.08607892660236222
11328,0.4557407207621758,0.8315976780030084,1.1176607885321128,-1.057036533415095
4608,0.9560285584497898,-0.20324705065128798,2.9465098755324686,1.0329416424949784
19608,0.22545824467310976,1.3117150746426625,0.5112578268433797,-0.22850761131949318
17088,-0.26151613608835983,0.7434768345729603,0.101827772674535,-1.9498995987223577
27808,0.3279338280268766,0.018084015952222015,0.044146176343387744,-0.847309709355042
18288,1.508064629488951,0.631460569167944,-0.6432544191136864,-0.13295941641842857
5968,-0.8962784764766062,-0.1375353202703835,1.114338645389262,0.981099131259188
5288,-0.7894449375781537,0.12392219455552453,-0.40450086128861207,1.8864260009936364
9928,-0.8484927003639562,0.002130236767271713,1.1088472301153558,-0.9004776693599128
3248,1.200187525368364,1.1167337819591332,-0.8372206464421633,1.9803239767867304
27848,-0.71976678998192,1.0689529387705872,-0.5904871193477182,-0.6233677605397279
30728,1.0939736916815954,0.38203088574236144,0.1599166173846703,-1.125757770326485
1208,-1.8602344589739017,-1.621747643027945,0.4379019170002455,0.7533701016351435
2768,1.5721731190668482,-0.31819867385737044,-0.5153316478297941,0.2908010986038268
6928,0.12312995858625116,3.2404979772495546,-0.3788472687598097,-0.45941178304768476
9408,-1.515792865664168,0.8105831031109435,0.0862898877090207,-1.1857794916201374
27168,0.3488662510174247,1.976989027269497,-0.005773736088874802,0.23210045729600964
15248,0.958471028998035,0.5300855523341368,0.9924486456229389,0.9286348401258294
19408,-2.3479344040907844,-1.0533024291974076,0.3950314450775793,1.2568387512757342
7368,-0.0995708705695823,0.47280175304850197,1.2549466967817098,-1.2036629485987866
15568,0.6887284119097871,-0.3079136635718852,-0.23983175230499276,0.04015614347902631
21368,-0.114220526053699,0.14928346406384305,-0.46821325802742575,0.8405671944108456
8088,0.4123327382602424,0.6662311544209347,0.2645765872996437,-1.093573826291513
13688,-0.20986442757014348,0.2492339029343068,0.16453208500089384,0.1687589812923647
16408,0.496824219585285,-0.38476647034534817,-0.20163431900071183,0.6421897632891482
23768,0.8032776219146152,0.3497997323391235,0.5591370776060935,0.4127860435443948
6728,0.13045265543524473,-0.7125063852201773,0.7767378189047224,-0.048299928004798445
1248,-0.9080230930061953,-0.5239061512465133,0.2814390212839904,0.048748549967078766
20688,-1.911666952485404,0.1569962867199337,1.5091463979268607,1.4724926726886653
9248,0.43210751860318697,-1.624191478441913,-0.30853141472283263,0.9373646519751632
19688,1.0949577995913913,-0.6908330644926814,-0.45436389532672833,-0.4560393643119405
17648,-0.7743796755346498,-0.7334780013972694,1.3734523534586573,1.1892949838688684
14888,0.4377723627661088,1.640290569236237,-1.2355457855540113,-0.9948181056260347
5368,-0.11197632208915403,0.08533178038562919,-0.05856541128048473,0.15801185298164044
6248,-0.2891094606685644,0.3000280420779012,0.6257483538970653,-0.1832609651261394
10408,-0.08411799828619453,-0.9934299732126228,-0.21346496292825798,-0.0815850964111963
3328,-0.1739783764444906,2.083291329174385,-2.426504965586783,1.4151871861614023
19328,0.6259537531595791,0.711341958650727,-0.16512952574628886,0.6526246485617512
31208,1.3423846276843905,0.7397622013903365,1.4264938325511283,0.08924507694702963
32008,0.7082558447775302,-0.5212646065110313,1.4711372294069323,1.6483173763890784
30328,-0.9636211012447954,-0.9459016657685564,1.1332141910651359,-1.2751009702007154
7408,-0.4956778689653758,-0.7753642056714656,-0.2929634831560196,0.45717778582980867
11568,-0.04071552030839197,0.7199824136418512,0.07586399565157731,-0.26787174047784634
19728,-0.7002490256062668,0.19893802081097134,0.4887934617690849,0.916307437373826
18648,1.3204059257070848,-0.15213836071103456,-0.1421046290488661,-0.3304162095447079
20808,-1.2668676767912697,0.5692536117779713,-1.4599481604840512,-0.8264767203989912
27928,1.2299075492850409,0.28601935615297475,1.6495846451443232,1.105452005356512
11288,-1.4878984416170653,0.8869290262065319,-0.7903685641509791,-1.9719030713833894
4408,0.5605528586133662,-1.0895639175451408,1.5568340428402707,2.192118948525725
25888,1.0127420834396883,-0.13610516503021175,0.540415620241915,1.7552801623549839
23088,-1.057162851203628,-0.8827225459459784,-0.3262422238681956,0.6617436682613898
12728,0.2976381035487083,2.0222100103211558,0.571578972085525,1.1906549090037963
23848,-0.641347671556512,-0.7307729935593638,0.4693873755942085,0.9664700629585069
25208,0.17629633385872479,-0.26194584897741957,-0.03844844674699291,2.0139324066846025
21808,-1.4399343015011898,-0.13636575842441725,0.8595175364834032,-0.364657799880962
32648,0.6933732529870539,-0.17582759214421875,0.500657696539453,0.026556778494599875
1408,-0.7972073112336683,0.745331820690327,0.2688854835023945,1.3601389708398395
9728,0.6963671427222161,-0.8261322688081305,0.38891706895600253,2.39938833926053
30008,-2.195603810186462,-0.25213332751880113,-0.01807791624354447,-1.0580943381081722
22208,-0.4023692845308849,-1.1653478503404036,1.533334995891438,-0.6403169704387099
26368,-0.22947207710651882,1.155861327305299,0.28885803049324704,1.2745613725533307
10088,0.5003514309808372,-0.25050879126390574,-1.4420216862395778,0.5629566838992434
27968,0.5328700092007432,0.898649917228661,2.408236907135789,0.3081162271806633
21728,0.02062330235169679,-0.614802473120258,-0.4524630075624502,-1.0860185607434156
28008,-1.4770656890312408,0.8869748324950614,2.597394101097449,-1.0222805666257002
5448,0.6792978501185098,-0.8119919017871885,-0.35865122893363605,0.10941946201747532
19008,0.4294248350320977,0.6862149663275986,0.7966589435043618,1.3892532268897746
15048,1.7846003403228214,0.6373689379343269,-0.25186238862342997,2.292186341045
13648,-0.8649316669996768,-1.3071617390022805,0.18884824666753916,-0.38631716682760014
31288,0.9197770957037649,-0.18632521955596135,-0.19783866241328432,-0.39824401208045085
32088,-0.8389793166278497,0.25789573601777505,-1.500137067307898,0.30458321456993387
3728,0.7258224459295749,-0.003341683358643124,0.07448644233811942,-0.7970028881284034
7888,-0.3025074334556858,0.08644063769269379,-0.74164173169991,1.2013218882096037
12048,1.4814970196262691,0.2826529386739711,-1.9767804948759629,-0.4892017731541633
19808,0.8794065847593938,-0.5645830479223249,0.3306369711702197,0.9518044652644959
30608,-0.3694705050528474,-0.45992626041541285,0.3987586923140687,0.9448295272160867
20368,0.47627559028608857,-3.1445144245683467,-1.3269931460763946,-0.38431147792472276
24528,0.3699051219863562,0.08359220391791596,-0.0748380855448865,0.07212996311815849
17768,0.6365458509878327,-1.243437331759755,0.430979703399922,1.4569984442076942
728,-0.9373054107181661,-0.7781148936562681,-0.37388922049794787,0.4817600421160219
5488,0.88524321804417,0.3307241922900728,0.9803508398749535,-1.7243216799066177
9448,0.8527969496488178,0.4305834708335328,1.7045692403227044,1.2161471869123823
13208,0.556080140759241,0.28624744713444056,0.968028523037874,0.1767749162660767
17368,0.6783510017984962,-1.433576751249501,0.0646262593117428,-0.97130827270524
3448,0.47721714254929454,0.9077472262684917,2.1610242059071645,-1.0940134818204386
29848,-1.59759331833276,0.10541673428451123,0.6461763295961105,0.8040074213108751
11648,1.5587602397602727,-0.3578158712952332,-0.12399281158282086,0.021754513219599054
24128,-0.33148881264854607,0.9914635316539562,0.5335067036112867,0.6821470006067963
10208,-0.3863681851931569,0.046476589057318496,0.44356596582856034,0.8982558820626068
30088,0.9582445382961065,0.23880610094483157,1.2511772898881164,0.11585892065893312
18528,-0.692790559200202,-0.8691529057151567,-1.5853894348270083,0.23411992307353127
22688,0.5688473274947279,-0.13740925388690994,0.1511190469928967,1.6208891012242905
31008,-2.2750042658141925,0.2711105425766266,-1.3788879253394095,0.6281257112467952
7568,-0.03844095414313959,1.3391752784306916,-0.5450433291598912,-1.581263850772909
23448,-0.50458383011635,-0.3883633500686336,0.4963161948522009,1.365013140655555
7208,-0.3200082437119858,-0.6264882476412199,-0.6262818971774681,0.1462545703324368
15768,-0.2939591244885084,-0.5331179426457817,-1.0360556785727058,-0.9421796261114476
11368,1.2967980306288411,-0.353763016691097,0.8712090748172308,0.3384941082230949
15528,1.5271010165348597,-0.3401845175933452,-0.08270745266952513,0.10679517261701325
13728,-0.00485476151887344,-1.0022279627950839,0.5225797077301105,-0.3509604770654806
2288,0.5338245712397367,0.9473887202736172,-0.5164878540762345,-0.2322544388522161
32168,-1.5532894353543465,-0.4466466818543766,1.2443878046677581,0.9182063785842062
48,-0.9599326663667451,1.6503809956344777,-0.6203332104820531,-0.08889014466476004
21928,-0.817949425573687,0.7111380235018375,0.16020406564951212,-1.6155888897170398
12528,-0.8541989476765903,1.6489431836108772,-1.4588909667256784,-0.3442533881245264
16688,1.0334607414860713,0.12544665107841016,2.1036176275997143,-0.33940758659064163
9648,1.046676521883439,-0.954478926868422,-1.0779299078741387,-0.438813040620473
11848,-0.9454414238903031,-0.10862100243260675,0.4864476464239186,-1.158544642873516
29168,-1.798220475712552,0.4502508466373732,-0.23458835515386567,-1.3931641606535823
17848,0.3352291911492869,-0.5403091200748642,0.30970905509235613,-0.9346761650010873
9528,0.7409995184720747,0.8807564432821893,0.2491257982706456,0.02561521639183645
15808,-0.5669261588345751,1.9195398678978421,1.4611485568918767,-0.1855020757187495
6048,-0.5235727305399772,0.21315000684237959,-0.9556508641939697,-0.6363107357457736
22008,-2.191438037851517,-1.011192258661731,-1.718403115456564,-0.5016478959903344
26168,-1.470947026416113,-1.1072420220674126,-0.22962295148404974,-0.8644828713936283
24008,0.4202479623830682,0.7050978224109657,-0.3565606187730231,-0.41758866591074695
31808,0.7999320976965034,-0.01498076567552917,-0.487064674746061,0.45486499026134536
28488,0.39160542144624516,0.5858597252968587,2.397366355713246,1.4694660746294153
1488,1.2280116335130602,-0.405410731877905,0.268540428944701,-1.5111121904125713
248,1.1619508588753826,-0.2588460797033192,0.17795589061746445,-0.6117080338270676
10688,0.7066205320637449,-1.5034222039753324,-0.2633619848127517,0.9075334096392533
30168,1.3861889886970715,-0.2584335083662269,-0.38778806086540873,0.3202426637469228
23168,-1.7968775301097826,-0.17539920197201905,0.02430086925185702,-1.500519794372279
31488,0.6082311893863117,-2.4886856603315244,-0.5550072919672353,0.2255648270106124
23128,1.7647540936967088,0.29494337042820445,-0.6688131439121109,-1.6560986885847655
7648,0.8599758128947903,0.2378743013894228,-1.9619101315566383,0.4026335163873393
20048,-1.777973164850111,-1.1006009003417896,0.33945214927031764,1.2429197872101387
3528,0.9194419492678466,1.6494303210191692,0.8438049318020776,-0.2437909790680431
15848,-1.2954064805651178,0.6252593536613318,0.8114679857380581,0.4152910937911409
16008,-0.1893102710752118,-0.4406007934892155,-1.4301300498702667,-0.7237974665805825
24328,-0.2241632471057955,0.07343976609949183,-0.08149443409057981,-0.604261371519014
24048,0.9165676636759733,0.7641096791200777,0.3936814022646839,-0.32815302046103695
24488,0.2980891590895138,1.2172938582021362,0.3963700511201365,-0.2853783445816226
528,0.37719925313855457,-0.8137498409012385,-2.866072329068923,0.777934828499586
1528,-0.8227710050025662,0.35316859863416317,0.6348237834495131,0.9665508824656207
17168,-0.10464382427558813,-0.09491565891609538,0.24256224600764528,-1.1609761186976826
19968,0.9094740271648217,0.4602682852766375,1.3199974707649151,0.7723616894148044
18688,2.6866026607353604,-0.25270872573021086,1.0525839390158216,-0.40333758876913484
26688,-0.512594537281247,0.8688477422266028,-0.35067748831975437,-0.8561986430462347
29648,0.8114154191552596,0.6095905804905662,0.490624450032541,-0.23315974696286804
17928,-1.3871176121883448,-0.6161885184127025,-1.0642671210100467,-0.3024634016071461
15888,-0.7779443441611028,-1.628476335360782,0.4399231035513445,0.1659512720634497
28248,0.7500861614660553,0.13988943621591135,0.08191792784342193,0.28199611290323734
21328,-0.7424040052412684,0.4431400065612266,-0.07705678453538126,0.5198813346346395
3608,1.353376679529388,-0.01171266115535912,0.3858393436639823,0.3396497873252199
8008,-2.303041400900759,1.5842204988241404,0.3930938185053301,-0.3524314178743355
2848,0.633302623726538,1.0618354274751614,-0.24412864784225974,-0.5545584743182342
32288,-0.49141842277629966,1.6484470571504521,1.6426201750947331,1.1721496550316384
7088,0.30340779910341265,0.981112108500554,-0.31078225800462655,-0.8624114249000426
11168,-2.183778986358717,-1.1188148083543306,-0.08797021426197835,-1.2471404924268983
30248,-0.9259097213803625,0.5968285092199248,-0.08625571404320728,-0.3533382844188105
31968,-0.9727460206456547,-0.23358059472118803,0.0481506087325169,-1.0721870915633018
17968,1.272097399014034,0.32871733239200246,-1.3325434266705545,-0.342197287369695
1288,0.34952251960606967,-1.1134209115140499,0.6738498957285445,0.8672571046801445
12328,0.9007030483064059,0.6087810465588295,1.633108933337177,-1.0251771549395556
5688,-0.21586313490164258,0.30527347550787054,0.5935092985751766,1.379686285925711
16488,-0.06035343682166648,-0.2203497768129905,-0.4060012285915783,-0.4407265327359301
24808,1.608656247350661,0.255903296179378,-0.05664424984222151,1.0640336034137636
28968,0.7323802139102121,-0.5864025316515149,2.1763350404462747,0.23825950503558876
13888,-0.44389399676589786,1.2393595839060125,-1.3278795751858719,-0.7096098230892645
608,-1.1896703924096406,-1.044800131785495,0.33097510143861986,-0.8321722905856048
1008,-0.7277979505355358,-0.5141516034230604,-0.34152218347649826,0.20847752820612717
5168,0.542347429638344,0.8994504058141867,-0.18942865249853724,0.3266242920097191
1608,1.5577404168148008,-0.5091793946042144,0.5061451160533919,0.924061151437306
13488,0.7062938754672,-0.5413153866180528,1.4835574659098811,1.2206347233526373
30288,-0.3587595745582013,0.417564117315922,0.16674738576450812,1.139096398918417
30648,-0.588223212302428,-0.27988773575772535,1.074817303958003,-0.991574465523022
30128,-0.6363775776182462,-0.5602196834624578,0.42729992945502826,0.45894287925663624
7768,1.2537798861639644,-0.08448999880352791,0.29356024016737736,-1.695186503000786
10488,0.4500329613283239,0.9841168904143588,0.4216837265078264,0.30921792939732407
14168,-0.19241709447068178,0.3198144852173159,0.5292782890386459,-0.6705810955124032
14648,1.1532955628145334,-0.20278192087016164,-1.239934703534573,-1.270541907238847
26208,-0.20743228171641886,-0.43106019042684746,0.4687253029422099,0.2466830812871938
29968,-0.4849124462809428,0.5323336609337372,-1.1398259880590613,-2.0989966466611776
22968,0.0912142592914144,-1.140263234986109,-0.777510295252352,-0.4369370131543831
3688,0.7693907302625259,0.6834480233117202,0.244042887708651,0.020330298251132715
11888,0.04900303917688591,0.18259244459975132,-0.9944389322030462,-0.018396665453536364
24168,-0.8233752098018065,-0.30389668915036816,-0.4663693526216525,-1.0463622454292913
20088,0.3790018888312309,0.21949075813842092,1.1080287727890608,0.7273967175595683
28288,0.054682359511840646,-0.5131231478895429,-0.9487819714532889,-0.9041564554107671
18048,-0.02573344739663488,1.1707085071525105,-0.8174866552373639,-0.08121538235805481
3008,0.3528905045244426,-0.48595939169237695,-0.5921331784374219,0.38820685826554857
17728,-0.08967381242559197,-0.64521313977309,0.44218748984909534,0.45601879481565133
8648,-0.17208500412342007,-0.8905420888238565,0.31037196467199235,-0.12276771207065197
12808,-0.22072501979392076,0.37265522638801196,0.17296370124093727,1.8279383812673893
5768,-0.4691989877182756,-0.4521911945180398,-1.5208601666447406,-1.8595492466748087
21128,-1.132040954817186,0.3504217489789296,0.10969867939581318,0.23964672867578257
25288,0.7195046452242343,0.8730373019719788,-1.776746489481453,-1.9485415336612015
24208,-1.5477920529767357,-1.2999929054511579,-0.5969911683757306,0.5969636182879118
2328,1.3599065351254875,-0.5159115507603265,-0.5121792006611489,0.13023527941495772
12368,0.16935348548622217,0.3564398983206737,0.33970801483120217,-1.1645994803375899
5648,0.6552206310405927,-1.2602039374839553,-0.26774573377121835,1.8703542405078217
30808,-0.7800035805248099,-1.375817975962475,-0.7573064833916252,0.1668156098669316
1688,-1.1055495969948126,-0.46465835414864737,-0.8662574264638503,-0.568732568904559
13968,1.120340071966238,-0.6447794074969997,1.350582843842119,-0.14772965917976988
18128,-1.3298013074598263,-1.1527073867136304,-0.6301489179074452,-1.4318878072935994
20128,-0.22772827956442127,-0.19006010580593852,1.2082539224177329,0.5545959012998186
22128,-0.5063020155214252,-0.3415385510046064,-1.6282232741224485,-0.2277227273403535
7048,-0.43205270374197124,0.3877225768472322,-0.7681575258853452,1.926174886688274
7848,0.7132876574841931,-1.6443234402928972,-0.04471979202554952,0.48141208476543973
7008,-1.0159821978673225,0.7172517456965793,-0.2844621431413466,0.021277823283376344
15128,-0.7953435414779652,0.6892104354789785,-1.0123973045932995,-0.38542117851460495
26288,-0.10198525551845039,-0.3076524760993146,0.9416249091954279,1.5386852959832826
16328,-0.004979848675905958,0.25720399330834376,0.11360092424872706,-0.009707685260641863
31768,0.8143044234188237,-0.8862249935997946,-0.6412192970803439,-0.23731289272632997
3768,0.3136424498607554,0.39891675861820863,-0.6464941022159019,-0.45863634328725317
7968,-1.0356624705062787,-0.6777240978002593,0.18831727026195563,0.8696907217698426
1728,-0.2508033243672611,0.13909477093814615,1.3800180849918922,-1.426814800663646
10528,0.719314357914462,-0.05784073107771921,-0.8003659915045618,0.1970092143132314
16288,0.5868181532045579,-0.6064694180128388,-0.5350629341257157,1.0375033294186653
20168,0.10735391527190889,-0.024546310511643972,0.1034769008357994,0.2088078321845322
28768,1.4351414915788168,0.02858641780311678,0.3072388721468785,-0.6820485631142782
28368,0.4449947582878905,-0.36477667295117944,1.0031620909220367,-0.2997902587530918
9848,-0.2694933064545588,0.2675289643324225,0.4638832815535633,-0.02727768249072704
9128,0.7743757652323036,1.29709577999123,-0.5321736836436712,-0.684781238628056
13288,-0.02621529998967209,0.3148611681662284,-1.0488402264400778,0.026984226501346915
17448,0.32066132981172296,1.2222078171644606,-0.8647610477829659,2.698519351405309
5848,-1.0936621341991544,-0.09884401898686729,1.3334208115395247,-0.6580667462062666
21608,-0.9801027031892792,0.8206007105201251,-1.0101079678861344,-1.276596250393156
29928,0.48780726142787234,-1.2349756547423745,-1.8629274133517941,2.6809874745267743
3808,-0.44474956083925354,-0.3716985128552668,-0.18252681628781833,1.0175064744597797
14288,-0.0837648732573864,1.3240876740046863,0.547157847535144,-0.6464150048506477
6128,-1.5790971164297682,0.019464682418058463,0.9382881981805787,0.9182069915186768
12008,-0.12660076630449246,-1.044125996022811,1.151175465439826,-1.7537475398112101
14448,-0.5824629253453153,0.05866089867855039,-0.8887564364382423,-1.1250948736711535
26928,-0.9285818121144461,0.037492497667688585,-1.174555296691558,-0.3282852946083323
20208,-0.8736811399293678,0.708586170571557,-0.351661923174719,1.0951716557805866
3368,-1.5372198478397483,-0.41021491783061076,0.21443213452694154,-0.5013420385104224
28408,-1.6328599091130709,0.985114444899466,0.5627784834311186,0.160784695072839
7288,0.6892251979943107,0.20256978744290569,-0.5167526151048213,-0.3585233682148607
15608,1.68270793034667,-1.1719964518202033,0.04980664588876299,-1.3262495521095734
5888,-0.7818294601120499,1.0410971181611743,-0.6236780102503334,-1.2450519795407584
7808,-1.1349591872906992,0.32738191828479596,0.14315015599518888,-0.6906778123508066
27208,0.8095482810674538,-1.0084605395724613,0.6510228360614011,0.2832582991409693
25448,0.0021159456614154334,-1.8726802921722894,-1.1109039914080308,0.3379698862700853
32248,-0.17784274709862138,-0.13107947232478073,-0.3256689297659735,1.4393141238101679
3848,-1.0102785211493412,0.11672267266718964,-0.14553192196881026,-0.7573526269779096
128,0.03501889252845109,-0.5398918454428282,-2.3446120841681686,-0.5088517942003355
1808,-0.6647300525044088,0.3153061554743991,-0.30349602293196537,0.017278734819196725
12248,0.06824739778951724,0.4408122392103188,-0.7330193912684503,-0.34072149098643456
16768,-1.7295444169704064,-1.310490893848616,-0.4261479503722621,0.23607018909776492
26608,1.0280445982553628,0.6810646708761512,-0.030051361397234792,0.3847209664244797
20928,0.45021824857744813,-0.2504224863959586,-0.6411836472925025,-1.0627149396284188
21848,0.3670988816651612,-0.6855549286614231,0.5209892112547556,-0.873079447467044
20248,0.48724289508315427,0.3907768566939755,1.2851942319641163,1.2774571726704058
28448,0.009065549267799395,0.271852177240255,1.6911470341779142,1.225060815707194
1328,1.0541714043282964,-0.3807332594910983,0.6894530607661032,0.41233830497204227
16168,-1.200850482379733,0.524249547321266,0.1752263157631268,0.5884815511330884
26248,1.5243634004574953,0.8416463138667801,0.24562366932060592,0.37749328093373863
3888,-0.5657995863490701,0.9574428910281677,-0.9236804903970938,-0.5181962903306894
10888,-0.14658108408404966,-0.5316690126642721,-0.4212587882162116,1.4715189484732418
6608,-1.176721343411138,-0.360957565808164,-1.5122251243811584,-1.2717081249998945
12088,0.8772918181329014,-0.26383716150381376,0.408252494646943,-3.2331334229399395
25408,-0.6931444057515193,0.2824880112259359,-0.40520381880400497,-0.80546872312636
30528,-0.7887815070788544,0.22681310780030273,-0.7044399323677781,-1.3296437195385933
5088,-0.6409298732513605,0.48608012814594104,-0.19574070930136886,-0.026149446002578465
18248,1.7472617672814275,1.985146031391935,0.08038197813758671,-1.014505828481291
11928,1.0437657553223256,-0.24688376110883087,-0.32026565601231366,-0.03571778555387968
16208,-0.6968153926006514,0.5317167826567754,1.503874940008198,0.05585955871345326
19768,0.35507487431998314,-1.671429027835144,-1.0729968746621557,1.1453324314239297
32728,0.5557425055299107,1.3575370607549446,-0.8806936429650065,-0.2486203804364594
24408,0.06838313105336238,-1.033538718569955,-0.6783518434644288,-1.638043829451744
4768,0.3246874674241172,-0.040870845552880924,1.0479290400005672,-0.10824618693074982
32608,-1.8356074844932033,1.2347917093167355,-0.5534489134706561,-1.0280587082504242
19088,1.1570157891463781,-2.1937528182067028,0.27144886047417166,-0.4813045206352055
14688,1.59661667391541,-1.9318485695447092,0.8414906272852132,-0.808263164182989
25568,1.4564051829777531,-0.23386495611458818,-0.2320501211713457,0.35245543872179613
20328,0.5744053283926097,0.7738429706718448,0.20538044189383112,0.7368209411972632
5928,-2.4800181663950185,0.5491158229615157,2.4326565665978976,0.7228228419131213
8048,0.11014621534285904,-0.9760576546218277,1.7757374919738187,0.27547795541842385
28648,0.11568680227553804,1.563903206167889,1.435313158179303,0.12183700810609809
14248,0.17227177871262028,0.3127714545554492,-1.4822973441603589,-1.150546024449961
18408,-0.9838737958888107,0.6688588049840479,0.6886415853023795,-0.23911530750044543
22568,-0.44321276125983483,-1.170367223272666,0.3072607862836234,1.3862658923291014
26488,-0.23173956794377648,0.80241797455182,0.004657370140224527,1.2432513945262877
30888,-2.6703218638875508,0.3053430862868368,0.48182511802434136,2.1729817643615728
14208,1.2342692667039936,-0.4535169681076309,1.3395329749778342,0.10099076441046989
2928,0.12498185502239983,-0.6148271850179838,-0.19493688016132948,0.03997761828334952
22408,2.7015789988384222,-0.4292640246462348,-0.5283269923460479,-0.6412305492887596
19568,-1.3649068976598042,-1.9074125338685692,0.4022153393947856,-0.38825673813747563
23728,0.26807076310575734,-0.18850185834945488,0.37858942347144026,0.576791837740148
27888,3.3584321036548888,0.11409904309164551,-0.1823092470482164,0.7201826791336684
32048,-0.48073131965844523,-0.9635082370315388,0.851764344559548,-0.3008628401619789
10128,-1.258518202009559,1.5393934298624272,1.0070396271826696,0.8742426169458343
32408,1.1973128954205858,-1.1355156351995643,1.7741844195240806,-0.19061999954120315
12888,0.3787393965005813,1.9934329031519722,0.5425748169813019,-1.754307769171995
8248,-0.029545301385609436,-0.7903027578865753,0.15137442948481128,-0.5701069117715508
18328,1.1715002259275902,0.8063193909354767,0.22077662663724246,-2.4901297549047965
16568,1.7146128922316437,1.9682344891367058,1.0127272200290331,-0.1140934089377446
20728,0.8431663760344195,0.6397887783045084,-0.5872399716021638,-0.5262368354660265
26528,0.5125175550129812,1.761051690375298,0.1497228172367559,-0.01805513374473791
11248,-0.5003954525837961,0.1741567062495017,-0.5523520265726594,-0.47625091579442014
4008,0.34776235208553324,1.0916965046952594,-2.268271118613179,-0.6310678174665062
5248,-1.6315035039146129,0.14389178736784342,-0.3407277532893457,1.3052685974781897
13568,-0.34374747510180576,1.2286824500234732,0.7085637697285522,-0.09721849753868782
25968,-0.1280638645321604,0.5368942806592039,0.5609102734201898,0.5335130702853608
1968,2.8651031932979145,1.3889209519637375,1.353699733384522,-0.6393271003777576
10568,1.1566472647351358,-1.8667974318570244,0.3496591946063269,1.7084593483717738
26048,-0.6587718963430083,-0.7146666335947841,-0.4585250630298907,-0.27845460719670445
30208,2.971948383219493,1.5469155052476664,-1.6337442848708448,0.23269697407454917
10168,0.18661694763297954,-0.5113204622541437,-0.6903357535666279,0.5412737237216353
16448,0.7493403799599123,-1.0740736005458218,0.18371919202549333,-0.267771616334997
2248,-1.0559709403285675,1.0487034588418727,-0.30322564821059833,-0.16012230237097647
6408,-0.6321185056899575,1.0829536485962856,0.6140942196962956,0.9064562542103418
18368,-0.4400318432453372,0.40485336530176097,-0.30532907218599126,-0.25529513363515843
25248,1.6415920120966334,-0.39525748907194136,-0.43421087912854534,-1.6311063829135193
23048,1.443257881017664,0.08976762905552776,-0.11878350554557263,-1.2662085220555162
26568,1.2336558062018148,-0.3153771482731713,0.7634298003532815,0.7268518585973692
31368,0.2093746630789043,-1.4964300326739333,0.09476066296020516,1.467154360546385
11088,-0.07829609262247496,0.38216056716592617,-2.7891774852694873,-0.43151883986764555
29528,-0.176058432319676,0.04554719080286385,-2.111373676766906,0.6886233563191497
4048,-0.4606885056955028,0.35705365255406657,0.2986734490306949,0.26245473103193073
4088,0.1110110423243571,-0.21062226211041235,1.5483397633393108,0.4489267509682371
11728,0.9742174832185316,-2.4423816465181547,-0.8867013397737197,1.1838334598524642
22488,0.1903896641574834,0.5787614855385772,-0.4237169077609663,0.506809886331416
20448,0.3659825033417434,-1.585636839033449,-1.3964234357895484,-0.701180451147758
8528,-2.283876441300882,-1.020346186418889,-0.5389464109460484,-0.8370450911095662
4568,-0.10108256138610477,-1.4255364333834264,0.05390743636203999,0.5368122739729869
8168,-0.8447844736187741,-1.4908521250443088,0.9730858683616409,-1.168301376023209
17048,0.43614094640617423,1.4101756987248284,-0.4381417006634149,0.34420239983336737
21208,-1.4639784253191368,-0.5231560058501066,1.5238755654045288,-2.2688806811356086
25368,-0.019312991750953735,0.3498939250879163,-1.2302037829836192,-0.8507455298416651
16368,-0.37902469685364076,1.2518778117411644,0.4622100004548206,-0.0020695692536737095
2728,0.07767679881664212,0.3606773726283764,-0.7404721118901042,0.25460714447861343
368,-0.26174331266695244,-0.05635036067225353,0.8111640121014465,1.0339196209794121
1568,-0.4444765211586114,0.2711827632710489,0.4179905752441164,1.2289905859101538
24568,-1.2718381749015917,-0.7835198887144227,-0.004441731214833399,1.5538844364563598
5728,-0.5321740519704345,1.676392101175922,0.19381656383748966,-0.39316704801523095
