14389,1.2046244451332333,-1.5172206940749322,-0.3555739092952355,-0.30086293621969495
16389,1.251978732951956,-0.07094224733930671,-1.615991104913961,-0.04975367079823702
3069,0.46818298678579123,2.8440788789160214,-0.2847990542750962,-0.15480230689661678
109,-0.8719984293622942,-0.25710458820445914,-0.49083950411569144,-1.236374207946559
4109,0.0989404220358437,1.5626029488426152,0.4388422725012483,0.013679197750325077
22189,-0.0654568594657559,0.08860815024234844,0.018778203580600075,-0.27826220372593
19709,-1.465606051846312,0.661833242868007,-2.0371524024749394,-1.175955270549509
12309,-0.5731656079029044,-1.6427610972711524,-0.07543924467492816,1.0469740375955954
28029,0.15722233422975002,0.6445703014645305,-1.353681414070586,1.4013052359745501
32189,-1.4560009509759257,-0.18320030111903254,-0.2168130538182913,-0.4269822203790888
30749,0.9079932459451167,-0.7876325346598972,-1.3425852282148778,-1.684538504212262
69,1.3045515653832958,0.9645608699601018,0.15497762074908794,0.5521725395249347
31749,0.5531431913771969,1.8376644836427223,0.5306451762061528,-0.07222335710532797
12549,0.7219520768383547,-0.8824343947453224,0.4486938813848864,-0.3841887683024943
18469,-2.2775079352577734,-0.601433171280871,0.421086050622227,0.0009754062318881383
29189,0.4413708072765562,0.5865197025629684,-0.8025760887124085,-0.5370045992764144
6189,-1.9933601654316078,-0.16233179436799378,0.38500063420189695,-0.7528857370182145
31069,1.291988694064524,-0.27782083983212386,-0.3032569230946891,0.2045946976217341
1229,-1.1013426570700036,1.4074182009053064,1.132171801986708,0.559802809752482
4149,0.11961669998483064,0.5910497460493386,-2.9973396549585076,1.3617027637505397
17869,1.4544482621850738,-1.1320818995642967,1.4855510148252247,1.5186211252645387
22029,-0.4207963549024978,-0.7222032257587372,1.2734811182379249,0.45491960443042956
32829,-0.1663414856647619,0.473942098764709,0.7082646058769304,1.1207209670702494
26189,1.1950778783791327,0.3909186670891062,0.6466740754041226,-1.4884619401293184
4789,-0.66193866609472,1.2607205045578145,0.7281264105691894,0.1919521553749237
30349,0.09487771066970427,0.5016340579522778,1.1902415619684168,-0.5755644355804898
20549,2.0905722198940793,-1.233443508317444,-1.771954862656762,-0.7973958956593655
7229,1.4375427729542531,0.13703519287227622,-1.4275063395997616,-1.9629687644795535
10709,-1.9334198755923975,0.1032330083330328,0.935470646575166,0.287054816436893
8269,-1.057013320807564,-1.3716793139876298,0.12128385013492497,1.4779358434309853
24589,-0.20099962695268347,-1.6858427938297877,-0.9489557257306673,-0.23691841456332344
23189,-0.22230341030581488,-0.25270797838078507,1.5302064481675364,-1.261605894225618
27709,-1.4521410953870748,0.29548664659743573,-0.7084697422321781,1.835251749156359
31509,-0.29244008447607656,-0.2583357988345791,-1.157676431378059,2.007800205706712
26709,1.4512335915732584,-0.14025391949112034,-0.553578197548127,-0.13598213454942962
11389,-3.5432959747707047,-1.2198132585342374,0.0779939077355424,0.2743810706599097
4189,1.1407209381443508,0.5701854341643596,0.26842581513346303,-2.9883104216957648
29029,-1.000943365279474,0.032498875564483866,-0.5683540791365017,-0.3882499770383295
32869,0.16208687125538998,-0.9895133986697983,0.9181028991151976,0.5991002415999825
10789,-0.22377139242147986,-0.5251212121537906,-0.5508464638574956,0.1658758327227979
10349,-0.9810745236543401,0.21766271633530432,1.3204309564776027,0.05707921747485001
2749,-0.20188668637463425,-0.47270040472962954,1.105602413615352,1.9532761944744
8869,1.289308382832367,-2.117636976492606,-0.38105620048606054,0.7177426908700314
13029,-0.22438972437325647,0.8004058067543691,0.1438946064625448,1.9444211409702483
18549,-0.46332050228875016,0.45373534890346473,0.5643370519832361,0.6397677615074884
25509,-1.4124353006904653,0.2435243824206122,0.13053552334168522,-2.4870845919622635
14949,-0.5090363005523527,0.5998675067290106,-0.7000765132247962,-1.168700419610536
16509,-0.09814525979213815,0.47218414399075864,0.8516469766009477,-0.3520692160700944
27669,-0.8602714535564886,-1.5702813075709015,-1.4148533822770437,-0.7821519811406062
23869,-0.20552060658674118,0.07720960755259194,0.1941106877896124,-0.7213536986451905
4229,-0.7348369231457411,0.23480313104067452,-0.3540402744891362,-1.2149891314007657
14189,0.9946015019277572,0.7347594812560786,1.64317719720932,0.30737836801793944
18349,-1.3318414454426823,2.2189353834875796,0.5762228036273964,0.6009686610661361
27349,-0.6088846685579256,0.14472264933647283,0.13604753202245665,-1.2247764522831297
22669,-0.36612856689064915,0.17808645053237102,-1.5299545774918928,0.3637230006918351
18229,0.6634086386728696,0.5341183923672919,0.8814202229751601,-0.2715519938279082
16749,-0.3323580252034135,0.820129642945102,1.1569529063478408,-0.1562135518827438
149,0.13188725495762776,2.7517741678611918,0.7102797382567362,-0.5087488652108055
11189,-0.4912951815932602,-1.648472642316523,-0.49052344055702984,-0.32216821452049565
15349,0.5048994705947519,0.512379242906447,0.002234031402171253,-0.7835065704933304
18589,-0.4019717154857598,0.4429060047583664,-0.24223603873269975,-0.0012797750719844847
21189,0.041646481058292925,1.7457494340264461,-0.21335534126674688,0.27723896920289864
26789,0.06760285013614396,-0.5372191589551522,-0.3807212732375381,1.7343312670820714
24749,0.7894383226880713,1.4849134646202522,0.2656414523785518,0.5957368382598709
29,-0.25396834483766334,2.0120720930578773,0.3247100150358195,-1.8575325021456954
22709,-0.6952332588369665,-0.42718123767394334,-0.043707593528619984,-0.10571298770283093
22069,-0.6583990639572318,-0.9162862913660682,-0.5777046419698436,0.49637962393551666
1029,0.8326283670623623,-0.2811721909080028,0.2940783720849086,-1.0167073299717935
20669,0.3251826996727751,-0.8610469778776347,0.8506260653177286,0.5500345469531913
24949,-1.0885212353094027,-0.0669885138719699,1.70241470468774,-0.6626924891172495
9349,-0.3423594302813909,1.5769840312775643,0.2195026902323728,0.39448528921517895
17669,-0.398073067973358,0.08958970675037614,-0.09272199778119132,0.2697802927903244
28869,0.9829216211150609,0.0303210066714168,1.0313832838988508,1.0915994284689543
6349,0.25953530872686076,-0.20457643113999588,-0.687815098062998,-0.550453408140793
8909,-1.2343971388144128,-0.6865756733763921,0.7133338271501528,0.49433854378399317
2189,-1.4260763083078953,0.7981984983034766,0.6283156753362755,1.4625459693463319
24789,-0.8797010531380364,-0.28556863354977885,-0.8331671613398354,0.48800778872607414
22989,-0.6979235936626674,-0.03016587867659429,-0.5179176106015992,-0.2987736676108564
12509,0.3059207595033208,-0.2764871929400418,1.1248726443633144,1.1008246774935586
31309,0.7510047819563694,-0.18714327393061586,-0.31066390329550764,-0.8245472267453128
3109,1.5664961121698682,1.614128807925447,0.41502936931799633,0.6760511577273527
10469,-0.09463858847715727,0.028530828503603133,1.3971852077073312,-0.1695485964020704
15829,-2.2529586998161517,-0.04176529527006895,1.139855326032763,-0.22098599347305675
1829,-0.22165968375338602,0.7877169154488565,-1.5209711768188614,0.02875449340298335
19989,0.06798318546723991,-0.43458994825537567,-0.9400992782994805,0.5725499576159432
8429,-0.2723316351990602,-0.08401627957948954,1.2231117290014786,-0.2540405159079726
24149,-0.5077849703852323,1.0397873922294139,0.8679005049097762,0.43780954766094404
12669,-2.2297646397045203,1.2609143843511799,1.3818802049970382,-0.6747216924341497
32469,0.39202536694844575,1.2493348039059304,0.07477349337271388,0.0890457682197418
26869,0.5267886860246366,1.3668915028481545,-1.206692646649616,-0.7060712349479243
349,-0.18774848337977673,1.3121927894698353,1.6383446936383006,1.065756125827864
4509,-0.028609092468183807,-0.8037562011014263,-0.39498626023114514,-0.24099556918733697
12829,-1.6561383222088417,1.3166883508045164,-0.08859114571438786,-0.01588873131370026
24829,-2.346065631078915,0.9972840676175564,-0.7244145722306328,0.06641670274878372
22229,1.0133945458195457,0.6450753693627513,-0.1081106610488103,0.256317465560594
21149,0.007868056079825313,-0.30251387133728724,1.3385572120845157,-0.350510543027651
25309,0.8550407502180786,-0.170308918271819,-0.9490819412349614,1.0923110609565962
2309,-0.6681379148254037,-0.6653811165372604,0.3863682426479028,-0.2698915069685693
629,-0.9102287155993808,-3.0148222929025406,-0.6477691488421186,-0.10554950142680762
30989,1.3890745737528756,-0.025325470884116928,-0.11893114481457583,-0.08862595981708289
21549,1.3668115605804265,0.19508996871607004,-0.06759647212343592,-0.7747627789361358
28949,0.003736423248541087,0.9266952886695656,0.9164652187777191,-0.9062988030395291
26469,0.32491011306533935,-1.9679458629802482,1.6566520568721685,-1.2891595487919942
16669,-2.029542309238891,-0.2734287831450524,0.5715224609304292,-1.633755950665271
2669,-0.9466605513645716,-0.6762865938360456,1.2472911277991252,0.6993126181692959
6829,0.596697125611086,-0.3445631405251594,-0.6243428475837305,0.40241526019769763
10989,-0.6315210022552313,0.2428791912317786,-0.8510506275849539,-0.5622915524265838
14629,1.2397340646458725,1.0873782991664125,-0.1985479225217611,0.5094672029838083
23469,0.08223351190436526,0.23722307902470954,-0.050663943871647625,0.9720430269947028
27629,-0.04966635460731095,0.5980706086698979,0.35341103032686616,-0.4062644771887857
12589,1.453437055868108,-1.3299050795707357,0.13929614066347615,0.09652999391847907
15069,-1.027270313653086,0.11874773177046397,-1.1357931865616337,0.2593595005769922
22629,-0.18701220402665897,0.45769895697185103,-0.3302154264042949,-0.3104175298727501
3829,0.3255836239112421,0.8242462305572712,-0.43535993061694966,-0.5911561457737385
309,-1.9422355030008003,-0.6850252532056006,0.7558947487707212,-1.1222964015932813
13109,0.8281149779766264,-0.535603457392394,0.1428838917369966,0.3978520252674346
12149,-0.18090229202694771,-0.05088612741145334,0.9904612755687242,-1.7188233454658122
31549,0.07293928682869313,0.8012575532657017,-0.5302089258434047,1.005017146676937
8509,0.2667162465852711,-0.9463757009607653,-1.253304043930636,1.43126470666312
24629,-1.1235818052206503,0.6294461090776161,-0.15128090502697364,-0.5070915925833418
16709,0.7928028670208199,1.7927269436025193,-0.7163651129179774,-0.3527819656881665
9149,-2.5767014127130077,1.5739335395390963,-1.658887678092072,0.3868175975370783
13309,0.5206228620478976,1.317477480491441,1.3127528087185674,-1.6918718565449236
14669,1.90002648867069,0.9202882484526073,0.11485777289305453,-0.40455327382724815
18829,1.0148051965818417,0.061613937024566905,-0.31258901152563984,-0.0015872825138925468
25789,0.3443621189780516,-0.8390898762989691,-0.12299952912746472,0.18471650275660084
2389,1.7787112298746595,-0.24472367910717246,-0.34282901750149836,0.2426879029575155
6149,0.5284573426975694,0.851601257425273,0.6471588308484697,0.42027690789298344
10589,0.319778676209239,-1.128656229564773,-1.3228049256674443,0.64272394309175
10309,-1.057645616411083,-0.22421046945277448,1.4673744431949836,-1.4102199680495386
18149,2.912227603473585,0.21084462660741413,-0.36564116341916303,0.3534063206278148
18629,0.9806586624511049,0.6714695175718999,0.37668450201544895,-0.20678755305492522
22789,-0.36486454589225187,0.6003644698856271,-1.0747306265819236,-0.8688117284762303
18789,0.6265012698979392,-1.1196913080086714,-1.4780174479227426,1.7465065487220253
26949,-0.9984404913752768,-1.1734811885375556,0.7537331481828883,-0.1990428444225835
31109,-0.31808308478799224,-0.3158133464021042,-0.040301963270888724,0.3472079655518889
26989,-0.3257998783251505,1.5766233522981585,0.864917099949011,0.5803356461511173
3149,0.4241982024276283,0.685372069220258,-1.3251827361707835,0.6279662144407293
12349,0.5814378454724584,-0.356364889217958,0.07935596336356182,-1.381872059589066
15629,0.2855126702828066,-0.9204249152038066,-0.15853845181343146,1.484634490858233
4469,-0.12715039885305007,-0.05106528767056165,0.532710703930465,1.2182423085907867
15469,-1.2336730600424664,0.7014341550191509,0.016607453278872163,-0.9190169148074487
22909,0.5499907940189409,-1.153253841934273,-0.6310814886907831,0.3974164393437143
32149,0.7029984229526787,-1.1642831879766156,-0.7641832376710164,-0.9015692382652943
8469,1.2474735394661218,-0.07049083624921465,-0.5396609045855771,-0.5955884737217859
20869,0.49045913570392685,0.2659507750805052,1.0614703316769545,-0.9790614700841793
12629,1.1701402099260074,0.17456680476661915,-1.567448422800203,0.7181373162187534
16789,1.0951654983455839,-2.1070995062586357,-0.21540732008678828,0.15633044774946542
20949,0.18570904123463056,-1.0394631505638137,0.26714505385269144,-2.4521550693251113
29069,0.7484191553358218,0.05880622198938465,-1.1133973404021429,-0.11462551073133267
5869,-2.024023030854326,-0.3365070860193189,0.7796968081380631,0.59848249946221
6549,0.25641564137335815,2.0548120284534113,-0.5006868046584135,-0.47635135058250727
5469,-0.3127170356557568,0.045821206680467665,-0.9640703961614574,-0.8008992800790141
9629,0.8663354825905055,-0.39900640602031484,-0.5767692469508511,0.288281635501475
13789,-1.1708903167661027,-0.6286971236702813,-1.2651704700993058,-1.1159955005858029
17949,0.2667862737396441,-0.8795672665950633,-0.6115626530204709,1.0123239329902989
24989,-0.16672230455245127,0.24984458019040373,0.21322659743260097,-0.32780480502970877
30789,0.23247899108962855,-0.14553420244765183,-1.210126800823473,0.3622170076167968
26269,-0.979635744215759,-1.7870760868438162,0.13651498093073738,0.8507436324658733
30429,0.21373479232491724,0.7731307508702849,-1.0763877305754772,-0.15295488704979907
22949,-0.04250636925053685,-0.9040074103655992,-0.09053894734572376,1.2057621045029014
20789,0.9174136892332146,-0.5013492479294768,-0.8501436925300798,-0.6624536905558488
2469,0.2774251148445173,-0.6685590629355692,-0.1391458498517517,1.6597461788221852
31149,0.36834562197352105,1.7393593480076477,0.7938742264506709,-1.2830691155762732
14749,0.1955401967070989,-1.1623159431355743,1.3382117414391024,0.9961753131056263
18869,0.651195072581581,0.8640666627707619,-1.3602654747187246,-1.483476073593264
31589,0.09612608748394702,-0.3614357882230319,-0.3895630304340916,0.895030758478132
16829,-0.04998533973831741,-0.39194909649456455,1.0796877769247186,0.15981115014535843
29429,0.5812476590689296,-0.41792682237461076,-0.8483023126914659,0.3727368740305966
20269,0.378838447068557,-0.007285229001071048,0.82588976214136,0.8149541513738885
26749,0.05189046212380629,-1.2726143094263076,-0.8508910143072058,-0.213402823934286
24429,0.8480705046668479,0.08844741489911705,1.2692057255762392,0.3172492844093404
32749,-0.5274829129316062,-0.6561884702787547,1.2958246421917514,1.2230140754707532
12749,1.351592806606983,-1.235236589671855,0.6897647574187031,-0.009563001999190043
28749,-0.1323160935319428,-1.2790625675237142,0.6411976865475316,0.6890759172111454
31189,0.34615522300244256,-0.8828849956378398,-0.6888562788317543,-0.12435102554816822
17269,0.9182065295298082,1.0508256453969265,-1.1375870448876888,0.99656134587028
25589,-1.4511993711558782,-1.566571905212908,1.115410266262274,1.1463802920878172
18909,-0.762863530057331,0.28218506935826515,1.2801182260084845,0.8896208832491964
28069,0.49666509720953067,-0.07890243813048706,-0.3598152111840939,0.6781518013287792
6629,0.5172461085408478,-0.11251692246624076,0.21539929601991709,-0.9649808032758833
10109,-0.5742519437066675,-1.04400665948791,-0.5523187263080551,1.615330523576975
14269,0.4416417871145141,0.22959157348191991,0.9248879189695274,-0.6304307463039397
2349,-0.2715057134140738,1.650259015778026,1.3832196875783507,-0.713800395685609
14829,-1.0744598681888116,-0.03693075287422312,1.9709556247485402,-0.6501536429819569
15669,0.581478541522494,-0.6597840444807114,2.0871548647311555,-0.4732191636202389
27389,0.5850290289595111,-0.018419932073166414,0.8776092329880029,0.6709605835328178
30909,0.3161813377497005,-0.46893772081733237,0.9584069770865962,-0.8141443388355519
23029,-0.02645242139100539,-0.5682878125992761,0.7905500600375994,-0.5160667286468723
2949,0.2528840486821913,0.515412751720753,-1.3398318675852205,0.8662308529182163
7109,0.5759011558069375,0.0903188529919343,1.2302308608019688,-1.2399546897175142
20989,-0.6753554066043278,0.6208726060905525,0.22339518389039198,-1.3817480443546586
15429,-1.4710035230581178,1.4465050458272775,0.3060453217776614,0.7434006509614577
1109,1.108832022062393,-2.1698392297433737,0.9151572035141202,0.36389286354408695
23749,-1.080430467730836,1.936855568325844,-0.9211655467518098,-0.0065137834953395875
8709,-1.226031994233377,0.06540256725264804,-0.3316781449876807,1.5737040468607084
32069,1.502842779643977,-0.007625333964511576,0.35588849697301406,1.016685027044989
27149,-0.9886051876015416,1.0944785692882602,-0.059424438463682144,0.980032635498134
20909,0.082610511090378,-1.2744896044398084,-0.04738570268167566,-0.13210455971707905
12429,0.6109523654098746,1.4426835052094609,0.11097464626039513,2.449824919502497
16589,1.0096514788019504,-0.3905735228224078,-0.36116126709513535,-0.2760145631475728
20749,0.13716306132950393,2.191228675440718,0.5444814270132117,0.5301442712018481
4629,1.5525893167669067,-0.0039035253654392333,-0.6549342549217693,1.0775638357230308
24909,-1.3868070434750481,-0.03391591833848631,-0.06368278033193371,0.34918901405945385
20069,0.5957615985989474,2.0605741328199545,-0.15479994771388944,-0.5160624754314654
2589,-0.6786004480509279,-0.9936100040368767,0.27244311953644723,0.18928986841780915
25349,0.33474262143023925,0.5509933832953043,0.05524692569339217,-0.5554270043283032
9429,1.1898830354478411,0.20234454680454164,-2.151800326211738,0.3182407003747547
13589,-0.5377431943255341,0.1496934088974989,0.23916761061910202,-0.2913248367121176
31269,-0.3542254067358672,0.4929436187846072,0.12326303141256717,0.6122102214635587
17749,-0.11733405395795451,1.6058794883527872,1.3285192171755673,-0.4774802503154511
21909,-0.9001343119663423,-1.0677768835639205,1.1151466824380993,0.5784979608532461
18989,2.923008414326077,0.8610888557308024,0.025542042355274464,-0.8592014364792319
19549,-1.985887311827797,0.897660455063753,0.2780840508565433,1.9925488798676316
6429,0.5791624192599772,0.6274078722452604,1.7159727406665255,-0.679368497999462
16949,1.0679869368596722,2.1192134509399256,1.5121568997409067,1.2711200629181616
14909,0.8823061732151976,0.6401854883387512,-0.9048481874444444,0.30583666242336854
27229,1.958271359057698,0.5653069207181192,0.018034458792309284,1.2018353618579556
23989,1.0088076508165544,-1.5239315519302072,-0.9749422267303894,-0.5543612743047474
31389,-0.5160329321710472,0.704645647501769,0.8342655581349064,-0.2976597073468637
23109,-0.0628035567531995,1.1146759304848364,-0.6299791859841961,-0.4706173371731471
3429,0.10676312242053962,-0.9842522805285698,0.13228163106170987,-0.5283095409091171
7589,1.8538261578530026,0.13299152997340066,-0.4391329491664525,-1.0682985879269722
10829,-0.7341868251752718,1.267013169733649,-0.1801290437090662,-1.1238934031402645
13069,-0.993228072483551,0.6247784432941471,0.8200854798951234,-1.9929892518124794
24229,0.5946154402606757,0.4564946749484686,-1.4885789618416447,-1.4445362372225412
19029,0.34223583393883605,0.5347438020885606,0.04899663661951851,0.08722915854149325
11309,1.8736526537281135,-0.6086343150062468,0.5895006670169523,0.2623980425546322
429,1.1511032809091257,0.21197296508423188,-0.8669453085700826,-1.1016918053856148
17189,-0.2366476898408549,-1.1359793645752378,-0.786163663748438,0.21152338409540386
4589,-1.638724828116854,0.3746822374696981,-0.350107701191604,-1.0045787051566084
16989,0.3298141724190327,0.20970657424567798,-0.4096182755558051,1.133656004002106
7269,-0.21240911478656932,0.291846050807327,-0.02099978274409073,0.2868225063755863
21229,0.8314223531708325,0.6098062277719193,0.578812275820063,-1.0730813169273288
4709,2.17216115479679,0.31382997124027046,-1.5507529683263033,-0.546483304128914
23149,0.9686497527033154,0.07983227010195663,0.5529201822553328,0.06582896268988894
1469,0.0010774514293120999,-0.13461139561933172,0.4001645351648076,0.42279807886996496
21109,-1.0332643652312363,0.5710207675229506,0.4460375019980233,0.4509090460631652
15989,-0.2881599265737724,0.17486912041186795,-0.17667523612330818,0.8474665976841391
5429,0.5059457884566645,-1.1376948094125272,-1.434598412130479,1.387304314829691
29309,0.5159628518077566,0.8709585065483025,-0.11680128304123202,-1.9191090180320887
11029,-0.34988160040553384,-0.22394409778829386,-0.7764876991317573,0.3774527037913116
6789,-0.2288442813281115,-1.8183507580676377,-1.4918969412334435,0.4581752935164738
15229,-0.8574554987137855,0.7409308970711498,-1.0927595990778136,-0.5096513283744519
14989,-0.8724319819897137,1.3828786885134086,0.751733157546705,0.8905564280408603
30829,0.8390346673434096,-1.2846985108883813,0.6291221857426157,0.3714720415869199
12949,-0.06732258731574758,-0.13070825977140582,-0.05096791162967799,-0.7100108084728445
12229,0.36276773029391135,-0.4394424744481494,-0.17465764565202585,0.7881854166812026
669,2.7108786245935867,-0.3696752764484982,-0.08372403331892159,-0.46486376931033346
9669,0.47104156466433555,-0.6658731725152314,0.16224619759588413,-0.7021002726505544
19109,0.5321685457995659,-0.2562652338091273,0.16340080061883602,0.9949538271575381
549,-0.8999638436196877,-0.787045341628026,-0.00933615157226695,1.3861404325301312
9229,-0.525899415722305,-0.6683707929755192,0.7543439297214152,-0.039879287419855025
27309,-0.7188848014349104,-1.6374674155475781,-0.16098869942474514,1.2203793852433404
14109,-0.36492294997002683,0.3544181821655541,-0.5455857724063751,1.7245763889543413
17549,-0.10964849409293409,-0.09139673381610586,0.6530949935073712,0.852025130781018
21709,0.191062733742464,-1.0389734957249321,0.3129418871574522,0.2972019923311228
15029,0.48311899449723966,-0.7535003395186775,0.42408467170020253,0.2508939518785036
30029,0.19377999163507303,-0.8490586090835671,0.11620155441769854,-0.04674525948158204
2069,0.08114090129610523,-1.0635212922237915,1.1834700496954487,-0.7654505651039236
12989,-1.3747130034783646,0.46314688398502396,1.3253511499573107,0.07037573345540674
6229,-0.31834557264816,0.4840825272281635,-0.39041282689341167,-1.8332615324199302
8309,-0.18192502615210868,-1.7168335273764652,-1.5941380358085937,-0.012576340621708728
10389,-0.23991088242482436,0.946466827962287,1.31627851256676,-0.7808003910230769
14549,1.6175528117522153,-0.3900940717806102,-0.5160455169984937,-0.24898804438470373
18709,0.023928113968680696,-0.2697015880562451,1.0659539409871155,1.3066873084236001
31429,-1.3637707861705006,-0.8502247219764222,-0.6510283779307763,0.9230484609566834
27029,1.2148099298979824,-0.1742663388293101,-0.3263088553706464,-1.47413397659039
29389,0.5897128666161027,0.27838349259271505,0.33156266916670213,0.675420794589433
7629,0.3802560644432965,0.07804201005034814,1.9412764780525253,-0.8424441605477899
3229,-1.5520360568196843,0.280143405756309,-0.4224331346494667,-0.509485166019069
7389,0.5325738103566142,-1.1341819038481253,-0.1913742617560711,1.608669898458649
11549,0.11664249077380269,0.8576942210820353,1.1941537468374617,-0.18919387139966454
17109,1.4233129543264444,-0.20693674322223096,-0.05279132114274066,0.3811827661371681
15709,-0.07310187601166454,-0.0727053462643228,1.6650410550703925,-0.09708010314982425
24029,-0.9263368741534763,-0.28819786712673306,-0.648909846714533,-0.7364344194987846
26669,0.9065665328312011,-0.5358137667797235,-2.0578046050067353,-1.3296822433813031
4829,0.9318245202662032,-0.7039145838747988,0.5064004641640949,0.16463979487237154
32349,-0.78248085008078,-1.109236202877121,-0.2929470144044104,-0.5861768458313747
6949,0.17360774974638946,0.4341472555353283,-1.3332576966629384,0.3778612195141259
229,-1.8255149911487678,2.286068849433724,-0.19742831962967713,-0.10898320218451926
23269,1.5938485343181603,-2.2553052770982336,0.0659535571722011,-0.17265656892417147
8549,0.04584292271962134,-1.2000248819485104,0.16952401505661374,-1.0090941151238484
12389,-1.6164151428268996,-1.471282557463525,0.2570121791623206,2.0295922504889123
12709,-0.26296622319203866,-0.49137182599333784,0.7669016942322785,0.48552078944605753
16869,-2.076057795369295,0.5369257861176372,-0.6241091847878031,0.2998602628896134
31469,-1.2707522768681367,-0.3874845422269989,0.891189340352733,-2.339712247040764
21309,0.5938161018735123,1.4651719403601882,-0.4821070349732563,0.3464819131316004
21629,-0.21808953260585376,-0.1491378683478756,-0.6863468666937411,-0.6142708572974275
8949,-0.7331568826798615,-0.5733901554873654,0.34232718472417484,1.8554679905041438
1389,0.3303688955492563,-0.41721022708218136,0.6419368473710945,0.32482387660321915
5549,1.1562972002296412,0.5843584981856609,-0.08795440894666602,0.2814997487423547
9709,0.5695585624572532,-1.1902583314998727,-0.34106224673728114,-0.42978765819839765
6909,0.7512467959261481,-0.3788071716725926,-1.1476836084357274,-0.21228364986528941
5589,-1.712424988294882,-0.21984456908000896,-1.9197683302102924,-0.7259850450456603
26349,-1.3602371141138214,0.45077988491574583,-0.09370053354917493,0.45749695482912633
15109,0.5920703281057361,0.5903982801024338,1.2269065461210575,-0.4032516555452158
2549,-0.5359069613942565,-0.3339430335570274,1.6364630637320434,0.01533307723891348
23309,-1.081745727892547,0.2061674717053743,-0.31346575119295067,-0.5346706119369344
25389,0.19898678518129018,-0.1133441695340131,-1.9734111551633933,-1.7763222005759722
24869,-1.6285995155893687,-1.741347343574467,0.7136810435193617,0.3927621000405534
19189,0.17344248404085122,2.455180860836396,0.20064618165633433,0.48879210962704656
21269,0.772696417025628,1.394062804350621,0.36627855645226004,-1.1392723624612044
27509,0.027788940152196316,-1.555156362946889,-0.37497283368143686,0.12083590933276607
31669,0.7128943974917687,0.37923853113066697,-0.9393940426861151,-1.6466448205637005
8989,1.5910543525208232,0.8651616690834577,-0.7918552086678822,-1.5574863668328656
24709,0.7607092452121605,1.4457736003895845,-0.45945038294318247,-0.7367310658749971
7869,-1.0925601870257815,0.38997334586482507,-1.9794104747790293,-0.08042476963862573
1069,1.8931896492318412,1.4422446124534598,0.9622335565860375,0.1509409529466793
27429,-0.9821245352798234,-0.05478086116345892,-0.38343438171833144,0.030586421850034923
20349,1.0438098201489472,-1.5937782617748106,-0.3230630787035502,-0.04845434466941245
24509,1.535769212098952,-1.2823878296692282,0.32234259902823936,1.2324433887409956
28669,0.07366933130960927,0.5625314015465178,0.4427964092440689,0.299625180348862
4909,-0.05075517113821627,-0.10698442380217066,0.15883719240097327,0.1898584268963841
29149,0.21284352145853191,0.5668992703953959,0.004416430372333439,-1.0223484334947708
5229,0.7356043142278571,-0.22584003619115392,0.8045297965828311,-1.931088893588278
709,-1.1903125365956229,-0.08265903497873556,-0.1650680265137477,0.308048897122309
23669,0.05141584950562411,2.2751385429704762,1.502112672435539,-1.92232854022132
4869,-0.7822938030931674,0.42247282662732627,0.5261948545349613,0.4062563481334513
2869,0.7930227030762443,0.46176183517661834,1.2707570870635039,-0.8344196928249009
9029,-1.1997379877261813,0.408257379408422,0.9197152092617426,1.2893109468960848
17349,0.4944488630339056,-0.26279089890320995,-0.5054534682717189,-0.9546668267232288
21509,-1.8008367274588035,0.20538065302948208,-1.594424343923061,-0.5372534620248213
829,-0.3058234350681455,-0.6575857562345397,-1.2451468320634795,0.007470431527849043
25669,0.3188087865936692,-1.0761734873286244,1.5822006032842537,0.11842616250188491
23349,0.5824209044037665,0.6561848197676781,0.8352464924418129,-1.037982037213336
29829,-0.3393660973419894,-1.0129326288736904,1.2952671988989868,-0.828787553075
18029,-0.015525543198237877,0.07389705275297791,-0.2705992881469606,-2.7283111305442156
29509,-0.09354929365245243,-1.047342972995118,0.18372032915671876,-0.6035754726100956
1869,-0.8786313779779136,-2.1272022517324345,-0.37319193048069005,-1.0419764739498358
10189,-0.5527675209701896,-0.6548419078467478,0.6116207561651793,0.4620678889788611
14349,-1.0995324494683172,0.869825082228281,1.117458273887579,1.4980614117302717
27469,0.7954430093181624,0.10847622573766079,-0.17844171774081233,0.5957946353027415
18509,1.274234995944552,1.2573757143107065,1.753045963790945,0.06394831102075756
27789,-1.3358356897941814,-1.4769991127935362,-1.2378074929981007,-2.7865593124673125
4949,-0.13692474961317633,0.6753526800644181,1.0448520561224852,1.5102501601496712
3029,-0.2225107554523598,-0.2610655985080461,0.05648550533784406,0.2879745624822009
13149,-0.4609445705615912,-0.4377161553026753,-1.0134662196637771,-0.5684041144107554
11749,0.0506906762385228,0.1616684136983679,1.0184904240366315,0.2983914298297814
15509,-0.24344175553458708,-0.4116426463555641,1.0153625887669733,2.1527204386069427
11109,-0.7910360395703383,-0.739119515653333,0.6555752391454307,0.16643411457329202
26629,-0.7402938358377134,0.3676481901621253,0.4264158023171362,-1.4078343240556883
29549,0.06295581708258378,-0.724450918745042,0.8188066780017108,1.5454155227244888
11069,-0.14885251295288116,-1.6600434307516279,-1.5684978903839033,-2.110849327668964
7029,-0.006646096781467423,-0.023592225278673898,0.3862298763728044,0.2380138785403225
20829,-0.7192857050446791,0.26974311773393883,0.2004022149924319,1.9522002048703937
25469,-0.5858001440814342,1.6500611678508532,0.04896810817112433,0.9560793288182823
25749,0.1674759720260062,0.31275181676407227,0.6947893146600076,-1.6456412478875595
1189,-0.26594557050992196,1.4815598228372797,-0.4814995869580359,-0.2168184637483867
13189,0.11327936071165688,1.8210498255289658,0.6128626501032409,-0.23915241311326704
13669,0.0959521371321337,-1.5916645722473135,0.27178392085383407,0.1482216312175795
3629,2.024484021698248,0.0272983332317133,-0.7850762797995278,0.8938311429708198
31629,-0.11593189341850486,-0.08575334284444855,-0.35806429190023475,0.3035525147347981
25069,-0.4427877386056709,0.20197826074957745,-0.3987445283522206,1.2900232908897948
15909,-0.07453162686458867,0.2325694460471184,-1.1017259126935395,1.5818314363276302
29589,-0.3417180677177079,-1.2022744224364421,0.5225910425107579,-0.13906076055598898
6509,1.8086910128137432,1.109765447457741,-0.574698821535565,0.8085968412639877
10669,-3.0174165667256916,1.94747804672279,0.32829761898129484,0.009981074887797873
17309,1.4197802401192021,0.04092489075650186,-0.7739518182032831,-1.444116600835944
24389,-0.37216881418756487,-0.13722797725580907,0.40021151955112755,-0.24700007816211333
10549,1.7605699635778833,-1.2976211185091335,0.10485359668573256,-0.37490451665270036
5029,-0.8083372677409788,-0.7264273979053457,1.1702573671222802,-2.5612434645679834
7669,-0.7298285712683857,-0.20640131895155125,-1.1306260518938573,0.38487171834022765
2989,-0.7608404160217538,-0.6591110819244829,1.0950360136036286,-0.9652270913843959
28829,0.6521369066760203,1.3699813428803078,-0.14865610323790895,0.2839210970455374
20149,-0.03463082330152717,0.04577468182870244,-0.9013208948098622,-0.6046455748813943
21429,-0.42242298200405637,-0.5539109743328058,1.0424944290763547,-0.48280048123337843
32629,-0.12061614691653265,-0.517495880608691,0.5803331223487801,0.4306536330988524
4669,0.8606128915832232,0.6960593213653927,-1.772530659178169,0.20201589686910823
12789,-0.42198149343116625,-0.20728854011544692,-1.1231706716780017,0.06368388483576055
17149,0.5645563864203785,0.16819054676008774,0.13589034078756504,0.12773597547900623
27589,-1.090478948479296,0.35403790961716636,0.5045316918590833,1.4147929792561351
5069,-0.6315071383328492,-0.6457064030956066,-0.4358410592833807,-0.18568870399288329
6989,1.1969236338713187,0.31176881199004236,0.4101418253020966,-0.3919950349151146
5829,-0.8500861517730146,0.30851890035250595,-0.5174767261835737,0.9797707075356465
13269,-0.17500710882358675,0.6994696821497763,0.5524101128341197,-0.39687639428808325
14149,1.6214053999860856,-0.2839870838806654,1.6589265154369435,-1.146998949829653
27189,2.178174227974085,-1.3469539508928448,0.34422736932698417,0.4830501420247149
31709,0.09475702235227712,0.8144974351221954,0.22231047584561223,-1.2506385353933682
31909,0.5077972415288703,-0.3710199909742183,-1.797069164861725,1.559746369170268
2829,-0.9707678514515962,-0.340827085924576,1.026367121325317,-0.4853423243499643
29669,-0.8243812904300959,-0.06566089833430624,-1.8541932461745376,-0.6423325330658719
15309,-0.8158979089594027,-1.476471721293067,-0.9321458103178071,1.0782728002356672
19469,0.3706221938074886,1.9795340254423266,0.031482939593496934,-2.585380539788691
3389,-0.5100847667327991,-1.4932138079457398,-0.3870055725026263,0.36282903669487787
23629,0.07573609944971144,-0.4151429466522748,0.5842121511324693,-0.03519418690995175
31229,-0.5106301968012812,0.6452079934897227,0.9752205543609833,0.5558528189480931
31949,-0.31367184179813984,0.4239967235911129,-0.7344884904694517,0.106270633491527
5109,-0.5052799641213974,-1.4064393079549287,0.24575099186814658,-1.648564119710647
23549,-0.8671969777603806,0.36756573489213645,-1.2090432350665057,-1.4654942924286836
16469,0.40247764004013803,-0.1923018583762628,1.1803208637684486,-0.4903642673770574
30549,-0.2177170669502057,0.06510651747289814,0.3706716879045947,0.18710122429689616
20629,-0.49509794369273125,0.7691547469473572,0.5833975020966401,-0.9723103611317652
11269,0.6419767002790326,0.8065909222201983,-0.10488243688137684,0.637752868732527
12069,0.7337312797630818,-0.1062440356700451,0.17517345078792607,0.1924439438678436
29709,0.45312353902844277,2.300222586294301,-0.7734170889493488,-1.3340265895455312
9309,-1.2466441137230486,0.5645544825173207,0.39343609085238296,-0.12197332800830935
19629,0.9893707323711445,0.6431740372423136,0.7525760657749033,-1.3066001496452695
13469,-0.5684861954938006,1.3548310952122242,0.3415918524924075,-1.2408791397789074
7189,0.37738391207970734,-0.9949485094279391,-0.18059784333446793,-0.6129322807741603
5149,-0.008703581995910824,0.012719298203821606,-0.07446411563553226,-0.8460417229538283
2149,-0.6828777421177642,1.5164329409526496,-0.7910234753196642,0.917369757725358
6309,1.7037479527275132,-1.282135162255266,1.2751053378864328,0.6427868461052287
1589,1.847100712877551,2.49632990052224,0.3637693289466614,-0.8570482645278122
23589,0.5157847441682829,-0.036010212832462536,1.3134333629602473,-0.6960094676796019
31789,1.9751720751073851,-0.850818272615034,-0.3285884132591537,0.1647870513725758
8029,1.5462872304657258,0.7994862993306604,-1.4919552503980629,0.15964684569048748
5749,-1.4317949991933077,0.05836701086646137,-0.9823773208554766,0.9277216348331437
3309,-0.8717626427025059,0.40178186357224005,1.653392605583929,-0.722667112652285
19509,-0.31088396670564195,2.3667233244149757,0.7073856959006016,0.6269191578762928
11629,0.7014883137540563,-1.7149209847354308,0.283478479058452,0.29059939768631154
17469,-0.13598610027720137,0.048284407493552624,-0.38157264365895294,-0.1719222283113969
2229,-1.6159968002948433,-0.05156836503937856,0.46517633356071497,-0.9411326809552767
5189,-0.5998173401388123,0.5566351320158193,1.0995906755925144,0.9628853146391049
13389,1.5590673277517724,-2.059320321911354,-0.9683858516652596,0.09040103654843745
32269,-1.643076196211371,0.05352593313448634,0.39896974240306465,0.8596241975384156
11349,0.40195574574814347,-0.05737846960020098,-0.9195530524892571,0.029817014150383396
27749,-1.6726389730765288,1.400666655108288,-1.0341722892800111,-0.007970072804805838
5629,0.8156094957716279,-0.6571682122623501,-0.8984962882392715,0.9014238734653809
9789,-0.2542946452348686,-0.2640258520982235,0.08018749564721069,-0.5129225634379067
21349,-0.6306997000370149,-0.4256957332304758,-1.5429642128789536,-0.2442812658794588
18109,0.5204698895072226,-1.212973735511923,0.517235435970568,0.04569228201236118
22269,-0.6639499059907816,0.6024364130411226,1.0994055740466353,1.2638970098527114
17509,1.1341796526352734,1.0099769676700574,0.7808329382042469,0.13544497161530272
25709,-0.5478435708166851,-0.4115946369180883,-0.6103555438580045,0.806891196081987
10429,-1.4661485021068266,-0.5481700670111432,-0.5750286203057127,0.8538307059172003
10949,0.20877279732746332,-1.4383975753379836,1.5734708739374705,-0.055200707165280555
13429,0.23749432240389903,-1.5541135561424968,-0.5078412813359994,-0.5655925271969133
19269,-0.0972521547581923,1.3204574094770902,-1.1244806273266195,-0.08503398340022902
23429,0.9177025287289244,-0.8628067908236877,0.13648721529098495,0.3041119303475359
31869,0.49622757825730773,1.4263485337411668,-0.6064655012737761,-0.5194280394488542
25109,-0.14458226722709314,-0.8582493176518798,-1.1495245740010793,-0.3670041583778628
7949,-0.042456656926984936,-1.2594507530830357,0.07548579409000819,0.1540418959706622
19589,0.913218718756876,-0.1931216446945321,1.175899955379755,-0.2605299336539642
20429,0.21281691456342208,0.2727898000660896,0.07806717839868035,-1.7634068463546195
7309,-0.928652989371869,0.9096886509642539,-2.1711309578250475,-0.6909209350448493
19309,1.1248740113190938,-0.7547440279418318,0.5478435167491983,0.5729262376107401
789,0.5356771962065636,-0.5570327728185405,0.28038290765749646,-1.2774157946173152
5269,0.4071307594273707,-1.3479963783686986,0.8717634631872493,-0.678225930560903
9109,-1.1686848402428682,-0.10693901862233197,-2.7408527057120735,-0.05908895882487525
17429,0.4778130539648617,-1.3319148479082914,0.1807262270033651,0.3341510290465606
23709,0.10998623826088944,0.7748675083274416,-0.082842243776692,-0.8459864063442781
21589,-0.2531840532800241,-1.1747940568241186,0.35405934274901396,-1.8132786073361153
8389,-0.03270160324030523,-1.5851930173856599,0.04696408296356584,-0.0769706332218522
20589,2.7498931249499576,-0.8119545965330528,-0.012054840600666163,-0.061659555409324135
29909,-0.1737330134230322,0.018130741507785257,0.13723353826401657,0.035741581880506704
1709,0.5767905927015285,0.33254321861853703,-0.16054937185459203,1.1110016103515965
21669,2.0417291543466085,0.32336163024569403,-1.37560562064669,0.2395370241077661
1949,1.2357793679956068,1.7236202096994568,1.3811801677462578,-2.0760065155339076
6109,0.4402796861950884,-0.047628492913937726,-1.7640046798140139,-0.49207005686463823
10269,0.8692625854613527,0.826657023049158,0.30187230661482967,0.45203548975692937
9389,0.18737281660617858,0.4225427328505283,-2.0751181323337793,-0.7829248087794421
14429,-0.08114676462046466,0.3872048880229413,-0.20046376078854414,-0.45390451828010864
23069,-0.19329874011920278,-0.5010330471358444,-0.5228279042262852,-0.17838214120465906
22749,-0.9210725778888105,0.4285823013280559,0.7505125764239694,0.8669908260930376
27829,1.1498461522800953,-1.3775881711907616,-0.8040778893945594,-1.0875081753787446
5309,-0.716754991003564,0.4336166294685152,-0.8296429206253835,0.4679166518693206
1909,-0.8375086898870318,0.3860398343540398,-0.22042873182447484,1.0924177388591219
11429,-0.49393899424187393,0.40057784235186017,-0.408649001496534,-0.8908100191601711
15589,-0.3944712867008776,0.11766527420892448,0.229263231307804,-0.1088998776361408
13509,0.5916948027912154,-0.6666560526345398,-0.5900815869913884,1.3072394927225846
32229,-0.8919373818314503,0.5510864496125805,0.27208487173529744,-0.6700645869669672
11469,0.6056595939847391,-0.029449556819799855,-0.5837338582463345,0.23777476238418813
26829,-0.49828932995714487,-0.04433144303132864,0.3133311975488184,1.2481595655183813
4269,-1.3552036105478065,-0.5050395495932886,0.9140117361422556,0.14726285283923896
19669,1.9790632292828758,-1.1610747184036334,-1.1341138151317445,0.2164148418272495
9269,0.10821976713768844,-0.08663385718763104,0.029595628818530187,1.036933160509462
17629,-1.5081095411011216,-0.9261917962173538,-0.16828447901420307,-0.17330427852011407
26149,-0.612871769831267,0.14197776739967172,-0.4823545547467249,-0.964653895434677
5349,-0.8407494682972257,-0.5589754897125119,0.8988083949982646,-0.8905032588724225
9589,-1.0823133741272326,-0.08525961928067476,0.9123127945184515,-0.1445969371180192
13749,0.05441052700881516,-0.4325395963287435,-1.1361435739814987,0.22402307783292827
13549,-1.7887489748655747,-0.6029309522329555,0.9063167166107706,1.8381269211483493
4989,0.5582417830983749,-2.7404355382500234,0.6693162344217802,1.1114244321104823
1269,-1.2174371002394981,-0.9320568118876537,1.373068268410126,0.8452476933491178
2429,0.7898042326585949,0.127049315843903,-0.8245901502298296,-0.7904900468000857
6589,-0.4813884452936253,-1.0276153286773682,1.345236711891382,-0.6650756512132077
10749,0.7331497428078908,0.8722048170483419,0.7900479131135048,-0.5746972463253552
29949,1.5993004589853235,-1.3748371012512042,-1.1811296893539358,-1.1691847107724624
4309,0.9925203870407386,-0.39506439648326647,0.3500609424113645,-0.3073924228032692
989,-0.257083904358578,-0.34578420495298806,-0.5485290072255696,-0.8109481158437325
23229,1.3396210524080931,1.200337475931231,-0.4065787971372718,0.035089302309157674
27909,0.22602827993401312,0.40156578220669686,0.7956459137149523,-0.2260017020346963
3589,-1.0003467752059636,-0.17028776940437063,-0.2929531141386678,1.1575557697716758
25869,-0.08801770487324276,-0.39642086863422027,1.1145116887966808,0.19789559879437021
7749,-0.6567530659686746,-1.2041256597827372,0.7927629044160313,1.199289473136331
8749,0.17689604111422771,0.11360416804596597,2.1915304087808942,-0.5120248268725357
11909,-0.17845420422301153,-1.1851621557394627,-1.1339128078759237,-0.28658492291233245
20229,2.049341467423513,0.6256650148480465,-0.5390769762261531,-0.1631251650143903
23829,0.28580151598528913,-0.845981018008691,0.38819951000180924,0.14843339439882716
32709,-0.05772029764835587,-0.5458576436032676,-0.6853808565118474,0.20040476262195736
21789,-1.1691537895746527,-0.8826173525520099,1.3403836563552909,-0.047535834176070955
589,-1.8227546772500385,-0.3296001478773971,1.8493429569742907,0.3830132378451058
18309,-1.0250193551825806,0.938489626748963,0.0944355408332882,-0.2616248780721033
2109,0.17254714921270442,1.641116924050323,0.9372488927285488,0.83637982756447
19749,-1.1079524018832991,-0.3418887572685966,0.29279931305244716,-0.10165717945968887
17229,2.1845721113668373,2.027108123568184,-0.4885475942139927,-0.20343196293496324
21389,0.2080002431240185,-1.0577105232748054,1.8946811451398002,-0.002901971621578827
8829,0.5443285010385593,-2.2357394546224825,-0.47448861639011636,1.6629873148805974
27949,-0.34121689382745535,1.4745089652470798,-0.711872031123623,-0.5263338127769723
2269,-0.017668408858243827,0.969296350483917,-0.674368761593388,-1.1649470469030037
1749,-0.037415953881494435,-0.10932963470643994,2.2383331279380294,-0.8206644555272925
5909,0.6954527468943229,1.960542298974411,0.09809750504055731,-0.34139325526605135
25909,0.5968362262186854,-1.039095880518851,-0.3376747880870058,-0.2279780193041952
14229,-2.8288073668113816,0.9158159957067747,0.7749712989780423,-0.5269787513396879
28469,-1.3915764827498036,1.6577409837008437,0.1355132043113803,-1.240962194799954
22549,1.314825628882487,1.1617829594521287,1.106336676542227,-0.5378941514631699
13629,-1.7517024348272887,0.8953264937816394,-0.8902443497859074,-1.003940352049501
32309,0.11739139382944914,0.46657097175622225,-1.584527786522375,-0.692660379977011
30869,0.2587212426703925,-0.9670783839644406,0.6756288682395047,-0.14120154605523533
21829,-0.5740364621129609,0.2805890756572178,-1.0102553443903783,-1.1256239482764046
2909,0.832755570714444,-0.9440940331970311,1.1190483732020895,-1.0559922704669809
7069,0.17995418022341655,0.5632743578363839,-1.4171611473527903,0.6606231098150456
15389,0.7622553147794267,0.8341886441739604,0.8270149226217649,-1.1261090644526848
9549,-0.727007559780015,0.5742842263734936,-1.1365959356392639,-0.8585768440084178
909,-0.7276500353050309,0.9006036285287048,0.7994560197228913,1.3464789681924167
27869,-1.255486589609413,-0.8154299550006793,0.028459290570225126,-0.5052246536122197
32029,-0.12307579328536729,1.0580562387388377,0.4340421472511149,-0.8068975614297124
7509,0.01373114652400534,-0.4649135137926843,-0.3392036741658868,-0.5036861527670756
28269,1.2113912119484382,-0.9069539533821657,-1.6291241870089948,0.4301023257951972
18749,-0.2548323810910723,-0.1431389240050858,1.0214535500965205,-1.0726174906294648
25949,-0.037534406085776226,-0.13630764076765015,0.2653415888210077,-1.2647855681499107
25829,-1.2961588682141678,-0.739449563384346,1.2246336881376296,-0.3878515358486046
16549,-0.006615242139805123,0.008453518497923557,-0.028728108636106545,0.0233782773831362
20709,-0.7334139613578656,0.3121646877013886,0.19601198605241876,0.42693316660461106
23909,-1.1186445842220751,-1.6653347163989198,-0.521604209846246,-1.1181690084356444
32109,1.7964348164362194,-0.1307076160805224,1.25333403586823,0.16961267801666324
30269,-0.6341186814480514,0.5098577874563435,0.6021799022136056,0.5553120686926706
19829,0.7438987250080356,1.2515018284073467,-0.6184188713046127,-1.3188370814755275
21869,1.5785535144432938,-1.488532468513939,-1.1550528621633671,1.3272642841658193
26029,1.1528710253309349,0.1889473101538731,-0.42420025104466846,0.8350802378765999
30189,-1.8034611035825887,0.1780037380279034,1.5900902052514072,0.17245137130111662
7549,-0.11281196358245434,-0.5994751626642211,-0.9982825006825831,0.3333905971101778
3989,0.5199079710492973,1.864234580935833,0.023685472507836192,0.43302555980133456
6389,-0.6895372475738984,-1.1380905540527164,-0.7546863962050412,-1.6590611843394945
15749,1.3847013800756822,-1.3104611374725663,0.8606807557081919,0.38423084384597533
14709,1.5261918527712006,-0.7408120778320372,-0.6580510645922765,0.9006726385561271
13709,0.32545700307400965,1.042560596908187,-0.32206551425080554,0.1897542305956729
31349,-1.8116914339240464,0.7312715907593637,-1.2411327286227265,0.4711480692257574
11669,0.18428216524392507,1.2130309777525874,-0.040816339956497555,1.416201652546142
15869,-0.5048163519046085,0.32632170141896355,0.03072580343375572,-1.480212623564712
19869,-1.1066735220045876,0.6344920717027376,-0.8578486227564434,-0.012758330713784929
12869,2.0313600672299272,1.7643825039531675,-0.8162006780585283,-1.1508614287011398
32509,1.4482228685216605,-0.3344946059891085,1.0586894158740312,1.3270639430828859
17829,-0.3050811479112364,1.0144576602493942,-2.058492039619664,-0.08280745247697818
389,-1.185247735974305,-0.6768646237582615,-0.2561423342851139,0.7937132935510639
4549,-1.1102041671201528,-0.04409163190434171,-1.391478483680504,1.1655906756411414
15789,0.6636496573515615,-0.43398287009256487,-0.2442552428633215,0.5688245891044038
27549,0.64431124592906,0.9828783483051279,-0.725117320672477,-0.46853696377431076
17029,-0.4888044810421732,0.6000920465955751,-1.2655683482581341,0.8661886714033656
3509,-0.866175509110211,0.4356977610120416,0.6016312682229181,-1.650062435566869
11709,-0.3548228620572766,-0.44413503302632845,0.5378791217659323,0.4762982099798287
31989,0.3941420269092644,-0.4577475433055802,-2.1641613182966664,-1.2676859700068588
9869,-1.3656889773249847,-0.07394368116246572,0.5954839822460092,-0.18829791502883975
14029,-0.06327948280161126,0.3653641594515118,0.30367654335955563,0.3819456751854297
30149,0.5963946437663018,0.21692254595824353,0.7450143735717093,0.4845725756364704
22349,-1.656720078522635,0.5540889443696632,-0.2392513750012014,-0.1613997895895843
15149,1.540580601852674,-0.2752558895378817,-0.5176049077798306,-0.47067041352200845
28109,0.4183555469871275,0.08927345833169474,0.1902909531002024,0.08678705641335441
21069,1.0438486782826921,1.4119018876562643,-0.7744380871779901,0.7296993810263646
2709,-0.6189300072507528,1.0896569345497213,0.5679711494349869,0.3424582870931133
6869,0.4533186307223167,-0.7244244776569629,-0.8258632347265648,-0.1672068737918415
26069,1.4686013666343605,-0.04922601305204305,0.8477226060871109,0.578325116976691
19349,1.3747152451960662,-0.046319236841014265,-0.5468006788371482,-1.0483649518819813
23509,0.3761511187381051,-0.6229369543497597,0.04885086209443528,-0.5682456393866279
3549,-0.16665965168772143,1.274111807966182,0.3741551009428386,-0.21106861527544013
31829,0.8641301867540406,-0.22587692399696435,-0.5031064236582716,-0.30727917386069614
15269,-0.04614621333387597,1.5050306117844192,-0.8159136838114742,-0.0697696512393497
3869,1.0530337612407437,0.25610333875547747,0.3004360750032818,1.1005285607500164
1509,1.8603808529836423,0.515609039479332,1.2031278861138373,1.567851889360444
12189,-1.6863272941427827,-0.3887819982259351,-0.8331679744638407,-1.788101450851856
20509,1.483539927509692,1.4148982474146368,1.6232545123058988,1.055910988107023
19949,0.28245851008943185,-1.9412101777518065,-0.2534939187256567,0.9375807735415768
24669,0.8431405109421068,-1.3897344103438993,-0.5493072008301314,0.9101704870258567
4349,1.0423172270560417,1.551599301697756,0.5889367483844813,1.1720020132360365
17909,0.6845323246070077,-0.37516947720656846,0.2191216369402135,-1.157696210123051
869,1.2914385021931594,0.9747260681575352,-1.6459051836542675,-0.838422535111284
9189,-0.7887977935668262,0.44143916120422416,0.29369249725692903,-0.7945873943207064
13349,0.9843955813942098,0.3141680214242269,-0.23842791984260978,1.1462130316862909
26109,1.734054045078013,-0.9772992175146181,-0.23133303153657275,0.42731391864767027
29269,0.12462114354452568,-0.1349622771677313,-0.8996915945316221,0.1756789174086532
13829,1.2916861454051063,-1.034849169665031,-0.6444416148423877,0.6742832476307065
1549,1.874714188555019,-0.5930301975703601,-1.1624310999439025,0.6292548638171558
28589,0.3205621178973009,0.38026234288645633,-0.26944465516138766,0.4160043248609837
14509,1.4872003003955416,-1.205888776624215,0.6375913416564616,-0.2603994916462044
30229,-0.3312687769316044,1.4778059571697748,-1.2109489378038296,-0.5193053992383079
7709,0.7305043814946584,0.3357030545503649,-0.3779339635087802,-0.048302311047691095
7429,0.3944879201339116,1.7578299405905695,-0.6415315757438868,0.6784106471985607
7349,-1.813382787502794,1.138344590242739,0.7746145344905316,0.5922750406330313
11509,0.09397412826031688,-0.9125080032480563,0.657025965604007,-1.0907983696754813
5669,-1.0398277667980083,-1.0232069918721718,-0.3359442736453576,1.5532005988497324
28149,-0.3563544636395526,0.09777712673012975,-0.08469060273246883,-0.9760905729722171
24109,1.6552873964965629,1.6071532869881986,0.36985546704099576,0.8220392422105548
11869,0.07381145943173381,0.10613889651216689,1.0386240399124973,-0.4776558038515137
11829,0.04203350750424814,-0.08788331776245578,-1.2118952679183554,-1.4172398433879743
20029,-1.4143759272762055,0.8098314773790827,-0.7949891088348954,-0.9092952644435176
16309,-0.37122133451137906,-0.8069533449920973,-0.2028204665506117,-1.6794743661315408
8229,0.5922693869296086,-0.29390349815799066,1.8686250359031507,0.41320145747469306
17989,0.42256755648748695,-0.29706403686507943,-0.3629047940176133,0.8801049408001561
1349,-0.106880978751592,1.3592907766431972,0.3765919971399043,-2.2801901058249436
5709,-1.491341257590829,1.1580533369581285,0.8898257664498279,-0.10946598326699145
5389,0.5822726705447884,-0.09563368806165932,1.7174824458761186,-1.049194162964516
26309,-1.8221449070851108,0.6666168343099048,0.34667088872092267,-0.6230622507965534
30469,0.4962975165579683,-1.2356863955751463,-0.06624182644433718,-0.556296097695497
13909,0.6976571170118124,0.704649210262271,-0.8600944506526207,-0.040240580064830125
28789,0.7439951795999342,0.2116230227493107,3.0811610301583223,0.0005562370438327072
22109,-1.0567517057703315,0.392260672197664,-0.07085123835520367,0.9526934555113217
25189,1.4380321886337677,-0.3308133927420258,0.39343302683155534,-0.3965837289529596
19149,1.9277727783824203,1.2301157284761415,1.460892068760469,-0.22206889135556235
30309,0.3516315904104038,1.0470453074183903,-0.5816454382059019,0.16892177601153247
7789,1.911259631980399,-0.22019300864272684,0.9603581621506752,-0.3440537344908643
3669,0.16076351617817355,0.25428921546435224,-0.7756906630545815,-1.214162043611045
19389,-0.3905556298328937,1.5275779967376684,0.13980841344360218,0.39079040127511594
26229,0.8484995404280798,0.06269617768682627,-0.25017389389680644,-0.03226519066995444
28629,0.18737997164487186,-2.1743472853337042,0.8205131460067773,-0.9036905941494693
32789,0.0014099864697817025,-0.36600194699289934,-0.7567728298824569,-0.07509176898949947
24189,-1.3487947935012028,2.0728016367927173,-1.33007313544527,1.7486936845899141
4389,0.7719853342807673,-0.2248795085290573,2.3763702714421564,-1.6757309882736946
3349,0.8062703583587485,-1.5387801442628295,0.8533162012247325,-1.3511836733865956
22829,-1.9851257035506311,0.3975692830151531,1.822716927155547,-0.5692515043593656
22149,-0.08116937081758663,0.41537304734228303,-1.050769243227132,-0.10206731790293468
21469,-0.006529221296024789,-1.4462961719981922,2.0100390353552444,-0.44694340447515307
25629,1.1690803838835908,-0.5542995693882843,-0.005717293138587237,-1.535081376667534
20109,0.6702186016805157,0.4023958725263209,-0.8455439112829262,0.8209405085939505
12909,-1.4487418403353982,-1.0338610558868422,-1.2923419674925987,1.5990688312087837
7829,-0.058495280543139905,-1.0332530043074348,-1.9530652642041624,-0.6310048156458702
10149,0.8015554953413447,-0.5764690713151202,0.7012380285259799,-0.43151258413500276
30709,1.0361010716132153,-0.6820828977415361,-0.9983693959876131,0.18284381141204248
14309,-0.9606861999946432,0.5482174898817984,-1.192982864214772,2.206921536824622
16029,-1.183546643041557,0.09007009659694255,-0.07348788949099466,1.2683329694445329
3189,-0.7861631491746528,0.7903249681058369,-1.2221425289812264,1.1838250065964648
30949,0.5750229014505688,1.2132788194184267,-0.050662570318984655,-0.30173865536339844
13989,-0.12352183015263825,0.2198489429588051,-0.17900603674108664,-1.1648237370350636
11949,-0.8840462412997243,-0.8053442703209166,0.7404049766435626,-0.8687563107186246
1309,0.429496114582246,1.4425537075146462,0.12769974171681364,-0.8839505475795287
23789,0.20115428671113172,0.9309290379411743,0.701581538312307,-0.3274869379153626
9909,1.4767793982793669,-0.9073482703030107,1.3253555444892313,1.3441957414199919
21029,0.8092823614674913,-0.21165238378706025,-1.3598202074001138,-0.3598324271838201
28349,-1.735181407053673,0.7081623335573822,0.6703386729662131,-0.11351080651340438
10869,-1.3780746308677563,-0.6297313274544664,1.3319897731426344,-0.6785764888675628
12469,1.1811766026678365,0.42508783313097176,-1.391954777953218,1.3215925361239074
16629,-0.5786401698812104,0.0694088846155288,0.490235695157939,-0.012622908154440294
16069,-1.1564342301036115,-0.1780474258791785,1.6540846308051649,-0.835907587644121
29109,-1.8131733963966383,0.9913618889130429,-0.37618291898509365,-0.3498380795447448
3789,-0.027521219831472474,-0.02128466157131268,0.22115565536154552,0.12125550615221128
1149,0.9080094701235538,-0.30087165647754516,0.5212444883543781,-0.1800547658749346
9469,-1.9837522223143504,-0.41426012328668144,0.8894399763850052,-1.0582592428421094
11989,0.23296180057153534,-0.5590057504945762,0.9312091366835527,-0.009554406062809672
17789,-0.9689740853067184,1.0388276382069659,0.16247584706915597,-0.2113069002454555
21949,-0.2689890470973496,1.7838160554434654,0.44332600124551874,-0.29035999017799957
20189,0.5719310231874744,-1.8251945100131424,0.24690434344271844,1.2429170218161876
9509,-1.1394681163889053,0.09802167096693526,-0.6463982624239402,0.44759076883126897
28389,1.5249298508040188,0.475370134272572,-0.5192625729387024,-0.5133480502571294
10629,0.5516937925604498,1.004519782880471,-0.29758014703872154,-1.2622891155892408
14789,0.5298870361897765,-1.7167480168220677,0.9223490010012863,2.217735025398169
18949,0.39886349266821325,-0.5287263246072182,1.0050031660369432,-0.11384416008492076
16109,0.6952936049419225,0.2867949976793133,0.1731056290039484,1.1724245300315193
3709,-0.0009927158426756093,-0.7600965524626286,0.10426281928616567,0.5599325016444282
27269,-0.2725090211327072,-0.4920116839274532,-0.45481816417421256,0.18486939328138907
24309,-0.8857660916662629,1.2488051408071987,-0.3717685802097847,-0.36309817979492426
3469,-0.3920349210390178,-0.13012472517989881,1.4314031381916499,0.5866419111345953
11789,-0.3676742021896796,0.5914977429035196,0.4773499165823846,-0.8887957586845305
1789,-0.26710512207483705,0.2603727604327826,-0.1576260608109421,0.0712296631144243
15949,-0.1230211783989928,-0.5387314666097454,-0.9820915359009248,-0.05120546047536019
18389,2.1464538706551433,1.8148380987107136,-1.0023258052789683,1.9000517695847035
24269,0.572767265281384,0.09057955529169648,-0.849266126617908,0.15181420227857648
28429,-0.7218845260668787,-0.9724221817010361,1.203112213715235,-2.336197943062333
9989,-0.7821725722610663,1.139442060601576,1.0807404707247523,-0.27536548649644266
469,0.3192461073107351,-0.9165407126587464,0.4743596469439154,-0.7632240986250629
18189,0.6565562512218385,-1.3090014232217093,-1.1594829109321176,0.4332184625727516
8789,0.7948158493249997,-1.8374918864455376,0.5961026188592318,0.372797577368581
17709,-1.4723678350310672,0.09047963935547229,-0.956243019315367,0.040156937365948046
16149,0.3054414587182177,0.3043218754371719,0.5401238175776637,0.7192839318335903
25429,-0.4493394580948055,1.0400269395976223,1.6111588040346945,0.4099217696214997
24349,0.565159341018774,1.043283406336238,0.6052454969363749,-0.8290957392867261
1629,-0.42182706795790803,-0.8677662962805043,-0.26256393019917246,-0.924752250484168
1669,-1.0586889999926512,-0.05289632541482032,-0.20353492051973576,-0.1247694967029678
9949,-0.26636923457168943,-0.3235300753438349,0.7935814359863104,0.24795392462746907
22309,-2.177508940380567,-0.6191568709142001,-1.4806089142017214,-0.5505804582255455
22429,0.9776517574002681,-1.190065576055957,-1.0073188696037365,-0.7423440862616897
29749,-1.035930231179959,-0.887494027890696,2.4618813898111314,0.13650507652584734
10029,0.385033647594514,0.033990989726567875,0.36985267536274996,0.39186173753177883
26589,-0.514940867181879,-0.7308282285051596,1.1907436907623754,1.1056408719998958
2789,-0.65611151310136,2.4565271883718296,0.423468482849088,1.1721917435776326
7989,0.04278978056145351,0.0660276046032524,0.21668731516795203,0.1817264774591524
30509,-1.6016834066152412,0.8059557346356676,0.7634197498949028,1.0950930420536824
26429,-1.9305526736189342,-1.218165320690482,0.5880828738919167,1.303477346025099
31029,-2.7134242113638503,0.7505755487504733,-1.6296257422246274,-0.9740978694424473
3909,-0.12131817353970108,0.8599214863302371,0.2881412067168388,0.904052435200273
6709,-0.874109251626759,0.6099380163306594,-1.5495268518582488,0.09619893394417611
25149,-0.20519557525915916,0.848626715723211,-0.8192966435173444,-1.6439883398119028
12269,-0.6019022763717287,2.3020214004605246,-0.17118478844746177,1.397857318765858
12109,-1.1800015362640075,0.22184839910975948,-0.06009575520899916,-1.4733991335901004
4749,0.7305828774374205,-0.669032239302768,0.5463799531618204,1.1493786698432595
28909,-0.8064100847579895,-0.6102552310039486,-0.7652697291271052,-0.5739866329721233
10069,1.2026445117643942,0.8200237955236017,0.37141389521731183,-1.5721262844363342
949,1.39217766282815,-1.176654922492915,-0.3977253664605369,3.0232003830061656
28509,-0.3438901504247159,-0.21459232933543446,-1.0140521633405069,-0.42237665780160366
19429,0.13881205170953884,-1.9386045085343675,0.6653737612898675,0.4520755321401422
17589,-0.19160074409744315,0.5510696404049502,-0.7414164977550057,0.513181169702527
21749,0.7862709137029197,-1.0053302327795555,0.14551997469339711,0.2218545349583154
5989,-1.6948126548313214,0.2346233674471691,0.39305230460966684,-0.05424299159516813
30069,-0.10056442013202345,-0.10342600995013429,0.20745407267547947,-0.49799239000041423
3949,-0.03201240369904198,-0.8017794509807679,-0.36596881460019,-0.23339948421651907
28709,-1.700312122442876,0.4484872624814895,-0.5502745941810602,-0.10127301436552755
28989,-0.026404852774598274,1.7308780945692293,0.3139587072469102,1.365403677399435
14589,-0.6281511228140686,-1.8361252391839074,1.1294658090471263,0.6692674504629315
22389,1.219115971021306,0.5923436274625385,0.23585330960160658,1.2993897811527835
27069,-0.5521705261632338,-1.062644879894996,-0.007673643779930388,1.0903376518181147
5949,1.7587089728595302,0.428387373218125,0.207978871113603,-1.6244071765305044
30589,-0.6329789398321096,-1.161109167262627,1.4696882355004914,-0.45720048494901067
28309,1.3126037243660496,1.5451838859671574,1.2607778580058213,-0.42364464223155135
3269,0.39825820209376095,-0.6532071762592907,0.6435803217928021,-1.4590929197557927
8069,0.34022702333522536,1.3531963278696304,0.5125779733545327,0.29184920036815004
11589,-1.205123592365708,0.7650622014000892,1.0361889697605908,-0.019247214415798693
19909,-0.9800709544000142,0.8910323231360209,-0.6832261061538909,0.3121222207907253
6029,0.4394747980150072,-0.7806599795100547,1.2869299952624413,-0.5797465336603619
28229,-1.124742030894805,0.5042489127207703,0.5818054788321125,-0.7217649853016055
2029,0.5883815571197337,1.771962539333065,0.3078146255068286,-1.141004218793
32389,1.1955506496613857,0.0003789128978933234,-0.18606313274688227,-1.207739676886206
269,-1.020355360166832,0.4079745255889342,-0.1784697384985009,0.376819368851579
24469,-0.2618304520226912,0.32407290486980067,0.6633363034611335,-0.10625163053405874
8589,0.27137324281148867,0.9202537671759313,-0.9391924355253891,0.04342331501975944
16909,0.5032022898121489,0.7806523970673245,1.8185784520327382,-0.7263365911024404
32669,-2.485005929224228,0.4787512425824025,-0.04947413799831363,-1.0591424173043458
6469,-1.8288500401267236,0.15533118743264293,-1.3562412181268153,0.8765808616565448
25229,-0.5691844688185717,-0.11315278105041801,2.3149829769307493,-0.21231259909818376
30629,-0.58921455170358,0.13889453240896132,-1.1353796911958278,1.010649327959828
9749,1.5904598712855282,-0.5267288682081432,-0.4023390966781077,-0.5719354506777762
8109,0.8892551512740069,-0.507817553948021,0.7523594099566107,-0.5750254492933495
5789,0.43614873647757574,-0.6524535873258563,-0.4304693608650285,-0.9954166655992479
18069,0.9909023188731982,0.0781745170527402,1.3125513462364344,-0.19137266960514096
26389,2.2137194823941067,0.9165544850786838,-0.20823645646488126,0.2913973851075881
26549,0.46576441497472115,-0.30391357923258344,-0.44983295292438175,-0.9494981369240109
12029,-1.3209546903622273,-0.2876807308846701,0.15980332884354054,0.6903607354358567
4029,0.5397716599908705,-0.8043229950403068,-0.666235781404504,0.3666597759441748
6749,0.2052909308889144,-1.4958125099039452,0.8543291550582636,-0.24389033383977352
10229,-1.6161592639587292,1.0759049355725634,-0.2814885918128997,-1.4171618838203957
10909,0.5107820667873963,-0.2082860665470377,0.47059850213879606,-2.0598175271427106
19229,-0.08529545366196536,0.8592879865256036,1.234032837712033,0.4994406701736552
22469,0.5583599370563085,1.2052803681341826,0.029775448402370064,-1.1553976871237395
23389,1.036699640537649,-0.04976468648388132,-1.0176338157803877,-1.17249530646684
16189,1.2561559654534291,0.08056836792345243,-1.115127160893588,-0.3933166571235129
30669,-1.113844471315476,-1.2540144657657175,-1.0358522807723072,-0.5911693568151449
19789,1.389284450370585,2.433701639455296,-0.08876788983879423,-0.9727194767703529
3749,1.38273126293671,-0.17384838615853823,-1.2636302964744015,1.5039634578346452
8149,2.7508688736834825,-0.9306471935142039,0.4698555839809281,0.8987003261386657
16229,-0.23484224092651737,2.920775039391667,0.9837450146327807,2.1018356751603027
20389,0.43616512244392003,-0.05610054264719193,1.0118030784653365,1.5147715657304186
16349,1.1973460290723168,0.2679505744128972,-0.6134555279960632,-0.9268348499447089
29349,0.7243656094692867,1.533195348278266,-0.21922615959577368,-0.9106337171041907
749,-2.131795898168687,1.1981978655062657,0.38185857135319895,-0.5587085212496788
24549,-0.021318367914166834,-0.31676661857845156,-0.2772471163023856,-0.79978345767944
9069,0.1257716052080735,-0.9823666979367525,-0.7594581624186805,0.9797811625005208
13229,0.518825322197313,-0.46118715275985855,-1.614702096765421,-0.4600222996714015
17389,0.09892595654564786,0.4650746230947504,0.11176426159891172,-0.1997576137823482
22509,-1.0476877889650593,0.03457699722489821,0.38896539595607604,-0.6874160603454205
8189,-0.10369448569532295,0.24181502448971073,0.5717040448259756,0.43450199035259923
20469,0.5701164338668316,-0.02704387994985853,-0.3723955021549209,-1.1202017632434367
6069,-0.626346595070871,-0.3902335642130593,0.3183507037179385,1.3029453688569144
18429,-0.33583423108196886,-0.2606567883901219,-0.2294400834880375,1.109490879249945
22869,0.674311779049462,-0.8822604968222288,1.6387727738585087,-0.19191077568039522
