2455,0.048923068232336546,-1.8891785725839048,-0.6003980417022203,1.051480802780203
32775,0.09226009279234557,1.480919341158831,-0.5048478359099667,-1.3129983618027095
10775,0.6040262938548927,-0.10651493167976238,-0.23823738791734686,0.43970939700383344
14935,-0.6382638400495043,0.08533443722166252,0.30725035193157585,0.8719232212849733
23895,0.35369345159551346,0.5277727477185791,1.496591690881447,0.005319234723449461
19095,-1.4057540280425114,0.6651563233459821,-0.10048088049828317,-0.8155809086166217
23255,-1.303051400030672,-0.479045802381322,1.6784908788992283,0.51027815779118
20495,1.9280411246600588,-1.0770072490869314,-1.2690169354264456,2.188314076569858
31575,1.0786038844843477,0.37369489496381947,0.4130720778861264,-0.8738987624827592
18455,0.29469562346470407,-1.0634796842619765,0.6151313545144625,-0.182384547032009
7855,0.5441339655797365,-0.06807831242227955,1.3456749122862852,-1.6378525464567626
11935,0.19978374301503585,0.40876315915929096,1.9602306666914593,0.5623342393139497
16415,-1.4485398176890678,1.198734198363802,-1.2081730468430032,0.08290856991282726
20255,-1.5568801813588702,1.080888859665192,-0.2588802616938707,0.6028456299664969
11375,-0.04704203491780888,-2.2779581586587154,1.7429407871147227,0.026739988458058476
32735,0.11752998990746781,-0.8772001318100726,-0.45192662207045475,-0.34403007291677057
4135,1.517871863387584,-0.008646381646121755,-1.5685979525335647,1.7094295797572603
17415,-0.9400358321122401,-0.00037222372041163505,0.46125979371381826,0.4883105415272437
12335,1.83769861334426,1.1421582260653518,-0.46466490699194524,0.22221745344632915
13095,0.07858888509585396,1.0531874536139934,-0.7102939451797914,2.152004868951107
21415,-1.3290734442435619,-0.15664739061823352,-0.49447367268265785,1.4377493438885232
30775,-0.9737905286206193,-0.2043976892164098,0.1309267338298094,0.7554263256359576
21855,-1.1345801399010422,-0.8884659242329589,0.8261557613782434,1.3413786741114018
1255,0.3203036791433974,-1.949303219933163,-1.4816552844903348,-0.9109421496326701
28735,-1.2095348335305145,-0.6917398444736148,1.44524378788439,0.491006307924918
16455,1.0318677117129067,0.3968423226672235,0.6788065845359735,-1.1273120827004686
22575,-2.5012200604999886,-0.35361167938015364,1.264529827060206,-1.1436078765721784
5815,1.7207639537961716,1.5103942504917383,0.6488164987923157,0.4454798121454632
30895,-1.8667559057238419,-0.010636707854061591,0.711903270559684,1.5567551825049863
24655,-0.26110835696623436,-0.435438433158167,-0.3816644939182913,1.5522473765383238
2935,0.4177622282133906,-0.15038504170331457,0.6200924466711655,-0.9899030066903759
2135,-1.8211630206837401,1.3203103530406668,-1.8172325369126536,0.22778845486807744
15415,-2.7767995169013147,0.8106730041035007,1.2099498291958541,0.23246132039256306
26175,0.7868511612577694,-1.651757845709339,-2.5157041763442303,1.9017005217162755
25615,1.1710781216147477,-1.2864758952635518,0.6542457236560084,1.2198834425326512
23735,-0.5072551288739303,-0.3646663575040676,0.044408007795579706,0.8647473128252778
10335,-0.27359994233950635,-1.4644455210309515,1.0515214864317506,1.6871005482205028
32055,1.0327615158300674,0.7269889769879595,-2.1130019896108316,-0.20741967943228376
28655,-1.3370541169194843,-1.0635474863251184,-1.1581904070878866,0.22704338006407787
18535,0.6628791860306001,-0.5124647276944824,-0.9568076747172644,0.18390339618120546
8255,0.3185427872826086,-1.3104163008080298,-1.1916542557256007,0.024875541129892164
24935,-1.0510323132720647,-0.4563024030438705,0.5999007922960288,0.06097981911078712
6255,1.0561529399847842,1.8363013133384887,0.12944537392754468,-0.04590995167762799
29055,-0.5861449464341566,-1.017228324872796,1.8847466636077252,-0.3041221587812062
4215,1.4824281308059104,-1.1637544601737304,0.055154330553892114,0.2042121879186722
1095,0.09710141645543073,-0.04486899152228911,1.0441772272703203,1.0913035551308867
29375,0.47293261474147896,1.4938587006781912,-0.37417047556757743,0.4885759652406436
9415,1.537425288477081,-0.5286014548417778,-0.6258548244232319,0.572312441681498
32895,1.8107920808846427,-0.6917201686864282,-0.4433603099741839,-1.6181749287998173
26055,0.16486624293861593,-1.4204322121206048,-0.3322681072572454,0.914661240879264
30855,-0.4025372134975802,-0.19753319396743,-0.6530187990014317,-1.760393837605917
30215,0.44764083823548484,-0.1361438219816047,-0.6299235583489248,1.1982779325963275
23575,0.1898236644598769,0.1413387143440049,-0.8008833167607601,-1.909878847155995
2255,-0.6165541408406271,-0.4432145417611023,0.1459960781824136,1.1896641627167222
18575,0.07069880511086425,0.7870906225384419,-1.0953887998801204,-0.6632946514639253
6415,-0.1689051837161746,-0.21811476496976387,-0.5467383155653839,0.2256839502857765
10575,0.706607626799095,0.4466155262847815,0.28622997322635946,0.5307064470996399
26775,0.16356938790061137,-0.22577864920914947,0.18814596128128894,0.39899735676875225
23055,-1.564017346730745,-1.196609685247146,0.7717797027747922,-1.2055973048554458
27215,-0.09331381906147138,-1.5700719119736493,0.5516800693438894,0.2228376078417533
28015,-0.526853984423704,0.16309260067456494,1.2732482850518976,0.4452991440217659
24735,-0.11206291303524331,-0.14115161968744447,-0.69343902804346,0.5842684428943823
11735,1.0891563359929186,-0.581108281177651,-1.2781418708986283,-0.007248277533858674
22695,1.448607676232047,-0.42568247832491757,-0.24765903877658232,0.02234485592421009
27335,-0.2443688129370583,-0.21282669283979014,1.7544250671561727,0.14914750294964785
28375,-0.03413369124078329,1.0202838779789567,-1.21303548347434,0.41524751556124645
175,1.160581006217001,-0.5584875308604829,-0.5202065400498752,-0.018055758374311087
415,0.38059080966390707,-0.25458725596711196,0.07331038026472124,-0.4832513999847686
8375,1.3253621966728844,0.8268096408133321,0.1983439159434961,-2.709647006780895
21535,-0.82003435232665,-0.42242753651402537,0.303564190367041,0.15589280934976707
17055,0.7921321692005914,0.5749232462412927,0.33165893168728977,-1.316801321740662
16575,-2.1261826027097723,0.8137212643502263,2.0316624586791696,-0.6762735009434282
25375,-1.3862089773065642,1.7527135646471614,0.053754520018494456,-1.0878562709595383
24775,-1.9132801833738053,-0.026291198181386838,-1.535384802067758,-0.28353248433424144
1575,0.5550580657355101,1.1993930055699114,-2.462975628256896,0.029564510571507836
25975,-0.6922575919748655,1.049833884797546,-0.2565071992784587,0.6471973024792451
9895,2.917325040580231,2.1290641757330877,0.026341342807513095,1.0883771727656528
22735,0.3458919692158859,-0.5704011894116999,-0.07208716074624671,-0.15413815815831466
26535,-0.46483322627608487,-1.5330823451298814,-0.438513866697978,-1.6628452175918507
215,0.14418800817381147,1.046153003786055,-1.3712480432138627,0.8055067131488449
20175,-0.768277865827311,-0.4354004664167382,-0.2564063163550448,3.405274642968322
2735,-0.12271569841577487,-0.3771619574385994,-0.8384673818814672,0.014530660035698728
18655,-1.0874260468844679,0.8052451060122268,1.6103201088788133,-1.1929999156110516
11055,1.8202968162790252,-1.2232208296821516,0.23456112073285357,-1.4361677100681782
15215,0.2953433063180378,0.44595817352759565,-0.8632052613544136,-1.3389623772417114
6375,-0.13694194453894992,0.8824836613917428,2.307373080009268,1.324021781251543
9255,0.8828721684185264,0.0643866699385849,0.4780236310545066,-0.8816503280850441
4335,-1.1565196385412466,0.19575767416694445,0.4465555071511332,-0.33795168989623836
8935,-0.018289700960303155,-1.032490044532348,-0.5728143162150114,-1.1396649746067065
12215,1.4157486245938469,2.41037376817322,0.42709027969214297,0.635111265893134
27375,1.8011164865196925,-0.252859636270019,0.05344551991882242,-1.2392889477998408
22775,0.3173267898817987,-0.546762057869021,-0.8335484590559121,0.6610181559975422
20535,-0.9383671569685281,0.5722397293094906,1.8187257170675497,-0.313515788583026
8575,0.03176355946291993,-1.8499469480500548,1.0094421575305499,0.008077085629722439
20735,-0.14526696032631659,0.5225740344130558,0.2982550787926066,0.41398251772889855
895,-0.33616539069280443,0.07036269803787977,-1.2725370034783188,-1.2011251721729643
8455,0.0594953998074749,-0.6141095028873362,0.3258158333305785,0.017335946662137405
18135,0.18138626184999934,0.3475693836304968,1.7039713128198333,-1.7006645854432736
21695,1.3210770873215416,-0.5428474298550303,1.2662326623439857,-0.2879358843793103
26895,0.10513471678081977,0.37187989406816696,-0.2025957115833763,0.36128737418327644
24855,1.2443727748665117,0.8723372986823671,0.11223866928351711,1.3681721990582894
2055,-0.09806860242993501,0.22177828267399707,-0.9989035860426555,-1.0966266181447404
6215,1.5698137019737568,-0.07167996719475762,0.42830624343958373,0.2450160915036657
27695,0.0037126237438241047,0.6777872513922012,1.4905143775861598,-0.04912057821618272
10375,-0.4963073192029967,0.3793361569983893,0.7436755433100257,0.04685844066020973
14535,-0.08638427153303435,1.0176338202145023,2.428023546576061,-1.5877705683047847
2335,1.5924617459837809,1.2863028562269627,-0.9848922679575953,-2.2387940963558113
18695,-0.37794056948873367,-0.2952988578308713,1.0016260984613952,1.0015352446640118
11895,1.0988326395551278,-0.0022346729544865827,0.29145244290970895,-0.9221423795404294
27015,-2.105232701753249,-0.04102213983522055,0.8409152716371071,1.1242658268555035
30335,0.7762625134930442,0.8003586455815624,-1.570236497409426,-0.6178855237002151
31175,0.027324759831248772,1.3607679377172062,-0.25257016873730825,-0.738288998230163
295,-0.1972223480849102,0.8646346054316162,0.5362964748023589,-0.12164339282677242
11655,0.9043105660910646,0.9718277630073279,-0.11603706732283817,0.07487238632868061
8495,-0.1090902893184724,-0.0736507333204757,1.0661121740335717,-0.500993609896415
11535,1.776420287842789,-0.2853544719328857,0.3134142315105985,-1.1916392726546527
15695,-0.18425129561083448,0.057689522410643325,0.6260532569073125,1.2774682406567666
19855,-0.556636367127717,-0.7869236919801443,0.7799583322947783,-0.30292783240383114
26935,-0.029378454288550904,0.5105062492369503,0.5068402231376059,-1.0868885126978292
32335,0.9711226352482192,-1.9263162582089992,-0.3045704904704524,-1.7604970081460065
5855,1.348034882103658,0.7773770173495732,-0.43707324426315547,0.7394206309258083
20215,-0.6858609259876204,0.813395764000838,0.8423427335346212,-1.2421473622489145
4375,-0.24840582940404846,-0.490325625786205,0.8413412488840329,1.0487861306143285
16855,0.9636402626158029,0.4573521894762764,-0.6886378201045292,0.21709433701961425
2375,-0.04728163795233485,0.6865261320451701,0.33873529847091743,0.4045940209002397
21015,1.6304363525986318,0.6559432203788039,-0.1921736022025986,0.29738982278691933
25175,0.42154645103992067,1.3257294883363715,0.8325107703646512,-0.3897560443416436
10295,-1.1394555960128843,-1.4463220807897859,-0.5723496426828742,-0.4134676886195121
31055,-1.9753558809388487,0.059608992400591955,-1.4283482434156878,0.45497986119913647
19615,0.9388598580762461,1.2171280676064113,0.1464699584195418,0.8751793894872426
5535,-1.0376787340345912,1.132265132032723,0.06189607872801111,0.925787185263173
9695,0.3007736740082542,-0.3278635684828717,-0.04839950320268006,0.009400733787501768
8535,-0.3744772245028444,1.5269889112660897,-0.2974294435609178,-0.6457407087025621
13855,1.1293127206812794,0.6564056129542006,0.5461593856920927,0.5107958104746979
18015,0.896538817294944,0.24374233225376996,0.24668740933410327,-1.056816613077819
14735,1.0056058524394569,-1.1194279144230324,-0.6969127875967125,0.0590989772578695
22175,1.1741134323441615,-1.1022868433184791,0.33344874418403536,-0.916491788661263
26335,0.0503820464429836,-1.0141504913551858,0.0276232451283408,-0.21290093287564593
16735,1.2314339716805298,-0.059686418805743685,-0.9267799946262293,-0.02659710543849774
14695,-0.17033512915685992,0.4605185305739851,0.4057783033307692,-0.36625736950902965
6695,0.5936355439596441,-0.10767494604796736,2.0515172945960938,-0.6370134349833085
10855,-0.06622521881664616,-0.8322503052029177,-0.6360807884451317,0.11578616460259344
22895,-0.8758282817073657,-0.4430732503199442,-0.5216013430554247,-0.25606437695787865
23335,-0.48339139443272594,-0.7577659312936095,-0.33654417448046725,1.7977453226015676
31095,0.9601299284896113,-0.5410888698887089,-1.1306794102346733,0.5079145617538144
3135,-1.3242637841104472,-1.6863947075760497,1.304762670381064,-1.1128841241820502
18815,-1.232574667538676,-0.7032102188746646,-0.7039748519292931,1.2931757223775024
6535,-0.06638750165064115,-1.239600448985781,0.13856423096969986,-0.03234640052180216
13055,0.3357043199615042,-0.15088861769427042,-0.07798849310456032,-0.989110022882662
32815,1.6501006189481657,-1.319833488958282,1.2787074112147934,-1.4174980666217591
12695,-0.8383721302432431,-0.3540184004056832,0.1876247946856126,0.15965293899753374
695,-0.009327927415683859,0.4894713111995614,-0.16607822074287928,-0.10424193488332054
4495,0.012521547383745227,1.3204887603968833,-0.38392556261114874,-0.027053913991140027
8295,0.015337773681670773,-0.4394027079338689,-0.35067748252880715,-0.09736370420780492
17335,1.4708269422237474,-0.42264547451568946,-2.6384844795190507,-0.855389351088987
22935,0.6344678909922281,-0.0943647301342837,1.2022980942013404,0.37969219938871873
25655,2.3979397579623725,0.5065714031627855,-1.9107790625876935,0.0658642425418738
17135,0.3584205270948134,0.8143868982401705,0.22683242653416877,-1.1001269526773583
10655,0.4981870207264271,0.2681357675451242,0.683963963422644,-1.3554688942327884
6015,0.7251547682488423,0.1465013918730142,0.15997267013180716,-0.32476000284480516
10175,-0.7788021145289082,-2.6943403675642306,0.3954199147213616,0.05736956441309549
29095,0.16800535002925737,-0.18233831476710521,-0.47509214110167514,-2.324575841941572
26695,-0.3561184165560732,-0.031624278581071925,0.2377442043041631,0.15921543356238693
16615,-1.0823101239633783,0.36570651789931385,0.1536000708851346,-0.555429096973939
26815,1.6178155472523172,0.3584565730962797,-2.100927602624966,-1.2104908926034121
6575,1.9737110814409593,0.3357197102046522,0.44919135900511825,-0.08667572310542496
3015,1.4843841507068856,1.0866089220573745,0.5345986927075904,-1.6970447675085543
4535,0.8287953364742938,-1.4261386103836373,-0.3394606119128844,-0.19249706484226742
7175,-0.21605746062191164,0.6305533839254845,-0.2925126015693952,-0.7377308528565496
15775,-0.12777681238587973,-1.238810449603989,-1.225541991420241,-0.6917069412484039
15495,-0.7389286672404305,1.3616738556257852,-0.3404959356546954,-1.0281385716144926
22975,0.07912709535853914,-1.8329713508329954,-0.5790993487174552,-0.20623750818709172
29695,-0.5739111571985672,1.0865833270216594,-0.3325422095762765,-1.268410126058423
27975,-0.1994792180973459,-0.01937274882190653,0.35347305404578605,-0.35305856505195726
32135,-1.309851359090059,1.7950423150535901,-0.023081712620706324,0.6078371295857211
455,-0.1860230489604121,-0.7305413588660651,-0.6367173774429196,1.1328115940413752
15,-0.13645191956798994,0.7762686203442019,-0.11736954041687406,1.4090122261174323
4175,0.2905728239721452,-1.118927962267775,1.5726871221411551,0.46286387196845824
4855,0.534775092586096,0.30323487735609056,0.03720837764772576,-0.3220104247496159
12495,-0.6037427416984479,0.7983431946463527,0.17979255877457292,-1.3470441019086543
29135,-0.07587468484306704,0.5517464437119478,-0.5030772959960655,0.26884118442413435
24975,-0.6011140390201525,-1.7361302648533081,0.021221075892233453,-0.4452447632124277
27095,-1.2982107634295688,-0.5733213602988543,-0.7513841473413406,-0.26399084927005567
14415,-0.239670751519474,0.28173371682841525,0.476031723360423,0.41482269697615265
1175,-1.3413783262314374,-1.0666386793307556,-1.3573041900885314,0.919402056489743
4575,-0.0049870849966174675,0.5032641853089111,-0.70065984829206,0.24409261222497922
9495,-0.6743137922801338,-0.9755651566291186,0.1927330825881817,1.7871128115971846
13655,1.0625289925302785,0.6677778180686039,0.1126275307905696,-0.02233087790614358
2535,-1.2446610008978667,-1.2577234019453558,-1.6263169916406555,-1.6083817914247864
30295,0.19604658692536606,0.5954682100330997,-1.2948029174354043,0.1360571359700656
8615,-1.131020552192068,-1.5173766015438774,0.2853441575925953,0.07465652824067423
495,-0.40579904017686297,-1.0272978199792329,0.6326220187279594,-1.3079362499324696
6495,1.921986388608443,1.0302023724988827,1.1195750326238905,0.2789970831012687
9455,0.40880544088320303,0.16508205044210622,-0.10194992160691897,-0.08136451923219591
18935,-0.8106966915602278,-0.18696636331053654,0.09256667331651094,0.8371908733324952
18975,-2.0190416005050076,0.31023920705860175,-1.1738389697438836,0.6246923215742843
18175,-0.46219101413444474,-0.476842225764688,1.479228243211184,1.1440938870284394
31455,-0.3981571751389385,-0.598662422213848,0.35872775901421755,1.3981393565531148
27135,0.06429628373139537,1.4535850749055668,0.8290452206995119,0.3707876624866283
3495,-0.445996921264937,-1.607020079653251,-1.2333118028603238,0.9793787737695504
25095,-0.836409613432839,0.07256658079084201,2.218376212576078,-0.17034925950207552
11815,-0.6057121270510034,-0.24060351821915202,0.03840784381202134,-1.1600719540169602
22615,0.21528911783721003,-0.8791211753575456,0.8419054270855701,0.543707747641598
20135,-0.02200541801733134,-0.0061135249980639236,0.6856353209005195,-0.435394794692209
2575,-2.6400610745150854,-0.05227083380058806,-0.7276300984313749,0.7299576462811017
32615,-0.8138307154671972,-0.9862138491538566,2.062813987559031,-0.5083159089358729
535,-0.6601097032757697,0.6812623369730161,1.6100964317154671,-0.9848353103936766
21935,-0.19203647474390134,-2.0332938306011163,-0.8833293880926105,1.7285818379938975
8735,1.530765240196983,0.4993096723659638,-0.22452711829691835,-1.6355279449833382
25455,-0.5216388355216168,-1.7896759919829905,0.25981785805428603,0.44735562971487075
12415,0.4481924335357208,1.1199902387872334,1.8286274066250545,1.5665689676988812
16935,-0.11788900745491487,0.38920879805971087,-0.26659249819016456,-2.0050852593650985
11015,-1.5394514590876613,2.436823316671981,0.23575305505412994,2.3688501573842893
4655,-0.2855286671223199,-0.6107754464394601,0.42470923838934055,-1.2454623857201226
14135,1.1120342969500627,-1.0415363807350717,0.9101360397785967,-0.018295280180452973
18295,1.218173696192969,-0.6704918696735181,-1.0447837325491434,0.9271104929061027
12855,-1.0552600766707843,0.8684467544800533,-0.4433407837689358,-0.1588538266232938
5215,1.3723768320102803,0.30055971477938603,0.09366574090207486,1.2156458917010802
2295,0.3244995938154371,1.1657006770885152,0.3326659431282683,-0.4383955224276528
10815,0.0508495881058671,-1.25961220398623,0.7970150091830257,0.1074614041446481
15295,0.5912491231344101,-1.8312846960248772,0.08272180861219959,-1.1524632146866454
29255,0.466080966258063,1.6897342998153129,-0.487923447156752,0.10712533018408926
23615,0.11602239385491375,-0.06538903718263436,1.6307691245085985,0.03002642348015715
25015,-0.6895348046039725,0.3394950731990582,1.2229683671903548,-1.6927392187872885
6735,-0.17813627009233343,1.910907338356861,0.7903518502646885,0.8528967789617059
4695,0.04885789859111006,0.342845962096158,-0.7071402987314829,-0.3963020660742297
12295,-1.5936464086036737,1.6738799567484068,-0.3717034268544758,0.11389341783539125
3855,0.8288013212309883,0.5855854039691143,0.4241309938794072,-0.2795088778516961
20615,-0.4989117296889373,-1.1564173845939725,-0.8027047550426141,-0.31451387236827444
12895,1.1853283399963304,0.0166033597379596,3.1353616130835418,0.5981442350975835
28935,-1.8186964532290946,0.758302808930928,-1.260108142649869,-1.0532872743078483
615,-0.6461221825318542,0.3158695272001628,-0.036490238129186045,0.3025528745819073
5135,0.38993563458998987,-0.5227485240680059,-1.9788122263629744,0.6086500084959847
9295,-0.4084942303402929,-1.1575271533845533,0.030433806416049453,0.342819240381161
13415,-0.8444291570409717,1.1350537455763028,-0.040367690602720885,-0.5684725044226805
13455,-0.4731898766837003,0.1063056887671716,-0.7937971966869783,-1.7693141358874631
17615,-2.0775908207472433,-1.3302423001506725,1.7639206216475265,-0.34424437545286757
19055,-0.4509550961479805,0.5014594909972847,0.18686409573540655,-0.27468114949538325
25935,-0.1814332112646408,0.2890438775257093,1.6751384797831537,1.2995177097151192
17015,-0.8033079490449672,-0.08460108275898268,0.298614269436676,-0.058600000240940954
2495,-0.2855122737535471,-0.5103875002774549,0.5792979398350658,0.2693342979818463
6295,-1.5523921391830746,-0.409726346404669,1.0548867217412001,-0.7173248691290326
4735,-0.4353272279500195,-0.992835491543363,0.9646815879009472,-0.13514349102117462
18775,-1.1705279109426323,-0.7742627038702172,-0.39148298144814747,-1.337330028928976
12935,-0.7444002135552381,-0.053346495366669244,0.2673702115967058,-0.13954104027916242
17175,-0.4240807393153091,0.46890021121118985,-1.290535060936741,0.6290587172741388
31375,-1.0134691015672013,-2.2939054413490094,0.7558607664952306,-0.6992043109854535
7455,0.5544488370360298,3.489009347346642,-0.9754882280206946,0.2269755270917357
11615,0.9139483123338185,-0.5339385224958556,-0.7133645081108329,-0.524618622445699
8855,-0.8511258297950871,-0.4514684154240494,-0.1068147064621585,1.352187996971686
28255,1.306418210183462,0.4121535614221197,-0.11352921685205282,-0.13036897454357052
1135,0.05398932996880029,0.17182998621550324,-0.10509114131293676,2.1213308406419698
6815,-0.1864841528336406,0.06805300782934592,0.7084457863223264,0.7845212089847711
4455,0.42469794462614585,0.49189260394903966,0.5536273733522005,0.21897546723499134
4775,-1.1942168892988914,2.0489612696264805,-0.4718417052316221,-0.8021482126192401
12535,0.3734151505461607,-0.2010461291851725,0.7725585027423648,0.5592648964440375
20935,-0.7612139471567564,-0.47709021270804736,-0.3346921112041878,0.3148955125864254
25255,-0.48189192160753347,-0.7580118750366565,0.4141268857938176,0.3608345288651329
12975,-0.08266086958927182,1.867954260730349,-0.530597361437605,0.21278512122171958
4095,-0.056315797883540596,-1.0235183990136152,-0.9419669269283198,0.49043880961128555
10935,-1.1753926245009836,0.5157137958719892,-0.15543289866960372,0.176935924993199
30495,0.9969179923161947,-0.6845943891522718,-0.7639740685924818,0.5092196364981147
19135,0.20197333942119278,0.6806809729865775,0.33254663790724837,-0.24152866318074295
17095,-0.9035985686696362,0.5748545843903691,0.29820990163136596,-1.2665546625501967
19575,0.5033790307052055,1.2720799287229476,-1.306414035786123,1.5895947502021508
25295,1.4062209013878686,1.5032523230693153,-0.2313655130520196,-2.095252899870257
27575,-0.8037855074483586,-0.2118019319005137,-0.5301411571870996,-1.120825625105825
2775,0.36834696275927736,0.23481967074549961,-0.38844728177394044,-1.2104904204550024
7655,-0.6958482553543509,-1.1299619345935752,1.4236155363311873,-0.43938151741277276
1655,1.284735243195486,0.09356058304445262,-2.2910213991603308,-0.01808117083751745
13775,0.26621331847170177,-0.8661771240574163,-0.9968151445716942,0.07946025201633479
3775,-0.41633745595443705,0.6124536227699086,-0.22752653344150828,-1.364098533751673
21215,0.3784699090961002,-1.182791888919958,1.9700734060176832,0.49311766796479684
15335,0.014004367445003121,-0.9134466623994031,-0.6876853651220529,0.6552516994589026
16255,0.8356563347912874,1.5583240088052535,0.8730850059562995,0.16352963006064394
29415,0.9218494395924507,0.17910132870698184,-0.5083061900048611,-0.36313747849667666
18215,-0.541646744290179,-0.2865309542580062,0.2732042286013496,0.4807542517131037
6895,0.204082952597367,-0.189241614262459,-0.47464206385746105,-0.5564917180452311
775,1.6170351153677633,0.05822268949099863,0.4948659482680927,0.9936016424306341
4935,-0.3705402525872364,0.024112311720424648,-1.3354759305873494,1.6599717498541557
25335,-0.12896493274530427,0.16217151226070387,0.08874504005195606,0.13372569799031472
21575,1.2914891063291725,0.13946014700086842,0.5366831504041186,0.20750750630851061
27775,0.29310930450232137,-1.3259070407946079,-0.9440104405309943,0.6075625109531838
29895,-0.8180156737433741,-1.3505875052496117,-0.37950988091311294,-1.0893444154848326
2815,0.414970482819117,1.213362797335678,1.5672185251740387,0.9575931422967041
6095,0.7741461930471903,-2.1656353477611896,-0.7137300304146008,-0.42622199546317546
31495,1.0639267058754596,-0.5166346515863849,-0.06899439580464738,0.9202417171327112
10255,-0.15859103285372195,0.23413832373800686,-0.4062752794108723,0.9416274175152856
6615,-0.5129829789982162,-0.09674307081064054,-0.422522583811577,-0.550758596537324
29455,0.31533396295779903,-0.17752850741379872,-0.5400011738569149,-0.21452696175511907
27415,-0.655722695051551,-2.323051198965795,-0.9135310958959911,-0.062136275189176096
3095,0.11606930456123853,-0.38587044156873584,1.8010237980890496,-0.4902598428101349
26415,0.9045451146547508,1.9898510257391242,1.4796479991402594,1.0108606672240181
15575,1.532802641617297,-0.2599632775737696,-0.3012419019389927,-0.5965587261081488
15135,0.1617548757276688,0.316717132420534,-0.25377117685001055,-0.5268522296612833
19735,-0.3481587611813272,-0.9198432681793308,0.2885811519970117,0.034692815154459176
2855,0.6871903418596754,0.6185719594675269,1.9308673302109702,-1.073525193741075
95,-0.38964177056179594,1.953581069421695,-0.7555699290830954,-1.1469192025782968
25735,-0.10096575082154949,0.19102733335826996,-0.1522119393593395,-0.13949706810927356
4255,0.5832152367877564,2.1219940617363755,-0.1850002438559957,0.42652390713627925
8415,0.45278422487434233,-1.2248665317836624,-0.28736926682869113,0.22338195734005428
21295,1.947524027738772,-0.18230195696495227,0.46218891216553853,0.8076406312980805
12575,-1.096545244629955,1.4332642989352529,-0.25629709558143443,0.2729308204952629
20895,-0.526109566493271,0.35528245420474597,0.5028943071083025,1.7881143888150568
25055,0.4273694318485882,0.2843867427023252,0.5438501229035134,-0.8282663130334882
29495,-0.38817938069915564,-0.05761996158410088,0.26916279698570217,1.8570784060042138
29215,-0.5264314876907699,-1.2088230338903545,0.12760726347449108,2.2900736159465716
14815,-0.7514682579509722,-1.1747098358779235,2.10448153119413,1.594824651882306
6975,0.5143385838421325,-1.09549565163121,-0.4438178109445419,-0.9260536791576794
5415,-1.008743500595687,0.7391669931249625,-1.741154324170654,-1.1157331948596285
13735,-0.21576414203342248,-1.5498480230637854,0.02443339106239182,-0.16283076223779547
25415,0.1426311816285131,-0.40982223039500043,1.2760011709754417,-1.3348382386873925
16495,1.2030331770083211,1.4160824959756275,-0.12213962455619179,1.6008239701931746
9015,0.15611110055197808,0.4976841942810625,0.5614597080545876,-1.4493437627414372
2895,-0.8319649866207223,0.45538899929155896,-0.0805874756419706,-0.18603962742519842
2415,0.9788765685267989,0.936990725463905,0.5194836948995883,-0.14482171297038846
21335,0.9993458043974015,-0.3605683352857126,-0.03545054722430363,0.23352840018416973
8335,-0.5087605718759893,0.08070546631591358,-0.15559867086134813,0.3288484589673462
23215,-0.5995785889943417,-0.6237149717225183,1.030543874462549,-0.22670962552184615
9055,-0.47824033481304373,1.494368614021303,-1.6110960850307654,0.5027028455326641
31535,0.2742407967877056,0.26344645798971056,0.9231850542583773,-0.03824308251600275
24815,-0.07733053862142115,-1.6702345818316846,0.3837562442692819,0.29275882986859625
17255,-2.081759270142879,-1.2295324888516603,-1.0000576825144105,-0.3044398125089225
23015,0.114991970963536,-1.272903597479335,0.2754353685092197,1.771248604687471
16055,0.12539683957654216,0.5159301640917636,1.339149415320805,0.21772316657989796
4975,-1.19419731663747,-0.5291879489591229,-1.855720049577788,-0.3223904110203808
24375,-0.2552968948556624,0.6099147999548793,1.0350095767756882,-0.6845000300217157
1015,-0.6823906186837587,0.197599038119036,-1.2883492533067469,0.13643064001416896
23415,0.09792457227516727,0.4310928264903437,0.07850512717942622,0.4259416798518813
27455,-0.5467691090573836,-0.20024568668392695,1.214765219740011,-3.11957936877003
8895,-0.6713739008900178,0.7352955836167923,0.3022351064145591,0.38373251261677266
11135,1.73046976601609,-2.0726055468406344,0.15774352063825348,-0.6437862450428675
17215,-0.29398732734487243,0.5683393683708705,0.11934825572531152,-0.2740477949255897
21375,0.22716170655773837,-0.2019999282277851,-0.22546066108079152,1.0773583883188769
25535,0.27202784115218515,-0.6040514134825008,-1.0284005037829305,-0.7215615904493591
19335,0.7010365982078479,0.6859943377915853,0.8600881803580058,1.546568635734626
15615,0.4027199492840804,0.5718184969711977,-1.005671667977611,-1.2656754748994192
31895,-0.4881759166443452,1.0892969722312205,-0.6883640811426075,0.2743465495185537
1735,1.7263436127587546,-0.24910456788210947,-2.0095558649523957,-0.3093703330170781
17295,0.9852695956310963,-1.3396881232123863,0.3434120562172751,1.0530348495792512
5895,-0.8431114490702984,0.6209902077114748,1.012329048993424,-0.9269525187047855
9335,1.736476366507685,0.30046723597388786,0.14663301842753554,0.0871808287133086
14215,-0.9746479300765625,1.8402072078697038,-0.49563742219398493,0.6013914326532941
5015,0.34947023733974664,-0.41920707905233723,1.5313431710098657,0.20187562302276002
22535,-1.0749290829686378,-0.7831153919275515,0.10409607660663958,-0.003798786285415264
10735,0.44072085277695566,0.24664981524848517,-0.23077095781353282,0.25138369265521887
13215,0.005913045294567009,2.0844030679427576,0.7103834465187067,-1.2337880783050645
7055,0.21157858833028592,2.079265666271232,-1.5510794952539828,-0.04000592591444396
11215,0.50179569209428,-0.15237583028800897,-0.3444928932094998,-1.5540558691276822
31655,0.30772966318782163,-0.05690268685195905,0.49715551853595924,1.8488630861422106
19535,0.7076570015849482,-0.4747283085620575,0.1358372296834742,0.32529535230140366
10055,-0.08966510513743374,0.19804936577989585,0.010796737316074195,0.10422853891233932
23695,-0.6173013104374856,0.49470320573490084,0.28959886672620516,1.2604288541367656
17655,-1.3355534734159609,-1.0321223981568302,-1.11996146028661,0.7113358661399463
19375,-3.1158673217861925,0.1637536852890786,1.2859398621047182,1.6605677210458258
32015,1.240736876369927,-1.169548695448735,-0.6603361118470965,-1.5414016340553645
4055,1.6908245521147172,-0.47070379957107916,-0.4977088332789329,0.8053887123998157
7095,0.8244928723924333,0.28120504558095044,-0.2519370238961448,-0.4270377962819566
8215,0.507590115410844,-1.4034676059244964,0.2909819763448605,-0.1064020023988665
9375,-1.678327938013083,-2.6511766930574963,-0.8072394680537712,-0.6244809172407103
16535,0.6252235216831079,2.063571889946503,-0.9169955566912797,1.2523167705825078
20695,-1.8424546241928432,-0.5445491629477242,0.02185306786770171,1.8056843845436419
5055,-0.9949245886067217,-0.15694671297314186,-0.5285888292125704,0.38429024356207725
29175,-0.4354332405325526,1.648275326126962,0.33753497811238986,-0.5455444932437428
29015,-1.2163235235375756,-0.29288857018555187,-1.0488992456880497,0.5145151011472473
23495,1.7545548693164081,-0.03552943213552472,-0.2402320110157729,0.5440169826675011
13815,-0.1893734561131403,0.13327769385077637,-1.141961649798785,0.22948095887769895
31695,-0.07314645656139972,-0.034163191874755305,0.06266638513142095,-1.1781906053348048
30175,-0.34966476162056936,0.2562430989017096,-1.5321505818620782,0.8185233872323074
9175,0.5594798111349848,-0.9996522302061153,0.5019200323060978,1.9633733434805947
2175,-0.10113713521557395,0.46145575674410333,-0.2360497686429836,1.2473846423869182
23375,-1.3232513362187717,-0.3060906105973842,0.4634306412604442,1.0924671293225061
2215,0.7533917771867452,1.1113618369286573,0.5246119836511268,0.5924311423551701
17375,-0.11410714271192983,-1.7616003233129016,-0.08529959923728138,0.993897603159761
10535,-1.8267483993164386,0.5177855465153196,0.20786275278866206,-2.58336871048783
18855,-0.8320134085342057,-0.2894332406104355,-1.1029283893888826,-1.9117458900616515
5095,-1.1092817617342559,0.3908420357304915,-0.5183777429159333,0.2508197985805501
27175,0.2736337346509493,-0.31015954598551015,0.33486487482744137,0.8120736700507376
12455,-1.0724176906958403,-0.0014865176047883259,-0.21737237229157555,-1.0334388325681836
13295,-0.6084539486839952,0.39671449765802763,1.7967845320176015,1.029221105272335
7535,-0.5116525605668115,-0.5856291387546002,-2.0786439444544023,0.5136078187664047
11695,-0.5875913189227314,1.8559807828436996,-0.529211503026947,1.0450952292856035
21495,0.2272100869324656,0.539062734873933,1.1607406826784943,-0.2710444465660189
20015,0.44568610222742466,-0.6105169877453699,1.5382999257871126,0.653986380431422
22015,1.3453439884787228,0.027272651371237036,0.6225671484365469,0.903013747248212
28335,-1.725758803307198,-0.4018750763915822,0.6459844708545015,0.21934693165449232
19455,-0.32270213696013117,-0.16255907143253503,0.29141893464561613,0.4025985662513729
27655,0.9947594709095942,0.3307548971825187,0.33142831005291273,-0.3823465862369033
855,-0.4536805869403765,0.32731124310414855,0.34111458039822523,0.17840974289488803
21175,1.6129878207417117,2.289562759830558,0.380249595464326,2.4186510695483676
15375,-0.3684818112390032,0.4170451385407703,-0.0690556078686291,0.5782494733340074
13335,0.0711855858429189,0.024542991582711123,0.06963026474551816,-0.355514319123053
20655,-0.4902715953950721,0.7461056332357172,-0.7255532824675647,0.6987887577323983
14015,1.5674834462410503,1.5595412248471916,-0.17268607789048634,-1.392707782042467
1055,-1.5026567389669436,1.3536987781888752,0.17774759614856825,0.11646682774485287
22335,-0.8568170824790553,0.4012141103423051,-0.3383971429555039,0.9621261509924071
29735,0.42732923472920087,0.10482931729773863,-1.0272668801670584,-1.0887980784202251
4615,0.5168295903297095,-0.9914369425748896,-0.14195210284629775,-0.6806333407908369
2695,-0.5675606041117446,-1.2647590412071636,-0.6437851615772423,-0.9154107168406972
6855,1.016905899553563,-0.6351522192508996,-2.1271216605815537,-0.8167635743583177
7215,-1.4476743569615074,1.0554016357340343,1.257173419447547,-2.2208995006175307
5175,0.5116616441560116,1.061055904994261,0.13905315975603078,-1.1814483784078298
31815,1.0441248093799818,0.20158323343867748,-0.2802876892444461,-1.1847016576184752
29535,-0.9767286000364677,-1.1574848762717225,-0.12909200642352325,1.5064495719571913
8095,0.27524838171782556,-1.847869341730886,1.093793014034985,2.117276408004098
13375,0.33679299002943985,0.30403562246710475,1.3702191972521114,-0.2163902752755123
11335,-1.049492286131985,0.26046328589849277,-0.22955677529458768,-0.10079129279157789
28855,0.1935851448600743,0.11412438995628661,1.2749401698485372,-1.210425744243079
29775,0.24554621586429007,0.8274534206195379,-0.24496492020397406,-1.5286836610440768
30695,-0.02073795662491934,-0.841042581855844,0.2773423594611083,-0.14770762818007757
7255,0.5647195271475541,0.30014613084796565,0.17479142784495952,-0.7190567156826453
17495,-0.743611807159709,0.7324343212826798,0.1691678988484765,-0.22645964830592527
28175,0.39748435873083654,-0.10661135228808033,0.24357955362220723,0.895365216323239
21655,-1.0882213570556905,0.9341554863910071,0.10838422779272505,-0.6269966155799906
15455,-0.8016871366489431,-0.7894184488906137,1.0949431172806061,-0.08636234829291159
3175,0.0889281331714727,-0.1657629141470437,-1.1559367022445615,-0.9187234768805397
6175,-0.4480226332108148,0.6209301650891481,0.2243101717485587,0.536580206716458
27495,-0.8382981450286534,-0.08807405987077113,-0.5436537546040942,0.8329578675032082
14495,-0.33373985951095697,0.5178955420730571,0.6895116256017482,-0.006695266811980849
21615,-0.5025582581281016,-0.16905792280281093,0.4244495083366203,-0.27216520082849055
22815,0.6064385119340922,0.2858442936629626,-0.0911625437685058,-1.9150541098051217
26975,0.4962800366697553,-1.5200634178481882,-0.5903320368128868,-2.542791549897313
31135,-1.4504105065826631,-0.5970928511292274,1.0664368203779486,0.10615017127795161
1535,-1.6633595593107162,1.0261531878517718,-0.10250128946476277,-0.14972353789208617
29815,-0.5727386772271278,0.4312091210837489,-0.5620515863895001,-1.0582097233512526
1215,0.7641584863066523,1.7181578519935312,0.4677197955997695,-1.0548638104008783
17535,1.2331361977757709,-0.5261503480937951,0.700526675907902,1.1327814998616599
19815,2.967194730416382,0.31656553824008016,0.300378695662166,0.24881248356738644
5255,0.4156810114087446,0.28801485355165113,-1.1362110992020644,-0.6995581357012636
32495,0.6969223808606251,1.1716724531679164,-0.8708545899833725,0.7443650894114912
935,-0.42113316901925296,0.885255071538022,0.1295040229478628,-0.8669111159071008
26135,-0.22691303652242983,-1.2903333184178587,-0.9664922267345696,-0.6749211688923746
3215,-1.0224064823654224,1.1686259545229047,-0.8850576837776163,-1.5924278099957985
9855,0.034306592109068765,-0.36949355882916657,-1.6840494825546277,2.1033230918310766
12655,-0.9717401800221135,0.3986846700392493,0.05369092361389833,0.2736692937272259
16815,-0.6449642875010052,2.684400727293171,-0.35500279619858577,-1.2539204375290955
11415,-0.5169847087453163,-0.021488086123851228,0.3361432257481687,0.03312047840964575
25135,-1.5137564088855118,0.7084061882512278,0.23122760011323823,-0.046445472613725274
23535,-0.16661409546684375,-0.6884366858303399,0.07715628692884188,0.03925867025528983
30575,-0.3904396787881411,-1.0360732320416521,0.5956100054068936,-0.25633240288906245
29855,-0.11553110419191492,-0.8042647202135762,-0.5064899369966294,0.037590207231228384
1335,-1.3167277308684708,0.8038062472965192,0.043564248542218756,-0.4839016893383388
9655,0.14898911069757215,0.21979149930465378,-1.692404923784643,1.3914853843090387
7335,-0.883721288921499,0.9433276945978781,-0.15636526577390603,0.9127853278283038
4295,-1.5658791999678343,-0.8439479075251146,-0.3909802053860469,0.27495023166096
5295,-0.9447972417479157,0.4807087534293571,0.7525282075450459,-0.908515569055431
13495,0.9644027849148931,0.38585035250805216,0.4735193642473077,0.28605993022660064
3615,-0.5532683761618546,0.8144283133500058,0.2506223349917971,-0.15511504291630396
31935,1.3095609189048372,-0.7208740589636821,0.6208449797861246,0.29486973971297137
19655,0.493291806637659,-0.48495867621230054,0.09399132675539197,-1.1016770629551584
15975,0.3436619584584546,-0.6236236305630428,-0.7228509242669643,0.1056600442716895
13175,-0.14633609413875512,0.15934150793319318,0.7691123847529335,-1.273360906105592
11975,0.8588515986472403,-0.21979831159749172,-1.1752032851390686,-1.934656997175824
27855,0.4236588149410757,-1.04291079050847,-0.11342800052513019,0.6473605924526165
8815,-0.6319783605178839,0.20490437173211246,0.4250202694724321,1.2214403674503602
20295,2.1770771166059917,-1.5072420088366054,-1.50260761601404,1.0856495367428771
24455,0.8423848445563141,-0.5335847184602378,0.7188878216571838,-1.5884147286813437
28615,0.17225682231118727,0.8199847491324403,0.5366352346099584,-1.2273422159921255
25815,0.40543653612552144,0.1374350360358455,-0.6032243168356556,1.8008596447398455
7375,1.8041865301126216,-1.070430408876061,-0.012058204725502831,-0.7645997442542021
8695,0.8320570415075116,-0.9805958414068209,1.1382425280667756,0.8896978542822287
4815,0.8645002035003624,1.2020133701860716,0.13357442376348683,0.40068566220572766
13535,0.15810407566463183,-1.4827936159883643,-0.6070623280282693,0.2558607548879024
13135,0.01832032103017217,-0.5941017208851839,0.1840389797805803,-0.1512956561622412
21455,-1.1305215246318203,2.0532953553294075,2.437383696688007,0.4488714467966079
11495,0.04644529263624559,0.9332431799939164,0.13064331723644412,0.7051627776891753
32295,0.42774285575441556,-0.11649598770811519,-1.3882799571374194,-0.9943061685575431
19695,-0.8750795673525573,0.7751383094108122,0.3495780121797046,0.9119147430249924
1815,1.1643636185367976,-0.3704341999992971,1.1656695513708766,-1.0721850795045396
10135,1.464593550610986,-0.23594168665934168,0.7321391823143373,-0.29579377765893067
7415,-0.278664279123738,0.33575606728453533,-1.25765788691716,-1.2935502948224589
31615,-0.07852513059929989,-0.5220774959995858,0.19462968525175464,0.12804686114889507
30935,0.7112919577350459,0.538346078236722,-1.6743742175112386,-0.3004297996623399
25855,0.181124912764894,1.54073344953316,1.079107822841782,-0.49449978403399797
24695,-0.08257589243389712,-1.8638911830143094,0.8501679486409057,2.059542432543349
7135,-0.12818193251412022,0.2585891559464064,0.4151003545697119,2.66014594529973
13575,2.4209845029683157,-1.0199584666753618,-1.589134623157639,0.7349489201039237
11295,-0.5268370210187424,0.7141972647965402,0.4000116469852706,-0.471087819022056
10455,0.1452874195610723,0.4657456412956819,-1.962225709588608,0.5312692667359626
3815,0.09906849583413403,3.240709941218587,0.23488215078409,0.5699565569430702
21775,0.05150954604642445,0.4823694438178938,-0.10589920963194381,-0.46119429454180744
32095,-0.9968785600777138,-0.7131401781568675,-2.5369633611539095,0.30580363319286147
29975,-1.1637357093616472,-0.039966303121609884,0.11349355002958086,0.31437778482795325
3695,0.31916883755870273,-0.03594480720106645,-0.3790536683907372,1.1932478903534462
14575,1.4485232660563487,0.5305966320756097,1.9832716534793406,-1.1603976118473736
14895,-1.3419717355880374,0.22281447028826856,0.021063152585551977,0.28949002529018825
27935,1.3859057344996946,-1.1872511663273495,1.2151110400126708,-0.24652626546782694
20775,-1.3445644638792715,0.568644091203902,-0.7372476407390338,0.7134489737114751
15655,0.15719401304433453,0.4192459540562463,0.10890042102773716,-0.525421136365515
9095,-0.7687404989920197,3.0673954120554363,-0.4938083718881617,-0.9464215282392439
9215,-0.8658757384065862,-0.03964388951403555,0.3599465514716706,-1.573737536605636
3375,1.014776831612917,0.8455441909789543,0.14378591466722265,-0.5525153283896354
13615,0.17846088478624614,-0.5726935941321587,-0.6795706855749659,0.5848391276132208
11575,0.15912734729259967,-0.7666871725670162,0.63346725911795,0.16954304716127905
30255,0.6426083122468469,-0.6108090066552238,-0.5746307882264022,0.5859097689924588
23775,1.4167610343525843,0.6053844769547072,1.2615576543288674,1.136210398114335
30015,-1.5088280563672567,1.057775812602073,1.791983871067463,0.393439614337995
6455,0.19454353863104495,0.10050988219394409,0.8543474569526239,-0.03736909041078646
10615,-0.2006283731434465,-1.0040765612142535,0.9796992354278843,-0.7465280009305043
14775,-0.25314425510538197,-0.7046961708704775,0.2041603694502542,0.022425340509060615
17735,-1.002832335545298,1.3637901557041754,1.23242811749312,-0.776437059991418
23095,-0.40530060865875717,-0.03288652274259883,-0.7675905420914878,-0.009684667751250093
2615,-1.0330266049545076,-0.6693536025721346,-0.36954968852902664,0.23281796394810772
31415,-1.492272077974381,-0.6269689965104615,0.9664382142065094,-1.9742941449326104
5455,-1.385074572376202,0.5280255700703993,-0.5107957122332307,-0.3442959538811989
31215,-0.40574176120435457,2.1923336163890497,0.08370725326785908,-1.032925668834485
3455,-0.5876206845142237,1.1843983432794116,0.1596744745825093,0.5762632024987488
3415,1.7483099451980093,0.22627194351405838,-1.2878939769401734,1.5682739789457403
15935,-0.27896461848551335,0.08527081652428814,-0.17583693341689816,-0.7114948552783789
1935,0.054488892498439315,0.307365241689104,-0.5542029404860288,0.9076175708251564
1375,-0.015422265293490776,3.658983180413394e-05,-0.8655749297786135,0.9422915522754759
32575,0.12126799404285299,0.3622052743376476,-0.3911700039550984,-0.15622787947526348
9575,0.042585940139449274,-1.8659945507529703,-0.5170599448536951,-0.8807857901045296
8775,1.1630753846364474,0.20709492650347094,-1.1767206004286848,-0.08632819881988087
21735,-0.6926160686864705,-0.9641874301221803,0.012986602389379105,0.027313966434243622
17775,-0.8609740221476824,1.7397831849756071,-0.13028351011428424,1.5302565627654614
21255,0.5803758222112458,0.9282264026463907,-1.232193525779668,1.98741439537069
29575,0.7365784592466532,0.26855314825400745,-0.5830552291536957,0.6883643857986163
5495,0.12653151308523583,-0.428982969315496,-1.7874331027474386,-0.537255373674482
575,-0.400064148969339,-0.6843006125947267,-0.6601996026568266,-0.995637280942645
5775,-0.19124112754065892,-0.27302092621584034,1.1845116817032222,1.3253216125812328
9935,-0.2570343449336424,-1.1421102646848007,-0.4737966232058442,0.16188519531775655
13695,-1.6452361113110925,1.535500064774958,1.9982845412004775,0.37714267323392436
18255,1.257370801371885,-0.8657009345523967,-0.8639646368162021,0.5631004983426088
22415,-2.317092906881529,-1.6841963312929495,1.2459613949143702,-0.2404637918793516
26575,-1.6033651074050965,1.2321454850720037,-0.3045553663157475,0.05542713765857033
21895,0.8446898057403759,-0.6482817567057312,1.2650312254183558,0.09877990924867858
30735,0.9032782685440498,1.6231879666556976,0.2482544598772445,0.655815003778778
25495,0.6806309910944717,-0.2195165081906148,-0.3830107800525432,0.07870525591026445
30095,1.1577221200252343,2.766964581605808,1.4505729751587162,0.16931948585582532
6935,0.1369892157215901,0.851486698304566,0.30161621067522904,-0.5680261978832428
11095,-1.2441075191522577,-0.4977854232086916,0.9705184115934735,-0.11777413291240224
15255,1.5380422475163713,1.9832685524739313,1.2553347367892211,0.7818072802497025
19415,-0.0964295784380733,0.1841307374554415,-0.4997888941316059,1.7214800992285815
7575,-0.5890987626808296,-0.3438638022632561,-0.0024794666899492,0.8029976259115678
5615,-1.2020080874396053,0.33317881076283323,1.1232957346275922,1.0676277377356025
27735,-0.5310865389987262,-1.7388090234727256,0.11852687425470047,-0.4111733108323663
24055,0.9455668024042981,-0.8028234356231252,-0.9156886692956393,-0.3124831150036114
26015,-0.5246286566768056,0.4023685168658437,1.6170230213069163,-0.02083973324837929
3935,0.04216905352161398,-0.7086450190860452,-1.2145054038486167,-0.8877628492508521
12015,-0.7499978996286575,-0.1838903822614913,-1.1885098243365966,0.22915407210885644
12255,2.2536138243246255,2.7673636657719802,0.4997290452561945,0.046183995165184816
23975,0.3061449251719939,1.8495798253635451,1.2513544839550113,0.8309616370527286
24135,0.2688226238925086,0.4400474687550452,-0.6397930053025048,0.23221780254472665
255,-0.6126751434701676,0.9468891427791469,-0.7241170669311097,0.7811616506962565
28895,-0.5914945968661757,-1.5683333884692776,-2.0019238581018777,0.8515147852196019
1455,-0.10309738016508642,-1.6204722641865392,-0.1864548201507696,-0.007420528593666679
13935,-0.9569832014516835,0.3814474944410679,0.18740117765733097,-2.211345452723806
30135,0.8158534869399517,-0.954752090328971,-0.37089905222099784,0.16357986421262097
18335,0.18729426175256877,-0.5799868409031289,1.6463587352631102,0.7196953492736703
17575,-0.3071441778859349,-0.6846607707493512,0.754454018423149,1.385701815083795
7615,-1.6205017693104813,-1.1424497165025196,0.008823763035392928,0.36598943840772197
25895,0.9290898426959546,-0.6022807750702692,1.9747289777820012,-1.8305089287162224
30055,0.9906714614972693,-0.4660785077779929,0.049171384102736124,0.28428393023363113
5575,-1.0841103571273156,0.1589492706168739,0.067340993059598,0.6245282861698735
31775,-0.23838232726937741,1.4178918086439818,0.09580178738396937,0.9161641508355232
2095,0.5452220389097262,0.04092421294322203,0.24937052157877534,-0.7015457984579474
27895,-0.0043071062821383715,-1.5813931264856307,0.07029954022940067,1.1598184710747317
10415,1.7198127708465683,0.0008192590183791024,0.9742162452420325,-0.1851816499702043
24015,1.2981815498556517,0.47690788393901046,0.11185666594945858,0.2996676625071617
27055,-1.306077497144997,-1.3725644912491621,-2.060155578006109,0.07441432881870087
32215,-0.0931450402804567,1.2372135833894418,0.4578105395887628,-0.884293956331564
1615,0.27034452628516825,0.12078722786789348,2.3283152669139104,-0.8739374001909563
3255,-0.1882155097136285,-0.8150086729778585,1.4107425658608155,-0.9002596215770101
19935,-1.3686534394265322,-0.6501265140281701,0.2760903160622026,-0.047364476620307606
15735,-0.9131453241069389,-0.2370558924850193,2.031777781343708,0.08714734861520759
19895,0.0010547322539618265,0.4596500616185494,0.5759845270640133,-0.00791121578227078
28135,-0.5580749896010897,1.01232868443239,-0.25432370975163127,-0.32868337037095596
16295,1.6994571717840705,-0.33534724126875354,-0.7655643601139462,-0.6132216300400086
15855,0.10522471575252558,-0.7086679789470667,-1.3241498860376015,1.5573598441695897
4415,-0.7814241612533528,0.7351018491326483,-0.00011575291458504637,2.718146867934309
12735,2.422973777293931,-2.0536793630566503,0.12667740981982462,0.550719447327562
16895,1.056314811145607,0.10347373229198287,-0.38126697107746765,0.14009069583075737
21055,-0.2901803963281202,-0.2578146445667798,0.18857136845015274,-0.8241756289035936
10495,-0.1942390404809476,-0.8475519101590834,-0.5394328764061617,-1.191161864303853
6775,-0.7018657704321605,-2.109443698868984,0.62567334305833,0.7454218114872677
11775,-0.7979050487343176,0.01044438715928939,0.4315415060410691,0.9151156387605622
1415,1.0086748802556387,-0.6413893657712056,-1.0353162799303888,0.3224685952359311
9735,-0.9189131526972706,-1.4869143221220826,0.6194109715300493,-1.4642810271710853
13895,-0.49042575833496466,0.8159495473000371,-1.5201679795951102,0.6560633006569666
9815,-0.9621158056594975,-0.4734660405365504,0.15034197185600573,-0.665758200250863
22215,-1.1228356577808196,1.126580732424604,0.1456220044288326,0.6709130789505243
7695,1.642469454949921,0.2215115726159785,0.12091186647348325,0.9117095650054233
26375,0.42186626010769257,0.3996991120395958,-0.42000441039508907,1.0653156430813666
5655,0.08249007013606395,-0.807866626274155,0.5711554454567631,-0.7273905696207229
15095,-0.15833538631783542,0.3202449057684076,0.4064709805558127,-0.8327524560444461
24495,0.645584115984882,0.04127482879682041,-1.3839465381630514,0.1939659734456636
10895,-0.866620262351184,1.8701088031376598,0.943498109253129,-0.7587324447317257
15055,-1.1573148256521895,-0.02323602318674613,0.05784073601007861,1.7272504749792619
24095,-0.3198706216782124,1.3677233305591783,-0.9835840949333402,1.0034729683309238
19215,0.5859495709644327,0.6261423746277247,-0.8402222401285264,0.6126769824577655
28775,0.7660425714399066,0.5436640339021276,-1.339106499245222,0.10530432525566998
22055,-0.11361276373750202,-0.42481469357888163,0.051601543440417584,-0.9464049016934338
23815,0.7500208050815514,1.630770811845116,0.11478137147549981,0.899978466221806
9775,-0.6590127445770386,0.3777194339093604,1.4526914665843418,-0.7345051628044846
12055,-0.07533740159667525,-0.8770219046235236,-0.8688716437958568,-0.09819774449633539
24535,2.0917595535908773,-0.4788073300368072,1.5811540164661617,0.3326914442269864
17975,1.369896892811619,-1.2626500508828087,-0.5796613305974307,0.5721073711468228
32855,-0.8143643128822653,0.2950900913809811,-0.6312117367019973,-0.07654145533672688
7775,0.7469637121575696,-0.6584379640252065,0.20144452880739927,-1.133074486850805
735,0.039720190317086,-0.0006827722847336046,-1.1787154901730788,-0.7468663407994028
5695,1.3582036925212626,-0.03201114932184325,0.37771061703142034,1.396528485549155
4895,-0.5052516745997718,-0.4560559764901846,0.5721896739418809,0.7264500158320772
3655,0.49559938855148333,-0.5327680462575133,-0.557532108615046,-0.9539958998394232
1975,-0.892570993401546,0.15442640511362565,-0.5879496954774653,0.3622974213109065
11855,-1.6428032197334186,-0.22146698294785244,-2.1910104229421234,0.6027916589262329
31735,-0.3027246964063113,-0.10290328938404181,0.12211429241902426,0.29748980317702467
1895,0.9221768087170817,-0.8977927393641213,0.10015859656740302,0.4921846196493778
20055,-0.015268076488217567,2.0385266190649793,0.14917090411071868,0.11913467158408647
16655,-0.01964458733629162,1.0303230348409276,-1.3276651194429863,0.2844294629845339
26855,-0.9789295617891757,1.1852237640748755,1.5066097563533667,-1.0463952145374955
26215,-0.24452186982425825,2.58820692985229,-1.142281144588246,0.9190357744550653
21095,0.8407866804392161,1.5870780595730245,-0.6212767369031701,-0.8606249820810383
15535,0.7511999488268574,0.5205124361085097,-0.05072929016211234,1.7450963324644522
24175,1.1073865492776183,-1.2719494352958476,-0.31470825065394403,-1.2773962395388576
23855,1.0406343536727916,-0.19475280348192706,0.06261539624521972,-0.9393904888688619
32175,0.24802799837975098,0.692118319164649,-0.6396854582081982,1.8350760012940643
32375,-0.2673113618583672,0.5672375603969897,0.3374253967589004,0.5220808487256087
55,0.8367053655289466,1.0150517815406948,-0.3262271972525592,-1.6417889048970973
20415,0.4278338971191551,0.22312812862141587,0.07879457626456468,-0.8310713922903754
20095,-1.2481015788266752,-1.0528121662754044,-0.4245539451967255,0.019080802217034232
20855,-3.6196078758478083,-1.0278482501518493,-0.47420831066186714,0.8131293788220321
18055,1.9461907594974657,1.0426079064872766,-0.9643392178657911,1.2950409480899356
29935,-1.0285961924500817,-0.34049612356942993,-1.6870311645185694,1.5788976499375913
14615,-0.24697812741559277,0.20868370205550044,0.06367015562071136,0.319867755061043
26255,-1.6501746514072322,0.30827664283703293,0.2707722759964244,-0.6769706245125543
9535,1.1291108065421043,0.5487701540819907,-0.8943522016474134,0.12272699804364597
17855,-0.6137643461038096,0.2426769246949368,0.435945425673834,0.7277753270019497
3735,-1.1229655749194571,1.1903712417997685,-1.9585166531382217,0.47943753077017226
6135,-0.41242522213613864,1.6094372748931982,2.4338797931485154,-0.606639393546587
29295,0.04269580107461015,0.19120335873717895,1.3007506916029061,0.09028173287799218
32415,0.8932554935508861,0.1941773594588398,0.2972767500346209,-1.5593560565904865
30375,-1.3765923511606435,-0.35581061620102894,-0.1964988503641851,1.804430308932847
14855,1.4691967622035744,-0.26762892487685075,-1.3488209650454583,-1.118473957114797
18375,-0.25057196800070236,-0.2870373717189418,-0.6492869159113077,0.1538051815942711
23175,-0.8977382981484102,0.4216665037254326,0.31099234721998414,0.006685011676465867
18095,-0.9108038386186675,0.9875130256801964,-0.8736731429290832,-0.6820647833422797
10215,0.07159553206015534,-1.037025320641802,-1.110572116415734,1.9881478894198048
3535,0.5273181363488166,0.6381954148931648,-1.6559754350030815,0.43577727011787626
26295,-0.4245912871485461,-0.9024641257065442,-0.40293462114636747,-1.8856876632577464
17695,0.047492277233474656,-0.019593773886310756,-0.04498984685061344,0.15719050872990314
16015,2.1317343541418334,-2.170570625426817,-0.37074993758960634,-1.7551981731555877
24255,-0.5166120912537507,0.33600083784658347,0.31671051811493284,-0.12606028999310248
24335,0.5381519328876483,1.57519551488782,-0.9329803703731671,0.387863034695242
32655,-0.6106952813188364,1.466823793328414,1.0054330875297048,0.8342153429956699
32455,1.045329164859866,-0.3399001946366405,0.28124835363548645,-0.43747733760165886
27255,1.1523279351982045,1.358186677669536,-0.42477086850307194,-1.3869952707638773
13015,-1.1202451218558414,-1.2024305170841865,0.1494457964197002,-1.3637512538413141
27535,0.28201687930643743,-1.0166064437023343,0.8541864971031466,-1.1562845520952016
28415,0.32119152746203206,-1.145281512520139,0.6246011883401741,-1.5653045881177217
7895,-0.18713006317340844,-2.0352354071787206,0.5957729609493597,-0.8355407988713806
975,-0.0757208435565143,-0.44079752005203165,0.03158024844896229,1.2915746876620864
1695,1.1670001556978291,0.24443483889384532,-1.8559970945489273,0.19362329287462457
16095,0.20676282669581958,0.3496285119412018,-0.43096752812246936,0.09225386202350488
14175,-0.2573622898573097,-0.5093002117500209,-1.9711817587838836,0.567945883800877
24295,1.0579988842309997,0.6432623332730327,-1.22126538830212,-0.6015824724190444
26655,-0.34236187130835594,-0.6753531060517038,-0.3675349976357167,-3.1777055300890855
30815,0.023383986915939237,0.30887488179815514,-0.8908526398451564,-0.09509429614347285
31015,0.5065172450413844,-0.5877756698886304,0.8341655878860875,-0.5233783024497721
22255,-0.26046717043286494,-0.7562219753714688,1.2818655335813953,0.09677359150239268
7015,0.07269568829742384,-0.45645231109413936,-0.29973438821748,0.9143675023032253
11175,-1.8087129205467023,1.2189599000363507,0.26385832437865075,-1.2423855607915684
9975,-0.7148151989019227,-1.0310940113791012,0.8077295471425824,-0.022764298750220055
19495,-0.7310183527839644,-0.08101195590064184,0.6127199523816786,-0.7754175949318718
25215,-0.6318857921966065,2.141911860630459,-0.0384505964794433,-0.6428356724555424
23655,0.7274595967863653,1.7218974082814105,-1.8729892721678363,0.5467750746727387
7935,0.29966168092294926,-0.5372080330892886,-0.29244475294199973,-0.44894531596592685
4015,-0.6347375531742583,0.9427045320742413,-0.2826340591200044,-0.8378603575167676
16135,0.14323996463547833,-0.4048381522193354,0.5260368608193803,0.4469838574870533
20975,-0.8160620540651227,1.86508257845386,-0.30582329780010975,0.3827020572267393
29655,-0.18373205304351695,-0.09465918950671638,0.49718588912169553,-1.2260611245700266
14095,0.18246433440595464,1.4580162144494089,0.070280851926261,-0.18174634530709738
32535,2.0784547885358498,2.4469817245837064,0.46320931115856245,0.7558118192289963
18735,-0.6507651471227719,-0.8951523244496038,1.0255926105073219,-0.08120300717449827
10015,-0.3355473347887275,0.3396370663362632,-1.1270056930478642,-1.628949213235906
21815,-0.624062454461179,1.2882447232767151,0.35736482640138023,-1.0131454937263904
28455,-1.4104346735806086,0.39883323258330117,0.016784762785090862,0.26706782124213296
7815,1.5974310979390034,0.13571707451049245,-0.3871016758095092,0.13955759180439276
6335,0.9212789483566742,-0.8734722949022338,0.0663468471023082,1.0372602389180245
5935,-0.014501257122474303,-1.289505037134445,-1.6664607088586114,-1.1551499075164857
14655,0.4624959434927309,-0.3032405225180936,0.6619504872101859,-0.08950185378667916
3895,-0.528057891957125,0.09628860590368224,-0.6711123035149816,0.601265371337702
31295,-1.8631605075550077,2.2740084155113354,-0.6424391837491934,-2.240503079860111
22495,-0.4803912461866589,0.32619566249405607,-0.06056441237069656,-0.41639559130727843
19175,0.8644956500005824,-1.3985461924769709,-0.022870017030322813,1.3544953430853306
1855,-1.2624323151312773,0.234352132926847,1.6151115986627094,1.2092567722862884
3335,0.13666945888423843,-2.097610534786267,-0.1924309236499217,0.2696660522002029
7495,1.5483576372134187,0.8859804596475838,-0.5521796426011216,0.8944263743327641
15815,0.2506995794166627,2.2924517807513936,-0.6431875883684305,1.079248174329193
30535,-0.9702457473032292,-0.7430215048505935,-0.2902165916884052,-0.27695155373985064
16695,0.583599562552765,-1.375452465414276,-1.2240032024377492,0.6702524895120151
28295,-1.3671455162399033,-0.43331100644997533,0.16673090471347296,-0.8769601934636665
28495,-0.43451378534620216,-1.649783358747664,-0.28450180236233474,0.25340578318299684
335,-1.2196302744929686,-0.0941129446909189,0.5210553340800269,0.15906585402051454
8655,-1.1361840502010436,0.7763760048102855,-0.30204166982854164,-0.2654868771632165
5975,0.569275329830964,0.3376339535010629,1.8286898941407177,0.3454409141109311
12815,-1.5715156670354706,-0.8732824273213048,1.5095937984229142,-0.15638615393778862
16975,0.529398959172706,-2.1815387410214,-0.2546927388646497,0.22097136935696943
655,1.0196301676341997,1.38640218234681,1.040412056160234,0.6077848802856076
21135,0.5558621108171032,-0.5604521136909602,0.953321675417023,0.4186379578445533
24415,-0.08776879137849629,0.44467634891028196,-0.42390275423702567,-0.3822346259686345
1495,1.4474658396703193,-0.05824203857510453,1.002927195239187,1.1745348228688912
22375,-0.4446915856688107,-0.23637756509038269,-0.5936476801170707,1.3249503481506804
25575,0.18292182454450065,0.37827496777607045,0.6289084592742148,0.09795912665881104
13975,0.31659745023555536,-2.3366093955302967,1.2926544804933815,-1.2695622134507225
22135,0.006668853234044054,-0.04576653746102682,0.16661414820860254,-0.8335742368625285
10095,-1.063688867182019,-0.06998702524118859,-0.3365415238302206,-0.6778096132845232
22295,-1.009658822091151,1.2053535578963017,0.7401661551676678,-0.13632945390783785
26455,1.3560455514787217,-0.0050272789467280775,-0.7577061794355789,0.8062301432627563
30615,0.07177843484192668,-0.6646863204131344,0.13497974012135006,-1.6847242009134196
28535,-0.6593794728562586,1.4334177647449495,1.5917656562275238,1.013130478652395
2655,-0.06797282412302852,0.8273748391169862,0.6581943044710811,2.584624143229555
24895,1.0452578016398477,-0.7439275653621379,-1.5843928707974368,-1.0637022360948967
10975,-1.1839607222740063,-0.6434335495295631,-0.9188747877410478,0.4646057088315108
26495,0.12391688715131978,1.9263936144864675,0.23354513121685683,-0.10126825537601782
19295,0.5099279711106202,0.6722691494448766,1.571143687083066,0.046178627746131344
23455,1.176014369992283,0.014501507697479992,-1.345326356530847,1.210521151631377
27615,0.39247014743591707,0.22330216451709056,-0.9369554634666664,1.0191900078456304
3975,0.06631511989406957,-0.0029493263397673934,0.7205400036955054,-0.8073659305972007
31975,0.8223268775663287,0.6349779967153221,-1.0897785363455288,1.8997045947706264
30455,-0.0003656815372482889,0.26841446876635866,-0.2218943224764027,-0.7236833123468921
24215,0.900299238133117,1.555345216908502,-0.1939972217189465,0.5895554064207712
12175,-1.50662120753392,-0.5842999946874831,1.1576506980095738,-0.9854380057674859
7975,0.5624230155754858,-0.527410819930594,-1.0777705438863237,0.5279776285252606
12135,-1.5333597955300682,1.2218879431975505,0.1418969794599324,0.211191310548014
20375,0.9525612411055999,0.8389423169386911,1.7156935743509212,-1.2858046321199417
24615,-0.9900863566086082,-0.05701065129567836,-0.1633631065673542,-0.6490462477662402
6655,-0.7114719056874373,0.7033718762814049,1.7386014236865026,0.6745119510593653
3055,-0.5703597272897317,0.9063449054416488,-0.4172566261616233,0.6952791975916495
28575,-1.1484462727890778,-0.1859555252478143,-0.4843002456133989,0.3947057327630305
815,-0.9929861056886204,-0.45034549604748564,0.10238953290954621,1.1598586669040107
9135,0.3932467438977545,1.9949834679907452,0.1650635975490442,-0.4845526237190274
6055,-0.4956651151782309,-1.4116291324334478,0.8302869653769531,0.8164475302464477
17455,-0.9496779788045571,1.406549275890565,1.8166770189070465,0.4563975459291054
22855,-2.3762373838383355,-1.3489697792535023,-1.3955196562377534,-1.0904238644208029
25775,-1.1757885204426768,1.6505088636332554,1.085767610858321,0.3190100224032449
14255,-2.033609548806929,0.1771917144526044,-0.12156490708930112,0.42794698725430924
14975,-0.5499327969122041,0.1933224388952056,0.2606675945443886,-1.4451239549008226
22455,0.03580419159189403,0.11139214354416382,0.07925178303586168,0.4769651792082227
27295,1.3492279158790363,0.6344662399972549,1.2690213150878868,-0.6569684208531225
18615,0.9237782175220017,-0.9972279160017237,-0.02140938096983145,-1.1075800962727447
30655,-0.3289535347020513,-1.583340962274547,-0.42328512250905925,-2.0481108222104414
8135,1.6624305527069723,-0.6867664314098547,0.10420440913627348,0.3171228170709733
11255,1.0419027222486685,0.27697664867213184,1.08741125071212,0.0656119617891422
14455,1.0242853743161633,1.3875944011622385,0.42462137727627003,-0.7607029138790785
11455,0.4595165533357703,0.646191255318665,-1.8334427316311528,-1.4415214381815138
16335,-1.5463891919613082,0.8268822816759388,-1.2582514292094995,1.2379288588317818
19775,-0.06893507711092474,-0.9512684001558254,0.15156394125636602,-1.2410893258905407
23935,0.9302545720819922,-1.1565306026517213,-0.2791516710456441,-0.42944818461787554
28095,0.9189920949477475,-1.2806267769728181,-0.32468166041209645,-0.5793573080784131
14295,0.15469889500906384,-0.6280891198180664,-0.24241313041516865,-1.6921259716120167
8175,0.8883191566377711,-0.635103680653199,-0.9450487282851175,0.3632990299813306
20815,0.9686076973633403,1.5984300345017892,1.1812941972999154,-0.22929227838697874
135,0.37902346890479416,-2.0933846940358047,1.39401397308256,1.1602535726047414
2015,-0.30684055908418034,0.14469162328128934,-0.8484097379003829,0.21362574591542932
12615,-0.6061761341446124,0.3450572503692768,0.2321777290264757,-1.8209605773703184
16775,-0.3322790323036696,0.3441443169434464,0.19526100467703808,-1.3857684469484612
20455,2.657160630293939,0.7356105843712306,-0.9586228932942649,-1.7453713580318364
15015,0.671816920808128,0.6234878174885672,-0.548933598670519,0.5758371886758374
18415,3.1059330724660343,-1.9808558878815412,0.5247058410823031,1.7617081004980444
1295,-2.0024993837653065,-0.6354418257156187,0.1706773997749069,1.4259882465725153
9615,0.7143561236936424,-2.053787470842229,-0.5259231719953366,1.6986926122016162
16375,-0.6771578737151518,0.15638810050324822,-1.488215791062692,0.7640065663198623
17935,-0.0948724814621198,0.014882487759522164,-0.6876030388057293,-0.7365249915725649
22095,0.7636868329641583,2.2971747197603647,-1.867845314723479,2.4086184632294847
24575,0.7067819699745805,-0.5527726425160445,0.29948146772528633,-0.8394425069775625
30415,-0.9789796793882424,0.37124181321783833,1.1030455944660995,0.2818886200226255
14335,0.5096690998645058,0.03142447757164192,-0.3385791549384279,1.085975998141046
