26405,-0.9196738487221304,-0.7478988630300671,-1.198360393706049,1.4965211537715335
5,-0.18917772873774086,-0.5102574119365187,-0.6933183418774348,1.3398096512402746
15685,0.33547758411813206,0.09919607999259245,0.4236401393627969,-0.7462800592942513
28685,0.7360834428502713,-2.611134734599218,1.2196607243028648,-0.2055811573441348
32325,-1.6009890026553117,1.0376417188786282,0.5647000220382465,-0.7207666877802333
26285,0.5124309170443492,0.5197347661269164,0.012449507614828935,-0.3299454851784564
205,-1.0690804035846577,0.10294265468526287,0.14427233460684966,-2.193290057413727
4365,0.42383312434620807,1.054754078350125,-0.04228579998442053,0.43136389802070413
6165,2.156640199965516,-0.2411998232102002,-0.1287543666223829,-0.9601370817045878
12685,1.7743907940503576,1.477312544416968,0.3320652284226852,-0.5340512157289762
16845,1.054194999098853,1.6763320194425795,1.0026044455533532,-2.6173327982282495
4125,0.2967839956306115,-0.6444122288283938,1.3118573732923995,0.11077481405696926
5125,1.8127696149362875,1.0154791923750044,-0.8250765442924834,0.492650329166744
22565,1.2404821454379384,0.15091779317897056,0.2801990866368252,-0.4190500494830802
13845,-0.7678392721407281,0.19058489027890077,0.7739768364861331,-0.7254543967368117
45,0.11349439991355824,1.0364267285896176,-0.1437209903085999,-1.6300214706773692
19805,-0.41798897368674326,-0.5375301488790268,-0.976354517074718,-0.4870714755289261
28725,0.237067325975188,-1.8631238173511762,1.4390945761605582,-0.6656357823863617
2525,-0.16488064584849946,0.7683258318664492,0.41460388565997863,-0.8836806385770335
6685,1.2064634645365842,1.744175116010081,-2.4112534100915215,1.2822462974225923
16445,-0.523912135368734,0.18160525174912615,-0.48253553797508836,-0.57851996444351
3765,-0.8317854714607422,-1.0452412002746763,0.1108283138044006,-1.445059441423143
15005,1.5349562057029542,-1.2101728643866692,-0.8323196473329226,-0.6261951534281207
19165,1.6745516104515996,1.6166926830148338,1.118506668437731,0.03757228672982857
23325,-0.8740572559940234,-0.25986090869344053,-1.5317728105033461,2.0221851659921515
14405,1.2298632312496636,-1.3309853008219603,1.2998653679075547,-0.39208539475434473
27485,0.9725700573468516,0.07896664957540299,-0.4836028613716974,1.1755516833638768
32845,-0.28708372280175537,0.12389194291047129,0.9684772931856914,0.820984554576759
3685,0.790935429218612,-1.0177051327830915,-0.5576215204852133,0.23085022290154314
30805,0.0665953782871184,-0.14434660151491824,0.11805332748171951,0.1638439497568337
20325,1.0915798151696987,-0.25934739601838475,-0.07701781252987337,1.010906992402578
18525,0.7796942307542292,-0.18701923583297236,-0.11764263386440199,0.18016743584108824
28005,0.4386068973869332,0.3889945209838428,-0.6745289426089093,-0.7216876952943013
4845,0.9913388629056217,0.9378273413146094,-0.8693784328537297,1.1386467838607626
16485,-0.8323620048325607,0.3448913177185187,-0.36908550094833886,0.45305444346835566
4205,-0.45876697678335515,-0.7752813474343703,-0.834019695714559,-1.6108621827508478
1725,-1.4575888587245838,0.9544596923400962,-0.5129756633307108,-0.1867887077661322
2165,0.6985484314505819,0.4705820658855707,0.5420337254230218,0.18457050848859416
10165,0.621362646480153,-0.3379087281110705,-0.8851229932304718,1.2251670630687546
20605,-1.2113258602992372,0.9204892983229918,0.5921836601427538,0.21194545946255908
21525,2.4280835892556025,-0.08219329012703204,1.1152310917326014,-1.2693180802744408
30965,-0.7292749655135047,0.5933687814445261,0.22827311390241783,-0.7397648960711737
18565,-0.48923667151393085,0.4191764629150367,0.8579957658825064,-1.0086998006831618
16525,0.44036806239609416,0.17931207134678145,-0.05015931311587672,-0.3221816036769806
365,1.2641433991629116,-0.1222151636896905,0.9384218717387739,1.282070490411125
19645,2.60192428753094,-0.8876023183484057,0.3248572571608838,-3.1593833575141583
4245,0.14422671299864462,-1.8693236417710797,0.7087568315310024,0.35021783668861967
30525,-2.0732397726254312,-0.35215702947173144,-2.0850817826565042,-0.039313770918052306
22685,-0.9970505984089126,-0.28719394456678526,-0.6631538796489451,0.9476491294364544
4165,-0.8177106456791261,1.1195033638033483,-0.5523773941083752,-0.818732243813261
4805,-0.24766381858412834,0.34812377995439336,0.1660658918002805,0.02772412892945543
8325,-1.3152100450065578,-1.0713530520741565,0.9325755369997341,-0.888923670287734
10405,0.749451935138627,0.0010560440402098273,-0.8544979183002154,0.9809111915459855
20805,-0.5693530103826951,0.8642975696913638,-0.701796261275572,-1.5470803468848744
29125,0.5994846236690706,-0.8021510564950847,0.6472261164045245,0.2828830768372074
8365,1.1038392193453,0.17426242437026346,-1.362409787059852,1.0622219713621337
24605,1.040018936805348,0.009489185126406669,-1.1460392840623337,-2.0347508313352356
5325,-1.321747415523715,-2.162799989318541,0.7057086912381086,0.6314226447651293
6325,0.010065705854344041,-0.1366566255221363,-0.10629158351223042,2.035497241916833
13645,-0.5766752711935269,-2.5301187335806907,0.08574177377276392,1.1875642281665773
21965,0.5461726836069617,-1.8301783947785386,-0.7646334279222659,0.6411272078157679
26125,-0.704405260815745,-0.9190802959245709,1.22815305155158,0.9678314126265165
24765,0.5239053532315079,-0.016169328323606146,-0.13706963122002552,1.115011553805462
29045,1.4415900102174857,1.1870544931827707,-0.2728351057064451,0.21636242827364546
12485,-0.7740264339989642,1.6556799929545936,-0.3986328067169289,0.3076032161343041
6485,0.9245862900476952,0.583546049999675,0.8120845137023148,-0.06251231349841099
10645,-1.5694729681563946,-0.05640882508798294,0.4018858548742674,2.4329958346485747
10285,0.7260163006696168,1.0068165976235437,-0.5670882063819014,-0.4614710112890394
30925,-1.1270261601836358,1.2070324608887295,-0.45147588690686713,-0.9727680655049292
28365,0.6295889108299793,-0.9930749449201206,1.086524004589909,-0.4117644387906221
27285,-0.49900915639236776,-0.13893357541909215,0.5235262705182259,0.22341877111538597
8405,0.11371637013864565,-0.17382028675782513,0.6707364546827718,-0.7891845016225628
14445,-1.7298155939081619,-0.14504815849694763,1.1756180285222875,-1.2665662869744068
32885,-0.6122129805916886,-1.8705735666994656,0.6897998291677689,-1.5540595048170618
26845,0.6234165148713489,0.8037079277707175,-0.31642423787917756,-1.1475154385928725
4925,-0.48365732547309165,-0.38265836468564346,-0.502012309718443,-1.1473557297147408
12325,0.10879576409924668,0.415552535793322,1.0624219260156669,-0.7575145476407783
24285,0.8088885767709637,1.3485543543948197,-0.7831913982775403,0.563097551317729
4325,-0.7048348769349396,-1.3069892731620505,-0.6653049938763902,-0.8307281094705184
2285,2.086863143037055,1.0967896667760801,1.319736337482428,-1.7597176803538435
8805,0.29715910284818575,-0.9763709682711167,0.42625698742561546,-0.26181715170219505
12965,0.16347846790102052,-0.11749723657246644,-0.9640516956800353,-0.6763853956619592
1645,-1.7554075000659928,0.6256881539656524,0.029911320311979017,2.121358905794875
17125,-0.268529338602159,1.0724624403819192,0.040303005641943494,1.1279845553289045
20725,0.14830954761109807,0.8431040754582823,1.7488913816504106,0.08980992357150692
25445,0.39107907702782546,1.1101777828529527,-0.3427148950440382,-0.29197021479928736
29605,1.1148973768599377,-0.9592879485977115,-0.8528374505586134,1.4630155462787577
8445,1.6235954128640941,1.3361543210548115,0.24687156696083867,-0.9415024141858843
725,-0.8409862427444733,-1.4334627459466946,2.1084086884709823,0.06062741119329977
9965,2.0198937753106514,-0.5434580101071804,1.5103657171736646,0.18405869409295703
26925,1.3842770084408655,0.497925355050434,-1.5974730244644246,1.2943414094215657
16645,-0.848980470440457,-0.6690450820121645,-0.9118540233900401,-1.1322686666340143
22445,1.9711468541785928,-2.21548533614421,-0.6973839024308401,0.8801412443184556
24845,0.19141535602610515,1.5240332614535888,-0.6108649311277303,-0.4437359583735542
20525,0.3539524078136687,-0.26051668125863586,1.4313692899244477,0.7249514879570768
22805,-2.2627931435959687,0.3097478581610007,-1.2664975363526727,-1.7714250598488124
11125,-1.1575032115566621,0.1504339139591147,0.41146909562372036,-1.2966456378988864
15285,-1.7240901902579455,0.06335717665479539,0.22772656124130997,0.04148846780396219
285,0.4840761054995677,-0.8516266551779125,-0.4499774998208606,-1.0073624172988247
30085,-0.09806484112579392,0.12401513299935608,0.07606199913280574,0.32368261892518224
31925,1.1227727761789492,0.8696453224543327,-0.5830498742311206,0.18375615517361418
7285,-0.08914106883143355,0.6025870943939324,1.1461829398809644,-0.221955680659933
18725,1.5944382972068,-0.6649766751961685,1.3280748851025324,-1.1223215939577955
3965,-0.3036220896988943,1.5615741569962698,-0.8711983475897275,-1.5059806254879995
6445,-0.6731611260253357,0.7454841323120194,1.2729127277853798,1.638921236935226
14045,0.25206737795991024,-2.327381807144032,2.331971785893433,0.18455201479990238
4405,-1.7484177366127478,0.6592041991398625,0.949403400782632,0.6799919300331663
25125,0.015332847651439054,1.7149524485061196,2.039559124433819,-0.07735819150435233
2365,-0.7147247673986241,0.03567576892350329,-0.39598318095810087,0.48814460866778125
9285,0.08492801312716819,1.066010645364261,0.20281161252139943,-0.5379016130016528
8245,0.19315796499609025,-0.5479834230867596,-0.5288531251036027,-0.005610025534943242
13445,0.13791905073916857,0.4553645028208286,-1.611886888705142,-0.38012934973578016
21765,0.8163002782789499,-1.3486866416084284,1.0912964799387646,-0.5499220332779844
325,-0.013707667089246658,-1.031723519639803,0.4384419883410356,0.6671608877131072
8525,-1.3878360981279934,-0.24470749594929989,-2.7952531646341265,-0.3217369733747522
2125,0.44885285455204715,0.45168915619637784,0.9013401926640813,0.2793490151923829
28045,-0.7437882583478914,0.07933276681827103,-0.732801862484191,-0.5650479835947033
6285,-1.2399139928650875,-0.5911723388351671,0.25255587623788006,-0.6736812718283791
10445,-1.600574585793283,0.9370942300934966,1.2881859569906375,-0.36622263155396995
26965,-0.6094825747731168,0.2554974065556247,0.9700631057091511,0.9127706661468993
18765,-2.1739194291856485,1.2006103284493002,0.123032178810379,0.2742661511236754
27085,1.5717504792717996,-1.1104314303984144,-1.0794533727732403,-0.6503163266369549
31245,-0.7148822039429044,0.8254106081800614,-1.5609958788489884,-0.005084621238746346
14685,0.9822355317671668,1.4833980826039963,1.1902634841505475,0.02552449032351913
12005,-0.915718066953258,0.8083188066393464,-0.5150048600722027,-0.09364490851683419
3285,1.00644602693309,0.5338207794132301,-1.295306647514535,0.5034257093008818
7445,0.25091677011182156,0.13328712577738197,1.683934035410936,0.18666975956192414
2405,-0.2529487980271043,-0.20651447493444833,-0.005037568763952047,-0.044908795835760525
11605,-0.8922789644907965,-2.3338185214615312,-1.0923502963006126,-0.25925054315820395
125,1.327405703355297,0.6460989549584821,-0.42009295521251466,-0.25215664696710305
10605,-0.450396367813899,-0.5525968271617766,-1.6157090036005346,-0.3060681779857016
28245,1.850650912213335,0.4330435611962447,-0.3593508712838396,-1.4289949597379548
21565,-0.8049409976613464,0.9958989905133588,-1.4962388502406163,1.2329122075457843
8565,-1.2016051523871085,0.02183959946065695,-0.7350551291842681,0.4274000260166093
4445,-0.0005040919732341637,0.07032892908714493,-0.6159784029936158,-0.9658568706294082
16765,-1.501072886791411,0.22628235155634008,-0.15107913476727997,-0.4148653452200071
15765,0.9379461295275121,0.14066411224595587,0.15590223895362323,0.2316809767128632
25245,-2.0497994648598827,1.5557029061452894,0.1453406423022995,-0.7673177506187283
29405,0.5963850468641254,-0.48973228115783035,0.8868242493883186,-0.0564610488354784
24965,0.3212540961874849,-0.07351068053837877,0.12412878625292381,0.36666125171569175
5605,-1.107892495233194,1.1350422022024897,-0.9667639858126543,-0.5163346366466112
22925,-0.48271936739660787,-0.3266634918425106,2.354873705640758,-0.9886847931714253
15085,-0.16316297975756527,-0.37729484019194864,0.005514148001487716,-0.11646592592751472
22125,-0.24638081782241683,0.5474023172632466,0.0630622418210719,1.2959947004845547
20885,0.45972270210677285,2.1258268701489893,0.8071460531973539,-1.1303447172965984
12605,0.07181404971566044,-0.20195671526439204,0.9371491859496855,-1.5646536846496435
8605,-0.42898944631601604,0.5559964198884018,0.4422246483074236,0.044712896033194297
24645,-1.1353526861327854,-1.1099724480247601,-0.1447299141313116,0.8937363439464059
10925,-0.6202319024299687,-0.017906112783702854,0.5826028569205466,0.5177943119539072
27045,0.5863565619562917,-2.1233671355359527,-1.1181994471937973,-1.3853108080793348
23405,0.532677859242175,0.29927270623064745,0.11686487583339726,0.3474611393332402
31725,-0.4179166265493471,1.0517481857515039,-1.4054803652472083,0.29576479576522446
4525,1.3428138717138698,0.08015530456122161,-2.59351928410067,-0.6781680425221138
3485,1.3809259224938126,-1.4875118366013047,0.14470579763545866,-0.8706674565049148
7925,-0.9051086166210258,0.9592327525582761,0.39264036617520404,-0.07364797615174497
2485,0.06859385694617529,-1.3166690382016153,0.010164819918206764,-1.1257042716482857
16165,0.2483476921503353,0.1855993284723871,-0.8279686856064311,0.01615346298298185
24565,-1.1621123494531291,-1.2165768416041451,-1.5368403028080682,0.3513366288846043
445,0.36435175146791154,0.1816635572560604,-0.7634572626882695,0.36025243575534593
2805,0.16229377346757914,0.22075009788625266,1.391767965795086,0.7970685830310394
18885,-0.47104274988692607,-0.5355090372769487,-0.7957912113004172,0.8893561356493983
13245,0.7101129619568959,0.2223336197270933,-0.7204753570587626,-1.3237840047607252
15565,-0.25021630878128126,0.8246441638295005,0.3006683664575147,-1.4090927698773907
17405,-0.4847201377511869,0.9634292726657834,-0.3980565098371214,0.024138124879866225
10805,0.050753230248479275,-0.9328174702021044,0.6913097386157655,0.9435385326693367
6605,-0.8525267483072534,-1.3496307603234117,1.5312997510004716,-0.5068009127285413
22605,-0.5011292297312169,-1.5693315838358388,0.04226870345834434,-0.7638207487706337
14805,2.145781559496192,-0.8896891646967146,3.7520200058719473,0.12946974027628563
14965,-0.4306707582492009,0.4657076007062039,-0.30565956000533356,-0.9085946902370015
10245,-0.05611470981167639,-0.24162907013964083,-0.09262517855255842,1.4216963367464008
12765,0.14929001584940504,-0.054095233788734404,-0.34580515779155463,0.7312502836522612
1445,0.7855386270370236,0.5636012598148026,1.0229849153321688,0.16209269651421002
22725,1.1557725585784104,0.15186018210298827,-0.48252450026848764,-1.295994549401553
26885,-0.2622085001061023,0.6949442111452262,0.6211209467714591,0.6486316172570121
31205,-0.16858775134719506,-1.3985951179563034,-1.109985510828912,-1.0116900825569555
31045,-2.7869117234930467,1.3935106264929185,-0.013728529394769927,-1.511123300249014
3085,-0.962731168029348,0.42515039836310964,-0.7788379910160328,1.6988264801980373
8685,-0.11406716472555241,0.06940413910312875,1.57708616072616,-0.2020376508806579
21245,0.04358751620513809,0.10221362319577854,0.0266218960593175,-0.1779947255536095
11405,-0.8672802797666603,-0.22343098664295916,-0.4876202796726631,-0.02256139613028511
32805,0.26643139503186836,1.2385402014757445,-1.5427920476507588,0.8221761609497477
16885,-0.02456568132553166,-1.1343255152417602,-0.2375855217435236,-0.3977571328691121
14845,-1.4772358330075928,-1.7433659116129534,0.41817444854900937,0.19203777604634267
85,-0.10581010513183203,-0.3151201176372881,0.4572609756925662,1.0444026708070318
10325,0.6794862806134075,1.2380722275778795,1.1374012593556824,-1.298646669550596
27685,1.0149446392661783,-1.3062175911027487,-0.6326666989061028,0.7205956121185437
12565,0.644164393655758,-0.7168056799979668,0.7979302714537262,0.7204185726420465
12805,1.249447064139152,-1.3131569555607703,1.1327143822078667,-0.0628464550058264
9005,-0.8127006833271893,0.7419824712860441,0.7471026428033998,2.622170120254329
29205,0.15627200469056332,1.577383642106531,-0.9213806364497077,-1.255011028679181
21005,-0.9061667357568834,1.540256933394765,0.21732848669889848,0.7631145637485506
25005,0.064004099566172,0.14139050691944954,0.26457901041574977,0.43432460376537035
1245,-0.5598449423923848,-0.500606887194278,-0.05854713206286978,0.08354597611266831
18965,-0.0845809726496046,0.24018615938071639,-0.12803564772371134,-1.1217539815367394
17885,1.2857154211046695,-1.0206657170538456,0.47635085977596986,0.2220115188087849
27165,-0.07701445398888593,0.255397264969786,-0.10446362532555614,-0.7676198055993662
14085,-2.3052459931831044,-0.37059755184771137,0.6405175406587291,-0.3266656888120499
18045,0.040958294365233044,-0.21461435999012152,-0.26739514158166394,0.8094407637230543
14885,-0.2098389639231372,0.02796324932167457,0.08619954860296658,0.0794891518129517
6565,1.205762849201078,-0.2117310084167068,-0.15518460634522468,-0.7736012097316637
23085,0.11779134017025417,-0.06773191837888967,0.37485903581355257,0.33085323457335464
8285,-0.7181692861174885,-0.8124215888775069,-1.3857576109371539,-0.15717204688081915
27365,-1.4999029465948854,-1.1049245772479448,-0.5440860481790736,2.7222593106032305
565,-0.8396252725317817,-2.245116783548048,0.28829210127897725,0.022254509149236993
7205,2.175996803530048,-0.43813708210384333,0.07874728006591933,-0.3566322365866585
29245,-0.5912482686465667,0.48744510789577894,0.09338607454052035,-0.7602888792916522
22965,-0.5283954723425971,-0.34599974650782506,-0.13144319238294289,-0.7076765509261633
16045,-0.3235102006994076,3.1454293836880876,0.5890022937202368,-1.5017890270319911
20205,-0.40483714695603873,-1.1035343311054868,-0.5341935059858938,-0.8430520313064142
6725,0.7849488785287806,-0.6972568966495244,-1.183806290644621,0.687837457231022
28525,1.2470873352880012,-0.9707255920695257,1.0484771652435219,0.7480901789997194
32685,1.349362966793776,-0.2838484126451558,0.06271057678479222,0.28902535762062037
14925,-0.9848636825746638,-0.8708632745061284,-1.3499088869972298,1.2969331618440745
17165,-1.266267122905213,-1.5974164263429782,1.4860055867698316,-0.5465698211330532
8885,-1.0739865140989608,-0.49823547783548977,1.0944104289621646,1.0898507033843634
23125,-0.15142075167401742,2.308187517865319,-0.3501694519539589,0.8630309188030331
21365,-1.7138049631627457,0.3837479913112656,-0.6041595819258089,-1.608195748193931
10845,-1.717004122912116,0.4110879597086956,0.6749414385648941,-1.2093596777311373
31845,0.9000618962467708,-0.11466696701357708,0.5937393227706954,0.09648608496670133
29285,0.46862031246074015,-1.0077765945192274,-0.09443035219797924,-1.6601970205459764
3645,-0.6186610465686103,-1.2496277899109034,-1.187801145719561,-0.2887948355874419
6765,0.933961252621697,1.58986633197805,-0.9705139732820927,-0.9786018989628079
31165,-2.3486608871487826,0.2333961920307801,-1.5085470376037082,0.903937931507582
25205,0.15369246530389394,-2.1889158825902926,0.4622962541623623,0.09161215399344025
11205,0.1626905329552345,0.3920419325165276,0.6041638002056722,1.1499455117828299
2685,-0.27987390661371814,0.07009110424236,-0.8724020066348569,-1.0231022729455288
15125,0.21450324867315887,0.05693176952576007,1.5755928236079721,-2.2550210716096095
27845,-1.077647217695954,-0.08090315935185248,1.4726212567304198,1.717911185649962
18485,1.82671038428665,0.8973352571497422,0.22606257420003803,0.7900718519172534
645,-1.0412231621460712,1.0455322580608197,0.41628093405615235,0.3239829419662441
4045,1.8073152545223339,-0.5705028364612641,1.552220150859001,-0.42861672620760327
8205,-0.5198218703346994,-0.9825522043329712,0.05528254582457628,0.14108620017562132
29325,-0.5519452243718808,0.1365492940530509,-0.3764207698036488,0.4634633029901754
12365,0.7779842846346647,1.6516237769041333,-1.310133801646155,3.9195409105872847
24685,0.23861231245592873,-0.5856023590172331,0.19191322096745714,0.11095960036104834
22645,0.4129277880713698,-0.04608194024876863,1.2508864725112097,1.418652734479249
6805,1.7408372602754032,-1.437716770145198,0.5328096893724591,2.2795402023352707
4765,0.9188042445833116,-0.6819841641972141,-0.9479597701982851,0.1508437869842273
13765,2.0868769540000627,1.895245181779766,-0.46117183625323455,0.4583435761386464
23205,-1.1973248072685778,-0.8119270728159759,-1.2504352075931655,-0.30538224194120867
26005,-0.013209142945006337,0.34732896751759956,0.8666058737695018,-0.7827044484532757
685,0.16634150860107008,-1.306757671994311,-0.5900386954816617,-0.9512033641863367
28445,-0.0746677470708665,0.13389349350787622,1.3015328279742482,-0.7091707299241441
2205,0.8692675867983054,-1.2697427420409895,0.4528963683769194,0.9804229470014196
6365,0.8993612609091217,-0.0793008693494593,-1.0177739908482246,0.23133120588484465
19125,-0.38892160141609633,-0.16836532714556895,-0.3594460404708777,0.2893134246639147
18845,-2.52284245310968,1.4848594066908243,1.8272342882210753,-1.192085168407304
23005,0.22501157436834235,-0.3395879571734109,0.26418933140394874,-0.5046257452267188
6845,0.5875564131654082,-1.6490468319902445,-1.6893279608633631,1.1950954075740647
31325,1.004302689095543,0.9965820262188316,-0.8553701012528785,-0.9828562885592816
27765,0.4120423382824824,-1.5368436306478084,0.1641483087898307,-0.1895489558427673
15045,0.5014750041440295,0.7891550036974899,-1.038675398229634,1.2783702444950944
7525,-0.6029042104313318,-1.062166000836422,-0.8621990393509918,0.6494201184673207
11685,0.7980082075998424,0.791287049251165,-0.1354845675303633,0.2972518594673531
13005,-0.2327724389579457,-1.5015118771580618,-0.9755527629595017,-0.17577934645420848
1485,-1.526723774293652,-0.38474253458744595,-1.476810255854573,-0.05922375731530476
31445,0.8804601256746829,-1.3135763889661702,0.7773228715593647,0.6859562254489918
15485,-1.1058300654105928,1.8975734413047887,0.19879818605508282,-0.5590658471105989
8925,-1.312732259069378,-0.0037544974317560305,0.5561069653603458,1.3995827220985835
11045,-1.4623284165191253,-0.5940663384616772,-1.3856460128488524,-0.04907450487198606
21165,0.36432559748684656,-0.17774680437227486,-0.4626522669981809,-0.01550021350278176
6885,-2.5474668779221705,-0.13731129565489117,-0.4255262719730342,1.1930881565183111
12085,1.0573027149502006,1.8601918971051496,-0.5539318349788616,0.5254315786478279
25325,0.8356968187498053,0.6925355939171353,0.4285813359592865,-0.07695964288186348
30845,0.28859606705794444,-0.6469153082764574,-1.2021888347689766,-0.5689066132717399
14005,1.710649196451348,0.7352220043484806,-0.4946016695352239,-0.7023104299662529
13045,0.41957579215721946,0.6705900914061627,-1.4056928710794867,0.02344660788368302
26485,0.4951318048394084,-0.919325309069581,0.00862808900190546,0.1496678570832964
30645,0.5428041868320845,0.9347957965566471,0.9943685756592341,1.0970415551980233
765,-2.842731325843156,0.4706332775739941,1.0166532914122304,-1.3035111629907445
9685,-0.43837388929166293,0.8466266531204968,-0.6318766363338892,0.18735395586622927
11005,0.5711422432000139,-1.2858468638777287,-1.625090323537318,1.1270371252273466
19205,-0.8138984171817572,-1.045413470153019,-0.7787747461755081,-0.08534447328110639
23485,-0.28725637859342507,1.719331249760253,-0.5019105518565545,0.12494558626917714
27645,0.17413164262063563,0.37256550823476015,-1.5969854712541567,2.52085332813637
27405,0.14310407015255966,0.5709998807846834,1.2053892907886679,-0.7475911000787919
3885,-0.6109596248010796,0.9946595138720946,0.06694245149894158,1.2221764854687154
32125,0.36352248070589255,-0.01161741688999092,1.2081318036477076,0.5326208607925335
4885,1.3141417676959135,-1.3217445333801991,-1.0148888300592314,-0.011222111378953433
12165,0.6234473303218567,0.8132970816659028,0.32897053796654274,-0.3076040708233896
20485,0.11326166487289449,-2.0779199948449083,0.9431665307569951,0.16150235357894863
2845,1.2071758514271032,-0.34974060141646346,1.388769925382136,0.8775057441338789
28805,-0.2639382100207604,-0.9996096464798133,1.9253983979641636,-1.1978945984987734
21285,-0.08698602842506135,-0.6718459510083202,-1.4744688911737112,1.1440037043173248
845,-1.0139987121690566,1.088331856979847,1.700706616238816,-0.6074016535592197
5005,0.22342764554926067,-1.1087375389244225,-0.389750444004931,-0.10214298435919224
19245,-1.621983452983555,0.7058477299690131,-0.3164675578252596,-0.17333246790947568
28125,0.5663870848512158,1.3254625847048322,0.5983221476393338,1.2406110783162634
25805,-1.376827469174691,0.2290388331016549,-0.058899090734849516,-1.4032727644194964
29965,1.5224173766165574,1.075028560700576,1.4968714923010253,-1.2274772985070528
6965,0.19577300391538538,1.0497550846673451,0.1235281457630527,-0.17022421144121408
7725,-0.9659160240667249,0.4805865274640715,0.02392673134350961,0.6308068891596622
15165,1.306070576991097,-1.7894352257634283,0.23255819935851957,-0.3457876215265503
1845,0.19376370688931668,-0.15326815483807887,0.6998439410525829,0.8979688796630306
18645,0.18789777477997163,-0.9075454642624865,-1.5553722357664896,-1.0764953363130607
23365,-0.839881099876999,-0.13278667484537832,0.6108167414276601,-0.9621889560876282
11885,-0.14776586346277484,1.0328121513218989,-0.16208683686147535,0.9002797436870821
31125,-0.6046475154669486,0.913790984899682,1.6482718119932669,-0.17946243330492084
30325,0.2727217402255531,-0.12776620082653192,0.7398904320519486,0.5957665067293995
21325,0.6101244618071124,0.6927293213132683,0.0786786622597756,-0.39440193874708696
3165,-0.3950297245830857,-1.4745291549267838,-0.3602476355635486,0.2254707777353859
21645,-0.07227361688888845,-2.042021754170268,-0.255846909474434,0.7081330137360893
15645,0.3246535477863767,1.6469627604860728,-0.5292576307492863,-0.07891438250135736
29525,0.10167523234751656,-1.1154021610480591,2.269074983257864,0.5802117155224354
23965,-0.7818307731363291,-0.3338574305828459,-0.16805774737722926,-0.5576798939920293
32285,0.649383983145991,0.6940175090187918,1.845507754480608,-0.10116527280206043
7005,0.49227712021147624,1.4704551321323056,-1.8519143804748357,0.49750744845275124
485,-0.14481730204103968,0.4133246018098832,1.0022310070681562,0.3189885708318107
165,0.3082674705671658,1.0868823684547853,0.10578350727216382,-1.006350737453619
4965,-0.2360036794183655,0.7250090724829811,-1.4668142802946305,-0.0503706912881435
12645,-0.5880900355612526,-2.145685027417872,-1.049256460027132,0.8291898291000325
20965,1.2790098429147543,0.2693656326738485,-0.37868120465377125,-2.6574661032661355
13165,-1.0954320555412589,0.4002594709611851,-1.2718152651628674,-0.35681081097035294
20285,-0.677038347439221,0.9114225976776811,-0.4147435829787754,1.446437649477875
24365,-1.335742802590935,0.10308358835726134,1.1316625310362676,-0.6448038597580599
885,0.12601678312621653,-0.6867795451905931,-1.0766164494312753,0.8864528092984544
5485,0.7165111309584985,-0.3068311830585044,2.2166556936266995,-1.8940010329270789
19325,-0.25032812193494514,1.1812532522847663,-0.06192369969537855,0.05885691224347654
14485,1.7960499654785134,0.5773549379743559,-1.3586507164459372,-0.220935712780852
17285,-0.4803513362785871,1.4366399196446362,0.1635626211974515,-0.8519877686546384
6645,0.441236095606981,0.22660839846040876,0.49197400440744854,-0.8993931059410455
25485,-0.9384669222094537,-0.25528076317186166,-1.0386121966391288,1.0531612571909876
3565,1.4144967370818136,-0.7172151067716173,-1.2193350027806908,-0.4276565128577562
4725,0.6165397899763136,0.8411339496135124,1.719670912589319,1.4027205588099332
23165,-0.637111661590368,-0.9351844602511862,-1.2653582145587112,-2.1426583148302147
23285,1.187689948791192,-1.185443802428873,-1.007159949520607,1.1036746809434352
23445,-1.101667308681735,-0.25203730957261666,-0.7898202387318827,0.8219657988223384
31605,-0.6120762496848173,0.03347632798072449,-0.7321282545659313,-0.5955343422868918
925,0.07084096514731279,-1.7653679516737175,0.8280108341336857,-1.3228618795553106
2885,3.1776443945930755,1.1150847542472542,0.49549555505631254,-0.8267537945954229
11965,-0.46556104492489164,-0.9160320507926081,1.6005649158907143,0.32931294949923445
16125,0.1165846617124784,-1.4725504278473514,-0.1043273191360941,0.8041586632715103
19365,-0.6750869813997928,0.7171062130160234,-0.25116600226201247,1.0657928648798074
24445,-1.1111950526575567,0.7763307711325035,-1.4066855578264545,0.34707626226773575
32765,0.6374501251462643,-0.4685487531756758,-0.6214789851249328,-0.8448681066213547
27565,0.47886833656219674,0.36042980103535105,-0.11841826204471474,1.8397898192551525
7325,1.872686559778039,0.9287051491648483,-0.2983032971355188,-0.216082816567877
5045,-0.15303734510942282,0.1640539787686857,0.2647005162512424,-1.4810129135785493
13125,0.08522622267189973,-1.2920331500092948,1.4572753005035068,-0.526977258440924
17205,-1.6170085707053394,0.42599218314287235,-1.7667921369482986,-0.014340689665562853
25605,-1.4389045575673378,0.09935378680646219,1.124087058841013,1.9566437641390768
3005,1.2636952315045695,0.1698501186836709,-3.0250621463760345,-0.7556904836151453
29765,-0.8477403939564553,-1.802146966151272,-0.304562566344453,0.5140105324396731
27125,-0.007636633321074317,-1.3007751649390555,-1.5128848807786148,-2.1869428410148473
1805,-0.9158714605432865,-0.8033288415119947,-0.8500224683632769,0.8069985869666164
31685,0.36559957443556873,0.303684835237766,1.5073774103919686,-0.6019473227406127
10125,-0.6210474773400294,-0.044887049080643046,-0.9351398074189935,-0.6108291629695216
14285,-0.11853857154788244,0.8732881326342881,-0.23804465797630345,-2.2207597127060965
18445,0.13408721959019115,0.5744907338478469,0.8205852399885554,0.03326565996534444
29645,0.26202008629425205,0.7866005930691351,-0.06546585806363016,0.7719599546100662
5965,-0.8125148982901703,-1.0067201574973073,-0.34246840574471316,-0.13817956798154782
26765,0.28757542950542403,0.8214977082893149,0.7177714269242345,0.1364333221243782
17365,0.8991190919260231,-1.0672287539718153,-1.87237594256752,-1.6849902317771628
2965,-0.11781372318211225,1.0714319924571352,1.5329982847090964,-0.01802442970694289
11285,0.3916689213305897,-0.5109207113405758,-0.11226797956529411,0.29785824842761205
5085,0.5660028141036357,-0.33050135365729916,-0.8784356967038478,-0.5649241300817432
30885,-0.7551849595397833,-1.165108964898953,-0.21055960397678383,0.21247127447737557
19605,-0.9593437075341311,-0.823890954718263,0.6125264322088607,-1.757543653348858
23765,-0.6324377928880431,-1.3930871004368541,-0.5005420123056541,-0.4733559199130196
27925,0.059194232992567083,0.37741647336483,0.35038037580232767,0.1945425357772026
23525,1.4911418734084636,1.12045816363648,-0.47206496857546304,1.3110150181379987
32085,-0.9861417536128722,-0.7663850705095507,2.711411337320878,-1.3357729859856577
21485,-1.3327053494308254,-0.06758316918308743,1.663217764620225,0.1509652447045307
25085,-0.5199007417199168,-0.9648728032088536,-0.4711145321509167,-0.30679443646602883
12445,0.9191993697845192,0.7958624620474742,0.8307085709015051,-0.9185528753420144
16605,0.5844515655793074,0.8599239338354995,-2.6604122673581108,-1.0437787206948859
20765,1.0592941464642118,-0.7105205395866999,-1.5282227753179816,-0.7666989005211939
29685,0.1920314927423294,0.9109771390182262,0.7942265073865196,0.45466960043387894
24925,-0.003650775782764965,-0.9681484501744207,1.1005284787333858,-0.5491927372499364
29085,-0.7715452998560441,-0.5636754786234147,-0.21887783421396495,-2.418702407187805
19565,-0.5141054309907002,-0.35603122064173137,-0.03652178572511099,-0.9061660529112523
7165,-0.16139429323300505,0.09412293901826455,0.020982204084760255,0.16969595395875176
1125,-1.076454822306096,1.6454782908784977,-0.5895127528174001,-0.3496726445395435
5285,-0.5990363505563326,-0.7019236716347931,0.15542066610338026,-1.2678250723078386
15365,0.8818598936155873,-0.48492164009272243,-1.8153380215942774,1.8442199044331715
28485,0.2692857710965314,0.2757247139968586,-0.6838813379950238,-1.258394937205578
26085,0.13260238911587563,-0.9172824167068533,2.0376858914714027,0.04127736774870041
13325,1.1264115044619234,0.09896952471052924,0.3572702190228851,-0.40987494707785777
3245,0.5480164707982359,-0.17305565807178921,-0.0978246808291902,-2.268875822242747
27445,0.11640047592089678,-0.5971667949067887,-0.26801429590245457,0.6396625633186394
1045,-0.9710367425159682,0.6634770655785517,-0.11079718917139475,0.11748467273686937
18925,0.5363319152026488,-0.15427646659823369,-0.6043782825371442,0.4014509359840592
29725,0.5736135755367975,-0.23001887834063747,0.5327248064008919,-0.4724060698241206
28165,0.3232303254052287,-1.0311953816991901,0.6969246577513598,0.9018617234960561
31405,0.2509906764842933,0.3204029951464714,0.5104377333374961,0.421009679108273
17445,0.0859481719819322,-0.5053991941266035,-0.1587972155145198,-0.6141457249066915
3445,0.7700808206098645,-2.361843234497194,1.2012412193000768,-0.479369006069736
32045,-0.34543271253322816,0.6938607012014274,-0.8141901475781166,0.30363965329799936
11765,-0.5867227010310995,2.1636062602353814,-0.3123490972214499,-1.7321665130420079
25645,0.9270513795223027,2.3545744637473254,-1.0593300520728537,0.5684120785222413
17245,0.3008036754102734,-0.11093775850710208,1.221802156069811,0.08722772058177092
28405,-0.39257618487649043,-1.8251056238839651,-1.011502865061109,0.10161944171072941
3125,0.5155604263593002,0.032387044991986365,1.5309684915664905,0.9485878891503027
4605,-0.1827727837772101,0.6175930524416904,-1.3860512262188065,-0.0929921560683497
26685,-1.6984325547225898,1.1940394774232561,0.3180278417306788,-0.2811447248102758
11325,-0.7725585603302627,0.6571874958875098,-0.48562694348602065,0.30643396897602915
26805,-1.4727711479810972,-1.648866301929489,-1.0613963462023646,1.3902208619846281
17085,-0.10826037518022849,-0.30576403991826234,-0.2644148197327903,1.6859559339573904
19525,0.6231417061241891,-0.04903156476540413,1.0346716839725605,0.5326393360373164
29565,-1.7645200143246889,1.3350045532639907,1.9413073859469194,-1.0304242051538492
12405,-0.07422148245927594,0.4963432859436598,-0.9199858559298142,0.14953885333933056
17485,0.8526876053826289,0.032190027544732255,-0.14033253453613426,-0.8750515474358926
1605,0.11699156184261403,1.2200589012665548,0.19524142623851565,-0.5372689343785935
525,0.850463410958841,-0.933931790733763,-0.22457712708475253,0.2888214606018453
5765,-1.0335806242386953,-1.5074083560665403,-0.3680067212812296,0.8787403058832718
5205,0.40899417896650214,-0.808966193179727,-0.2110171683358011,-0.7842851140739846
18245,0.537578527554356,-1.8742561259007477,1.0118329322076407,-1.1933262809993965
22405,-0.29181830115549534,-1.9139404239935214,-0.2008402117216544,1.2935178462165329
26565,0.09236819331229851,1.1851152117034707,-0.41775737782455863,-0.09758668762913048
30725,0.92900337060228,0.9649203603686328,-1.6443376705351023,-0.29360419979188235
23645,-1.884179531014951,-1.39035943380236,1.304685578255851,-0.18014001893800732
15205,-0.5822027945658584,0.819110607326063,0.8495247782380089,-1.4635546908260948
2765,0.4854780771180218,0.3759042985777146,0.0046104103667923765,0.2492519373589286
6925,-0.9608611248794948,-1.1616171068021166,-0.572361890570706,0.9700637127198918
21605,2.419565523442817,-0.3685335221709567,-0.7248072298628446,0.35509805760508284
11085,0.25886319468463587,-0.289810344499325,-0.8505177202791231,0.036416055264566184
15245,-1.406755932298788,0.2024459251198982,-0.29926935463848137,0.21395042605654438
19405,0.6531237364219957,0.7392484123975572,-0.8222406631484157,-1.1834082181270462
29805,-0.6879105210567178,1.0349553199169796,0.645447028156311,-1.587117931566809
27725,-0.5397006349621967,-0.3526858457860961,1.4268800481555444,0.05520342558353012
4285,1.3861658916881978,0.7102500020045835,0.6144650136798441,0.7825734635981
24885,0.24090806244573232,1.6535741398277273,0.9425214468875275,-0.7926808120013786
17525,0.30028464601904914,-0.4018255427769811,-0.6215099078634347,0.13243593198566492
3925,0.04566537203674492,1.2449008183805994,0.8660218793675786,0.09548561485474452
12245,-0.2021595883350367,1.270327724570266,-0.8804644123083705,0.7101729568530114
16405,1.148892591126448,1.0472583244833735,-1.7049874154418492,-0.5410045396590294
5245,-0.1790564776407551,1.0828173893533983,0.5733297353673222,0.1157066143328977
20565,0.0031298607601129074,0.5782729490127815,-0.016027299823169822,0.7343250668523685
8725,-0.8800295534521602,-0.27208725346486795,0.9805069935318314,-0.1919881449604756
24725,0.674141531210779,-1.255013505843846,-1.196942368019736,-0.6586121040988612
1085,0.9165889073891331,-1.3097243492662318,-0.8948114259670177,-0.4145128419125941
3205,0.03811955320105625,0.8319127564046804,-0.6709023143525076,-0.6833811769892034
9325,0.19012548266077692,0.5470644546214841,-0.6950668196580642,0.8407419698635161
9245,0.5819226764150653,0.7567335522401518,-1.877195556054157,-0.2991004772463943
1165,1.1516558571480562,-1.0164391305357054,-0.31526551520520374,0.1835710597059754
13405,0.9867057952185719,0.5820435146376206,-0.5947838358501094,-0.31688771478897615
18285,-0.10370080936426535,-0.061990869111083174,-0.006526143856685602,0.6576286123048997
9365,0.04523871152379026,-0.0013841193137044579,1.4018516089596968,0.43751452818411285
30045,0.1181585725001467,0.8284690697881308,-0.7767126356404503,-0.46153893573181354
17565,0.9640412493768634,0.34127395720072734,-0.481241759193121,0.7049825848536108
17605,-0.07671198444143446,-2.3330299978874134,1.0129802323843577,0.30894331105079753
14565,-0.027837884182846245,1.0162263040576993,1.364674620148297,1.7617993677622787
15525,-0.4190420524991738,-0.601224031208857,0.18262046893601216,0.22411448575187468
4645,-0.22246395507128647,-0.7787764923869215,-0.7490977247670851,0.013248434574538361
22885,1.2218499803519407,-0.6251708712633295,0.6745014718909672,2.1638880503405393
13485,-0.9184219299091095,0.34155378575089185,-0.5462465257033791,1.0034656948664475
11805,0.2827822492016759,-0.5910948006269312,0.4448173599156298,-0.17313358175290913
7405,-1.7793779877120184,-1.2895642218480956,1.4180745787368405,-0.03359517003609585
32005,1.3726578499167328,0.41450883537301847,-0.9960477368096085,-0.13923752022185257
1205,-1.4391431089175455,-0.22282067003654038,-1.3520785349056006,-0.5651389528572656
22485,-0.6924625876858839,0.4141449216983463,1.4036539002839488,-0.5695628258495651
24045,-0.7825999875608237,-0.5640575835800655,-0.8887119664882467,-0.3131050763889493
29885,0.08451979670388449,1.3947479283960296,0.7722007726496141,0.7606673940492167
16245,-0.44602323878531547,-1.2650279628275618,-1.264895323607647,1.139820810666932
245,0.2422928816687017,-0.4913058563819044,-0.9457347288927773,0.9757434995172043
7365,-1.9572659740109395,2.1591812112529802,-2.21684140193299,-0.5997003259058981
12725,0.9994343960096275,0.6319927958541763,-0.19666295339863188,-0.4252860952455139
21045,-0.734766349251423,0.7230183073869821,-1.2966630156702859,0.6311162713942614
20685,1.2245871356504576,-0.9287492377020118,-0.6067574121033044,0.15011459746486683
29365,-1.090261259338831,-0.5289337225867261,1.4749965438014039,0.6229607020785439
13525,-1.0107129694781567,1.5732644520090335,-0.20959322900931027,0.9815692864050307
5565,-0.5121166250584768,2.703468614639688,-0.9168111408260549,-0.21323715183393535
9725,-0.3520582512997789,0.32713117849091705,0.43813297424407277,0.8596628236161598
13365,-1.1217541141266456,-0.5949465686570393,0.5581871244932401,-0.7143879283117546
11485,-0.019506279452952385,-0.47029568715804315,1.2765872443121185,-0.9944409775961777
30245,1.0988336503506027,0.39174266457924384,0.3270457918255932,-0.7234808517094481
22205,-0.28878996939684126,-0.16875272966515012,1.8666795438175936,-1.337533768943757
26365,-0.45840968700299023,0.31651376260905556,-1.585897595577606,-0.36210585581503946
9445,-1.4739904281400853,0.3026598686486283,0.9326430187261906,-0.7950766429371346
2565,1.6455149708073327,0.2557440307513226,-0.38208399804161836,2.140263283931727
27885,-0.374487738140056,-0.28645088165774846,0.056148228974542566,0.2653243929371772
9085,-0.6155512360555183,0.996722254777986,0.30454038659448424,-0.5798117958303889
10885,-2.439956468889203,-0.17677894495894797,-0.26772517666279977,0.9121633974018585
15605,0.3012127447664087,-0.5033621162790631,-0.7155110618511452,-2.2911507015856394
23805,1.4745976112336392,0.050187173483185014,-0.12202256313904936,-0.23065374255681792
28885,-0.4497609729161175,0.7386221974008536,0.41131622749944546,0.8732654344754507
12045,-1.15340785821641,-0.6550947065386588,1.0825259865536685,-0.38190255690683783
11525,2.452311175198263,-0.925198119712452,-0.09530069453614035,1.2101129091558702
16205,0.20391238993843808,1.1517857403713632,-0.16025194102232132,-0.6396040570549756
24525,0.5084803895110582,1.7025826430663056,0.08603435490567524,0.07943939459287161
9485,1.535942645027869,-1.9191096625759165,0.49344186889091773,-0.41904318665675655
2605,-0.8501339890286446,0.610116112020819,-0.9946420783339891,-0.3832107110668977
17685,-1.0805842774360839,-0.9580400811303093,-0.22861287447649897,0.475325370933166
9045,0.05343571102175899,-0.41534064793853165,0.34601022901806716,1.076590420352038
5405,-0.38977195958443134,0.08647936693311777,0.2631190536406527,0.3888582580025196
25685,1.0486549517142392,1.1360319067280122,-1.1376433934948142,1.26690235666063
7045,0.3409596974202389,-0.4832040572668536,-0.5548793483803851,1.6842809999552721
29845,0.8984041580156034,1.4662579076433575,1.0456000645233205,-0.3217689781342823
13605,0.2064998165834454,1.7132766954160186,-0.09837199620486538,0.6558200224441977
1885,-0.3500448372189904,0.5338370197849591,-0.42382778125819176,-0.17901211602890515
14125,-1.4913937858269064,-0.25791001102557143,1.6732043503991434,1.1947738085225472
32565,-0.03596692431058694,-1.1675812039750515,-0.12713305101341943,0.0379206660894538
10205,-0.1566569615825175,-0.15790639548488908,0.7835663126647671,-0.10190477485422247
14365,-0.9883885289452641,-0.23446264128736796,-0.18557304977084033,0.4151304400835539
1325,-1.2810826422704582,-1.9535543422577648,-2.915004861820859,-0.7597677513648362
21725,-0.6324408341037531,-2.9401927529717535,-0.24153722756095009,-0.32307210403452696
9525,0.5034229313781191,0.5489617606988803,-2.177663386104064,-0.18172896230407964
8765,-1.527832742697249,1.1106232240262837,1.7472149250478863,-1.7489802839196644
7485,-0.08056555063754875,0.5398488714317348,-0.11681348830054311,-1.0782880874910203
5685,0.9004080527542944,0.2215689452130679,0.699851097380515,0.034730142369561075
5445,-0.06337634923069618,-0.7586826439817165,0.22401249591271052,-1.076351737113195
12925,-0.4107561334186585,0.2565190059931567,0.4181486346640117,-0.27631767965617665
32165,1.0527202521041084,0.2969324867788123,-1.6173632277010888,-0.28029887136955023
23885,0.7231158637188085,0.87181459639898,0.10367843351645148,-0.9254600663457617
20365,-0.4327461800252905,1.508536866732256,-0.21872275744438907,-0.4942254097888846
3365,0.06417949172917109,0.8542790809536049,0.1179865454636701,-1.214653140269063
21845,-0.5571803482189314,0.7834878775518062,1.5199434491325805,-0.20867643688803364
20845,-0.4156271951253972,-2.189264278124863,0.9257818722509363,-0.7912982994383817
29165,-0.6394532998267002,1.1430542935383738,-0.7708726922451655,-2.248228499922494
21805,-1.5074597239257077,0.7610666617063438,1.088592932681066,-0.16916474993109018
9565,0.4328666737500025,-0.19019795381501536,0.8669063747513234,0.3092925642065554
19685,0.8901446270275258,0.20936557300919414,-1.1830868767083782,0.018103079001092814
30765,-0.9791570164806201,-0.6457419328413586,-1.6118807626956042,0.5051287755506421
5365,0.6888174497543612,1.4159518075037887,-1.1723075072032156,-1.3268917473518185
17765,0.07567189963769383,0.21633090283857626,1.0461304342524866,-0.8303050626338968
17845,-1.1069666229434665,-0.0861547619042797,-0.19198488966256338,-0.8484103401130703
22005,0.0050081054172983926,1.4372614151459517,-1.6185328109601644,-1.042385060860527
15725,-0.16704347063428093,2.0426675205704763,-1.7560718718865547,0.19185706092430388
19005,1.0425942806353754,-1.9332540901529804,-0.3732527288099135,1.8642544523505145
25405,-1.0946899837806185,-0.2432939558190267,0.7311106524331135,-1.1228129798050281
13685,-0.12082689738994129,-0.370138638505482,-0.11333533814795013,-0.6797825794648972
6525,0.7976854266285699,0.11894254658932225,-1.4720233516930616,-0.6689195433902729
10685,0.8462837796147166,0.7828357083448965,1.4798637777530157,1.959471810669157
1405,1.1881014384111475,-0.4037512393609513,-0.8890694059399975,1.3329641625152193
18325,0.4118154349950956,0.1721512295655493,0.15104171600210567,-0.6104965516214291
27325,0.9913818150699151,-0.8603202275859697,-0.6641983177342081,1.4184322510504208
31485,0.6639411066480376,0.9981562888867336,-0.8232291246518227,-0.24480036948201742
19845,0.3340792056050548,-1.2588641375893768,1.4594178478854047,-1.487989916313112
3525,0.6346979387391908,-0.246524790740312,-0.5275185939894381,-0.4640237266222398
17805,2.179878762881733,-0.23011771793392258,-0.5192719564290877,-0.8418546935296601
12525,0.29817283983471726,0.13083439782158177,-1.2382737284179133,-0.0028418866217305907
16005,1.4420960386113082,-1.0826975552309672,1.9853027493035522,-0.20969246908911404
20165,-0.4804415764213104,-0.9272301003231691,-0.7069293252650334,-0.5192616545882753
24325,0.4833702721112147,-0.9901318632382528,0.06231373830757937,1.0918382483987457
5525,1.2373828835913776,-0.5718127188830191,-0.4597917319310187,-0.8091053306345808
28965,0.2607155493744029,0.5950346477682943,1.0848937125047047,2.1118358390427283
32645,0.5160382533504174,1.2506022946679958,0.6938843097412815,3.6146589499867354
13725,0.9131738893958044,-1.204517396670402,0.1717328421360579,0.1667249401826197
27205,-0.899202334237427,-2.0337294202416594,1.4174508090282516,-0.4770261863138711
8845,0.5886564059663569,-0.8817635176667826,0.4282071733523607,-0.018426498433751153
21925,-1.2929984235205771,0.9453474656781563,1.4602843418876779,0.43185461631470695
5165,0.6813787671137284,1.033577697528905,0.01956423894697285,1.7924608540744968
23605,1.05791173700776,1.2263934131917833,-0.5559050372911696,-1.2706115164921115
9645,-0.6247835473906065,-1.651894361707215,-1.3809285679340595,0.7575893208901868
6045,-0.4393680450858477,-0.5563685427856636,-0.7428033849915464,-1.3364101057404598
5845,0.7511945413031169,-0.966161781851736,0.8988291960093113,-0.8454965786948074
7605,0.08272739498661595,-1.2534548859939867,1.8973672193043887,-1.3045827406044117
25725,-2.229108184417068,-0.5295918364590535,-2.7995326934598515,-0.795692067734808
26645,0.5439496072619889,-1.140629326568063,-0.5810064403636035,0.8115046438894007
26045,0.2053895727407857,-0.054600313669537055,-0.4353858588457074,0.2086371236384141
10485,1.2918682496191882,0.20031923189127437,1.3782863433742842,-0.7666389229337972
24005,-0.3941771986309512,0.8592184269607767,0.09885032469378961,0.9973730952714616
11165,0.7792695674340423,0.3920454594743311,-0.4711434152880071,-1.0574100110041351
19485,0.008733259142468837,0.5818358674700993,-0.1261113287991246,-0.32881141769059835
11725,-0.5220530586661359,-0.4020166339663671,-0.2768871999848237,2.962087720409456
20045,-0.8724415618333334,-1.381689679594396,-0.5881084911272969,-0.08476971594375633
27805,1.549502829676555,0.0582713053703449,-0.6659210881751734,1.3068631199245264
31965,0.5152796777803177,-1.0594424504191229,0.11203784860119659,-1.2040990383056576
19925,0.52052192748841,1.0767581314115002,-0.40815100819525474,-0.015761219494926308
7645,-0.20596498085024426,1.6100963787009175,-0.5605463965078362,0.4937953911450955
4005,-1.3948706283306687,-1.0113765632645206,0.47149267473220347,1.4126618826793187
24805,-0.015353834884042825,-0.9004783510412893,0.8780954753573641,-0.5716353519282682
15845,3.2042273492469895,0.15785621798825228,0.5338048185664543,-1.4610934408555003
11565,1.527351985412207,1.7786352847914468,0.10409114454475071,0.8982078363505585
1005,0.987196582728994,-0.7403791760386402,0.519231795049994,-0.6690549251566255
13805,-0.208649072141679,0.08871038647030378,-0.7362142710472269,-0.7789596784112361
28925,-0.37032387466849426,-0.006460677282708343,0.38357906869115727,-0.7172246268430096
17645,-0.38737892387291706,-0.920094978121371,0.4365209518588884,-0.2539849479383326
1525,-2.3917833066295917,-1.2992183972418705,0.685378653454827,-0.6714914236572911
25965,1.7215604720484343,-0.24791035931953193,0.7857956088024125,-0.5043125880602198
30125,-0.24218836896387852,0.19682533596812427,-0.446646033716835,-0.30743087651324874
19965,0.984014966186016,-1.785453334403531,1.3682649886599416,0.004922437444798727
7765,-1.270249399909221,1.6833072281927102,0.12385179959337124,-0.09391559014562646
7685,1.195562431238686,-0.5651089742839089,-0.2895491909569462,0.7514183091878658
18805,0.6678856444481086,1.1793111499812148,-0.48593846881938835,0.5604482008554568
5645,0.8271846428493733,0.7349706853412891,1.0293218536746473,0.7922882185565843
7085,-1.0621603494640304,0.12978752013133718,-0.9157490714826145,1.9753453176092468
3325,-0.6487000766098676,-0.19614751052087373,0.5866964816265361,-0.31567812688925767
3605,-0.6300990262650915,-0.9857623706629235,-0.29334938234746966,-0.32332216044850315
11645,-0.21253764209654966,0.8069125202103109,-1.183091720551524,-0.24948557578114047
15805,-0.40616278666302724,0.14394724791555819,0.9489851323154509,1.9056678464521122
22045,0.3429270753399246,-0.17352760073013165,-0.7982147296411916,0.4464761051454326
6405,-0.1773018231387327,-0.4931837520749741,-0.46660324098933026,0.8265916049207234
965,0.5061251646074508,0.01962611269829622,-1.037036398147543,2.642141004850064
9765,1.5634256477727202,-0.41543360451752004,-1.4812124238892743,-0.09559096659470541
4485,-1.8179513252061135,0.14002923382381305,-1.1172799343551163,0.31180093663197184
8645,1.1221240533923333,0.44232791627261997,1.2380289284960264,-0.46228003189766287
17965,1.4054983920566793,-0.8911223461091206,-0.15500269749613987,-0.40958220058773387
16965,0.39733824127604644,0.0016977430373074911,-0.16285263069480635,-0.3567890746765017
26205,-1.164408683748495,0.5879537440800304,0.07292753993491902,-0.8093759725541572
21125,0.2501450311535922,0.17206185669695656,0.13699504824165956,0.08353014827269914
25285,1.629391661083354,-1.1340554842354487,-0.005437135230513104,-0.8611487845081636
29445,-0.30601403943672134,0.22216513431875684,-0.8070957023520632,0.5658467780374934
26165,-1.4898395152109918,-2.277548161265089,1.449736674741368,0.11152168256753923
13885,-0.21904366070177905,0.410503996071157,-0.28749258965329155,0.0947403995972308
9805,0.5027862803598661,-1.194391156917282,-0.9660989250324388,0.3383859970421672
25525,-1.241556188462186,-1.2424092018058939,1.0259542000626867,1.4494945640086656
18125,0.3339621847764232,-0.45184806303436204,-1.9377442636125946,1.3157333212486624
22285,-0.020371235180271976,-0.6740523014086344,-0.47582336098472283,-1.1457429114348134
11845,0.6178988738156005,0.8757010994763741,1.1418303508441308,0.6360010956373697
17725,-0.6485039196104854,0.2805302034484362,0.8848858876749045,1.0620201072553737
30285,0.0893069356061378,-2.1833808486969732,1.2982203392548894,-2.01563066552782
2645,-0.3844850724961949,-0.2926447767873101,2.011705914318514,-0.45125285541608623
14605,-1.1850827765784824,0.07321277870361649,-1.4734312295155008,0.27033473132438635
10965,-1.0306434325668827,1.7594918047672243,0.71756140082237,0.38948707844741465
18005,-0.24525432822889823,-0.7999690749433629,-1.1649168477169871,0.42861908333539417
19285,1.6354482630325118,-0.2996550136175398,0.44288866559666323,1.29390401974943
27605,0.81697495780055,1.068448746194875,-0.503752009654882,0.7650323500079673
31765,-0.42761593142378146,-1.6650172949627882,2.240979441730908,-0.2310658588892102
15965,-0.839681229865439,0.48706883078020263,0.0032525011530095266,-0.4007858544982148
12845,-0.9626955909812368,0.4695257319748303,-0.11027033565615638,0.37794989370857013
19045,1.1770871715931368,0.2798021277436447,0.016488412904670253,0.44608369182328084
31285,0.16844547149076922,-0.5451535709182993,-0.5120275210869858,0.2833804076921283
24165,0.11729472787830675,1.2920510349353331,0.13454816163828323,-0.6152670541428754
12125,0.36091403706273817,0.1839700713369409,0.12136151930192128,-0.2746616098574533
16285,-0.4963848669266188,-0.7951782091561133,-2.3181645758289227,0.9795931167686571
20005,-1.0095584425066126,1.742272101989332,0.4235276757220914,0.18296222127020356
17005,-0.37001057401466586,-0.04963209818048659,0.19985084328129876,-0.5268304790135359
32365,-0.2527262803751711,-0.5799920524468571,0.022537516906691278,0.5929513878182838
8125,-0.6332481147296924,-1.3692038448395165,-0.7844595946001067,-1.94077005813384
20085,-1.040115309626903,-0.09449709766766075,0.5742308947630107,0.8294711139232519
9125,1.9015679174670805,-1.0816404574630119,-0.17709677659717776,-0.005303111591559162
7805,-1.5428806556946086,-0.7566018114343337,-0.6044105674776744,-0.5346652373632317
2325,0.3767527087877121,-0.42881856855065226,-0.6008874029811385,-0.8087798379965262
25765,-0.7559157976093522,-0.7561334361947305,0.8765729108039052,0.018061311373697497
29925,-0.4687693494611151,-0.12359006875344226,1.411743408281871,-0.5032207015373881
26245,-0.34654647591086873,0.27979182582922857,-0.5068219187700503,1.4963596641021382
24125,-0.9188906349533739,-0.15430623188179285,-0.0666641731855337,0.3240779323083213
13965,0.7236234932712095,1.1562855965301484,0.12937556048921117,-0.990644711730957
27245,-2.2489701070165475,-1.134175525156468,-1.996159752334977,-0.4493146835551668
18605,0.06634795436494303,0.9396474963132372,-0.7421360732400524,-0.5881782391514737
22765,-2.134897627933117,-1.1160542914134488,1.4206748736156343,-0.2622109433581219
1685,-0.10603613251172636,-0.9541807253601309,-0.5043978794261706,0.861492726224669
31085,0.5084442112597629,0.6133677158852144,-0.1929743306642879,-0.5764129867503626
30365,-0.7972688281502218,1.2207260922032384,-0.6200610252696076,-0.44057175127336895
21445,-0.7185223586470496,1.5303780382589456,-0.8949576244287135,-0.8662366248274357
11445,1.254128327061306,-0.9281601309312105,-0.7436774122940389,0.10957717157779194
7845,0.5330201542819811,-2.1091780713746697,0.7005494748226506,0.47165534261884506
23925,-0.8261280556943876,-0.29201570993339404,0.6034107753046831,0.9443792244990992
28085,0.2795458791693732,-2.597661331868296,1.35524467796118,-1.1606089882042838
32245,-0.5785396120288299,0.22321894644240728,-1.1759289850969545,-1.1319919310705524
5805,0.13456946457455082,-0.16589100364032958,0.8469869299869494,-1.7937442596651665
31005,-0.4318927434572805,-0.900484136507774,-1.5170757856970458,0.40914148924686655
24245,-0.45613371818062265,0.013095848186692922,-1.1494255158203772,0.1003046887402684
20925,0.23552898934485034,1.3726878030323781,-0.53197272570719,1.8233001780782134
32445,0.4660849289077213,0.8037068567117507,-0.851626502986048,2.416714400170137
9845,1.6131656951533333,-0.6679966937473844,-0.37774300060637844,-0.1339610206935724
9925,-0.5525925722746173,0.5813338248841794,-0.8893499187952962,-0.8489480084691795
9605,1.1355765085311802,-1.6647065740552394,-0.3822230508411133,-1.105709756990491
14645,1.7297748884595345,-0.4761365377387899,-0.8788784333078944,-1.726044168615756
17925,0.3129056062336044,-0.5517083178312407,-1.864989709925704,-0.066688424229162
7885,1.6204931229097836,2.1159073593792863,1.5053301847266523,0.7242170443886137
22085,1.4617412609836535,1.242286886814809,0.12304760834856215,1.471226713259091
9165,-0.9855921808844444,-0.05461837330513665,-0.25155627875139275,-1.5458347936111672
30405,-0.344566126482305,1.156063111157307,-0.23815846042452074,-0.8939588347095238
26325,-0.735988172641412,-0.8712920806726818,-0.05332204466646839,2.053332060912912
2445,-0.8056554443565255,0.803750680063761,-2.493880086326675,0.6104028711668271
10765,0.558982125303352,0.8690311206635306,0.5309552559381923,0.4117854248680174
3805,-0.6595718166667062,-0.9507373772343505,-0.35465324231251827,-0.6197915557212629
23845,0.04445623281795551,1.3331355154520335,1.2296049143317933,-0.1984333079769709
19085,1.1063859742038895,-1.6804964987175421,-1.1339921255537222,-1.5326691198541786
32485,-0.011550769871483636,-0.2694772803893375,1.6946405112570506,-1.4603295259281308
31565,-0.5986918939355615,1.7498910750951182,1.356738689980197,1.1424274446082583
30445,-1.3009933849368345,-0.11572442014195233,-1.2612381831462731,0.058523966286982344
31525,-0.5322879068599674,-0.9705382407983781,0.49008640091378175,-0.6147093488577535
28285,-1.0051152150095883,0.3343411575571179,-0.4633444023290593,-0.40825548857674654
11925,0.8500618907826343,-0.6991783705588873,1.95755354253633,0.05539959223261997
16085,0.2577060659229798,0.15251899903134655,-0.5117129276945768,0.8632708560895263
20245,-0.27004008436826143,0.1408085469823106,-1.0728089675421706,-2.651442224291851
18165,-0.4707548496746279,-0.6585754147598285,0.8488203171005438,-0.7963614589749491
24405,-0.02273799832080614,0.39296026312420146,-0.29769441057167373,1.2880165812347992
28565,1.9844929797209607,0.8898890853189615,-1.7653804449054555,-1.3320280880759245
32725,0.7647774442775197,0.1526205996105266,0.9117612170995846,1.2239456436968497
5885,-1.685594548682922,-0.04418703052734565,-1.6516065149603625,-1.2364756104263224
605,-0.5911729954234357,0.21248859704345388,-0.265685351925234,0.4401356086991222
7125,-0.28206307918198636,-1.482405208759043,2.918412439943355,1.947348448919374
13085,-1.5798264525229395,-0.35211625357333387,1.248257716887065,-0.5765239356197887
3845,-0.6343508860711041,1.563250714005097,0.6739340220107859,0.06551229537062178
21405,-0.5536909976933317,-1.315171292080668,-1.4560999955195466,-0.7934310262865336
25565,0.7606133831542897,-0.011137422821250529,0.05944591548364453,-0.48472268466034957
32525,0.35701729073739186,-0.5299520592877287,1.8452708433771265,0.6701852220295248
16685,-0.5432885617184833,-0.008747043231288533,0.8325861581466727,0.6039809215392339
1765,-1.8232534520037254,0.34916388942506893,-0.48981968373462803,0.45794013703937364
2085,0.587464251187015,1.3009723325586091,-0.33093263903367603,-1.176461908003966
10005,-0.044545353064075845,1.182406007281123,-0.8025696627337795,0.23193937859368444
10085,-0.1173011651372055,0.9220456475864434,-0.9923164998728736,0.5550397319776523
7965,0.5480298661799107,-0.4169786819198833,0.3681288561784984,-0.18156494178420451
26725,-0.6165198668466961,-0.4229398349960743,-0.20193271388051773,-0.9071105465613539
6245,0.4968958625739839,0.35477336337477494,-0.47979301752957226,0.7939656560837081
5925,0.9417365515938096,0.5278058717642958,0.06541093560987526,0.346619423052329
2925,0.3162032932034077,0.39833143387910497,-0.6335400598396471,1.2540342634244506
15405,-1.303338777550493,0.3185579033138674,1.9637021681342623,-0.596362643818914
15325,0.6223609582521087,-0.5496823044863343,0.9690994809229515,0.6539580400251811
23725,0.31332270077790453,-0.8848949014513957,0.9107205920648288,0.31271710001099834
22325,0.4919219857039911,-0.6996617710473886,0.9310159567858135,0.4253382855997718
4085,-0.40579523279005564,1.1845311823114775,-1.3443893502648128,0.5364258940426592
10045,0.15079397522421464,-0.2878802620059288,0.2909636139173253,0.7365829437328335
19765,0.5918181678291276,0.7522400125079939,-0.8421432646293364,-0.07052099471874608
16565,0.6861219749290374,0.35988548772166173,-0.13224441194457773,-0.4914090351056156
8005,-0.3422497887507256,1.0762341778965776,-0.24200831821291324,1.099396269607969
26445,-0.004244694523940856,0.8271615559398275,-0.7799991364010476,-0.7646264196513419
3725,1.4162294796876354,-0.08552581861000592,-2.059610844252575,0.6482109990062994
13565,1.0000265104820003,0.37965688356815563,1.9902551196325606,-0.21561541885332725
14165,-0.11812271052642415,-0.05281378933310868,0.30696755307100776,-0.1941592164140803
21885,-0.7920565849498209,1.7566614035742125,0.22822976086447544,-0.3827579499077526
30205,-0.5122429337618915,-0.14255567368268474,-0.4292419084659524,1.0509163233916565
32605,0.4691137719987671,-0.60447704880908,-2.3867458581930383,-0.09251102126298649
18405,3.001313110024814,-0.05321491643679298,0.76325530700581,0.2556808104447267
31805,0.7281954625560523,0.5255958365718632,1.396182430103916,-0.18758928715522827
30565,-0.3834379408189587,0.5543366275235533,-1.1447224099175561,-1.0056039902373504
10565,-1.2240121728601745,-1.3507209357375114,0.02478455631450976,-0.6662473021203555
14725,1.0128777845094141,0.7673476098470635,0.691917294290507,0.08303291333387504
23045,0.1023603862767283,0.41905515022972667,-0.30302589148735487,0.8955055151173956
8045,0.3826536159693122,0.1463823823980711,-0.45135190995968444,1.3979726952500697
27965,-0.6727058193880071,-0.061942807107030075,-0.6965093122665829,0.29449243062304403
31365,1.044989160927627,0.13133595598757122,1.8418257174939123,1.6894722696678823
6005,-0.3673085216449954,0.348180896280069,0.6686483489690561,0.8019336866870388
3405,-1.1760308376268291,0.590124474786833,0.6599204418465329,0.4639033637413084
15885,2.084557942770846,1.6372304022316626,0.2180530030103817,-0.7740124147446191
14205,-1.709752492365733,0.9952320091558167,0.49583697509055197,0.8522523206819734
22165,1.080541947683627,-1.5506119939888974,-0.3366687004304239,1.4444553037703816
1925,0.8307389173967688,0.875547271438563,-1.280943971738979,-2.232010467292757
405,0.8591308279920203,-0.6913467722327363,-0.043052818094439005,0.09979161123449927
30605,2.051567051543153,-0.6512649706708864,1.0215408979184355,-0.5506640044422507
12885,-0.0404458252199281,-0.7856223102211581,0.11121043744114789,1.5670191721052202
11245,-2.6930263577520344,0.9849110939693598,0.20963407309222906,1.1651034881011493
17045,1.1702058985749142,0.41102360938923266,-1.4033721604541802,-1.429658712867929
21205,-0.48604668261663037,0.8578165763149134,-1.7266068801514252,0.17633248406699994
25365,-1.330400784707166,1.9848594045879997,-1.244794432594653,0.12212113856827751
8085,0.5094735207367713,-1.3018248363194034,-0.08577344399099993,-1.7553515388860284
30005,1.0105743449376232,-0.6073500358602607,-1.4158846612348703,-1.0815607287270463
1565,0.18560720996745694,-0.155230468129898,-0.4379251616895898,-0.9510618119726901
26525,-0.4126313557783361,-0.5995265444789228,-1.6968305031109945,-2.286922588188211
5725,-1.3684827671236364,0.8997351500363607,0.17127301793345914,-1.0142439450552347
25925,-1.991486097119955,0.8247639983081665,-0.9665777964132486,1.0821138985513035
14245,0.13675017733022624,-0.7127414945040748,-1.8818560854106408,-1.3607811045864935
22365,-1.4518241801996763,-0.11664534619509344,-0.45803211976660235,-1.3344735438732003
6205,-1.6717236985771364,0.9305296941665332,-0.6812258730715275,0.2677602163016046
30685,0.11350926706372956,-1.2011131318944954,0.2522319463086369,0.2518124476776833
1965,-0.4456294825471071,-0.7712038838839691,0.1626373817614385,-0.8466873893982457
20125,1.2768461730509866,0.17317939509069036,0.3489891133734935,0.22083893170528981
2725,0.626559150161732,0.6770495642193576,-0.22017122740861164,0.6175796301330108
20405,-0.592281918888328,1.0021828716198484,-0.15375997384176818,0.42801046585234725
10365,0.8440599113637557,-1.3744301014128337,-0.5802143649881338,1.010296826700968
28605,-0.6208238624060405,1.5078851292664621,-1.5873280668171108,-0.9115612452053873
9205,-0.1776694346188615,0.054495795868674625,0.17584611010552975,0.14349739686106178
16325,-0.7250857499723549,2.438301343849707,-0.45559761238367535,-0.7256300221192854
12205,-0.10785657501551386,0.057099945593377145,1.4049985592123952,0.12833341101763893
16365,-0.03424336047133747,-0.09281096509684618,-1.3968605923703945,0.8365754056837045
28205,1.4804591882183238,0.02494288135497021,0.6408434335174404,-1.5450261997007193
29005,0.08517741977175738,-0.9137439289924946,0.37676129786535684,0.49161894546135304
28845,0.4541985736000428,-1.8759679832123761,0.34418223818348176,0.35968658985995844
2005,0.11696266334528092,0.014366290401973007,-0.3618848027126107,-0.7961217250730576
20445,-1.4529341750966274,-0.18359101474179554,-0.9416001392738099,0.23097587414503862
28325,-0.9315630108385049,1.0280661327684717,-0.8801328555040121,-1.301693663529123
22845,0.2619144809749304,-0.28156242971233586,0.23724422562611822,0.7915464328045918
21685,-1.3183070972321378,0.30772586196025814,0.3366309912214314,-1.0829071206608103
25845,0.20355410178671085,-0.5908638047193242,0.6704334448228674,-0.1019582226558192
28645,-2.6439813111785484,-0.07225184095318561,-0.2693064295175197,0.4804097756722846
2045,-0.424110557296885,-0.1724183901661776,0.18767160710786135,0.6077229999364098
26605,1.7122622640898535,-0.7642679750135568,-0.8951660377464982,-0.36053140744229223
12285,0.4091807604568355,-0.28295852952820383,-1.0636944184849504,-1.3054203714706665
14525,-0.28674864913014725,-1.7613331454745562,1.5295800762155223,-0.2587337091953875
18685,-0.49569020840998557,-0.7352134223775544,1.3919708825908594,-1.4649869331285992
14325,-1.0611361548357783,0.5660648722038317,1.8311638122968734,-0.11091387916748612
22525,0.4783287766343573,-0.7510110093594676,-0.6414075799079874,0.8362457833287071
16725,-0.6380108758485563,-0.1912517159212353,-0.8142164514976452,1.6063312696744214
