9820,1.3006594043421322,-2.3328682298290575,0.7042428129656491,-0.7093572126810787
24580,0.014064763262018696,-0.20524190280947885,2.8078791460297845,0.7327205634385614
22300,0.5380791430476131,0.8546871829520641,-0.06445086738956321,-0.5301435961574854
26460,0.8399771606849429,0.41107818831416115,-0.30558568600128294,0.23851805633362405
4780,0.37637378013338596,2.100422902354759,-0.4885740040764479,0.6977396191442695
22540,1.3520838269126543,1.674414461602437,1.4347059870508954,0.571216254293438
5060,1.3322027182859384,-0.03253267844620476,1.1356305716769728,-0.40975038768119565
6820,2.067997791972746,0.025135156076512025,0.36480226692130097,-1.369645511218899
20,-0.41084673691762064,-0.08914710680631655,-0.0750784881913427,0.5072322940139358
10980,0.2609355998139317,-0.3066227033882246,0.6410365654568392,-0.24204553583923533
29700,0.6632144998501742,0.35143356126301717,-0.5294608034202015,-0.9724634278715847
18460,1.3225860563305536,-0.9506444598773452,0.11976953560486489,-0.7658808100119143
31780,-1.0932847443294065,-1.6281058418659644,-0.03239610694390391,0.8727155821940645
16420,1.3965859089848882,-1.3339140038795172,-0.6321940163607488,0.28980306051811033
7980,0.8298670468585226,0.8630305701461579,-1.6282699082999414,0.9353279655765067
12140,0.1264916426263214,-0.5480009450519849,-0.1371996310238644,1.0804939909997848
16300,-0.955811932536998,-2.1133580696952765,1.0351672356121666,-0.02861483565534459
14380,-0.9050052780308717,0.7430208978321969,1.1492876591508794,-1.5295658935689291
12340,-0.12074060106351256,-1.540267810421477,0.9119838008513296,1.4776694776882935
820,-0.028066796498925614,-0.3374771803551072,-1.851889133707783,0.2818497641797482
4980,0.9167484812982746,-0.5353461056185349,-0.1463429113727154,-1.5901327207241958
9140,-0.5455152714127763,1.5908042797915816,0.9690373563777773,-1.15143715962605
10300,0.5662884127271243,0.5150608759877495,0.17839145772883902,-0.0004875739891432969
21620,-1.0496165914632745,-0.42795344266182256,0.5915756923041837,0.37675708265187274
28740,1.3865719595360835,-1.030294616831292,0.581970916157259,0.2947141336842513
29940,-0.071144041996579,-0.19153642506110585,1.072507931167038,0.6203344455923094
27660,-2.4207075112388017,1.2605083274037054,1.4281791451568042,1.0386438325572522
1980,-1.0653302251992816,0.08020628619639142,0.8766004059668695,-0.37945672000998354
16460,0.7311873151132972,-0.42376730773592497,-0.5604054913775808,-0.11011130238519154
14460,-0.9354386903325429,0.5810244667737768,0.2560291655802548,2.0323839654357663
24660,0.3744972886153518,-0.09366506223165369,-0.4551425155361301,0.2163911687728669
11620,1.2330512787646237,-0.8820093403416658,0.1104238421865725,0.05005623068438585
12380,2.535721438367913,-0.9516067780449224,-0.032560032115098385,2.2069232077960943
30820,-0.2510636585383722,0.8300984886361367,-0.7568297985385823,0.6001963449820603
32780,0.13584213046588506,1.6004318515109208,0.9852696584498317,-1.2452317283390264
10940,-0.9283591390926995,-0.047076094113097974,-1.944070076541538,-0.5253467379471056
28780,0.2876242820336329,-0.2725553407143186,-0.6508233017475366,-0.9100881003354914
15740,0.32031371553814497,-0.4663484757212225,2.0943380437341235,0.7168873002502354
32260,0.4407356846991615,0.5138537085352802,0.7408441078111255,1.7448550138272416
140,-0.541533745683723,-0.16620572644425652,1.6995371476200505,0.6985908932817824
16500,-0.8199165600391826,0.1558479943455637,0.4795881479272248,0.0715200775268389
8460,0.5102372215330213,1.8230948641055686,-1.4638506595105325,-0.3482459371072045
20500,-0.6403402565954445,-1.5461363332415192,0.9202086237828659,-0.2884796319143762
24700,0.08406106500680977,-0.33586051365690095,-1.0501995676190004,-1.282855764886648
25100,0.6752518913916222,0.38827955358282135,-0.590236652817305,2.3091059273771264
22660,-1.0958557740425867,0.8671110267823949,1.6347058967881227,-0.7019268257442763
5460,0.11266299452455192,0.5431588338007285,0.6090260207319926,0.47673199385304976
4460,-0.03669282870353606,0.01746143085921234,-2.8412560887755913,-0.5137632714842417
20620,-1.5946467888608908,0.8593247906028532,0.19203080040923862,0.04915107685010182
22100,0.16206564289874556,0.5337311911566889,-0.5300608149050817,-1.4628304829847476
26260,-1.2873046580742569,-0.2899971399854734,1.4514977285669526,0.1837170104731584
18580,-0.2944885798647233,-0.36792804042184735,0.5282419668659453,-1.1703248037104643
3780,0.10716631920802121,-0.06191633136756343,0.2013781511814577,0.0057446768472832754
26780,-0.384566113528693,0.021275472534032624,0.9499716827289427,0.9930318533890098
14940,-0.8901240286169195,0.4934151885324063,-0.5498118210949768,0.8675314538838315
19100,0.8159478011611192,-0.0027852126686484045,-0.29281793906184456,-0.6391004166591172
16580,-1.717096892236064,0.720789415030454,-2.0290799334988288,0.8276275164213079
24740,0.9148291853001392,-1.3854825064246052,1.2913449218635489,1.7602697793260003
27420,-0.4183284601795661,0.933337347506265,-2.126009131412821,1.4006496323892244
8220,-0.7093439535348747,-0.10953640412335218,0.5164876489210176,-1.5940448120600421
2220,-1.6290295178169556,-1.0787933826071516,0.6688920104644461,-0.5518633459126595
7780,-1.0630107904106796,-0.1525178023642367,-0.8346443980791071,-2.156612588060668
10420,-0.412980365872479,0.03354839648629398,-0.5435131190340506,-0.6546668699512196
22900,-1.4814549877294259,1.286098607202152,1.3019554452545652,-0.4747307017508134
17780,1.1985261633031483,-0.4837986519449356,-0.16552895706564769,-0.8197342109641638
18620,1.454299859052601,0.03673754158889821,1.1078996594920734,1.0663993781671282
32740,0.9655129448629313,-0.274820948487782,0.9788581795247507,-0.5372064322493134
6340,0.41710756714854785,0.06858974031574726,-0.2983195036804542,0.3427034951166244
8940,-1.0567182287306658,0.13769727045647967,-0.3750566077890124,-0.8862050507546405
13100,-0.5473182443233724,0.633092703565131,0.16945038994556863,0.2839027326754297
1740,0.38199267959358024,1.2460243430474134,-0.5436598384734357,1.0659349629792947
21420,-0.2388022845333572,-0.9863324732118456,0.2838679189092615,0.33454427301016265
14540,2.5651436314187572,-0.5831561583474223,0.6851681247292787,0.05862176224498433
25580,-1.787497666876395,1.115982114123551,-0.41130505386625466,-0.8507034612357992
29740,0.3827450135276539,-1.3449767327940656,-0.89496194049191,0.24201506329635306
12500,-0.12340701027872147,0.1638354503342888,0.8185336978283791,0.10021876469445047
1780,0.5737175215151058,-1.613308494782692,0.38705402547577156,0.08306955241355707
6180,0.05455696155828838,1.3044719499119801,0.8630521195315075,-1.8252289483665678
20700,-1.298004834104948,-2.214898657516995,-0.3617796604013536,1.5594676275164805
18420,1.1220984123857622,-0.37374581633716086,0.7186835904452298,-1.4788995132245635
25820,-0.24221105741693705,1.6754762824097502,-1.2047471072304927,-0.690954732991547
22580,-1.8609420739120697,0.7120196319789635,-1.1838434133665117,2.172875696435518
30900,0.7095466329716965,-1.1061154525050445,-0.4000226711436702,-0.1264577122997926
28900,1.982751627230333,1.05841340565012,2.282378468734525,-0.7184905546123813
31940,0.07119735767821782,-0.09031786907532685,0.44374368414237525,0.16186304205384225
20860,-0.6042885384578686,-0.27787551912309033,1.2823202800222393,-0.2272657154439132
7100,0.4986429150604822,-0.3315287482312859,0.18726950996547284,0.41520314849716633
16620,0.7486394026934164,0.847921172835936,-0.6692082487426996,1.1561410195439854
13260,-0.883363892134753,2.4743362644134534,-0.2805907526893105,-0.9412591252702245
19580,0.015391825302577536,-0.4554529332709287,0.40323214365411564,1.4244875065825602
24820,-0.14330448135782675,-0.7541906751372464,-0.47206758169290647,0.8499288636286281
30420,1.8650384414182686,-0.36500271714106347,-1.1069881384354163,-0.9541462592193222
22780,-0.4906985398029675,0.07038226095430931,-0.8745121215800636,2.247040964329661
4100,-1.6648465436112159,0.14847831669913608,-1.0160068714274406,-0.8661367245544627
8260,1.441784636985658,0.21096884776802238,-0.6606580501540392,0.38842849587530276
12420,-0.875566869686184,-1.4660148688848653,-1.1280174899317894,0.20205974746618652
30980,0.43513829431829515,-1.1307867939381528,0.3748142779162199,-1.2610670234476955
13020,1.2433958787901467,1.186562577894699,-1.3293973130415324,0.04783096928480458
24620,0.15465022249040214,0.08623441024954284,0.13200271641240222,-0.40800643368597006
28940,0.2974154516124242,-0.22086974966979664,0.2356780307392912,0.09568102610490428
5580,2.3349369756506495,0.28690197691735003,1.4165070328165654,0.4036449816858558
6420,0.084464080555554,-1.5539821330974914,-0.8952029310028534,-0.8178744476489608
3460,0.24063081799043837,0.09656841709203759,0.23255859308587737,-0.1595863067662895
4380,-0.5626284196623681,1.0831540990806483,0.8630602257727793,1.3902273054604941
30220,-0.9192704648164745,-0.7431589577500983,2.403669431800909,0.8356156964123902
22820,0.3697499328331784,-0.6145056973537366,-1.9248835934112192,0.6710651446769174
28380,1.7068784301191553,2.148346083261628,-1.4469807430792831,0.6382648981013185
10540,-0.1955269526981051,-0.061030943740243725,1.8306630236501837,-1.3451769462991459
28980,-0.9163283247517655,-0.14040007235415938,-0.07916976365251648,-0.8176227057959227
8140,0.057514510523236854,0.5236263158307694,0.22067077029672796,-1.0879962722186574
3420,0.566834857481492,0.328649985480137,0.8732326090391755,-0.69680406389233
7220,0.8556125248069797,-0.14570791293793167,-0.4766526912725489,1.247037637798572
7580,0.8344124283936143,-1.7546465856450062,0.3827654354266955,0.9388435539357388
26940,1.351376429029817,-0.18625653504841672,-0.6205770189369753,0.03582128886906931
15900,-0.66450018385675,0.54056999179572,-0.28051576077940943,-1.2809316018538424
24220,0.6788863803301444,0.4987693325934771,0.2903149399496188,-0.41360755069165184
24900,-0.8005498725300247,-0.8053037718281686,0.7775716031059721,-0.3813134664523317
1420,-0.6600194801575601,1.9084909167887019,-1.4335540413502006,1.5323554177990306
22220,2.30226025643462,-0.11966811510923255,0.0018440630548991312,-0.7872450525878424
420,-1.3079133018953788,0.019461964397097114,-0.32250389565775345,-1.0658690571031402
12620,0.3994023388693532,0.45021960014417056,0.5523897517889691,0.2178457683200852
4580,-1.4501102847126266,0.45326481074335123,-0.2516292037828722,-1.0606962854563127
10580,0.21586612940248823,0.6823046145205129,-1.2922941692471779,2.400564314995989
25380,0.7841464524846373,1.002384837106062,1.710353961848488,1.1781978674805784
21220,0.347090531167985,-0.2333716980301882,-0.8819506321874446,-0.1856525559766684
8540,0.979491656909365,-0.500182983538028,0.11215394463494727,-0.635445746066356
16860,0.6908726946523572,0.4219711127622647,-0.4301487038188007,0.379870750584888
1580,0.18362095226169206,0.3521537022783029,-0.509647987933855,-0.33144245710714504
5740,-0.6412361296978798,0.35690632975771514,0.13021920792141856,-2.5557419290060572
26980,-1.5268929979639088,0.7471190891441707,1.266502665510513,0.36647887332133666
20540,-0.32435196231095276,-1.224307630042888,1.4228931735293295,-1.478405997545667
26540,0.02790067490872178,0.0555027372315339,0.014858248644728147,0.22915651461381986
14700,-1.3945476587688874,-0.42081921517742893,0.5708308890076098,0.8120366241344024
30700,-1.611314127533379,-0.09252281587783469,1.1877858181451648,1.8959856566328928
12660,-0.06627936489012275,-0.8995779456067476,0.18618298825196963,0.8297575096156228
6900,0.46577985010521833,1.9530751772708728,-2.089933403783679,0.8466967107835149
19860,0.10760583141784422,1.239766347497216,-0.2837790375901303,0.9678935235466729
19380,-0.7199560933282076,2.3313893982692036,2.1085774090129696,1.0615130674397792
380,-0.8691330507445011,-0.8263735609227367,-0.16574890361381175,2.6637826460274234
23540,-1.7568559941638884,-1.6653422623016194,-0.2247331545727744,0.7724950947732375
27700,-0.11296882237261828,0.1421372088672804,0.024501212309606293,-0.32355764151049204
20420,0.6135476943303153,-0.5749098942078327,1.648397243046011,1.5526006317998218
8580,-0.9506535367156771,0.4742301959233397,-1.3920325775605893,0.6909664557842032
3900,0.7057669298144645,1.5230744007453048,-0.16851095222029794,-0.9209728500590508
3820,-1.0160656595705033,-0.25839046557237233,-0.6472700293422678,0.17524323423426838
16780,0.6084268629711823,1.44393104098871,-1.9717958004403435,-0.05737988842086932
16380,-0.7028628464433043,-0.8099899012400846,-0.25425169306501233,0.7472766843126011
1380,-0.20727596446891206,-1.314984405289022,1.184547771259401,0.29869595768373675
28860,0.2891394503443213,1.7301369721999837,-0.7475784276488551,0.3146339465795318
14740,0.9869494276217441,0.5442381667650575,-0.9250039780683077,0.8078434509269637
18500,1.549387627009728,1.1597098127713543,0.5237516976227049,1.0767536269288656
900,1.5894098605174032,1.0064287265006842,0.4597696727555991,1.2231933723410142
22940,1.2674569356854684,-0.44490521563193036,-0.4587065679035759,-0.5396826584241988
13380,1.0311201901527223,-0.16055291380529968,0.4318355477619026,0.06930709168397833
17540,0.3642409643005089,-0.8417516606865224,0.5249743456099798,-1.5569389429429876
31140,-2.267119148169618,0.8181140392411744,0.3179047230575476,-0.591771252950635
25860,-0.4250254618865512,-1.933510720394043,-0.2475267990073782,1.9854520347660711
30020,0.20885011861062183,-0.4181923847601916,-0.05659356756078339,-0.08011859549985811
2460,0.405862365616447,-0.766819793191975,1.4025425531927327,-0.4048338520633862
8620,-0.014907935382324572,1.3805585185625633,0.40091656838188877,-0.12366312284009026
2060,1.2862853998354975,-0.12895694917357284,1.9483907099947289,-1.6050307886337736
6220,-1.3362083978989787,-0.4640646960374894,-2.535476329642732,-0.5986202663872556
6580,-0.9725885418558089,-1.1202323210732323,0.9694823156985071,-1.336929859409799
18700,0.286186286641012,0.1723828263836865,2.0751378729187095,0.43433448118097906
22860,0.5893314115664255,-1.8081653579428556,0.8220652647194934,0.21273050200411875
12020,0.20021290486491203,-1.2845883693284523,0.36549180659422764,0.009590743783469193
27020,0.855823641724575,0.9068016800105095,-0.7788965291776561,0.9783770139331807
4540,-1.146938436292066,0.5638747852684874,-2.1568524308843653,1.224583031508304
3220,-0.06615313215115103,0.7401774546040107,-0.2107808167504595,-0.7884558158721513
2500,0.21765499033901006,0.9369560698340543,-1.0712058868397578,2.445944561410525
11540,-1.337457704708303,0.9558729392339144,1.8374659173785375,0.26480639694644453
1100,0.2767744076953217,2.429940723272985,0.21693373256226436,-0.6037608069470207
31700,0.11703151650606786,-0.44014382583992306,1.8109854775420018,-0.8884537636546317
20940,-0.7615213883291667,-1.407459589676877,-1.477722501074747,0.38364286020262506
28180,1.740321311555823,-0.582369624247762,0.5702690713906723,-0.8559539410460162
29140,0.6254164884702627,-0.5560142167298423,-0.5374791814246885,0.4992522923445916
20900,1.0621644958955567,2.112667744510164,-0.2695762085268041,-1.6673718014820622
27100,2.478566795079033,1.687339521813777,1.0178199621195856,0.8207499610482031
25180,-0.5476800279843093,-0.6603768995119763,2.07559288580866,-0.059952084119741685
25060,-0.8265650170297257,0.7051746592066122,0.3256305020411527,-1.0405722072272896
30460,0.29829711947637055,-0.6237029417053336,-0.38086754220946256,1.6776846949108273
23020,-0.35294150397485824,1.0056191000001702,-0.5341229371275501,0.208773164273266
9700,-0.3508111727949177,1.0338106371916527,-1.26402392843314,-1.2051270523167106
13860,-0.10915292685276488,-0.19824124943813023,0.2748830840070877,-1.2660581898001972
18020,-0.4525151860395242,-0.48457458118993,-0.14051259494637938,0.12083743805794202
22180,0.08006498113603554,0.7747197068153304,-0.08784992588528728,-0.42196414777963726
20980,-0.9773593237648475,-0.40643464530798584,0.039097401471602726,-0.8861976533859819
26340,-0.21673349416717097,-0.36386605807099554,0.9409808378505664,2.331879720653211
30500,0.9301869445356624,1.4091692506041817,-1.6524103356516662,1.7826299229300562
9300,-0.1486385813605482,0.019995044992055497,0.040556980460483255,-0.8225902640003705
8700,0.7128822063164559,0.48603818177627645,-0.1507308942388189,-0.7146718399908151
2540,2.418670444352375,-0.14321573446084834,-1.0534972762052814,-0.19776807200553653
16100,-0.505821840441099,-0.22476939749191877,-1.3833832870911893,0.17800676597240314
16900,1.2931923301182577,0.1576972295499591,-1.4587125595094688,-0.7184653538220436
13740,-1.203878398539521,1.0972403664068786,-1.0766773868798283,-1.8826556241246024
4620,-0.8629851472600142,-1.0888965905605401,0.4419098429277626,-0.8659054763390007
3700,0.8671932539146905,-1.248684414394814,0.28592014600980825,0.3435826198885819
7860,-1.0467436356704785,0.549060773702525,-0.17661787183211108,0.8970045735494248
2580,0.8110284020255324,0.10441436007906374,-1.032204067801444,0.04562068936376789
28420,-0.14437815882235547,2.21292822586763,-0.7987271918650976,0.1539353350059903
24500,-0.17605264915614585,3.069285723788114,-1.3615954688791336,0.06062856489737706
21020,-0.36595069889017584,-1.2555817396786768,0.9742294861769434,-1.2748223182203673
28660,1.5044888592714176,0.5087351401283161,1.3409985727563773,-0.5812598391834455
29660,1.193527095173628,-1.764573286601058,-1.6280578916157011,-1.2368711158445125
32820,-1.0708383615836266,-0.557492802068763,0.24678261255890865,0.09754399237526015
18980,1.7544275891523786,-0.2818268647763331,0.5666281624618242,0.7726857718990662
4860,0.3823126509489779,-0.8324761091824081,-0.6048010845981489,-1.6338905768782221
9020,2.589463116810544,-0.5172179678929322,1.7931159117001325,-0.4403452183823465
32860,0.7836664380047053,-1.4517414278261034,0.49034158533280914,-0.7171254979055619
6700,0.39312807404157596,-1.1205295287617805,0.7719478496233971,-1.544338428950393
25660,0.30325925144649585,-0.6345922361374008,1.013020944881778,0.11908028610898286
29820,0.1559921846708578,-0.043233665774450744,0.24360234080672546,0.9051995427834282
14900,-0.19242626620376704,0.4471844412425601,-0.23546216126173386,-0.2467139785307274
1860,0.8004243127766535,1.1442036314477364,-1.1392609746710252,-0.07625866037225999
21940,-0.030952395146603102,0.5319257598776369,0.9138086376865057,-0.3667840727099041
23100,1.5239272920782707,-0.997256895413413,2.408528050548897,0.7840130460368803
14340,0.1702443351650774,-0.5502100068896266,-0.3670372256570741,0.6117680012321678
21060,0.5261511892586362,-0.6102381814494996,-1.8105239153967438,-0.46368302703792846
27500,-0.5513010410804345,-1.512033531770228,-0.27927750125642165,0.15554835191031838
21260,-0.0810538513287463,1.5545105119120675,-1.5317982245244048,-1.8791406122099519
8780,-1.1287110255466468,-1.357983956850422,-0.8696811455864029,0.8991090323737115
7180,0.3940674482458639,0.5969356308279067,1.250280331445308,-2.0870988209051164
15500,-0.022160981862149327,-1.7988403191225903,0.9552477553857965,-1.3456822006881102
27220,-0.8944791955379221,-0.0557185799237793,0.21992317159532923,0.9381901243781636
23820,1.103857129513485,0.10231207592431106,1.0623079278054808,0.4244414992676686
27980,-2.512729680892757,0.9726434478680288,-2.583770684288587,0.053986702368253536
20580,1.9401991686341413,-0.041899716394565203,-0.34374778875417433,-0.38434102948433485
4700,0.8195251465633363,-0.4508873009039382,0.12590519437803335,0.6982518672287187
8340,-0.7543027893839966,0.7328018869744558,-0.2446986909925572,0.49172865752964673
2660,1.81351264285547,-0.3738579290768047,0.975030039790303,0.24399768422565615
24540,-0.41860205704004405,2.1674066417423177,0.4578120299345945,3.4446020237511963
16660,-1.6505757074872254,1.1426880095276004,0.4105686843143202,-0.3226794166473409
20820,1.905549532340189,-1.412371822557538,-0.44211466418796536,0.1734940952311199
25020,-0.9466959092876639,0.11726248459955466,-0.661920753542764,0.6623649628295255
24980,-0.6047087643050179,1.0705698915433202,3.2640805585297796,0.11338659097698288
10860,0.9905294386012642,-1.9651132129106417,0.12197160114699497,0.22179197482625593
29300,1.2373466685760814,-1.2204089026963676,0.35456517725853737,-0.9745873903176805
9500,0.646786987994427,-0.9812349383891165,0.08213818016450278,0.06150685782172062
13660,0.10153119344768052,0.19562125004501493,-0.5407815498161258,0.8479422668509702
24340,-1.294242779900531,-0.5189376172589151,1.478742974855685,0.6665329508857198
17020,-0.4698789782700297,-0.9222765581429802,-1.0276155805770835,-1.8061701227542464
14980,0.27008548395133003,-0.24450752271184878,-2.797837447190656,-2.0271999544138763
2340,0.08996433562720205,-2.154484911433321,-0.8997816558342895,0.7097476291955652
6500,0.184114732705388,0.8415942499274782,1.0531264069485913,-0.6380759234955486
10660,0.28479036267391244,-0.6868944823234713,-1.3316022776144754,-0.026238812861908472
12940,0.16232299453734822,-0.04009404292666432,0.0981389557816393,0.5366435752456301
14820,0.09397111786722817,-1.2381618530296268,-2.027525613637439,0.6580210362913799
23140,-0.706563642531737,1.973793063494276,0.06128266907163524,0.528094072002567
27300,-0.4527778485622497,-1.696896912246572,-0.5392968998882305,2.014318323688497
31380,-0.16151248778146415,1.2756387291143985,1.073003465448305,-0.547729029183743
7620,-0.2560834953226808,-1.1085132409992446,-0.5154221592326915,0.9464385531232357
29340,0.12839643367449605,-2.9391135008674865,1.7858231950699281,-0.3532161066952291
7660,0.005010792628118114,2.0188957247201733,-0.011637056417127433,-0.5238164893005379
980,0.5237137149905803,-0.20959291836228375,1.0097583306232736,0.09623409786440977
20140,0.6708069226006201,-0.02045579059983055,-0.32869914042806353,-0.8456247321987131
17060,0.9696387966390815,0.23669665534799816,0.09657338538935169,0.2186780781392404
24300,0.29945568701184166,0.33626202314614845,1.142299319181145,0.1698005987713512
32540,-1.1322329163565237,0.3199746646654573,0.30306550892249184,0.5148648656030886
15020,-0.41288978014771965,-0.06451783589058746,-0.7973409755880917,1.6056419519539304
500,-0.16228367773486643,-0.38600687563297753,0.31416454452571274,0.33492782800241633
8820,-0.8590665450521164,0.4592877018813349,-0.050743457793301285,1.5143710708703138
2740,-0.7787027149664245,0.09862845499998696,-2.2344064327402307,0.39380819466150724
21300,1.2524591055799295,0.26074210631766565,-2.141239054533386,-1.8578627869276454
26740,0.8595057446786221,0.6683130064814337,0.8192901485882551,0.9369068144853837
700,-0.14337009482124177,-0.10476036885196224,1.4443821930568204,1.9494415414391129
29380,-0.02142386784904286,-0.4015860372054322,-0.3184998234027272,1.764496986553248
14140,-0.04526928575313447,0.6204195815109654,0.31196997805085636,-1.8127227970239945
460,-0.8454996556493461,-0.8148311774599933,0.20914498191725117,0.8633105983157606
13780,0.742305125402757,-1.4528282835415514,-2.4394317995496064,1.0777834258948547
6860,0.6892336169201493,-0.5753660445183382,-0.33434373953616686,1.0346806665057884
26620,0.7782694782969911,0.6875345956673788,1.5132472621198851,0.3272882163169615
30780,-0.6876366693640196,0.08033681405199446,1.9087799110506005,1.6347167536749145
15060,-1.2359490876227657,0.4780521526584063,0.3199888004636508,-0.24646339908567755
2820,-1.8895029452454848,-0.13448810259934185,1.5240660208857335,0.10931347010673259
6980,0.7068541864833244,-0.6251954488300562,0.031108547743594034,-0.965410791058648
10020,0.7233142036623946,-0.18089128440584418,-0.3964852479000449,0.6442532764687051
11140,-0.496883664418765,-0.2021851287664373,-0.17370153896612364,1.3962316164694983
2780,0.6761374635505427,0.02428524665717638,1.393842464151174,-0.408885099085039
19460,-1.3657497106773493,1.56438755417471,1.9041349565231642,-1.9107138826242058
23620,1.582656245452128,-0.002260013256192924,1.2484734740167256,-0.5789169291402534
31460,0.48463692008477105,1.4792962594659342,-1.7887774883518393,0.2096279738692283
4220,-0.33641612368824747,-0.8804133686102616,0.2823212908699125,0.8928212737254637
19180,-0.7539367688332864,-0.12360281679867194,1.2304313982023936,-1.7976897052937526
12300,0.8889176757533103,0.7853482468684935,-0.22526242066937718,2.9729643710067863
31020,-0.5605027427150046,0.4235036625564258,-1.0864974736748252,1.0978177752733709
17140,1.7304439043828064,-0.6047313679480989,-1.4200872819401231,1.3595344351084666
24020,0.5039162576620919,-1.340870187416004,0.405881402376894,-1.0196448087838526
25340,0.866355851092453,-0.7134535930178421,-1.2176856592186414,0.007983353612766557
5140,1.3214533575686724,-0.5686548760863704,0.3047715765687017,-0.8066608717031228
17620,-0.8868289591990739,-0.07825885272680448,-1.4026963440082825,-0.5281681181814712
25940,-0.5434461250205654,-1.2574220320354865,-1.115125804812071,1.182133621360096
23340,-0.6864474594656754,1.8030236138292088,2.2261379828353363,-0.43136891891380746
30100,-0.4780515534080124,0.5344893964659658,-0.9520786923975557,1.6855458278938686
780,-0.607411456659056,0.14916416874218474,0.04617673251716393,1.404463513403095
2140,0.6516503446648871,0.5727521510794569,-0.7509232433859355,0.22416433567296576
6620,0.634844689013568,-0.9115292796627752,-0.16917406590825637,-0.039427178068058163
8980,-1.8454852967184643,-0.5349438870198461,0.8375702501209733,0.12714366980977243
14620,0.35730645473378,-1.3902151528736768,-0.04642931182376281,0.9344811580123876
18780,0.5492932004870722,0.5887348786902481,-0.8336004004810482,-1.1626152181854077
27780,-0.2965458761236692,1.2908472809676415,0.07055798977663262,-0.6093397707550415
17180,0.03166446798469733,0.038955989283745135,-0.6229664500189583,0.9440946799856392
31260,-1.136256147418697,-1.4447935549981636,-0.965330104426127,-0.9079853947853284
15140,-0.5614641242263919,0.18846187833593256,1.1049354346886477,0.5687883196397554
7460,-0.14714705817202062,0.660404315993588,-0.05371852742743732,-0.16121129253210384
32220,0.1955736330600845,0.10637514169716383,-0.6432766101033098,0.633489303662503
15780,0.2231599384121427,-1.1894059741178244,0.4145597280979719,0.17540554415733803
2860,1.6313814809110987,0.6027006624443851,1.1099557359769872,-1.0440153481360912
24100,-0.8719335272124296,-2.8106871503868422,-1.3653166138273412,0.8400165561491707
32420,-0.4293784904583359,1.3412006676848311,0.31937322593796924,-0.4143196340387999
11060,0.30519674479287806,-1.3778333438124533,0.00998213343979363,-1.1238114278847058
5940,-0.5604457492635974,-0.36527263922816033,0.18565077008080938,-0.5946591574520272
19260,0.7112420343584078,1.1505268998487823,0.866099795753262,0.2562156001708118
12780,0.752114598322509,-0.7751361776975931,0.9143477233571167,-0.058073539338092076
16940,0.3597810612256055,1.3877796763779597,-2.1631425766535424,-0.3062904830308907
21100,-0.1171121910277459,-0.12766584898478253,-0.28601868163229965,-1.3702232384291593
25260,-0.21217455893977158,0.1918694542973493,-0.9111598049968112,-1.0982397292224833
27460,-0.03611420259072984,0.05803116375949804,0.16421589239396583,0.07609344596616219
29420,-0.18654885635576438,1.165047234628159,-0.5765439295337761,0.09491596834438802
9580,-1.165742298990258,-3.003453348492371,0.08371949111685051,1.1745996718087184
10380,-0.11708058947320722,0.5673319533732155,0.44242624836983896,0.3274192655960555
1460,-0.24141444975252382,0.7161902734417513,0.3634513221857298,0.3550956128957926
15180,-0.6046562270989877,0.22607348774757213,0.6394525740187516,0.251375339261515
18100,-0.04625644020382784,0.6289187681612345,0.575929845107112,0.16553732810401328
23380,-0.6702788219109035,1.2379187570099601,0.19162600878021524,-0.7040620608205067
26420,0.6893936956401607,0.24859111936054618,-0.03708567521951117,0.9047361954109603
19940,-1.109971557532303,0.09281417641314285,0.729995839100266,-0.551461726477099
31580,-0.7363413438330084,1.304230128197963,0.4049116951032496,0.43971320252726986
2620,-0.7755035985888021,0.46821806895752455,-0.5075985586294979,-0.17024666815625142
6780,-0.4973273734397431,-0.09998874494503858,-0.2980276326653481,0.06083195650707649
9060,0.04821442237032838,-0.11867103150197453,0.3404307208724072,1.642728610127003
15100,1.7666093191003385,-1.031665584580451,-0.8596266092787614,-0.8398141409220428
29500,-0.35598426951575934,1.617749105272471,-1.011561826315959,0.628940260593423
27580,-0.4498580314963722,1.2520457132490248,0.3590049322534498,0.04755937125482626
7020,-1.0613833587443653,0.5816199996256589,2.329402158037228,0.9116545616346009
31740,-0.27857738481285943,0.34056997472168715,1.181147273792898,0.6687488818442021
4300,0.5527545131277115,1.2120014517502193,-0.8254777451764828,-0.19173231476960348
26820,-1.613386254527442,-0.5383465066363712,0.6663661137027529,-0.061662278292785866
15220,0.285258951206522,-0.41228446931536844,-0.006386766943399474,-0.7739967926820043
7940,-0.9853629354079746,-1.5984894611431613,0.11221293357812263,0.969260570397322
13460,-0.3583853172858053,-1.4194648709893898,-0.5143904140361301,0.6000071193908666
23420,0.5943703713174796,-0.08160031320857941,0.08811980553607865,0.7982804997061479
32900,0.2923097765266788,-1.1067074317758718,0.663731404044202,-0.30883355670745
31620,0.2734374771534511,0.2690818349557493,-0.4828950455974295,-0.19658871793245825
13340,1.884279903864887,-0.47355775474272377,-0.29811170890246547,-2.041433671703807
17900,-1.059974318431171,0.6678959080098957,-0.4120653203698246,0.7215187434330597
9100,0.40760946943772713,-0.45883675956083886,-0.7034274317796271,1.7745529971853875
2420,2.1968332073655295,-0.14251523399501237,-1.1778560175619441,-0.3389656357933394
25740,0.46093300269733184,-0.9108412184878549,0.6558975340193681,-0.17190908878695144
7060,2.9772724559068884,0.28946498763640716,0.14679264330505645,0.6493866688278581
12100,-0.6280900927993276,2.0865919248298623,-2.2919593722976908,-1.4368408114877165
25500,-0.11913768612870852,-1.3023191309143691,-0.2758366368489572,-0.10664589157873867
14420,0.5859024250510454,2.3484034686732955,0.011360033485756238,2.126525877832214
23460,0.36031580883312997,-1.535310523930234,0.353151710515317,0.9345735038306154
26900,0.0352687513424782,0.07206729848119295,-0.43133961177797747,-0.3998501148374099
1180,0.08444341623338172,0.5158988093658247,-0.9158335139689728,0.2437532816873785
940,0.2802509358869503,1.4278667445592255,1.0310814346995862,0.6054804810812819
3100,1.4556935593982996,1.285109476755121,0.8853876191224131,-0.9432549210815254
7260,0.3357593255369784,-1.2798067511731408,0.4097160036549543,1.2787359476479871
15580,0.49557064189204525,-0.4620307945994592,-1.3165088177689048,-1.3540698921535441
1220,-2.001390678083013,0.47750931318584894,-0.25298058936479306,-1.5201296861382791
26100,-0.5053466524781891,0.42582689224346587,-0.2835128095702679,0.7299837029846517
17340,0.25538933887995036,-0.14332142830397743,0.4908558192934988,0.4849511558084473
100,0.6914378172703118,-0.10705978168559385,-0.7245541252658273,0.332143158332546
4260,-1.2700735972312664,-0.40452277745838033,-0.676861038826133,-2.0519953316399655
15300,-0.2845114316385647,0.1852605727752602,0.767747903531776,-1.2103921425780597
8420,-0.43669206065690613,2.1770361964388685,1.4185831849792305,-1.0573216400057102
12580,-1.1986436707252028,0.5492805659034381,-0.8610921067035399,-0.524224514750981
20300,-0.011863306995978855,1.6861371901055733,0.5451778846247407,-1.0403540963067617
14300,0.7831089324456356,-1.2407986050492934,-1.8690368052557258,-0.1283650174799608
23500,1.0876451830891034,-2.1432452460455886,-0.8460409569183465,-1.2082563740792096
11220,0.4235222225082025,-0.4750996836227717,0.500579964351028,0.11950085696593582
5420,-1.497989745431458,0.650961608527475,-1.2667459558398344,0.1737467438531909
14500,-0.5640990755560359,-0.2618919442424964,0.6950926318979459,-0.8287356823085105
19420,-0.21280511167994523,-1.2803113372425408,-1.3430358245879623,0.3227506030057901
30380,-0.373001674369211,0.1646587006065861,0.06382469016720671,-0.18139867576328356
27620,0.9308714366754011,-1.5535760038478845,0.17295660871150292,0.7167393992269375
19140,0.5797774767477201,-0.9836245021152741,0.8927970372173495,-0.08869237694792584
3580,-1.1070702832494657,1.2243982843398833,-1.591388613911813,1.482287091532739
17380,0.48211389917906516,0.5047157166080142,0.8646495112988837,-0.4369201447656305
5100,-1.1301810871520845,1.5698992309506423,2.0241204630380665,-0.3289020006989629
10740,-0.9242571438234126,-0.656486225647227,-0.2459467935405178,-1.044538336415164
12740,-0.5563657101927956,-0.003049252883278354,-0.44544565366515354,-0.9939243700887552
23220,-0.17518580890728339,0.9017785073053226,0.027517712196056886,1.0337450042805416
13300,-1.163893869637401,-1.6592175680108925,0.9289392487544155,0.7933363703142571
27380,0.0388255241245074,1.1711271088582333,-0.043996248187234965,-0.5404467568155013
31540,-0.5578037785207008,0.5471974704112988,-0.09160614714027794,-1.44349963927569
31180,-0.16127264901916993,1.139326199182331,0.42048114714376233,1.0268200760668345
18260,0.6088616058758217,0.30087325490858197,-0.37604553526785667,-0.9002083850635079
1020,-0.10420347676344076,1.0406292443276062,-0.5098568473702048,-0.15452057873643008
17260,0.1479812534424935,0.6557263904300117,-0.8201929860487677,0.4005652292398426
11900,-0.8064843538672716,-0.014370625252473622,0.568624382426814,-0.15216502703483054
16060,-0.39916133996718006,0.5252614446697991,-1.1377908194048898,-1.3892179915725147
9220,-0.7288503981943143,0.875454245898302,0.3581909216652042,-1.8818230738417665
20220,0.6574252004568661,-0.5708335589006752,2.136379552788816,0.48212273518347465
12460,-0.7170514598028359,0.8598865623114329,0.34596491116897543,-1.9428909303603978
17420,-1.1059341501374,0.24578972019846324,0.8198179621706044,-0.6473355050709394
580,-0.7198662629523015,0.10795971667394105,-1.0990757633540527,0.012080732891295796
4740,0.3819779698199001,-1.4422115362492933,-0.9850803284966309,-0.22461297437920097
15380,-0.07958090483716376,-0.11963564322208829,-1.7404588429567716,0.3964890077166575
13060,-0.1535119049690256,0.031113501773857855,-1.0046524461289879,0.15922609710368818
22020,-0.18731700053639838,0.1221830594783478,0.0054194930291991406,-0.12908521111969867
21380,-0.25672546585586586,-1.5489365049702233,-0.6337026283977488,1.4770234735085788
23580,-0.5804257831321066,0.8611349666250603,1.4526491018013585,-0.04603959079470613
1060,1.581903681939022,-1.154751297066737,-0.4228633347159262,0.6879199319318
5900,0.037802971481331736,-0.1534049020766202,0.056001113649414035,-0.9206606220010229
21340,-0.3565746292010598,0.2585458936474048,0.21912218123576266,0.6117733870566608
9260,-1.4548613723775068,0.1764783632118353,-1.2381335519863217,0.1298372455252311
30860,0.7894153000677727,-0.06479052582976921,-0.4789177818106126,0.11478120315608656
17460,1.7993589517758473,0.7945555602607899,-0.07176904554507385,-0.8597070894991727
10700,-0.5002741575338053,-0.9096867136190218,1.6072313498107482,-0.10673356666338972
2900,-0.2490168198408411,0.09567470010405137,0.23923741875533577,-1.4170512381944338
180,0.9267092386483633,0.0957793323923533,-1.0818916694231477,-0.966383150970381
5180,2.5196180535560093,0.31911106473091866,1.1077201599927209,-0.533644783555934
3140,-0.5108137721493813,0.2537235038873826,-0.1295489973447561,0.20738481423950125
32020,0.8095333907431349,-1.459675484308757,-0.6456392056827093,-0.16846330727777004
10100,0.9560928479689801,0.2720617408612545,-0.9153951757368447,-1.2376950133434355
28540,1.4830361603427333,-0.538404085276646,0.7268200929892814,0.23107406341919506
11340,-1.0960215539865974,0.141739207230616,0.16986064346831445,1.351515061561868
30940,-0.05057365096226385,-0.20628411925305168,0.3522970793507181,-0.7237242461405509
16540,0.394534979126228,-1.5839389387476457,-0.7191084867532451,0.6393193701083981
19540,1.6389937450100946,-0.03490812649520919,-1.6111816480460384,0.09160824061446064
24860,0.9122195886185246,-0.7359549144442656,-0.31850423253560994,0.061072426130151465
29020,0.882067603280948,-0.5317851305011659,0.24870354219623544,-1.7071199685830463
19300,-1.392605552921834,-0.7236261340899607,-0.7778296924534243,-0.43481266405642294
27740,-0.03078513277300881,0.7043118852945756,-0.9738221837092769,0.005884242706159166
9380,-0.6144480774271108,-1.1256066952135086,0.3258025112682226,0.29175434043040205
15460,-0.7385661513014253,-0.5244468617933004,0.11832288559090959,-0.017339873444059482
3260,1.0745740811319666,1.1270904186985151,0.983374397916937,0.537445082684445
26020,-0.9104245662741429,-0.3293616522200021,-0.6286318810007384,-0.4623061150397542
3180,-0.10937951165133344,-0.44028826570515367,0.3012102355367896,0.9377723505113043
32100,-0.8942113878471765,0.36311805620649046,-0.18023687405463995,1.4717559476898463
27340,1.064981735577622,0.06176934586274727,-0.861051962725299,-0.07813629425863752
31860,1.5634933193826697,0.798989666950769,0.16803453328468418,1.153201126776013
6380,-0.8736477303513358,0.29515851489684836,-0.8674950588493109,0.14318431086423689
23060,1.0933342583330743,1.7057233855665082,-0.5049209927957973,-0.22573810246298684
18860,0.30629542449687236,-1.6193248921850336,-0.47513177630270875,-1.339647084634264
9340,0.3036343944715392,0.06417813553533244,0.3343174975841968,0.22053936332580582
27180,-2.300987767688717,-0.6275972236045483,0.9414243774410028,-0.3926329115952552
31340,0.698832298206931,0.47546982068887667,0.17210242678720264,-1.4343446794869175
21980,0.5622150328104746,0.9677683475026139,1.472684262475676,1.1610478560699065
7300,-0.7823371711141953,0.2824965780521248,-0.11212973966654716,-0.48638208239460395
22380,-0.3620303471023024,0.05682657107818016,-0.810045567658078,-0.1727868113889138
11700,0.8318379654672035,-0.5738793870242889,1.5346318428026426,-0.1875719331308902
5260,-1.13118003029431,0.8653204542366216,-0.15832179509188252,1.1431958839955174
15860,-0.15878724705828673,0.02032631155074415,0.12363913515449843,0.7779069350898896
20020,1.5474972993056209,0.3709746466073952,-0.17011220685421996,-0.8587850694195165
24180,-0.014283985492585388,0.24463385878537516,1.2285741513796642,0.8792401574140442
23700,1.071373649974531,0.0946772664741968,-0.4096746094849766,1.9927023882824957
32500,-1.201804765810358,0.21104059453116475,-1.5969466029613943,0.05301832755895087
11460,0.9382774695609999,-0.3677428859623347,-0.9732285959887503,-0.7936284747786363
11420,-1.5953865347651384,-1.302836638193551,0.4014509363042017,0.312097882799958
21180,-0.584432150133739,-0.07388253766440595,-0.9302260403333552,-0.0897583708691177
29860,1.0138701304548483,-0.47391095275534406,0.2796294021266751,-0.229272366020089
20780,-0.0965422105762051,-0.6368324187438364,-0.6437756744890741,1.6226779824922464
26140,1.4528539587869966,0.1233603886389049,0.8914525197824574,0.6928538626754485
27820,-1.1839084925494083,-0.4691959294486248,0.4271256126232253,0.4197419705053193
5700,-0.23451274260258984,0.6117190635568703,0.0002441448166527523,0.4725370227296861
5300,-2.1204916166796357,0.8282118132711865,-0.6397167747671414,0.8189732464493333
24940,-1.386208620401355,0.22193721698115174,-0.11297921204713954,-0.472011078893209
22340,0.31359987847801085,-0.20961795779181144,0.7582014524660056,-0.49612121939103954
20340,-1.2922249599002256,-1.108442693859857,-1.1030049473703796,-0.5129781629206347
26500,-0.025659489536124645,-2.4945161513798024,-0.11335178778849428,0.7839175707473831
23740,-0.571040572814204,-0.3575657474661253,0.5514893626448921,-0.567419559302018
2700,-0.1746284817507348,-2.105265506043817,0.14712852015653588,1.7971618833519734
21700,-2.205942985073538,0.8088896452482248,-0.08916022283129771,-0.48717434614418337
11020,1.197436095530143,-0.029626629633123784,1.9462463653153883,0.8629875372996794
29900,-0.6363296397757897,-0.2577443104965387,-0.6433929319608314,-0.170414110353368
19340,-0.545030132399305,0.5309522245065875,-1.6626980116335865,1.36093068766651
19660,-0.5399335601342238,0.7154887998612651,0.19564978181042925,-0.9459503237123947
31820,-1.3969284972528366,-0.5038456320263559,0.7806642828333054,0.618879864321936
7380,0.10729724088859184,-0.30739262126503114,-0.0693425497543054,0.02936340791065254
29220,-2.2478131791118,1.4321619732490052,1.1674296093352503,1.797038851622998
12180,0.6493375959531903,-0.27570442123544997,-0.34174276033067214,-0.21486934078167524
5340,-0.4183588614651857,-0.436879477574027,0.6198289077133018,-1.3960081866374672
28820,0.3956552995095799,2.703219813249196,1.0939324389622427,-0.09620770751559718
3300,1.4889373125686705,-2.252583615255139,1.85180278605823,-0.4801252895903869
860,-0.5707016098196255,-0.3816773118164725,-1.0722092472474405,3.0516267951888683
2940,1.6594919154413654,-0.828482874289927,1.1248706923740632,0.0947471242751382
5020,0.6633754615237842,-0.44974662225956646,1.086308154096822,-1.3694005450084485
11500,-0.4846459236904499,-0.3190406020328643,0.23372330117403853,-1.3810268326462036
18380,-1.0581848126856608,0.9404534386411532,-0.28354811177003425,0.44954179241256365
17500,-0.7758126644077588,-0.3450411475724491,-0.17906507826153278,-1.5229812380525025
21660,0.7367790571632028,-1.000602713862899,0.8668615234219184,-3.177856364190756
19700,1.6909381195945228,1.5686943669074835,2.18500339928926,1.4459980252186184
22740,0.421235624571537,-0.0891834001823456,-1.195558637948228,0.6788188320998774
27900,-1.2625116534722296,-0.5500416127476487,1.2665757452553752,0.532746395024426
2020,-0.14144851650426177,1.426999271848188,-0.39844109956223867,0.4519637819875259
10340,1.2887952168276122,-0.9427416176547363,-0.9886969433414929,-1.3723739777916728
15620,-1.946899534510633,0.3772066952740697,-0.7611242762844274,-0.5716646273905709
18660,0.497745120841083,-0.28691641007735075,0.23541433629115344,-0.17340469558271165
11820,-0.3734013113337693,-1.2955196991646525,0.6267626694880299,0.9320371447455077
3340,1.4514016125267606,-0.1321726374145562,-0.4569898120057729,-0.012432479254929282
7340,-0.8706874382578487,0.2548966993250295,-0.7624086111817077,0.18062275511916226
1300,-0.15842125726492082,0.828753513250569,-0.2549419539585914,-0.10971567180215974
16260,0.31312989543318204,-1.3415887684337435,-2.0384268254322735,0.9435671473205904
23980,-0.7262469555237567,-0.3027855403723408,1.7848216164060513,0.06392229495594312
19740,1.90465527799817,1.0849855017615164,0.868939599170755,0.7818867069414731
32300,0.08993731630566423,-0.21492862848871266,0.6604646156058004,-0.284354299438367
27940,-1.297899008764253,0.7325316303856418,-0.9379926360930764,0.0701002305031929
4340,0.1718319777597453,0.7392552804515292,-0.3978768262108335,0.8494819451917263
8500,0.2606325832961397,-1.3729356308870935,0.3634279705080991,1.024254366846132
220,0.5045658236242485,0.7905470240916576,-0.7101907473062488,1.406779558252772
4820,-1.6734573703684326,-1.0803073886734473,-0.8095372792106311,-0.22087827855991132
16820,-1.1536569477584524,-0.6675612233304961,-1.953778248825927,-1.4364860329464082
25900,-1.9015169630504898,0.018998326090225396,-0.6342115210821662,-0.17983716504171576
25140,-0.8000781080408071,-0.6555619898799391,1.123676807584187,0.5482112483005449
3380,0.12125024438279766,0.0013317161187978016,-0.5011589301607224,-0.7436739236366072
1340,1.9368440094106913,0.7531562437336928,3.0647348780075405,-0.8961114489021167
4660,3.0699556567828017,-1.1044520646728075,0.169866716390818,0.6795286912321808
9660,-0.7904138749413355,1.4804398289652898,-0.4722439373038545,0.18999274360797852
32060,0.5366355938830837,1.790333025660483,-0.7042864703776627,0.7200335814898857
17980,-1.445789289666161,1.5381263394564633,0.894100315685087,0.017539754016552583
22140,-0.6332022974984287,0.24671634976866852,0.7789132976188617,0.8409529131568512
26300,-0.21492833102375977,1.2383036498800857,0.4240080571901104,0.1263936229796864
19780,0.749517970561172,-1.5861484405895387,-0.37857801363034044,-0.43821961845717194
3980,0.870237650860067,-0.2904865951174933,0.5487262274572052,0.2707056272011154
17740,-0.16322092991373693,-0.11663534601348816,0.24377117833960593,0.6807058148430375
6660,1.2294930070555108,-2.1390273258297596,1.0603227446469026,0.09657416337545663
15700,-0.11215580578737744,-1.6584191683479834,-0.7998489364923775,-0.39269052144965144
23300,1.4325191190248059,-0.5925902125538874,0.7012792415663672,1.333712760237729
13540,0.035533405889755974,0.6529543870540526,0.32037131895074517,2.0224666656583934
23900,0.38135180906330074,-3.085287982285472,0.9363126931584769,-0.03803542115305894
7820,0.49114095201507973,-1.7350665730825323,1.1760571407151346,0.035865882297717464
21860,-1.4533562646893272,-0.19589511761292214,-1.3581637825572699,0.2791219992932216
28220,-1.1421452500091085,1.62930671993904,-0.7111835017835775,-0.5829730599260934
19820,-0.1458578440039281,-0.41719257632271783,1.0182092341640674,-0.27846846980060286
32620,-2.210492091532631,1.0303011745843194,-0.52935400585794,0.13205051262758902
9420,1.1671946084867588,-0.8498318292564834,-0.45313277653453304,1.1425429116404466
27860,0.13620297557683003,1.065666731295464,-0.10803596211282394,0.4135137471575273
660,1.6520732216413128,1.9093202557298057,-1.2745898638232345,1.409164587661195
7540,0.5665262735187913,-0.8608911885312932,-0.9712185594221199,-3.1131824478879717
13140,-1.1137391206522067,0.41089842458708936,-0.14427796769490586,-0.4225553185906482
1940,-0.5239848354603522,-0.9404782867501909,0.21731144184653722,2.0761191253432285
17300,-1.5464867689213166,1.8580302003645561,0.11208905956566108,0.3402851022594284
5500,-0.12528792740528255,-0.031921632854738716,-0.4728709900700445,0.8155362654406045
25620,-0.04735540840606261,0.8975768065031149,-1.393601016150223,-0.04997372413158344
29780,1.2708952128384583,0.06027285489919583,1.1361171511479655,-0.6046622733535014
23940,-0.5375972599316109,0.03071517121795906,-0.03912269976297063,1.7474192324755966
1260,0.12388078471720923,0.19483903288855317,-0.8278901025667144,1.2271787726991583
10140,1.3134451025131877,-1.4490611945560408,0.37455206011916065,0.34379819720309374
32140,2.245366654569889,-0.5720836458380384,-0.16585017907495453,-0.9362432474051948
22620,1.3449274204673165,-0.30671827961438003,0.5224959004899725,-0.08682133628816235
9620,-1.0696145784163091,-0.4459293410247691,-0.8892601462601566,1.6828235966409049
10820,1.2087651461458648,1.288397640126025,1.1152154342989051,-0.514644699449514
2980,1.648683885579068,0.5388462488882807,1.1410724151420655,-0.33938404177783726
17820,0.5710893731491403,0.24933362766526151,1.1771214025998809,-0.39490117514505313
11300,0.43475087497683407,0.2283937469426023,-2.02399058476493,-0.2827593850611263
19620,1.4620478320775583,1.0369322107873815,-0.523066010777077,0.15283671938081894
5540,-0.44520656636223216,-0.349471223865037,0.14504789296923146,-1.3009248115693564
23780,-0.3048922559106927,1.1183573956607267,-0.8930861305735643,1.6980504133971048
26060,0.21586906164600414,-1.2805064350659034,-1.2389357316503584,-0.07189841428157812
15260,-0.3977945234156356,0.12427807234654159,0.5741277201313999,0.10676771917337366
3500,-1.685011960760998,0.025716100399989616,-0.09517980718761374,-0.38045352421877665
4140,1.0305672822799006,0.8746369942931027,0.4157633600122573,-0.20031202060427278
8300,0.4273377702120469,0.08621401418380677,-0.8922028379942847,0.3498884592413771
32180,0.9698678706104847,-0.925682644364911,1.538319404389632,0.6838027618756972
25460,2.2880453070562607,0.5385329162064044,-0.12263477888986805,0.6408255125667027
2260,0.5603174074979691,1.333899552408526,1.0067078858714003,0.4486151781716718
14580,-1.2293441992342709,-0.4091751335014122,0.19497362405865842,1.0314562748342293
29100,0.29080139074257055,-0.8380724925732104,0.8044818725723527,-0.4635894489939144
19900,-1.1991547490205545,-0.19672121228462905,0.6569537483883306,-0.6891884258685574
1140,-1.3066417195051598,-0.5122035308135859,-0.6043625746381734,-0.13315502461418738
17860,-0.2590258977236797,1.0328973630117693,-0.22637047017471362,-1.5249742461172335
9460,0.4971447255629726,-0.5251616381860867,-1.6148509900606014,-1.491306204915178
13620,0.9635307618785163,-0.619363941080445,0.5455923391982731,-0.4073449446971828
29260,0.4856538953696591,-1.0075371143444563,0.07132656211361726,-0.13149756536035653
15820,0.5816826752507139,-0.8396769628783413,-1.2092521836247967,-0.46036026817019843
30260,-1.1827000355011996,0.1976710742687731,2.047457403654919,-0.869708744818487
3540,-1.3669157192208576,0.627382028932028,-1.5481111219081563,2.0256462409986113
2300,-0.684851674801334,1.013887063449483,-0.6029370990892058,0.5149774268157888
6460,-0.23373024176045434,0.7193209836839507,-0.2616977381910014,1.239125415160613
13220,1.867071967931622,-0.11938738710242029,1.6802368095617322,0.5628530710696856
14780,-0.3956178656201142,-0.11077104824584282,1.2060435870358388,-0.8354337106430793
24260,0.4309813873856576,-0.35373717232598134,-0.8988146464349769,0.03560169799268913
18940,1.7381823335689153,0.7052663774806067,0.686648021496259,0.4659210871554553
27260,-0.6660457246157131,1.9890975254027636,1.8988963910659546,0.9431938708770244
31420,-0.26270629975182286,1.2826242663929759,0.19000321695168337,1.44349684200815
30180,0.47434049729627453,-1.3020818052037815,0.3885268412563059,1.0324306344586422
32460,1.5158450539438637,0.7731533179190764,-1.0539864606036737,-0.11729021922539976
12540,-0.2941311347044798,0.399000525126846,-1.017758599887011,1.0821292480382356
28140,-1.995419010874309,-0.6277797929700177,-0.47933126622317584,-1.2954644002383668
11780,-0.9340357934905412,-1.555358578257002,0.01932092162371702,-0.3197077490281078
18900,1.127139256114776,0.26748680064090186,0.7055548778528549,-0.6402313236647377
5620,1.4942620658017753,-1.2559293999100183,-1.2559522397735479,-0.4162486296204271
32340,1.1537063178624587,-0.5740133660846142,-0.18761594933951578,1.1839528940747825
13820,-0.32148868315043166,-1.8898186309742238,0.23842310622943197,0.5117733924056874
20180,0.09807137265996901,0.8314621003931789,0.8089758532863912,0.12020061443379983
1540,-0.9257696268673592,-1.131865201921416,-0.35907381744537076,0.1689514426558181
25420,-1.3933445058683223,-1.835018855203457,-1.4003484825411634,0.8836587764402187
31660,0.4683200624816621,-0.26729610861263664,-0.04261984948467865,-1.751024423225868
29580,-1.0347804810301895,-0.8313481929631743,0.42586866758116365,-0.15145728063130376
9740,-0.3456724137526119,1.4929619391193023,0.01476869774128597,1.0646834569008534
1620,0.5453629089376564,-0.03263579586779648,-0.5762991036941215,0.2354978547343213
17940,0.6411262937385759,0.19688595095552325,-0.08086255905485662,-0.05454908385007791
14100,-0.25117175891708277,0.08548498936679626,-0.5387691412032766,-0.1329084113354249
20740,-0.7934415174572966,-1.1252289067771302,-0.583869472017027,1.1842058579816146
22420,0.14536037611069025,-0.17431086689549993,0.2749350006972369,0.8471417172525735
5660,2.1460018438088935,0.107462008906817,1.0648309687897854,0.07998385322474857
30740,1.026518505469505,-1.9663506459862754,-1.1996952992972414,-1.0343710312248275
3620,0.511531794577429,0.8537930315379143,0.5035553969480429,0.695963914016411
17100,-0.10727928877032282,2.2449848733364433,-0.5202816076064676,-0.41922364443468624
6940,-0.3041014226158583,0.6576550461861483,-0.8458309415232009,0.8854423732848363
11100,-0.511374286039676,3.3363060765702452,2.0729446271333627,0.16045868400365454
20060,-0.43963611833732286,0.8227418491197805,0.6749628225903274,-0.42938399804248273
22060,0.6579038528282515,0.5511922842372041,-0.9685581876981858,-0.13782381129218751
9780,0.7212994933611423,-0.29192392048320276,-0.3268156949043179,-0.30278341785136753
11740,0.5107438095725648,1.8361981610283744,1.0208754961841513,-2.377397767040148
3940,0.2690948595423069,0.8589724225476162,0.4870677868353582,0.8099000955607305
8100,-0.8181993775397199,-0.6878183387515744,-1.6158066715920008,1.771113927379289
7740,0.17344029148083592,-0.16162752388815924,-0.35284312109694177,1.0577432805520404
12260,0.2439038438186303,1.3003854171824938,1.6271674746656133,0.11515241682747332
13180,-0.21806653024728012,-1.376707579774595,-0.3288868351420959,0.45619667105999434
15940,0.6833211078268325,-0.8822071693576445,-2.5530673580039576,1.2521045447380037
13580,-0.28036849935032443,0.055846570818227796,-0.738116302602011,0.08959218427864246
13900,-1.034607710680075,-1.6472139493508882,2.093779135945243,-0.4585642337383736
13420,-0.8579198488065285,0.6287841023728904,0.3803482261630452,-0.0834630642982643
17580,0.10853020539999848,-0.4144433448867421,0.21381963618546473,0.1620250735484035
11860,0.23190656359204176,0.7531488630108112,0.7738830288699281,1.565572651984151
21740,0.13850120049598136,-1.3695486599983748,-1.9975763466937078,-0.636020854753885
12900,-0.4737762369873598,1.169482608641179,0.140336014808903,1.0709036132088803
30300,-1.723073705952272,-0.42001186444277466,0.37336225801536554,-0.9128743974784354
6260,-0.3679079442681334,-1.9867794751299035,0.5243865834195225,0.5918039822594455
28260,-0.18841100253110205,0.13897487293325816,1.460964433324481,-0.024868329346332336
12220,-2.442171902647988,0.28585374242860334,0.4927143777322622,0.04146682880199899
27060,-1.251527973317173,0.13287245304163608,-0.2604353780421212,-0.28707852104783727
26220,0.5172133335729682,0.3104106148562558,-1.754285322721966,0.4693172399558363
13940,0.030428479296326277,-0.23416247632724305,-0.7564434093975857,1.6867233903299488
11580,-1.0234768943342614,0.39654796784013535,-1.385474156519988,0.7483841550359966
21780,0.2183569204070003,-1.2092528895778176,1.5252557061682923,-0.5396318643666647
32380,1.107536363395334,-0.8018273086711483,0.020002454288591882,-0.6320590486463915
12820,-0.2431831874880965,-0.41933949216857247,-0.18891947167222828,0.8652948378228883
31100,0.4831995706366354,0.648325965112159,0.6931652227079136,0.3514377189340857
9860,0.5923077714873403,-1.805680095030536,-1.0899889960251032,0.15948661156198451
260,-0.337933189532019,-0.49647133878478716,0.036753189609100435,0.6856060210726949
4420,0.15492716544875504,-0.9713998517695882,-0.3672789646536273,-0.0674045638080344
620,0.2922391544846052,0.39062369505001443,0.18329635307865866,0.9618859780230188
8060,1.7484385968077143,-0.14189156514480447,-0.8931121441260366,0.7311033692963059
28300,-1.0982244163632278,0.5800209965769095,-0.5399365565869176,0.22024517070762964
25220,-0.8044557565754443,-0.8867813589386215,-1.282418741467306,-1.5241179484224372
5780,0.8799443188828008,-0.15653220319145,0.1363701769006627,-0.9770567934581396
30660,0.2200608289205158,-1.1382396829689938,0.6481777446920343,-0.8439076163464474
13980,-0.15192633101007985,0.601586869265057,1.5797642130283402,1.5702641618561717
11940,0.639639545480734,-0.30535590185280237,0.10209474767966487,-0.09863534817261846
26580,0.4018480341797757,1.0506769951148445,-0.6188121602092022,-2.2768527445212894
30540,-0.0797101863376175,-1.1885890083257926,-2.1396870067867586,-1.228528888967068
29980,0.8043015604960742,-0.3447184031721704,-0.07732222327430675,-2.6986009690859323
9900,0.9963450855854777,-1.8136653897218418,0.07465570359647938,-1.6897490294458513
6740,-1.6401525737060587,-0.001926688421072552,1.6025368458427363,0.7936430275645434
10900,-0.2613495055505334,-0.43960759203885813,0.6144415598164913,0.045571916514191096
28340,-0.8894222798817812,-1.4651670049148084,0.6103750748318549,0.38473799544219567
19220,0.25016362436599004,0.767294513338393,-0.009994820405507872,-1.7755318197998442
25980,-0.14418642281489724,1.0611917325286295,-0.6244389102712733,1.019646749716287
19060,1.5105362220173746,-0.9539274051712608,0.21751374724795094,-0.4126867543579994
27540,-0.9526394572357828,-1.6228456282464214,-1.2218462407049442,-0.426386412781592
5820,0.6404493641890051,1.375756053410635,0.2185143030930793,-0.3702014607397839
7900,0.3643488891788824,0.9379822597023032,-0.6332631251827981,0.01680836332234309
16220,0.12539646433801258,0.5897055411166914,-0.1141838255129652,-0.4025825629376601
3020,2.484160471558854,1.8288866216997757,-1.505632121563909,-0.9496333094626964
20380,-1.016332207077041,-0.10802192579832166,-0.9337806454790075,0.6602288588682119
11980,0.3296595785248731,-0.45415570726836885,-0.07085151272537098,0.20898967107061858
28700,1.2368625748567994,0.8799875452305265,-0.46388605406654576,-1.9043104124257682
9940,1.353568641546455,0.6206058666721713,0.6975416186343092,0.4232684545547229
740,0.5428501935008396,0.6617530683979902,0.3461399913595813,0.1588173593510368
4900,1.3179094095855413,0.35531162888377765,0.2375505510362787,-0.11913253865344314
17700,1.2200738549522185,0.5513549719102141,0.7888473140901432,0.5184199543335867
29540,1.3610938592614958,0.09831366773612053,-1.886181055928049,-0.826206431379816
18140,2.4998908873411603,-0.7314428430369767,1.0392506176019092,0.2926761313661715
24780,0.4245597377777642,-0.3231961627365393,1.303298896229526,-0.324848287380846
21540,-0.9798219097463816,0.37262696179545457,0.5459171133630555,1.1119800093415977
25700,-0.004529109461387865,0.37216890650403367,-0.6126512094811346,-0.827112211815058
5860,1.6125289895246544,-1.2809593452945376,0.7109392675166379,-0.5984892539794258
1660,-2.2742884537068533,-0.3486235850791163,0.10453830336779756,-0.9039606044468231
14060,-2.022318681608415,-0.7738750739167709,-1.4302962602834894,-1.2254358908365566
10220,-0.12466385510102317,0.4001370521678686,1.7489993378778024,0.2461816083695472
18540,-0.5475271064230645,-1.8740945857710725,-0.4396771945516854,-0.12953450423541166
22700,0.5377563392860676,0.2730181076186419,0.8189942696351629,1.5011771711852993
22260,0.3889988017833497,0.1773980144704769,-1.254993003509618,-1.0461322384757152
26860,0.18863482002747656,-1.3798162473078908,1.5594475069047837,-0.8838374671919179
16740,0.2748821855556284,0.16074278345142215,-1.055042203367264,0.679587492008789
21460,-0.24847154633991247,1.6873872207998415,1.3821552848873024,-0.060741698416475046
9980,0.2035801294166794,0.010530199605569258,0.00289172682411956,0.009803208721634296
15540,-1.3326116183065182,-0.32187544582860794,1.509587139367955,0.006625322329590169
18180,0.4413151611112268,0.07219752281707478,-1.4989908787159372,-0.8084112758573702
23860,-0.6434597047178582,-1.365487680154464,-1.2608762415629453,1.453969673558531
28020,-0.192052388497985,0.6905658571181312,-1.1374487470784407,1.0617412631583572
16140,-0.5392709201089807,0.2918567460633681,0.9209341861196554,-0.2709984823182199
60,1.2397279678120048,0.8902096653537839,-0.8163680693648994,0.21969138551566178
3860,-0.7523773843268277,1.262178661120273,0.05986021831846626,0.9530083625080172
20100,-0.25626085470679477,-0.039935395122643796,0.4516752409944018,0.4145834534592613
12060,-0.984012498355957,-0.5498924896772346,0.15665312559530561,0.9357896369086386
29180,1.3355463813549633,0.14737140065139007,-1.8869426804225005,-0.7539739368578592
20260,-0.08471466210517051,0.013228116534980981,0.017831141220651422,0.28015616073039057
5380,-0.0468680324925911,-0.9753068394483669,0.04121216962622979,-1.2361622717133738
9180,-1.0729915371525836,0.34305501731640153,0.1969595188904205,1.7858577290147017
13700,-1.8210837265212712,-0.21032952698325758,-1.044893045677114,-0.04020166566411258
28460,-1.0244752137288435,-0.6794478338956234,-0.3263135881798546,-2.091170521803626
26180,-1.1817352354454451,-0.2451015406094229,-1.206108724511405,1.0143920702150044
30340,-0.6937453637850499,1.5655257360813206,1.6022614499438923,0.2364801492053758
16180,0.6198628678083442,0.26837263198834177,0.8081851807070294,-0.4092507428053501
2380,-1.0954992518452848,0.35633270981884224,0.3324495190759976,-1.0071684739145783
18740,0.3623099995875121,0.6853408392733784,1.122095798382882,0.11691280383883555
6540,0.6762785421795601,0.883650179336281,-0.0540516452524456,-0.5872590152893319
24380,-1.0830245487923094,0.5534877502309071,0.017746038990681032,0.533848727974719
14860,0.34450987002684447,-0.7727109636374218,1.08308296036765,-2.315678923585957
32580,-1.1832539265651323,0.49834798943278136,0.2100071597983014,0.5482025236481701
31500,-0.2860776132905683,-0.07469052684566464,-1.2479991190048654,-0.5340512790617136
23180,0.012250623368084789,0.29110584217545654,-0.5606429297552091,0.4086891582538972
10060,-0.36942071956747186,1.0782732558390884,-0.31056774754110444,0.2596346064213416
7700,-1.3286495293033038,-1.056441898819381,-0.67916222053463,0.8000430580196985
16020,-0.13895237588056664,1.1694741688277022,0.5550292120775981,-0.5540740714509773
8020,0.5119597494157986,-0.3218650493846084,0.8163591007033322,-1.786983652842821
28500,0.08405302276412936,-0.8329140696427849,1.6087625965878147,1.464321259062385
7140,-0.26048158488922446,-0.7193350720140499,0.650083315602438,-0.24347763604808373
5980,1.0139932342474636,0.6983550326038509,-0.07552791742851796,-0.8476054808804332
540,1.8205482451010733,1.5229224501313285,-1.4728844381743298,-2.0012556508073605
8860,0.6184877471384436,-0.557499238812768,-0.26439418885383864,0.2720381959742777
24420,-0.8593623809402058,-0.9289667349841861,-0.5966145374147668,0.589206888796406
16700,1.1085878546506418,-0.3841455794052808,0.46676988200698893,1.073722780845402
1900,0.01176798752764628,-1.3777083579183895,0.9464537780682162,-0.24224554971613263
10460,-0.22907391077170158,-1.0266167749438877,0.10377631586717129,-1.049594610513075
30580,-1.8722229122458383,0.9160563903678761,-1.1626034667993157,0.9097041325370367
14180,0.2661637696218766,0.03231597922200437,1.7412642218190735,0.8140458630377132
18340,0.9406244531545456,1.222525997986868,-1.1560012920538214,-1.62107809598698
18300,-0.203135418722809,1.4013617958169244,-0.43056386010125364,0.17060142429699082
26660,-0.5159914194735101,-0.06577208169857035,0.3627184842204442,0.7075331512615112
6020,-1.2148738535568944,-0.8122870104736831,-0.15434601613853488,1.031304711282696
15340,-0.480606639204388,-0.5617032221859496,0.1543081521724763,-0.0675079902288221
11180,0.10363781479707655,1.3499040144517422,-1.3957937709513624,-0.15959818186175492
14220,-0.17414216279677247,-1.08059792292461,-1.1053887274965382,0.5188877749944287
19500,-0.03500314361619584,0.2567944009645501,-0.00644413213762458,-0.5610022623775917
32660,-0.2033596750451011,-0.45924337497628603,0.5428202882247253,0.1807873719537926
31980,0.5761152987653569,-2.255494170392352,-0.0007668762316380209,-2.1165272792123555
9540,1.1235933629097639,0.09652269235965787,0.2847262836995298,-0.29790759732781424
4020,0.02325398564102442,0.47996835420542266,0.6223021712298844,-0.06637949790466775
30620,-0.6119786921401891,-2.278974417122871,1.0179013292661987,-0.6405948484920772
20660,1.6237451719000306,-0.03403729687395336,0.7164141536588461,-0.7142027300610424
28580,0.07300782106618572,-0.451703552450581,1.1964254496869966,0.1898130402296076
8660,-0.9065633905117811,-0.03374679047228792,-0.8258291929441534,-0.8223631873220208
3740,-1.2178157481498244,-0.5710026420837276,-0.9163785609910595,0.5529146411263814
6060,-0.006040519574928956,-0.40223589028293055,0.8837792781344423,-2.000622983850365
13500,-0.9847852608088299,-1.5620126406736523,0.5936015904485518,0.7624202712550078
14260,1.155359859724734,0.12410727454271211,-0.06262504108313682,-1.4932677473838318
17660,0.46435161957518195,0.32250598369493955,0.2313248082608148,0.5435065168538479
21820,0.18778673577592248,0.03178748395526878,0.43136072500953665,-0.2448112633304091
3060,-1.4246391481401595,-0.18718526744881805,-0.7611225202942098,-1.3211379558982304
30140,-0.9640623060377593,-0.8747154001054651,-0.07014036693651572,-1.1553678927084627
22460,0.7783787158046881,-0.5784640122346973,0.5535148253539468,-0.7909720363706848
2180,0.6057798101759624,-1.5755887528366894,1.0574910682813539,-0.20939944513411057
10180,-0.03936711329559067,-0.39476676293416885,-1.2943514445653521,0.12879781362501275
14660,-0.731148674228744,-1.0779926890632066,-0.9367407586258929,-0.05282385383062918
7500,-0.809102465024447,0.2703989385310506,1.4312279388866476,-0.26185301088769386
18820,-0.9425632004176225,-0.48305261648132314,1.6948520634132394,0.282324134707756
28620,-1.0210151527347042,-0.6220071254364615,-0.0575774104492566,-1.2955503197748777
27140,1.266124349596302,-0.14840673452013448,1.476628033764331,-0.4216960335125156
31300,0.8092431985317637,-0.9841738631908659,0.693892428806243,0.04954145091250606
16340,-0.25526562471337294,1.4185790718197364,0.44851307050747224,1.2191627374767227
1700,0.29740358397600225,-0.5641105325783463,-1.222043583360655,0.23460575590664545
11660,1.064022658302397,0.3710134408272294,0.18980865598804877,-0.7386251563722672
30060,-1.2250328907551766,-0.22774405512898122,0.7116829067437451,1.3573545574176193
4060,-0.2636230438127218,1.2842886543222949,0.6509342912729683,0.26521856971934965
25300,-0.413244907204806,0.02386198430464685,-0.5795341343907416,-0.3732352888438143
19980,-0.5282762003664807,-1.2414194379110033,-1.5853448251416913,-0.8399276816342298
24140,-1.0098631680419194,1.0631073950548193,1.6730530589942771,0.2873622151880974
22500,0.05109188437991774,-1.602569910769023,-0.5253606296099388,-0.48437696946951253
11260,1.1883945561748395,1.7286754893261684,0.9929256946795209,0.5240049417549073
4500,0.5740483293293032,0.04931569820007665,0.3579249139738352,-0.9027762833124781
20460,-0.5949887363777397,0.4450268439083222,0.28293354172691443,-1.0448157667965208
1500,1.0775750463155536,1.0896983843626,-1.557948856668956,-0.49642525517466557
16980,-0.7066857263968949,-1.0363705957432092,-0.63857485011265,0.1619519312214909
21140,0.22210507869924453,0.7457710189530089,1.2057660608089813,-0.41406649611679197
8180,1.6065336958635619,-0.500617596741412,1.2256852784617196,0.5175603037897384
29460,0.7004248868944747,-1.9945715345022512,-1.0423342591144513,-0.275194383909544
340,-0.2486644051726852,-0.6133707693260944,0.5383102663719701,-1.2412360301728769
6140,0.9104003805111006,-1.213186681129572,0.7007279096803373,-0.4447292875727453
