2,-0.36647885824704074,-1.3434546067363413,-0.36973851341492,-3.5581281940750498
682,-0.8687190921746244,-0.9005663454712517,1.6408703727715797,1.6287867590831644
18442,0.8206094846046569,-0.4612227096828317,1.3256536180165046,1.0912323108294235
9002,-0.5414505643744794,-1.2202812401128078,-2.6655209660828887,-0.30083844461328296
30722,0.6341430743899634,-0.26737822322155524,1.7228765305546891,-0.3734541738308068
17322,0.13057051490946314,0.5906530389474716,-0.9281096690501262,-0.011743638813189771
6162,-0.7102387796247625,1.0513678952138026,0.5688341559701996,0.20292690731867424
25642,0.22006900150001882,0.3545591947971362,-1.1588689644249146,-0.5365470621867908
4122,-2.5376669979108817,-1.583323451806928,-0.7596527180297957,0.6036082397968314
19802,1.7149338042981546,-0.1520328307020518,-0.2909956703285612,-0.33546819620486673
12322,0.45178909379020754,-0.08660911562603818,-0.07330603586326882,0.20697523223641492
26802,1.0544062231054547,-0.06154033723377,0.1296398009775189,-0.44489695294349363
30962,-0.027043175638922057,0.37496811747965,-1.061248081265207,0.35941314992294526
30762,-0.654400687191618,0.6782281242566491,-1.1546262925498292,0.3765421623777994
24242,1.0849711009532188,0.04623066373952512,-0.2425817652009002,0.7848686208788608
7162,1.7218463547529514,0.5735076186768421,-0.4953082057170989,-1.226820794772111
18482,-0.19354540105367576,0.6460111866718518,-2.432947140597698,0.7681100879377623
11322,1.6851629931467855,-1.11625133430884,-0.9199932574270888,0.011685582049396258
15482,-0.4559213050225432,0.2515157224446661,0.4498467563787813,1.4365892519868089
23802,-0.3731639229581153,0.4997216848704193,-0.6080930338898455,0.31128306115876203
16442,-0.9377814081767846,-0.08170807915005837,0.9675282143812308,0.35960194308978977
27962,0.10751535985016136,-1.4654464820229656,0.36972558697854363,0.7615562688847195
3082,0.0849812381954908,-0.7594754031059379,0.275211974927347,-0.46657768018476226
14402,1.0901441746912808,0.08076594555369598,-0.03034585124004181,0.027139490036840117
4162,0.9257245367399313,-0.35948286571058,0.5951855648973148,1.9849881948915742
32002,0.5784487116214665,-0.8633616302190357,-0.2985867982026594,0.8330631457089724
2122,-0.027699855702079605,1.4654435061940334,-0.3654572082752544,-0.6214509843598706
7522,0.14022277725069873,-1.4487278680460813,-0.1473998390317823,-1.0264248293322065
24962,0.12066359687126599,-0.11337399987272179,0.4349325367203107,0.679624237007546
31602,-0.9771417650208095,1.008656976916645,-0.8693866625762102,-0.5548151614012101
20562,1.7578113948850267,-1.4386651131071835,0.5700818140551256,0.5794803048508377
8282,1.2590075771351248,-0.08325448209686413,0.11845700167975617,0.27697122467978136
27322,-1.9298095649126648,0.5747947473796795,-0.13492087568996805,1.5672169520770858
12562,-1.104321332347182,0.5828794507725892,-0.3480685670340374,-1.4077325720885594
21962,-0.8947309397853327,0.591484042299592,-0.8688899918177914,1.8800908007980468
31002,0.7144425986723757,1.7022624421221009,1.9326858134878164,0.7052685598379104
6242,1.3218714445135635,-1.6066266269727076,0.1349867018275958,0.17209919834730833
24682,0.8087759505962226,1.9886337992087326,-0.8334638581986478,0.1212427791989718
31762,0.12245786704025076,0.11850261591242377,1.226063722853992,0.6863239912529553
10642,-0.10256293057705812,-1.1423046050595624,0.4537449819571186,0.14949914006657755
22642,0.027452965415568513,-0.9248687684866252,-0.005056673498893564,0.34218120345512776
27282,0.6880984008683964,0.1681399033821963,-0.5400117490313705,-0.5309769982132968
20602,1.7445453744085546,-0.8573798011677816,-0.058341118880675155,-1.1178726300883037
362,-1.7730117109655759,0.11103835090317854,1.154747867560002,0.24334024311751914
3482,1.2920623193808949,1.5910253162049939,-1.237953446329025,0.0651270142517888
7642,0.268128483126913,-0.6592199384899186,-0.9737934588995597,0.9797345038191306
8322,-1.6596633781208334,-0.8879463982579732,-0.1865073417351773,-1.8846724328161646
16522,0.04168247899993013,-2.179145423925972,-0.5251915810949722,0.8208598207769441
25282,0.8144777645939056,0.05284999981001795,-0.8014379213065533,-0.4173274870155873
482,1.0830844923593896,-0.7449350715403434,-0.8198136217881197,-1.431670050089879
24722,0.4571230275885097,1.1041024117699412,-0.3127567714951333,0.4833935357141668
4642,-0.7263412490847986,-0.49410150642183875,0.4711739092062067,1.6244852824996772
10762,-1.7332850320555466,0.4130766205742969,0.7153596194422135,-1.1085443573691962
12962,0.09388065374253748,1.4873027253656979,0.3827683109028804,-1.2996604075249012
12442,0.6133205014977591,0.7577403468327837,-0.9649230595758728,0.5148205560626388
21282,-1.5785134442137843,-0.6056114763885126,1.2414926258557717,0.41381567023426713
9242,-0.05349893853932887,1.259000146804824,-0.5652065589592573,0.3643317282982136
29602,-0.36810650209903817,0.5975895940214462,1.286770818153329,-0.6363714038464553
10402,1.2687735098340622,-0.8208142900124615,0.7877427247322286,1.2127172016119006
5802,-0.8911608580108314,-2.439881989833548,0.08462279181357357,0.6984725707600492
5402,1.4023356248594716,0.09712390517844252,0.843603605910502,2.1650065717566394
28842,-0.47149470859519965,-0.054338671204933,0.0828456681122828,0.04918132341636449
14122,0.002152041094642293,0.6952987637228096,0.4657733752082488,1.241685969822872
8562,1.7282008487781704,0.5552626482709289,0.5594178515563264,1.9843335583499135
26602,-0.9208636133979095,0.9149723472278051,1.706150832209583,-1.768235113941363
6322,0.44981902594630585,0.3038773297907552,-0.420335035108141,0.04670614778758388
2802,0.669229327824822,-0.4982627001672199,0.9664231429391055,-0.40302662392368516
24762,0.9639711344696543,1.7210639493612665,-0.33936758170907116,-0.34717782735214214
11122,-1.0517360542467233,1.421586124371442,-0.17561278435096234,1.012874420690559
12482,1.2386127264059774,-2.1574237818060418,-1.6093009201421447,-1.3894059408071628
31922,-1.3281452452627587,-1.6288142713855587,0.8015254258956864,-0.8036500576646632
202,-0.44199307726486003,-0.055667781113625914,-2.3789639129979485,0.39915117644403525
8962,-0.569314198058148,-0.47875948546500136,1.4449145522929712,-0.4524722686008923
32802,-0.7388838795974155,0.008932481114018315,0.0626602138165982,1.031317348920213
12282,0.6009716050320014,-0.681840970603792,-1.7007413810330745,-1.0350726821475478
18642,-0.08175141216425072,-0.02107361900824606,0.1994401666952288,0.2926968816819108
6362,-0.0664648579979814,1.6528027010336008,-0.10858355951117311,0.3857998457345306
27002,-0.12689091382074888,-0.5495500902393845,-1.5694108157274425,2.0103623396651007
22042,-0.32279760010165637,-0.9978350517887842,-0.28678336651895525,0.8430334182734582
14562,-0.017726822006160815,-0.4755811368761597,1.1053770466489357,0.12682635066631062
17602,0.45828330160541253,-1.5546154046609375,0.4330654828725639,0.7593644962328319
12522,-0.5858755575682594,0.5265176489854483,0.4120564230059301,-1.7301137155859103
26322,-0.9715259702391382,-0.2270854187129442,0.3278468237531695,-0.2799417924210794
28162,0.35913157308776006,0.2515927036345865,-0.7498584787689532,0.4102875446497452
10482,-0.44611972209836553,-0.05233190151812139,-0.6659354213509865,0.5246847478877873
6282,-0.516121779089716,0.2378532375478793,-1.5361592420976649,1.2644111048931317
28922,-0.12316330584417948,1.3560371599061016,-0.1794072159362394,0.5713840128926991
18762,0.7478106969317139,0.21870691403273126,-1.674935580666231,1.6811107911601544
42,-1.0392936257549403,0.37563080338518934,1.3925058240883588,-0.17098508491074094
22922,-1.086469318304671,0.5585563387725,1.7770301763388265,-0.07580879411248438
16642,0.12092451842178369,-1.0568644652512167,-1.2055764000375615,0.45009792778393887
25602,0.013750246341644214,-0.2697284173304952,-0.20467726162776406,-1.0466513261252866
3282,-0.7315587440943684,0.5137706199390327,-3.3242076992024385,0.7478916862754768
14602,-0.598301992740333,-0.7157699708218599,0.21848974567469748,-0.03331013673302758
4482,-1.5798315380242034,-1.2896428315507054,-0.7104162596705661,0.9118628314269553
15762,0.31975419079409495,0.32085650630238427,1.57826765273343,-1.2791667104132993
19922,-2.205027854476604,-0.26207556627486583,-0.40530670697632604,0.7304511863430376
2322,-1.100999478203386,1.386927490604805,1.2253535439428889,-0.5780196211555764
28242,0.4986643960740763,-0.838663355461523,1.0342320476207663,0.11799689404368509
20762,0.46034930395036794,0.2953303970902474,-0.7795418613918635,0.10093873605455703
4442,0.030364204338098433,-1.2999415553828746,-1.1883054705826266,-0.031977839840068044
24282,-0.15580338451044246,-0.9822497980241137,0.36312535685970043,0.45086611578810465
12762,-0.1855365557636754,0.17531009850412455,1.2126115200670167,0.008812239999869707
8482,1.5547445491124219,0.3087755210971062,0.479461110338249,-0.8779037894837579
29402,0.6238281389349675,-0.4289562900606094,-1.1480571445169985,-1.0976646896873519
16682,-0.11917573987494728,-0.2000991665355234,-0.5957163399095268,-0.3407055425713278
23602,1.7648930950832773,-1.7436717829579536,-1.524665229653837,1.0556550972107894
1442,-0.9054649477170109,-1.2729448536815429,2.3241065521483515,-0.4447663679163292
5602,1.0973991408541526,-0.15254591814385834,-0.3764281091047164,2.2066261149104935
24882,-0.6680177934147166,-0.3154390344484415,-0.6843643822738863,1.876493425607986
12602,0.045841907509864395,-1.5797588752307088,1.4282839728217422,-0.5093070889527008
17802,-0.9309695948025504,0.7251622047126044,0.666330529491221,0.7549777059523923
20802,-1.1548608032527314,-1.8864804221878833,-1.2350968912387397,-1.0499597722756624
2602,0.3379832983231952,-2.2652200063159285,1.8439772050879912,-0.8248266682460156
6762,-0.15067912577234135,-1.5086437328499778,-0.6225439680175269,1.7218403740499895
10922,1.7045836334310696,-0.6928302233779762,-0.21925044976600222,-1.2728910964688338
15082,0.7486990081715955,1.017839091813961,-0.13416078927688002,1.2280582859824942
29002,-0.64987298520677,-0.019528595196508788,-1.1477186893293878,0.9404189305922955
19242,0.44137681952212815,-0.806877677232708,-1.0700314763033434,0.12011132375455437
17122,0.4871491257769831,-1.7854205466529123,0.13449526056993746,0.3454206964175976
6482,-0.43569957186889957,-1.6989693479518029,-1.3250040978534665,-0.46926862716897727
24922,0.21573045219406525,0.8126279152736906,-1.341347918916673,0.08824863190305234
26682,-0.005380115058551642,-1.3135944107577262,-0.2150711458327862,-0.5406632747251007
20402,0.2035179652453228,-0.5857221632216364,0.9904705284436689,-1.64378045701492
22882,-0.4086226657382404,-0.6645601279950171,-1.3484403397837008,-1.9084966129866925
32882,1.0453506724010166,0.5018997069849455,-0.6288142717783796,1.1961379978246278
762,-0.7286722831783771,0.7620544276542999,0.5158986223317028,-0.046845601981730836
20842,0.8484130361694695,0.7139440712718693,0.4552342595480031,-0.71274685883311
4922,0.29885169636248377,0.8878104193703334,-1.2237115303250485,-0.7880426332000052
402,0.46379646048263046,0.0922078140367888,-0.3366379414025661,0.5428168765601546
13242,0.38099541030363143,0.8768888491773209,-0.7541294327761826,-0.231974969801893
18802,0.5344093993767733,-2.03196448070986,-0.17509563692251642,-1.1035394442455857
21562,0.3062616701683642,-0.8772179623977161,1.55137782804553,-1.2242346035696166
25722,-0.5270038089744489,0.4049765911857878,-0.12282168976341183,0.1897866391423167
29882,-1.077682281057537,0.4997627759310545,0.19437244508333995,0.47732468318213483
6522,1.1804013582274557,0.7916533155983287,0.35696929863648996,2.1177035055217868
30442,0.04393844875719487,0.804236656887904,0.48038475947514575,-0.920445336573114
6082,0.40905843708251405,0.2936070006445225,1.0124871852610415,-1.2235681637355735
14722,0.18367745051047352,0.8245145382195386,0.06519892042401604,-0.8384954302588021
22722,0.006183644693592415,1.008798035810206,0.41043836689887914,-0.8339853868983036
26882,0.6090480143491235,-1.54853464448214,-0.2726647903916303,-0.273666045678257
18962,-1.560483756298402,0.21095455942779104,0.28528335778565056,0.13048465881636334
24642,-1.0541531655000942,2.282447488908113,-0.08077937354319183,0.08838904277718646
31122,-0.47102750996973297,-0.3717675213573553,0.2669600744760286,-0.6715602782484453
7242,0.3042831631429089,-2.012631456903749,1.6131602470242576,-0.6691054926356406
11282,0.3739053049684109,0.39507591450425383,-0.5102957992237731,0.732582320178813
15562,0.15120903414538842,-1.6163063442648749,0.8826352434721229,0.5204444561608549
8602,0.18301758440863833,0.04119406835871567,0.18497470328374607,-0.3518374441608405
13722,-0.7797491360537573,0.2811759793965698,0.9608304440420699,-0.823737002892887
32202,-1.2790510092019136,-0.37761555301717015,0.31478545282552906,-0.8065145674679752
27042,-0.7836062814391376,-2.0078464802692086,0.6032652829138682,-0.39174993477523834
82,-0.49799267396920266,0.13335178598850606,-0.6767573650839734,-0.48205773033743127
8402,-0.4672320253637476,-0.32393315127108624,-1.240893682830569,1.4261709040171724
25002,-0.5823644423606619,-0.5539809087066027,0.1245070069531931,1.5222359156453136
16722,0.503939470476125,-0.056198458506066945,0.9597947214234634,0.12655341730287945
7922,-1.0124167223804865,-0.12488041013967158,0.28541004447946916,-0.10258074278811401
20882,0.15059694747569405,1.5527142289566531,-0.5761205549063048,-0.6245657178180382
2482,0.20216738305634385,-0.17201326880822476,-0.4422739546310777,0.36997635110111077
1242,-1.1925393013673118,1.3182706620728735,0.2911396810400271,0.62156642796384
20922,1.6178565941128469,-0.08426715684166318,0.18566515492398386,-1.0798637241814857
22602,2.0469446866202063,-0.07123958925645499,0.8665012645735348,-0.1723179947288812
29122,0.13250714599522298,0.05714322619204758,-0.43787231863409637,-2.2644700487743554
26202,1.9345720917842544,0.17484352554365995,-2.1099146719165165,-0.04888684128181072
30362,-0.3130885828495654,0.12098865019321232,1.4687562505649183,0.15484243802032338
27082,0.513858050304171,-0.21018966297941538,-0.003958093111394096,-1.0789542828270071
16802,0.6223028255765072,0.9619905746562537,0.3685081656018393,-0.17212701283823076
27922,1.674507989903095,1.038331265181905,-1.2361841130624833,-0.31369455053071793
6562,-0.5634861780250063,1.4663256322299092,-0.9319526216080217,0.25146293973253836
10722,0.8717259554706351,-2.038111770828426,-1.0879366733311489,-0.19374266265548643
14802,0.269977481916489,0.3219767019695459,0.2198784905131216,1.0997638506605123
19042,0.05345786401612798,-2.152086727683919,-0.9414146356236758,-0.907646429316029
23202,0.5894600725216793,-1.3221528697183138,0.5930191079500421,-1.1968741031840628
27362,0.10239437794335286,1.9740688692167452,-0.8230546315071444,-0.4390447568024353
23002,0.021843585878079608,-2.000988659706457,-0.39967296077078723,-0.8668088755913674
31482,-1.029747926541485,1.2275217695651748,0.6965721046579799,2.1925478632655286
3562,-1.3153352791213813,0.9609919520284866,0.5046932200962075,0.9690800241059065
31202,-1.310931588718259,0.6084733353091447,-0.45214309745744946,0.9192729640052637
7722,-0.33808680433531135,-0.7441456143379052,1.5238529670465537,-1.2006988445332554
20202,-0.8310759604046998,1.2886173654249757,-1.0136055454357265,-1.5170515659482304
8682,0.4009227076201592,0.8906077086812961,0.8889831683825115,0.03615014047009659
10322,0.23100239592369343,-0.3435793780432566,-1.7490693242770454,-0.21095730257897055
32682,0.5521681561772112,0.003084261797015188,-0.6152876885735346,-2.109390869545772
27122,-0.7692473335062383,-0.7847544580112225,1.3382519803301678,-0.5646716362850781
13042,0.42218030159563624,1.8829957332642173,-0.13112849677863267,-1.1051911683835487
25082,0.21854147628641268,0.41150676290230565,0.692490801294497,0.05624038472518178
17202,-0.26353354651135247,-0.29881890157049834,1.454384630345389,-0.16740918940087038
4522,1.2157844490113972,0.45109294521799886,0.07280639800797853,-1.4320111621587253
25522,-0.0510925416958895,0.2354238516967287,-0.47491143173990863,-0.9020016208022111
29682,-0.4938107466059638,-0.6870144681688255,0.8161436851920841,-0.5044421399848112
23042,-0.6541104719825881,-0.46239038453432346,0.7032223274524594,0.013268727358146742
2922,-0.19776749288102854,-0.35090172336992226,-1.386935000683292,0.7310180735331895
1722,-0.6834569754933927,0.9711523090747589,-0.5747084789688615,-1.463440853355949
5882,0.5443807529171203,0.22621491436867383,-0.36677476572038725,-0.4639352850869037
522,-0.7808007004919522,0.3208207625482527,0.3549211474237411,-2.109984166790669
29442,-0.29038238676984846,-0.3821798685548253,-1.311652625730951,-1.1501858192143422
8722,-0.5085535438212317,0.024462514691542116,0.7953868841352747,-0.26985466326634144
30842,1.019808527188253,0.17415361146391545,0.23087163387480406,0.7196285642702085
27162,-0.13825998575168685,0.1831855066249267,0.23552318487077123,0.1603854536867846
2882,2.246165300692226,1.1361645419955522,-0.39131831242901655,1.075016878125037
28762,0.5419435466107114,1.041094171925802,-0.7096183985261924,1.0437795033587038
7042,0.5716189723884096,-0.4222048970738318,0.8974951466669437,-0.5416944259843933
14882,0.1571196154972385,-0.3375471773692374,-0.9028585067805233,-0.2773896102074801
23682,-0.2627230879622896,-0.8539596981637787,0.024389661939122714,-0.732376220815185
12842,0.6905802227881438,0.18692887556502685,-0.03504009099710965,0.37561742083852107
17842,-0.5691917568992685,-0.19728438498598097,2.75196426799978,-0.2117683216278281
21042,-0.6820416450852521,-0.13069605363488374,1.367959416163776,-0.8736057128714102
12362,1.2618751554245704,0.7055384671272195,0.7584926001191845,-1.106463903374775
20682,0.7908685367916859,-1.9018549240784517,-1.119068589242132,0.5129695125532234
19002,-0.15343123717889806,-0.0249577596083663,0.7555183871635999,0.9625378828609938
17162,-0.8376551178165623,0.06538049859242262,0.12142581013599779,-0.04289682925914099
16962,0.7685164510370746,-0.45166547814677643,0.2652171380350951,1.5603839307188556
5202,0.9842678025516298,0.503161387688058,0.2616615204973476,0.07532555690084589
9362,-1.0775517159093961,-0.2928971908125007,-1.404042675299069,0.2374195450614166
13522,0.2334981695453615,-1.7378273421437564,-0.6579109820043725,-0.3607149942841991
14922,-0.5135261478692074,-1.2986089107731835,1.2208259329844322,0.8124506804157426
21842,0.42538064990343055,1.0045520621746808,-0.6463710068024067,1.9227369243593353
16482,-0.7689735753815801,-0.5680154911250882,-0.2867894004719417,0.46771870026673534
14202,-0.11390238384840379,-0.5070298019445932,0.16924025680837443,-0.5780029465951023
12882,-0.6607020060736076,-1.8728156151785558,-0.4989961451829695,0.6220487164625369
2202,0.156902245549742,0.3066175173296381,0.6351980400655376,-1.1345090413351857
21082,0.3749069995094127,-0.4852200448377029,0.9702870055085058,0.5019594398082229
10682,1.5238051512199295,0.16783194682469957,-0.3131808452660395,-0.4043221821933104
18842,-0.0792216818725444,-1.6337789611008506,-1.602073453330612,-0.2208982675729754
29282,-0.5753674533670745,0.803385333642474,1.067959591878786,0.3666784911053558
31322,1.0169258124819929,2.7424960358693986,0.12799788578768523,0.2836780619761161
4082,0.6873778284725967,0.9131331637371535,0.581698585160666,0.6307206110182993
27242,-0.519120229117434,0.17351114947249266,-0.9296537470486497,-0.10565667850074756
20242,0.1421315925051529,-1.2640366104349596,1.018510107939434,-0.695799015265037
14962,-0.43303169422930643,0.16327716138584014,0.6398119596357343,0.4131426335333245
20002,1.7823338275339575,-0.44872576470667175,-0.24746589046343112,-0.03981916239254685
24162,1.173689742391798,1.0718343069941754,-0.5209402277933497,1.0061668578843104
28322,0.09764478371247173,-0.8620197981624932,0.17701495360435113,-0.8573929558583873
2682,0.27915029090846244,-0.32186063919119595,-0.019486121759136173,-0.8277143176607383
9322,0.2111262747233758,1.2048562370400902,-0.6541207352932753,-0.9106596569745312
31362,-0.23504105971808256,0.904901348255492,1.1593507332490667,-0.2558671538726575
17002,0.24755636173236295,0.2903804270933751,0.5533391626124466,0.40453460737609437
29322,0.9769859299816935,0.9004926352547082,0.019921786100041285,0.06554520020097784
18882,-1.5240216644199205,-1.934528203074052,0.7568279788664589,-0.9170554770119316
1522,-1.3425911034204971,0.5114674291089751,-0.22240413543767,1.2690793671814833
17042,0.3120444610001096,0.08779417614596596,0.5801712947280419,0.08976761411730275
9842,0.4659539840807482,-0.21288717181573322,0.7925541350997348,-0.23616426578094485
14002,0.4158977968881612,1.0047385016956476,-0.1996793595543864,1.2844547107490516
4762,0.29180183694560685,-0.28548961562856917,-0.9384715163513273,-2.144037452704579
22322,-0.32972546028888317,-0.12861482813942465,0.5927107051336877,-1.8968333377847097
28442,-0.7374399207699744,0.11840934629766232,-0.14664260202038965,0.6575879489293477
2722,-0.9316336352182911,0.5824070241167598,0.5891681980612763,1.367095092856063
21162,-1.3887440490487917,-0.5422692445466648,-1.5638335333290991,-1.1556832671928026
12402,-0.21202449001205698,0.8675738544103373,-0.6691644532082746,0.3203124283365812
27642,-0.23046341652468044,0.6580154664874461,-0.3783806039834521,-0.8837305342250844
8882,-0.873690769203152,-0.5625376034422668,0.419781370802521,-0.46106644337969166
6842,0.2955751748453858,-0.6954356629925389,-0.821770442996341,-0.2255573157430082
15642,1.3877224137129593,-0.4051782284886939,-1.5603577055366196,-1.542450464129598
8002,0.6391042884957606,0.7891873512928745,-0.5257687988678638,0.05052519493567929
16842,0.09145949810434004,-1.7047563673326769,1.1956242465395954,-1.574316167104072
29042,-1.1207048433242057,-0.6904767874823816,2.6343084425127534,-1.3494596547804927
4802,-0.22920614994930397,0.020031087225922443,0.1557385161461083,0.0723959089434459
28802,0.055203705554084305,-1.3668715728794787,-0.39583858564294,-1.3603530949351792
13002,0.18549998741550733,-0.0001568384975364056,0.20044189635641627,0.022668168398770904
26402,1.6157241440679269,-1.9368982381492743,0.14256161102268466,-0.974773532436415
5002,-0.1690060003439688,0.6731468096804403,-0.6240479480237123,0.2750063283843813
9162,-1.2698425308103898,-1.759795941216589,0.17457933329834704,-0.03254930315528437
31442,0.1583444068657756,-0.7165815051354949,-0.5328564142099416,-1.0967416914337618
21642,-1.42203453200997,-1.119205610270049,0.9677068418452495,-0.1591477812008559
25802,0.45629180116314716,1.686670768810417,-0.4421150070096245,-0.23583455697183317
19162,-0.2963867153154774,0.39228949188827517,-1.0207378820107007,-0.38750105978623767
10362,-0.04654545482428773,0.06699664019280299,-0.0580952081502056,0.7393685063004095
2002,0.4499896875778362,0.24221726349947545,0.0454306020416881,0.18871091968025627
6882,-1.2855100965019546,0.6850830096522355,0.8543236125771266,-1.8456123423708561
14482,1.127133355557126,0.467201622591633,-0.2570371990064175,0.40886672869187896
4842,-0.1726341166301553,-0.12449131674153432,0.06012525570832199,0.0732845994628328
25042,0.43205674762119195,0.31982272676425344,0.5545281286182392,-0.7530545179250727
23282,-0.18274608144092283,0.23427998339407186,-1.2454704903037337,-0.075070442437628
11002,-0.5425895962570904,-0.1983169906670112,1.049421871074315,-0.8634179859136546
24362,0.7635682033600294,-0.0911246392654889,0.09003517206577742,0.7168241801734045
19202,-1.213970231287926,-0.47414203842377384,-0.04454662354840948,-0.4376508368344892
26642,-0.7501359880116393,0.3069914991835167,-0.6842741203273786,0.6252234854848445
21882,0.1161380603230233,0.9443488316121303,-0.9368102387121073,-1.3316234032952954
4322,-1.0664294489764172,0.5372859333840331,0.3991874441952704,0.18080974162332958
6922,-0.8381642981429409,-0.027266736412529153,0.015378587575873615,-0.8531669617134461
18562,0.2807693556442469,-0.20718020946624538,-0.7271539437470703,0.1408894859410268
15122,0.36486117484136854,-0.2772812787455013,1.284355681274903,-0.14978442684902174
25122,0.08656184278971109,-0.25303021268052983,0.41471524512412505,0.23704718551428955
2842,-0.49823836498599844,0.3101332779147456,-0.3232120985622194,0.3622605201869929
28122,-0.388385430901929,0.02813800508094541,-0.13412335637416126,-1.0132417899218318
9642,-1.7719401991469157,-0.6386705669767702,0.0833107694755825,-1.5267302708290464
802,-1.6903975103924755,0.5320776076583202,0.3608390418631345,-1.156282564021626
24322,1.945841767464517,0.4332613261538304,-1.0260281474175723,-0.8439926265859277
22122,2.5286855939343864,-1.2284115835585134,1.5483415968901657,1.3721427096778103
29482,1.7135369598154566,0.33184946848872493,-2.0352128741716906,-0.28589607380595244
1842,2.443318252317199,-0.6973179423750613,0.7843761056136023,-0.7544408197417439
6962,0.02873808692507296,0.19410311797900276,-0.49473424350671497,-0.46198918827043567
10802,0.2411871227011958,1.094157285030788,1.5062306345205465,-0.9311130610914171
19122,-0.5616173736844555,-0.31650038329075386,0.5294466094481113,1.0549987860889465
6402,0.8850555945026141,-0.6034825709493893,0.9438243836616323,-0.47658125658807066
15162,0.6436229693431643,1.5358507421393808,-1.0071391123702276,-0.27723801795938047
24842,0.3084274604763252,1.186307661479058,-2.505405008610872,0.2709035542374537
1162,-0.8361708803909328,1.5746970759809782,0.49655369812049915,-0.7967432366962468
13122,0.17376684466386644,-0.16636875189379313,1.6361520839309287,0.45973367178614905
842,-0.6192508005125361,2.2816634763317305,-1.3078549452321795,-1.5271884982301065
20282,-0.37442042341156756,-0.3325763695664395,-0.8352747267283024,0.21347195300705843
26082,0.7385910679691432,-1.1641176190841132,0.7496804149894326,0.8958859958658154
28602,-1.1645160629239037,-0.9137517504143524,-0.39723462304789287,-0.4444744176783762
19282,0.38662553134740246,-0.2624724994581243,0.698702022006577,-0.3417977570646203
642,1.1507849941078607,-1.3871003572011456,0.9797895264390931,-0.7303018526321107
7002,0.11076939382886092,-0.3744326018006809,0.37356022540715017,-1.509229221456968
23642,1.027962890619875,2.04658443433295,-1.1787893977735828,-0.20973484773752651
30522,-0.3487501512188901,-1.1858645769505984,0.2753933600751575,-0.9784216354699707
21442,0.9183868692141727,-0.23404325860797257,-1.165061336767325,0.6284742378833518
15202,0.6238684555257367,0.013087162005269597,0.19305444696624802,0.7051866590270847
29762,-0.3933778229241415,0.3977083685284826,2.50388619889068,0.023003119256083646
23402,1.6396087910734394,1.2863719391859751,1.7349067801644722,0.403664694059925
5962,0.38765890590458674,0.7256766703358212,-1.4017274431878675,-0.4626471619854805
4242,0.6980431884245476,-0.12282112664677358,0.6541016854175578,0.2129696068000686
21362,-0.06699715759184419,1.6911424335903338,0.3924823931016691,0.34190172109499695
26762,-1.6062663430623554,0.18684793335738545,0.2214870867276907,-0.31522736581109645
30922,-0.6783578578585638,0.7594538435446266,2.525727782319336,0.1116368878377801
29562,-0.8371499704142633,-0.7224517112408492,-2.485275692521052,-1.4831721814326064
28522,-0.39458336736600363,-0.02319860241566449,-0.5212135713706563,-1.7083005059726306
13802,-0.8249028176044688,-1.0211768929591056,-0.33219455105765433,2.0105388644411106
7122,-1.5730403913127584,0.3179241732034285,-0.005423288739944329,-1.0309979471995
17282,0.4143207160438558,0.8679677031413997,1.2886627490536353,-0.5281288361736441
3442,-1.2141392240829794,0.3218016217088149,0.4078549590549589,-0.9851121833048783
15242,-0.39708212329965326,1.9032138916430188,1.2574799264006231,0.13869898811638484
32082,-0.07494929464234695,-0.633783740838779,1.3669184489927837,0.7714516374785455
28482,-0.39013119876775987,0.07710761556334145,-0.4141223194743792,1.453522647388987
23442,-0.31610415569894584,-0.31702317086299314,-1.2885346491272034,-0.34738830959463735
16602,0.03165038284736642,0.3056366981339234,1.166707437080649,0.35376028733347503
11162,1.0895670806414623,0.9911085855319612,1.141306907661591,0.10947406593295904
17562,1.0306589670506763,-1.1589825068669741,0.8557567198456333,1.3733601114346439
29082,0.5543242218266833,0.2644251250689785,1.0102802094199008,-2.045901935015664
19362,1.1633281092859131,-0.3757484886256826,-0.7780308093400765,-0.01974688240049741
5282,-0.08415033156210196,0.3022210062564715,-0.1908033742107646,0.712171816852057
7082,0.4306774360443814,-0.8269002976541204,0.8889468770703534,2.2006462570619307
13602,0.5276175247779835,-0.7776133190265878,0.7384555301580452,-0.7100815043076119
6642,-0.46860862993497565,0.008290581847476195,-1.0382901328994416,-0.031923949454262905
21922,-0.12227779232686775,-0.43478588899437565,0.020515323304639413,-0.845303028082061
15282,2.7722224388901577,1.0844805460867883,0.7789749753676697,-0.16897372812047584
2282,0.7652660950799651,1.175669605591026,1.1241586407775672,0.07320390783685563
3002,-0.05168600207367977,0.034702442955292394,0.4256614800508871,-0.829413807370116
6442,0.06585021259749685,1.8165615270124642,0.7612647586085792,-0.572117414808516
21322,-0.17922389824493543,-0.5997079233687648,-0.8163658514538823,0.9435969378678087
14762,-1.1157893017512794,1.82251740542945,-0.1671603822728832,1.1317954342992476
18922,0.09146745045351122,0.4768098332596945,2.3262171657467663,-0.0017637337561484463
11202,0.2426036475170112,-0.9333313699967553,-0.04407026302254925,-0.7354816540884133
23082,-0.7549726382847578,-0.3674129853126544,-1.0363244334131183,-2.2418715236735527
31402,-0.06905675061119777,-0.4366861035991302,-2.224749288398181,-1.3416963532409334
13842,0.7391909739312376,0.28625815215843375,-1.0290147075686114,0.017743831789673065
29642,0.12291167468539951,-0.3381186837161619,0.9993362963000771,0.36101281371370186
162,0.6638865399388537,-0.37265643555038924,1.1258974103398023,-0.3575194764397859
7602,-2.0551414722612242,-0.6170248376467946,0.9439380118347159,0.4684030481210353
27602,-2.1031843590845196,-0.09702093416026661,0.899525274948622,1.0912979971375456
15922,-0.49140066773347646,0.49848270988471005,0.855027503553699,0.23321627475172718
20082,-1.4271831759362497,-0.7453068900542948,0.10280341429826714,-1.0932674758808152
28402,1.3760695681683344,1.229249059439261,-1.0344382678293031,1.0962491507182799
25562,0.21117387005524374,-0.2145268440809887,0.1571363089384939,0.4283706704962363
32562,-0.23884070084317238,0.7015205106325223,0.5316457091976368,0.16649150374372026
4602,2.4270571149882945,0.9828628384911773,0.31881695648434105,-0.21352857780872736
442,-0.929541295500216,-0.09200149003532822,1.4519726526218324,0.07303882909848541
13282,-1.54108364179506,0.9407280393136653,0.32464948697987794,-1.4786998580555204
8762,1.170740283688725,-0.019678763342167047,-0.34969617209492126,-0.9682265399549145
12922,1.1046742375170253,0.9709562625648508,-1.7226578756378674,-0.3296499894364228
17082,-0.17267569944061995,0.5915756180920019,-1.5404417416184943,0.19385769329692437
21242,0.4584748353984403,0.05327718286378516,1.308782482651812,-1.0997328048215453
21482,-1.5634814488623996,-0.2715743804870674,1.2698987669682291,0.702801614596404
25402,0.6178482621478149,0.45597639437421683,-0.61641344215988,1.1813007811093488
9042,0.2803551434536191,-0.08242023350665016,0.40480599628720354,-0.2295708610889958
14082,1.825082850301048,0.15532023436730633,1.6949672644840108,-1.1865551902144695
19442,1.115270595589053,0.37723317365438946,0.4315675988479969,0.620336468134942
1602,-1.151199042403721,0.8964470903805759,-0.06191490932865774,0.81498535263341
9922,-0.36226504976223584,-0.11954334989473724,1.6113693032124852,1.5843167182089277
17402,1.3781178788584376,-1.5258912212801754,0.9456746292181449,-0.008357166543437215
23722,-0.5204044563842068,0.674845627813822,-2.0290606656535197,-0.061163611353822145
22402,1.00816861979744,-0.8510785046976729,-2.166621709091272,0.20201465441031993
26562,-0.23254550534609553,0.18808446539063012,-0.7369740256802668,0.08459070826668126
5122,-0.2930803303205641,-1.3026410056547977,1.1205054895874116,0.37673187010577924
3962,-0.7593078460157328,-0.15000564846237924,0.3602633519663549,-0.056604911128422725
2762,1.4888255288341123,1.7128285826865344,0.565162842337168,-0.5597175077744339
23562,-1.678632089380511,1.2129356883278624,0.6301147188325952,0.19189837773209398
27402,-0.3999402810895785,0.5625068270077808,-1.1636311669622974,1.213982770381434
11082,0.48642829829099093,0.6314678745315889,0.44111048205938913,-0.12974620594786973
2562,0.7104059186120256,-0.40825416354359545,0.20984620304988869,0.4244035618917427
19402,-0.6473095471912199,1.3363873748525612,0.5086716526162812,-2.2057108958881306
1042,-0.3213195832349721,2.994548810823422,0.40830576938099156,0.42154672582556446
29722,0.025896112208241093,0.6067861683237702,-0.040407368882852006,0.5417445950745152
3922,-0.612566215172253,-1.006077949416846,-2.1622049451643615,-0.9284974056297568
1882,1.2439780511509224,-0.3314853050292551,0.47173404161671445,1.0538897963636447
17442,0.49245856982852254,0.7952596235587109,-2.588874743260375,0.9539650881478091
15402,0.30094744580800864,0.07796839770302985,1.1761011158348087,1.0053702355181846
21682,-1.730032996981382,0.6296994595928772,-0.926917338438585,0.613331116991607
922,-0.14282326412548585,-1.3980081337307273,0.8828963601794664,-0.21226849894158975
5082,0.43009014706481075,0.785974347575126,-0.13809506330607144,0.1764186397661696
3122,0.12564201229958505,0.9981316350788445,-1.7513981426255356,0.4339304996510656
21722,1.5833740147127613,-2.3333886792330403,-0.059289566399361615,0.3529759948000065
31802,-1.1511189081607491,-1.6090183093037633,0.06867879517215736,1.4830753798695724
25362,-1.313143686122506,-0.13261411515536306,-1.724582376139807,0.12681304930103215
30042,-0.06743771315476649,-1.0248519866242163,-1.605572921965367,1.855676932563856
5642,-0.8529818135800417,1.0078720011205615,-0.16287135648182324,-1.03207951769048
17762,-0.9498046842874538,0.4935112549631161,-0.7961501591745699,1.2657951503300504
19522,-0.1604083860855397,0.8611381607200224,-1.246175746028491,0.19047485232973643
27722,-0.2843537881215678,-1.2175522157534824,1.4771234015601675,-0.13907584700596382
18722,0.5893535483727839,0.2597027327239391,-0.8507391620130335,0.2799652518929309
1562,0.31744659157123384,-0.43878460930102275,-0.6551169886756696,0.5458205570981649
25442,0.15222850811483823,1.217904000322523,0.10955827027330628,0.9222804398290227
15442,0.1373538959840336,0.9299029891134333,0.4709033412142282,-1.4218272301486532
3162,0.42419895401597385,-0.9397421723803512,-0.8300089230596877,0.24372527052622395
11562,-1.1939705685901907,-1.1198277725511436,0.04981561639236096,0.2024783342467957
4282,-2.1462811512799878,0.7382829348416049,1.2122321016037578,-1.2475993880041218
19882,-1.424206330203291,-0.33036343754629627,-0.4909318387471628,0.976612369756759
962,0.8994720703979842,0.2324581222771967,-0.8834304826858617,0.22045440027652663
31842,0.20074500162527803,-0.8303192302993891,-1.4440677138598779,0.9251832466781397
32362,0.0855988044445807,-0.27770422384443744,1.2092430389847983,1.2441358318227806
29802,0.990162605018662,0.5511579462123131,0.24288376869968234,-0.09380586775434259
29202,-1.3506974373262135,0.05357319929041601,0.9458051037114598,1.9517477974776256
12722,-0.28143905509741796,0.6770136410837722,0.1290379243442409,0.4472235501522843
16882,0.9080400932595042,-0.01666604356822532,-0.21229946684130913,-1.093377639444117
27762,-0.23309546873963993,-0.2462789214103718,-0.5888848407439666,0.4274030768397182
25202,-0.7779259290235249,-0.571909543053202,0.9940664757736903,-0.4125117091158456
29362,1.0521411185824405,0.6088904285951194,0.4524426989950393,0.29008525553545633
5242,-0.529714963161015,1.2870060134228116,-0.24931425216292355,0.14313728403657533
1402,1.4752094529770172,0.8373956455300614,1.0847787741120352,-0.5469632928473322
5562,1.7811144926297477,-1.021665244946536,-1.2798323628431905,0.6927525307370637
9722,-0.6537419481194321,0.3429882472237357,-0.9122795167205826,1.4379632459747393
13442,-0.667821646540686,-0.6381778370478268,-0.7932384077244438,1.372357986905649
18202,1.610779575976302,0.023683474037780802,0.046778469188396496,1.310421604725581
22202,0.6383972767632962,-0.19504349989390393,-0.5472264275212125,-0.14520333907677097
31882,-0.40279315848226743,-0.6348983586978045,-0.1849387679607531,-0.5143817405239237
2242,0.0054366721067713,0.41976701368450997,-0.29432774259714967,-2.4896440420737074
31082,0.6844581998864322,0.047708691265029295,1.0297072850894278,-0.4194537950646563
19602,0.09355141764382956,0.5565080131042326,1.3072218503131598,1.336424401600225
10882,-0.6942218503512243,0.5775463597297312,0.6191055212205898,-0.07864076237729542
15042,-1.1697872693161262,-0.4997769632405341,-1.6433548273086476,0.42873926917388155
7322,-1.2301059798484462,0.5579507611702929,2.158896977582782,-0.9480989287329739
23362,0.7315767190025193,1.8442036948814235,0.04431428571504085,-0.24214090417826684
16922,-0.7025461741956917,0.18161101008086605,-1.1800052916683992,1.5640903837107643
27522,0.6595711614548885,0.319184355869132,-1.0319637311859047,-0.7438458554339974
15522,-0.69905229866793,0.8330091531530198,-0.054581150417411815,-1.8729558866629916
3722,-0.3870375616105704,0.8893382965913849,-1.883967349576134,-1.0916385435621918
7882,-0.6657873663924698,0.34220990823195263,-0.6381919878446952,0.49415420008429234
3242,1.741568812629493,-1.59603465934749,-0.15774974539748954,0.6204868759685637
6002,0.6520260568633784,-0.1290482934192902,-0.8916572899181704,1.0359625832444308
20362,-0.9211592399991085,0.47647488104773295,-0.39205569188981343,-1.2775574630589124
1202,0.8905822757208955,-1.6917073996896224,-1.2198301151884183,1.2889147857996903
32842,0.3369910894593726,-0.014454592481768724,0.7904285432675404,0.44070013737779556
722,-0.8547273438334675,-1.0047089614893328,0.35094302712745895,1.0981784385520124
19642,-0.5872350465209585,0.21578019559782163,-0.4052339348293323,0.5688794565853549
16402,-1.5573388136476976,0.7802797114176027,1.5237323994698502,-1.1899925470690964
10442,1.5726368542916886,0.13758771552611315,-0.12274034339665978,0.867487562353701
13202,-0.27574910513641293,-1.5749974437232233,-1.5209264281220585,0.4927042871936409
17362,0.46414930597178256,-0.8318052241987245,-0.9508208938127051,0.7311197459130568
27842,-0.24956032238894418,-0.7721002263983436,0.5214350575745457,-0.3214831569353747
25682,1.6999875853159092,-1.0078960990148425,1.9855392655760913,-0.3451989989161696
29842,-0.38873864264818825,1.0462550221273053,0.350277850002183,1.4308573373761608
5322,-0.8267790707250461,0.8939217474803458,1.3533624268427715,0.9156249703064651
12162,0.6900800558994366,-0.756589725018162,0.977646892548517,0.7642815800503592
30242,-0.38145887526177163,0.3409629515023515,1.3996480926944863,-0.9677524725880848
23762,-0.2806475306362702,-2.433565878719828,-0.3427187672311791,-0.3063930789931688
18522,1.060947742309813,-1.0385683260804977,0.32626187280102026,1.1942301254577532
22682,-0.4531362260169037,0.8286259772245663,-0.026063826922487748,0.12978475929674654
11482,0.13692550148938915,0.6687731107450047,0.7918545733996939,1.1242974989444454
9082,-0.5317396110276298,-1.1884154837581522,0.0923331811594086,-0.7637398412719786
3042,0.5588428057904653,1.1536528099585737,-1.9850044288623492,-0.6987209160710708
29922,-0.18727823265198623,-1.0548389064408747,-1.3791008094774126,-0.43729112358432026
7202,0.5115515729494665,-0.9428242963992449,1.0520572697465504,0.7113771325523741
11362,0.6953552285946698,-0.47570775236281465,1.1757041225184317,0.2048853079650092
21522,-0.5245816074973503,-0.6109544359346252,-1.2561983940485986,0.6846782919887403
19682,1.0037404497704803,0.13631519659356156,1.2515026726462588,0.5180385822680647
7402,0.4364714451371713,-1.1893063038661582,-2.2932027605470156,1.9161666930453753
28882,-0.7274147474551017,-1.7306299697806011,-1.8464333963755346,-0.5500248127778415
15602,-0.1162349665102809,0.5956784531040862,0.9536814276107983,0.6859643849185024
4202,-1.3231479038292695,-0.5642056499911985,-0.339797351529042,-0.807300358609862
8362,-1.8845875964099792,-1.1003113219873542,-1.0036640290946726,-1.5734094016510545
13562,0.06502879337671594,-1.535244252896556,-1.0653880335427064,1.344654927938607
17962,1.551780204556481,-0.02935895500585525,0.41964238079130417,-0.16811641354682436
29162,0.7152581221705023,0.5431488430794761,0.8461217951464501,-0.173370353644731
11522,-0.028107683216283996,0.004317686029770105,-1.7920028730557327,-0.44838767892579173
9482,0.26545986465793076,-0.31505615311028595,-0.8670061165662872,-0.11323140425653543
13682,-1.4948764508373804,0.09786573441578528,0.8222486733490807,0.42685151227263435
22002,-0.9201870531229002,0.8882542613703429,-0.05284155006499231,0.5094262350462149
17682,-0.5927394680275019,0.1564508937599553,0.15963535018949004,0.3941966771812189
26162,0.3914115069019597,-3.433011134366672,0.21948235601409763,-0.9635818406518422
25882,0.9867973803983019,-0.3685911788587285,-0.8270071305787761,-1.4726317409480114
26842,-0.5142834423351528,-0.44655592617873135,-1.6431395105119042,-0.30527428529136774
14842,0.9168345671601009,0.08754458900688133,0.9818519845577891,1.5410004855419612
23842,0.5513402148218721,-0.8884551488339283,0.023370652420064093,0.5663723899299626
23162,0.5330225975402683,-1.997429222267553,1.615764315467704,-0.7782873528871811
12802,-1.7859361597814363,-0.27977905261903807,-0.19329254038480206,0.5906570955676209
31242,-0.5522291957706936,1.0546976175318294,-0.01634757643722889,-1.1016917125128352
32042,0.8585493752634558,0.22429058241790695,-1.8272432408093235,-0.6258091598797764
562,0.4862638046277339,1.2845666413151269,-0.11727597496471992,-0.06174527883101051
3522,0.34230045083284033,0.40240695937956084,-0.9213358596535123,1.0336545259742873
9522,-0.022991369197201947,0.33372651198468245,0.3428858231126117,1.2337825670841416
16002,-1.3288046527785375,-1.580772606074629,-1.1631633777580415,-0.5103343474556861
7482,2.82564903210946,-0.21320895773831208,0.09077141784654344,0.7131565486941773
25482,0.9019347325103716,1.2392687831315414,-1.160576571836013,0.20759746011015034
32642,-0.36804958244938324,0.42512134767397886,2.16188502679616,0.8159315908605883
5442,0.6448387037899956,-0.8155231518297785,-0.11807853345567988,-0.8941015872617165
13642,0.2946402999001426,0.8720282101206813,-0.5019130425733987,-1.758831536488953
9442,-0.35315987269813387,1.7006412042275831,-0.5407495913488587,0.3984135428367016
11602,0.7488049899788107,-0.2994204929992068,-0.5993741744266616,-0.44075176586390474
1682,1.7352923700360057,-1.7655945167628213,-0.1316860010547593,-0.34149957708865925
5842,-0.8338260542572832,0.8146627122050927,0.8567769772987994,0.8014244940345666
9562,-0.14683289277016395,0.23447632262436302,0.2106797180848421,-2.3190063561693615
3642,-0.5193986987273351,-0.6372244840186442,-0.1292622411884172,-0.3355216741837382
18322,-1.1748903048635295,-0.2795186637948892,1.3315481716306243,-1.8591510006343683
22482,0.3719753802476238,1.3516307257749671,0.8731560140410461,-1.4577047507346221
28002,1.2922028813985116,0.41139935194443755,-0.9072529384950537,-0.6514664518018
30802,-1.8942747902287433,0.20351829264056065,0.23943518300186262,-1.2135747203269094
1802,0.12187091372303151,-0.141731158773044,-0.8270019628350757,-1.1226002939452
25962,-0.910632326099782,-2.028864994727587,-0.583664758817859,-1.5225947183819728
28562,0.22632416707244804,0.8039856040823884,-1.478424682438673,-1.1571901186657432
15322,2.8858415907546595,-0.10094308667069703,1.128096854578872,-0.3759397397428814
24082,-1.1159014649732901,0.5601550370591317,-0.7807365403627671,0.8770278089615664
19322,0.5490780927336305,0.5022056203257393,1.1381865695959175,-0.21381555728672788
27802,0.76714933280079,1.8012527057370546,0.7579949945983364,-1.280636058521966
31962,0.97782770456339,0.3185529875173532,-0.19882256413957092,-1.080527718823908
32122,0.08174110356959786,-1.1277514906990056,-0.8533610290862772,-0.7281393489384276
17642,1.064427313520794,-0.43840706894993875,1.592403263575997,1.7262251828552557
4002,0.2861137495247323,1.1250263108468503,0.270416144751224,-0.45122592887639457
8162,0.7453365818229059,0.7155225904755054,-0.8563117357545179,-1.2069076557665188
30082,0.12029887192973689,1.3910155244587832,-2.130457453621618,1.9927689363608336
282,-0.8238236730217964,0.7082022137631588,-2.1450013689511764,-0.43346800698100274
20642,1.3195022158187844,-0.583197015281802,-0.5039408920327683,-0.6856604889498424
24802,0.23585994838911326,-0.35185078300544165,0.7254380148827799,-1.3961364685043016
28042,-1.0151102024569862,1.667938639932217,-0.15054661216437612,0.3185233891304472
28962,0.4169199759687037,0.591736626093116,0.9128818457204194,0.674825004459826
6722,-0.3545410672621168,-1.1650979922782259,0.6588460291142696,0.8906585168100788
1002,-0.23719241198395888,-0.35624692891486665,-0.9578150399475467,1.0017491172450228
26002,1.0311844194315063,-1.7968684571191733,-0.2666737303601454,-0.3629103845670096
5162,-1.19426785506326,-0.8933654508865391,0.12090392939439523,1.5731010318176983
13482,0.6240618194638623,0.3252401834048968,1.6602048622572005,0.6069873526504784
23962,0.6153469334132823,1.3447695222740232,1.0906399582888417,-0.14395082264630363
6042,-0.33418696633943706,0.4750394115902113,0.8508088867900686,-0.4021081539600739
11682,0.27225474881251804,-0.07446652254471979,0.9449104398230216,-0.28012556879371114
15362,-0.1904002025112802,0.9664921040074163,0.36354567200473625,0.16458419778871342
2162,0.8183034268804614,-0.07175382715025713,-1.6986722084759742,0.0033506273706729863
22282,-0.5092980110067619,-1.134597757917872,-1.5016320101407687,-0.43117448577774375
30122,-0.8389509010568346,1.581640371001586,-0.1653019207130006,0.648843492416605
14642,0.27722070344779254,-0.3810816609726279,0.03386177275405644,-0.3458365068610178
242,-0.2064328398912992,0.8892783545943499,-0.8253688200748632,-0.029075830673063525
22962,0.05134847574715684,0.44990190235457095,0.9966674045641846,-0.6659805112504342
28082,-1.1732935121638994,-0.08962704464130576,-0.01987795269561092,-2.097600351489839
31282,-0.5925089680638617,0.01544860329944592,-0.6631105072702831,-1.4860725699883839
3322,0.2083190672405661,1.0956589458039188,-0.3341846920756729,-0.8647146932980715
26042,0.3153342777828096,-0.23264036493327392,-1.2482287761322564,-0.3304792105859706
4682,-1.214036074662263,-0.6363505744688143,1.6161496898871757,0.8488866280619747
15802,-2.2032296403282077,-0.19231034583683723,-0.10441123371276718,-0.29703100576977093
13762,2.8389109743078658,-1.1096604013932367,-0.5402118487695845,-2.521233648700565
24122,-0.18000020054555943,-0.8820476479334178,0.9374609514260474,-0.6431932444207905
28282,1.9400560368609152,-0.09019196312207607,1.682846260227864,0.9080804306053899
32442,-0.4780439607624076,0.5275063910086617,-0.43459273020234646,-0.9998918416561206
11722,-0.8676135421720861,0.9061019286474876,-0.8982709815614492,-0.17645196887495457
9122,-1.0978300855276655,0.5394685173256971,-1.8822564335303824,-0.11936278607892983
8642,-0.3045740639924037,-0.4293937469268952,-0.07545447140136032,0.4031199028255388
30162,0.6193459020300497,-0.3350709650767092,0.6053512318581482,0.8330641712018602
21122,2.679716553790114,-0.6201177876613195,0.2804044907402888,0.9680306172938841
17882,-1.5347059580990048,-0.8539749444748935,0.15628386246889867,0.6718069989783317
8442,-0.16218660337538493,0.8249975221964788,0.19852167537950094,0.09378663114767115
20482,-1.4320424228993696,-1.3530809853591088,-1.3620696027661863,0.5357216542333155
1482,-0.9831432397902904,-1.025675040369347,-0.06260472725928144,-0.46761997812162587
15722,0.6117031450209123,-1.2612744523728283,0.343560924972329,-0.1864727416473413
15842,0.07829514103103882,0.1276784880345551,-0.13012139744969958,0.3492071193007536
9802,0.23714121849912367,-0.0313404017876611,-1.3732538835759105,0.009709481567537648
13962,-1.8027331398602253,-0.665847562355173,-1.1286612721651224,0.8889544811386934
24042,-1.4779122719148614,0.37853447375823895,-0.34808584415611477,-0.7792411384341619
10602,0.31129724008930404,0.537224185080009,0.4220734397972391,0.33246998541334416
26442,-0.850802652464082,-0.6204003482573985,1.1126788968743306,1.239086964242101
23122,0.3746063464510878,-1.092124705620078,0.13123240053228885,0.1501668086562864
30602,0.5792619861302608,-0.3752687943608355,0.6438890947597747,0.29190016256347634
11762,-0.1614658865128913,-0.15966165610591343,0.01523939070565474,0.2802474812525414
2642,0.11388615971673265,-0.18673596863947603,1.7809939684743947,-0.40383287163311876
6802,0.9662097368156182,1.518910561024433,-0.959640917314466,0.8350312932734586
10962,-1.2177140893799843,0.8211910561334762,0.7114843190308973,0.3379256908227402
19962,1.3779362302331042,-0.11957526133123181,-1.257054251659524,0.9681726917343821
27562,0.3241779357021913,0.31708615966074444,-1.055452025310761,0.19342308878240796
7682,-0.373884422421841,-0.025453889917378316,-0.42552048612397736,1.034759989158318
26122,-0.2560596478052471,-1.2492026836744035,0.36268970725977684,1.8745247597966
14522,0.6263467099589869,-0.9928546917066969,1.4234486366621546,0.5960515473141454
12122,0.44540245821525903,0.5969513542801512,0.24214222673610436,-0.4052115766724552
1282,1.3528833538725775,-1.9288521974868629,-0.6124832946873067,0.5877868139614043
18682,2.0179463745247106,0.7873434141177507,0.7743472265794676,-0.5908719910587222
3602,0.17759324919078068,0.22356558212379765,0.411548438766751,-0.41997378951321745
11802,-1.324358576865654,-0.14065591120868973,-0.22093660821394115,-0.3622185598894689
5722,1.069566599397933,0.6985887576212445,0.1938493272450161,-2.1333538055330536
9762,-1.3889896481632638,0.5612482861302708,-1.1009417053705435,0.4138055463206391
25762,2.047237714479168,0.5096036447703143,-0.14970019275183194,-2.167228563038086
28202,2.2656444064441903,1.7818164566166466,0.5526878968012748,-0.6731819623690702
10162,-0.5138357984328464,0.05838820293070045,-0.3701976106498061,0.4317685420399166
1962,0.8363697719223181,0.4260289220476787,-0.3673941902611332,0.35541256760804946
5682,-0.21017483573813484,-0.632709095347084,-0.06801370828157177,0.4390248075427483
10282,1.6308326281566483,0.7396995558368055,-0.4236865014095335,-1.6823111645269473
14442,1.2547553114462493,-0.2602753594841024,-0.9259855341220022,-0.024664934555444735
18602,0.426104249348737,-1.05028210564108,-0.7781699910816038,-0.4412931309620766
22762,-0.8131515705747964,-0.1760059290323791,0.7899417610037491,1.6285620621310226
13882,-0.23587275947338868,-0.6363312200799609,-2.28743984427592,-0.2018232281375398
26922,-1.848080339376305,1.1237128888458339,1.2697802568125294,-1.5196152663409919
4362,1.8134698099023432,0.4316749058502165,0.5066704306701888,0.6237650800783635
11842,-0.2706009239633626,-0.8970255777758278,-0.15674251074368364,0.45624423312535684
7282,-0.7968656891471173,-0.8177902306412022,-1.1002147446650974,-0.1871318065746101
11442,-0.3318912741683755,-0.09141670991437806,-0.4430080489038032,0.15707396254618872
30282,-1.3967115836041306,0.23765023529387186,-1.5932625078769944,-0.4931718375538541
8802,1.1563853473592738,-1.6340617314932309,1.6872339328562975,-0.021826225980241233
32242,1.438237983869593,0.3930404189627846,0.6723162289649697,-0.5297587322131169
7762,-1.277298720499305,-0.6987496850828012,-1.045732185632268,-0.06474332738599657
122,0.22128732164242096,-0.1308938968877467,-2.076950604105425,-0.2485169831478371
15962,0.4954119457118936,-0.5829124086940051,1.3580266200388094,0.9702208222505979
18362,-0.0319423047088415,0.8032562608674853,-1.4138930427142544,-0.15602635868165554
29962,1.4188282996020358,0.6391629368992242,0.507782661775489,-1.7361837383185197
13922,0.8684806224962262,0.40354456489761564,0.5256379732896426,0.3837802716209658
1642,-2.208316143979406,0.12830598541059507,1.51319511855119,-0.7513178736271553
22802,-2.2242370665308884,-1.0856760997563242,-0.809161630011699,-1.40433851428206
9602,0.31132960040782764,-0.37434595705241264,-0.4954360170762645,-0.6074205433660237
17922,-0.5409159489604316,0.24894051275978885,-0.8690272398055182,-0.2744274993330413
24602,-0.12084673666371308,1.1537280090186657,0.5441681821089042,-0.12824372656697658
22082,-2.004297267104087,0.3717418908197732,1.3838744564057404,0.6044020575854983
30402,-0.5646184051626075,0.23376423755678927,1.2782572282735873,0.19374585675203643
18042,0.4153142224383622,-0.574333649194917,-0.4148297429941911,0.8012833034601988
11642,0.43763245323886446,1.378291862247354,0.07231703478701851,1.6382141354311404
11882,-0.4541673212270121,-0.5902753473586917,-2.087895113993512,-0.2935841669599801
2442,-0.05061884206923418,-0.16853185067328064,-1.8025222727398216,-0.16259363360120216
6602,0.1707226571215426,-0.3218662856927139,-0.44123818826317984,0.108828116335345
26242,0.49642344288411233,0.7726158805962112,0.10421181719029776,-1.0922380748441092
19082,-1.1755982849678044,-2.327641023501357,-0.9100500387913033,0.28721537679880993
23242,0.13933357085791742,-1.842469922847029,-0.26857175795461585,0.6300934424093213
24202,-1.0843041026877855,0.7778500975421773,2.177331315633893,-0.14941779119186085
31682,-0.014841663622575057,1.1002922812904714,0.2713732259407375,-0.6934875511838596
11922,-0.5878120432052,-0.973736243367531,-0.7796916991187548,0.3389781250130191
4962,-0.3447081126984409,-0.25602211137983766,-0.2976289831065437,-0.24630617163548968
20122,0.9601831784412489,0.9612414838282408,-0.7200209853398836,1.4278688708038179
24402,0.08722612493087742,-1.06983255362963,-0.7664654934630003,-2.256683187538545
10522,-0.5623364872463124,-0.4822526994340344,0.36741601490827025,-0.5597870990900126
18082,-0.5922477345011942,-0.2659161864223887,-0.28454239777804347,-0.5996703547300828
602,-1.8891744522601666,1.2088769148230507,1.4049379397757937,0.21964702616244813
8922,1.4935192691588035,-0.5386910375880545,1.2106580948154084,0.5736364528664591
16042,-0.11025520426107385,-0.3485312475462,0.5660215913307503,-0.39811287420830893
17242,0.2349681837109103,2.0725775116139604,-0.9594239583230793,0.11814461866957264
4722,-0.3249227413590693,2.4770517610122114,-1.0773771575559423,0.1253812059612553
21402,0.019071370256861273,1.0500451758853333,0.9232259923961237,0.2857154245045497
3762,-0.6095178952935099,0.0827241033583252,-0.3429914115552337,-0.207965467777462
1762,0.5901497144189142,-0.6474000932028131,-0.3847032844639232,-0.7117658815349538
11962,-1.2816498010651585,0.43088544197536444,-0.38690053064161695,-1.3314840634845517
5922,-0.8549892804767492,-0.835241311834011,0.40312074697119227,-0.3307152954149228
10082,1.7183788521779317,-0.24504826347381412,1.771604280306375,-1.196062714148176
14242,0.062096604414626166,-2.6364786690936954,-0.4939590456572392,1.965090263254547
20162,1.629673786617103,-0.5003467582564702,-0.7782309712939671,-0.03049110537518893
22562,-0.09971013236879857,-0.43541813556858516,0.5360495655403357,-1.2724273826772057
26722,-0.6119051228783878,0.5460732751327948,-0.13234209798671037,0.0890524052789977
30882,-0.6689782331712028,0.5995823559203275,0.9242399147524679,1.1689855643869018
18122,-0.2914264128897677,-0.5393727615341793,-0.7805918462327172,-0.27190395912392606
3362,0.5296518915426451,-0.4051608453147567,0.9191956924347827,1.1106537277307031
11242,-0.6618596037330503,0.12360526984622174,0.9148834948529259,-1.853083042625563
16082,0.11551380854241554,-0.10091187165589784,0.2543430845724363,0.7412018220025456
19562,-0.4853338015343486,1.5746227562467934,0.9577426312027767,1.1403091487659813
27882,1.4600137079323954,-0.48280035541338356,0.8734457340563516,0.11465787700684323
3802,0.207325994259973,2.2287880633198003,0.8256934857442402,-0.05998577263897425
7802,-0.21275366897370016,1.3042639722102827,-3.2158262923532934,0.9663869891947011
21002,-2.083638797020952,0.0063172972940760625,1.0717681658065432,-1.0694820544224088
16242,-0.3821873070028931,-1.135569418267186,1.391315808317993,-1.5678817451176317
22242,0.5841521753280489,-0.39104708684104234,-0.4618576917142173,-0.7796366610210614
8242,-1.1575027244516938,1.6886161724646704,0.11445713399553264,1.0747085022618568
16562,-0.16652448627020175,-0.22425156230580792,-0.6002856046785287,0.6253812522896723
20722,-1.5563234873589273,-1.4759318764946219,0.3029138507131053,0.1413412082114432
9962,0.08957160591986507,0.24095938783938936,-2.0546616887173172,-1.047370104392724
32722,-0.21573899180495879,-0.18288717792538672,0.7811227940447982,-0.103096051474717
18162,-1.4012830954687425,0.011459132720026386,0.8342667104899688,1.1699580902005198
1082,0.27115507716686565,-0.2820732886485907,0.07539479118617651,-1.2256862270701572
9402,0.6150076824198335,-0.6144029669336167,-0.9852173080421224,0.19085777601579573
16122,0.7618933762890602,0.2782374939654556,1.4946281128571475,2.9542716360835004
1322,-0.03065773111963999,0.14479751984035727,-0.4806813753095619,0.10214970552202456
30202,1.6277859118196851,-1.195575661822439,0.7939376939179641,0.376320538926448
3842,-0.413697394921665,0.04530599956966421,-0.5118875522829215,0.572368735486896
32522,-1.1237310766608413,0.23529028193301452,2.218815461881179,-0.13717531808375708
5762,-1.7809896702827852,0.12771249389498848,-1.9673493051141329,-0.7450483573047978
10002,-1.2881159876774158,-1.0805287903114855,-0.13537570972132942,-1.1459356347565404
27202,-0.7925030952219527,1.615268569901437,0.733357938180555,-1.903735667480435
7962,0.29856068647684725,-1.6409803659154765,-0.4171071026729488,0.6514525776759607
10202,0.9486446928598667,-0.7619680848037955,0.5749383383586817,1.0021540539561928
15882,1.5506316278892391,-0.7799923099307478,0.28195672434594493,-0.8624465279721172
20042,-0.8799692656837128,1.600189458577789,-0.9319710183980792,-0.8886053637664424
28362,0.4744159331163609,0.7831364492419739,-0.14954098457110132,-0.8847804552132111
3882,0.5625026077846179,0.9438780087356796,-0.7927418238958793,-2.263804119912628
19762,-1.2618226791024996,-1.3763852141772213,-1.4264422467689848,-0.27791726648426357
4562,-0.6431793915116992,0.9189551101359464,-1.5597240378029327,0.10470796985538991
12082,0.16188160172581562,-0.25584228581585755,0.15080470181691963,-0.716694313491071
21202,0.6000477921306653,0.17045520489149796,-0.34485349026234124,0.3536908505300422
10042,1.1395970062177987,-0.7823902368429486,-0.44702579454353597,-0.7021280679922279
29522,1.259579012742199,0.3049040161187644,0.35918339915363956,1.8175138967008442
8842,0.20311705462732832,0.3188164080580575,-0.7383017462055554,0.8933310465810739
18242,0.2673362876994797,-0.3165769320311331,1.5848809516556726,-0.027378599004357268
14042,-1.4380179296338327,0.1482004692123183,-0.44022389294959946,0.1803198834298033
21762,0.4649619875135292,0.4696293335676907,1.6155434734123377,1.7252952156618948
16202,2.762844064694958,-1.3861030056404664,0.19993172629013,-0.3149564420378419
22362,-2.203242067926252,0.1962278942688293,1.1442595898126078,1.0260610956987688
18402,-0.6665498649147512,1.2849034615724886,0.0071909302652619495,-0.45143402231606267
26522,-2.204689160114543,-0.5219285370072962,0.2401722744011912,-0.09015031347268203
30682,0.6891944801580451,-0.5347159338706643,1.1193748490903999,-0.960043775514704
14162,-0.3025291574614684,0.3435050663918452,0.9851293679584132,-0.8282366420644787
32602,-0.1720104420201307,0.49812594175171154,-0.2976143794026654,-0.7568960893339124
11042,-0.6486621658195482,1.4460572063887471,-0.3714039738758137,1.364256682315889
17722,0.39256051247398543,-0.9330973246990338,1.0282854978542157,-0.8290537297533499
12042,0.5100400148656399,-0.3931692234514994,-0.13727486685882945,0.4498666299522566
23522,0.18539065764660276,-0.8948474321922762,0.7414990785041023,0.8442268023083929
20322,0.8154641664054951,-2.2840644936756904,0.942206536866547,0.7259739638425526
27682,1.126965416182978,-0.7592644150068308,-1.4535946454455468,-0.7800981583984729
18282,-1.9143166886036491,-0.11422182032713969,-0.17708534329543432,-0.23280162194712414
16762,-0.906225030838234,-0.7629844414760933,1.5879832664074947,-0.9598665150638593
32402,-0.8692996067612341,-0.155612272650095,-0.5453261542238564,-0.19054315053378496
6682,-0.8981631262591647,0.016341986969520952,0.27940015062423557,-2.303210962867687
26482,1.0965710044881507,0.7559704861109241,-0.7555142651970652,0.1610582712675393
20522,-0.7503282456952343,1.0053872416873288,-0.4199198153907583,-1.7124151850746536
24442,2.4918741531197974,1.3246174837948674,-0.3165488483123379,-0.47214394933375275
31722,0.9796940668633773,-0.8330507618079604,0.21172406239938207,-0.2544041322413021
5042,0.4845814873464815,-1.012429352772667,-0.32981044729481557,-1.4365590195981313
9202,0.07098017428309715,-0.820363211046253,0.6087011032399188,0.14564666892126915
1922,0.42136166175227235,1.6130994211691574,-1.172084864253634,-0.33317789412631277
13362,-1.0829266400785582,-1.518601405596889,-0.13708912888513125,0.20176149933436652
17522,0.8732117984535782,0.13344726994222755,-0.6794492631589396,0.6630359814803234
25842,0.922817966935155,-0.17448258617740972,-0.06510421615465113,-1.2445687933456115
10122,1.1151379360159264,0.9375481490100934,-0.32553956145925167,0.7979051226280244
25922,-0.14617156520346272,3.0451967970443965,-0.6690670454423466,-0.9415269341603498
2042,2.069191784483858,0.3432466316503582,-0.446392316269537,-0.6963084149369898
8082,-0.46815617054567954,-0.33550251295940703,-0.6092722955415286,-0.9607599022969124
6202,-0.09471157066958298,-0.22020763061785828,-0.23961342392842613,-0.6380091655435098
10242,-1.6573623184843937,-0.6044971603965285,0.25101772694438285,-0.9921264225264195
5482,1.3093518761275127,0.01654191754804043,0.9950583859560042,0.10385831615297694
23922,-0.47261421431377443,-0.6145036487685486,-0.07475458452887292,-0.20484784264382308
16282,-1.2343624900031378,0.5096777946468389,0.8838168621986655,0.6799293286309318
22842,1.3626254424572128,-1.1195614370722573,-0.9544877031641911,-1.5037141837569272
25242,-0.4934206364094471,0.3145226713652008,-0.8904817623390204,-1.0244212496663636
31162,1.922909467845162,-0.3532167263552035,-2.29713053652327,-0.0006245015808007908
24482,-1.1224622999179648,-0.8841391677620029,-1.7820780012502708,-0.2764946609845506
3202,1.4219488692449023,0.4289487498083542,0.7553477214371118,-2.501496368292665
4882,1.4464545883534596,-0.40752739431128465,-0.08874099212085292,0.2110723938909513
7362,-1.5664315982461263,0.3043155192516369,0.27977598820059624,-0.8560615230022784
23322,-0.6983210353154103,-1.7089414804557033,-0.36267749255498133,-0.980005640251803
22442,-0.7253931265307242,0.09811681285631474,0.429953446189663,-0.26684284346045456
15682,-1.3616401237062947,-1.7187518362199405,0.7388311121546904,-0.3528094518647894
24562,-0.9790312392038497,-0.6321733780237512,1.0219149101926637,-1.7526113081874344
19842,-0.9853659745624497,-1.7439935749341342,0.9428760375928721,-0.9848121256833855
24002,0.8438729893641449,-0.17251761530825577,1.3614557119608346,-1.2451859337292706
30642,0.14228363118535126,-0.34509143962885064,0.5991781594950868,0.04665009007533091
32322,-0.8951295452020445,0.8938971892225839,-0.6249039540496805,-0.4261106419777004
8122,-1.626886291664207,-2.0724536179600626,0.5253431359361008,1.4999815974000874
8522,0.03754850219074454,-0.5241773572109236,0.2639892000049129,-1.0975333719251414
23882,0.024545885764689614,-0.6702067977019561,0.34779023131494946,0.13220163544901264
12682,-1.5864225727411203,-1.7034369454702516,-1.1366104105500257,-1.0156276968126539
16322,0.7973103178000951,0.29421904023499795,1.0539807822248406,2.470829205854808
25162,0.645374108950701,-0.32181157466716703,-2.4686628560624375,-0.1578611420297599
24522,-1.6202194924225366,0.15364205788505456,-1.5176486657913233,1.1956367099815222
1362,1.023050348657645,-0.14532636985632594,-0.5658173845745873,-0.6558530153395473
7842,-1.1462723198817115,-0.5416718206427521,-1.6777200302505362,1.626777690206373
5522,-0.7740853767362065,1.9257718579254706,-2.4203476282592136,-0.06525560214010606
9682,0.8106567888942697,1.8015357759796906,0.18522197849229452,-1.2488482752425527
12242,-2.3184592696115938,0.4611186433618808,0.2680605315450501,-0.6526084750500044
18002,1.6000686621867506,-0.6980389144644795,-0.8919783010836806,0.33066762473864314
22162,-0.581013283110538,-0.7605703957294674,-1.2703953028439612,1.0061178961935662
20442,-0.08827645686857094,0.15623655437906525,0.38738105082324686,2.0292823589235263
32762,0.599897890569999,0.8525417982512111,-0.19154762830933905,0.04279282223486798
2522,-0.0695044369204948,-1.1586680349583676,0.9954555074187333,2.198437207306206
28642,0.13072043791418284,0.26995566497061835,0.5194482049364546,-2.5432451069736977
11402,0.8972844382171612,-1.7566044394968319,-0.006845929912914547,1.0456492109461941
10842,0.8698623906325478,1.0270259248946538,-1.3819211958361544,-2.0932322382907844
15002,1.385467076719771,0.2567249954184166,0.8791379733335684,-1.1144678624265512
6122,-0.5613888965783451,1.0068024610077515,0.5613282304722835,0.8834033569079739
27482,1.5963598601404103,0.03014963664862924,-1.4496395423458293,0.5946313880861575
26962,-0.3815510977938276,-0.3642753712256215,0.7923107114385105,-1.3930862373174502
31642,1.2840647691476244,-1.2644540229119514,0.33640407626443586,0.40917881001314044
14322,0.04955980704813665,1.7435430139015557,1.734001105395558,-0.4871383321699129
3682,-0.9026995816208337,-0.6409334607448769,-0.2497962531798416,-1.119382433758686
12002,0.9831002296226955,-0.32685641396283155,-0.26236794334078495,0.8116697453195323
22522,-0.9467391797367117,-1.0405554738269827,-0.731631865754945,-0.17436055301388778
26282,1.1451732326925685,0.4456134035369171,-0.6016333495343225,-0.06972624573461647
