19231,-1.0185781189952088,-1.6041076665364837,-0.16114506153451813,-0.8881717422584096
23391,1.4345972212353724,-0.261050574939016,-0.7660406986929851,0.738449616685964
19951,-0.7203754993323627,-2.178039844845817,1.3677853940179352,0.18007749508472193
6151,1.3352047212415608,0.1304406214031484,0.7971392701781912,-0.665609228870855
27991,-0.16401894671633493,-1.0269420049157978,-0.1971337584985381,1.3236203530882518
24591,-0.3426861931262198,2.389735380242598,1.3515902189613656,-2.767361490827557
12071,2.5131129710439812,0.599977406450343,-0.85235800490149,-1.3132341174813678
32791,0.8299340917671334,0.8339169357471318,-0.2874737678578822,-0.41805645543458747
32431,0.5703198949001469,0.9364809037304209,0.44598297691594396,-0.8649270717616881
19711,-0.8663048369306002,0.916339037614496,-0.4142111664313176,-0.571202159423884
9711,-0.3966206524081041,-0.6201910859713957,0.675053975587458,-0.04558612374595245
30751,-0.19321954448191506,-0.14207269368999975,0.1508352209483411,-0.1843831516867769
4911,-1.5898517051115593,-1.7143960272708716,1.5850153079957943,-0.1336109845522237
28711,0.5042818603343131,-0.5175794486449009,0.9512422441103346,0.7019361823249031
16391,1.1100400748616654,0.5443314486051117,0.7450791950286743,1.126952988382806
29871,0.5075732169882964,-0.1057991063754163,0.3771417799586966,0.44147293628123435
26671,-0.3782732065918022,-1.1266043751005521,0.5094323948887646,-0.33802718502064383
4351,-1.9532529977347157,0.3955383026191666,-0.7913771134877002,-0.18716263660866922
1911,1.271112952401524,-0.7007676324935513,-1.4740905831037823,-0.23390551432429085
4151,-0.6510525582647271,-0.6595485166481645,0.7718990457210185,-0.6115823086323882
14391,0.956434046436277,-1.0109422541527098,0.9126816223078766,-0.4152480236620274
20831,-1.2163374506858637,0.1925244305914657,0.7792512556419826,-0.4215344478012942
22711,0.38278282666541136,-2.486405255201465,0.40415195561948397,-0.3948110925997952
22591,0.11351036040494679,-0.19311613074742157,0.16674648346937013,0.5452895822319453
30791,1.1868334472236428,-1.5599810636380569,0.03477252143820907,0.22304507771973892
7231,-0.6560625998323649,0.06762113828311074,-0.22219526735840717,1.574962749033871
4791,0.5043622404114546,-1.3470140270997204,-0.27617200874193565,-0.013922388378528903
18511,1.1699929656865113,0.18599343651084582,1.123671395723694,0.9293243501744854
23991,-0.9872659692588369,0.8860169967178476,-0.098999479902949,0.5601193401402801
16471,-0.4438288901681388,0.9868937848300298,-0.7456848054848215,0.052042479226034596
14351,-1.3675885989639738,-0.3361903371699774,-0.7573577844964035,-0.583358936953426
8391,-0.49411934069113983,-0.07248501742790425,1.028758352824487,0.4150219078293653
4191,0.4309823680897968,0.189880831137614,1.3409404570303798,-0.6468488907313487
12551,-1.0237758959494616,-1.1338691804288545,-0.632865696012753,-0.43637215943371654
25031,0.6511253679059275,-0.12007274570839829,-0.3199994384710028,0.1994308023366364
12391,-0.7882623782611996,0.04798929377809571,0.5161201275188426,1.872707933018765
29191,-0.29445750332489523,-0.7645251325345079,0.09835056871528458,0.4171453861362796
23911,-0.25570905271690286,-0.8115598957497003,-1.0968331007425685,-0.9713970804717352
1231,-0.6969597431837488,-0.1888413673363723,-1.1198965653331254,-1.5869959089560484
30831,0.8724736373499256,2.132097736165247,0.6182568183851349,-0.5644422711656188
9551,-0.07115628613601829,0.8155346881701849,0.9836912752865865,-0.5034113008299057
8311,-0.6739415581291502,-0.3734733513420883,-1.140207014630529,0.47155196157956136
23231,-0.5713889177500284,0.06753322820246468,-0.7412890784290539,0.18379090932832828
30351,1.1894150785848194,1.1016431784176202,-1.5189456690246685,-0.46894079348306855
16511,1.5238368592370741,0.051160680683211245,-1.4182795081791695,1.0867622491103328
10871,0.8090945617354448,-0.25965137599094446,-0.4740019294662393,0.9270443674804636
6551,-2.099079305727433,-0.8583638406309032,-0.6309103356396925,-1.6991136221738325
24711,-0.15403002283181472,-1.3765446169112208,-0.23356145085089722,0.7252706901512431
14871,-1.0329445390485823,0.20594830985863022,0.3878467614936136,0.6442987843902047
19031,-0.6934371208200334,-1.4957611349145,1.1917055112673929,0.29158399707599997
22551,0.08634489628683155,0.2604864308347918,-1.293608929099321,1.6298322912820828
27351,-0.6112418236713801,0.16060547193090047,-0.5627720093553382,-0.012232487173108519
12431,-0.7131442543299387,0.9446507307247416,-0.1767505656183115,-0.7179417122888629
31511,-1.1774590046411746,0.203497819004839,-0.1964001171686119,-1.827334652674276
28391,0.10126115131064553,-0.32633359240020426,-1.452121221163122,-1.4695354139685088
20631,-0.340026106669463,-1.322347073618604,-0.4051161685901944,-0.8975768306381702
6511,1.4495841296125738,0.609275275002304,0.04654399182623188,1.0139083240546793
28151,-0.8241145483351251,0.16843798703758983,0.845612567480338,-1.3150590324403097
20191,-0.1559138807555063,0.6443181922082347,0.029662295227121705,0.9161859642267516
8351,0.06975030424108132,-0.508049860527006,0.9523261047946595,0.39106448313317094
28511,0.35774032322124344,-1.0004092042709263,0.36692052481001386,-0.6853328840562041
16551,-1.395629221512246,-0.6300136831159797,-1.573310843039401,1.9002978498992753
16071,-0.521875457087529,-0.05339047264214653,-0.38802325759078615,-0.5350694547390624
8871,0.5064764356894225,1.1008063583189245,1.490614933805758,1.0979535962915785
14511,0.6053571580349448,-0.3675873359128503,-0.9272727810651662,-0.5851828699275865
12471,0.1083276726652102,-0.5285223507652109,-2.539631916672058,1.615150932455959
25631,0.5144716786118319,-1.221904385026782,-0.004860315081734236,-0.08621325182657208
1711,0.26498446358089156,-0.02990398079948576,0.5922013558658172,-0.6237032782640004
30911,-1.2671890946742668,-0.23034047739127567,0.2473714194649404,1.7006268173423937
14191,-1.3363340326443138,-0.1483803076112963,-0.0015893941786655585,-0.44747153848056503
18631,-0.36817222065211147,-0.47041302687608444,0.45574513590697346,-0.5415894808434879
9591,-0.8185386187088772,-0.7906729816878949,-1.295645289276343,-0.5884743315376377
26831,0.8500107350452658,-0.28327500842300674,-0.1940133138803033,0.8512593362893904
2871,-0.9592396716806427,1.9974621611222212,1.5771795378187512,-1.0985264809114843
17391,-0.8416915207415552,-0.23839023740922435,-0.7342209898471377,1.4582575198853611
24791,-0.2643015554803811,0.4645050878546497,0.20327561579010722,1.8601057437506403
19511,1.1168405870842557,1.5575719793031024,0.04194966180840793,0.18737589060311122
24271,-0.40289902675012373,-1.434630035926969,0.7812680043330749,-1.0119893313764963
22751,0.40508215346252346,0.23282257233842224,-0.05487661120552789,0.3617049623455667
10471,-1.9574046242288299,-0.06863033243074387,-2.610434972165654,-0.8733216832508818
12351,0.8543662341523666,0.15472092751531574,1.8662921712811478,0.3223574215158361
23591,-0.3426097305719776,0.1925291750486363,-0.33867326475470966,0.10683877744867538
27551,2.062990850305144,-0.7490252901721989,0.5485225309853444,0.19067265163131913
20671,-0.8600987527478061,0.23570890587187102,-0.20057424685374672,0.49977910455855484
8431,-0.4328800845922761,-0.1897610335754225,-0.9484938506825877,0.32692308179715307
28991,0.7988908078740944,-0.7598312199460258,1.589864447407613,-1.6962489595982255
16631,0.5325015988809981,-0.9653303615502526,-0.7686556145239232,-0.949537360982042
1031,1.0730244696614093,0.6884997161457477,-1.0659218298649447,0.31975770158372163
5191,0.09648026448568507,0.4395658031413426,-1.4417149269650498,-0.7679683583113998
17791,-1.3431843718771197,1.6984038725578883,0.5011993481492542,-0.4799575558748989
14591,-1.2502751569894486,-0.20673707765362956,-0.8402223507817353,1.1514308059591345
17671,-0.3733584416762835,0.12700902872812023,0.970427819414386,0.24866759870298108
21831,0.25875852928075255,0.12287316757552498,1.5987984797047305,1.2488214438710143
25991,1.7189396954928995,-0.531658190132937,-0.6980857615987819,-0.9966977636464524
30151,-0.6425319413503139,-0.5382701270581725,0.20321130065048523,-0.589161162718346
2311,0.7135374572321433,-1.167560856445557,0.6867177878576595,1.087749975714222
1751,0.4723902011178397,-1.4936018616647044,-0.7169803823667268,-0.8227328229623042
6351,-0.7451989456775842,-0.3806376454994258,-0.4973272359878575,-0.413455533900237
20751,1.5132124606294612,-0.6364608980999483,-0.06570193561592755,-0.47467615558853926
10511,-2.2235639600832084,-0.34573765480209284,-1.5791301830354936,-0.5559712724643531
18831,-1.2720826084887598,-0.2542720867991342,0.3866445947923951,0.24077948680871006
22991,0.40590358763996515,1.7443304931040908,-0.391124329934442,1.4305953071353381
18711,2.0082431086246326,-1.9456027712391513,-0.8857065326646989,0.09764056808205936
31311,0.5245194040722078,-0.30974033117099475,-0.6664299005262805,-0.702714025348754
6191,1.149101864516067,1.1420571058385016,0.985972400334916,-1.0503604256936383
26911,1.1870462058630407,-0.24588108598087904,0.6357443226496978,0.7082360822958316
3351,0.2952289017793967,0.13145372904576544,-0.3611860109818773,0.4462096469825502
11671,-0.8430638734717654,-0.33514646523396385,0.18321098784676054,-0.06454599570569049
4391,0.9426964080752338,0.13494613543482714,0.5698182500476504,1.0182809913222128
24151,0.36610406942141976,-0.4751701477324079,-0.32971146648849187,-0.7420771678673019
10631,0.5260033309969262,0.48868525191266576,-1.7635051713272327,0.7885652777897196
32471,0.8086977019263999,1.3905597481824379,0.7496139309490842,-0.3991896596183754
22831,-0.033595034832267834,0.278487517013063,-0.2810825450625112,0.8726081941067081
351,-0.21765085848037252,-0.6261854841323933,-0.7382623305952413,0.41733267237666066
4511,2.2981786068650143,-0.13365922146892775,1.940065718508825,0.6630625183447844
20791,0.3014892731024147,-0.5101089677936682,-0.45995858270336465,0.07119831669344678
111,0.9356504844638853,-3.9750747469636365,0.7027239821584621,1.2953006615155032
18551,-0.6384903022168518,0.22736694812641597,0.9768619994744854,1.9578649888515396
25311,1.8361892907534145,-0.6000299648308051,0.249589693515316,0.5679496973573268
21151,-0.017218638696484923,1.551829187596462,-0.11623117001789013,-1.086012515786789
8511,-0.03450654608221294,-0.7583045999763323,2.21643177634747,-0.22881122733338805
29471,2.8295369199222007,-0.15328744134974848,0.06437212110297343,0.49425929387337625
16711,1.2742969067974759,0.004523232302171927,1.6491792052184684,-0.7263690433891173
9831,1.0419009034887212,-0.4035583016444148,0.19002368157692753,2.2133607768100267
14671,0.09310757896111743,0.960035205103223,0.25585996490345697,0.5781763317576305
26471,0.532419173516428,-0.01260884786987716,-0.290770652122533,0.17686459415119657
30631,-0.2531692469850521,0.46480234120764063,-0.7158337499216567,0.6937438135543845
26871,0.6132672371423735,0.956241921226941,0.38894105216785807,-0.6958659859734109
2391,0.041506732603419194,0.7158355680211923,0.8988634392697988,-0.5310046613104594
13711,-0.08898249404223678,-1.4864344234442215,-1.8442718697660871,1.9935113845868326
6831,0.43439172148189703,0.2114447280528643,0.10331277185392557,-0.00042426231271278867
10591,0.4480992456653037,-0.18668870134155002,0.5909807485912555,-0.353541870997109
15151,-1.7382091783654228,-2.0380335509345637,0.5113856035164547,0.51564736735296
3071,-0.7199275707002073,0.3784747939209513,-0.05278411457613396,0.38919286660426705
8551,0.49410809699364744,0.10596656452367094,-0.07485931487265089,-0.18820848893954104
31791,-1.5729539028145805,0.5042014581675147,0.1701880061664076,0.2083003368087388
23271,2.4686776520847973,-1.2635200074136481,0.060007758868121305,-1.4359531434970279
16751,-0.06729187191530657,0.5240652351565663,-0.9986400343396548,-1.1481041005196662
7991,-1.6996615091666567,0.5196358755698892,-0.8807052456032626,-0.6106753248785728
16311,0.7169263495353935,1.0763408731549258,-0.23534609657185251,0.3070779853313031
24951,1.425614786897526,-0.7968227050779123,1.185650044155512,-1.0670482176634646
24631,-0.6426513382895018,-0.5950774989286399,1.0121284438376787,0.8847522778990176
32831,-1.297958937651056,0.7420105318718934,0.7845027609564753,0.41197140166166873
21951,-1.5805118127265245,0.36912793066868704,0.3782590275365927,-0.3381634673868256
22911,0.7691204492105399,0.7533822100106197,-0.6237786584178929,-0.12814419386853704
4991,-0.13300156500449137,0.4639930004689285,-2.039976932727426,-0.3946843369799212
9151,0.19767657086862248,-0.3445462960974362,1.3109471192253757,0.0677093550741313
20871,-0.01699678112765637,1.273911294992902,-0.5446590852829828,-1.0174102126462088
6631,1.0700136589550195,2.08072995839017,-0.12711693500769675,-0.46405315870848685
16791,1.059134794444747,-0.7153162212789869,-0.39390359740116887,-1.346975130711126
25071,-0.9308942176825962,0.9899873507675647,0.3366908448951704,-1.471032876059261
25791,0.7736838841443594,0.07772790199801738,0.4741442651859551,0.8365487010461902
8591,0.14911887721632913,1.051915719729661,-1.2256443503235972,-1.1497311979359348
27031,0.8261640600129407,-0.14831316360688593,-2.216328606065708,2.3482830492857927
10311,-0.2449805127979324,-0.4733221506939343,-0.15625674614505533,1.4468750404713278
751,-0.642109282740387,-0.48921188887267825,0.2311447925165556,-1.1327412449938983
14471,2.0639529736524316,-0.06953342115654486,-0.2741769072209912,1.4297028328449786
1271,1.2947610393721336,0.2979803740610165,-0.32894326578173216,-0.602783334926362
24991,-0.9914043312902221,0.9565345786793962,-0.3996068908924113,0.09380417680323143
31111,-0.3530738301647466,-0.433183826774626,0.022027011699762455,-1.1311788373459501
14951,-0.021316492956347147,-1.8118035821513223,-2.0404608846987964,-0.23509865245111639
12711,1.0913486178250567,0.00823763283309421,-0.06749794387070453,0.39728194859104404
71,-1.0195964537312254,-1.4158684899151694,1.5392877748158336,2.2050491525906444
7791,0.041721051360351126,-1.5049780349489055,0.7698185252718458,0.15656132439216433
10671,0.058132900861777255,0.5418526662983261,-2.583173850047404,-1.1628167657773243
15631,-0.9639415249344154,0.38800317107183585,0.36180646367764757,0.8199250487097596
23951,1.9909366960182693,-1.4849288996392385,0.11764006293879314,0.5874116144271859
29111,0.44145225076064115,0.38021338553185335,1.1188250722715876,-2.4865780227098795
32271,-0.6980678047307866,-0.2869534438959195,1.2482505404229112,0.742000102671767
14751,0.8765502312019773,-1.5905822880622633,-0.5732669671714556,1.3867499622355095
6591,0.9827536554634153,2.3969344098844236,0.6316226376998879,-1.7926020248023242
8471,1.5287413013412596,0.27144234566690095,-0.589997071804503,1.8682054501453507
12631,-1.7205347037900882,1.6670840710253094,-0.49880451255291514,-0.7728026233168265
20951,-0.8208127425370193,-2.7651389311219132,-0.6582750501206777,0.604944937494251
14791,-1.11809038573377,-1.3483955218772183,-0.9667278277677123,0.1290555051241948
25111,0.2727891048633929,0.0020098578143428673,-0.08540881451732794,0.5992719063201233
29271,-0.7336502871003,-0.5329782420660648,0.779377953951349,-1.2445470584179112
24311,0.04356047751672461,-1.5160772074289774,0.0990406330285427,0.518759644976358
12751,-1.4487409420249893,-0.2887966212180852,-1.2570765066940854,0.012176330304821775
1311,0.680922806888341,0.9518663854811572,1.0217054206619254,1.7770318193642933
31191,-1.10007666407561,-0.9254165203066997,-1.7334216036556633,-1.298850603473648
17951,-0.6812774050291552,-0.4956040956646517,0.04109514516451257,2.2829948046826485
22111,-0.5289539670330188,0.8792817197380068,-0.19625381985907175,-0.6783295490538215
13391,1.4270399291549514,-0.34787408645740364,0.5959610224845419,-1.598085331962448
26271,-0.7221888079405241,0.09522233715511869,-1.8147529296386984,-0.8896083051700813
30431,0.1565743078862994,0.3380254054941461,0.8883162080417522,0.0008295454031895179
18911,0.5587420768169092,-0.40193470995144753,-0.34783504923950714,0.17408815530188218
27111,1.4379080175039807,-0.6247042856009782,-0.7316269682155617,0.6269317672677824
10791,-1.1156034614049408,0.8634995613318366,0.2362364653076859,-1.1680781039597954
2471,-0.3363395995140303,-0.21991702118857714,1.2510603988858127,2.8798087062543924
4591,-0.18988525281694651,0.5230632910694123,0.20416629465891697,-0.03521194498042294
26231,2.149118514760526,-0.3206082074421351,0.39323034850551974,0.932171908757545
23031,0.46433051267639297,0.7460318051467103,0.8674581443075287,2.561791951090668
22271,0.12873226109739896,-0.12327918378096203,-1.0874133711162992,0.2971726867954696
31231,1.100401844534218,-0.38832780503152003,0.04811139588226842,-0.1486059524576999
20271,-1.3510229943237768,0.31360398120670674,1.7490958015050495,0.819507240266096
24431,-0.29824083650913036,-0.9031120468882635,0.303428571106176,0.11069435766206089
18951,0.21132724093136476,-0.24583910686867924,2.56836528566273,-0.4099257810918404
20991,-0.3055916106899495,0.9690825598915915,-0.34581684611277325,-0.5860526376638752
11351,-0.2793412737350397,-0.44331846564655153,-1.0991223341271403,1.6698760156804406
6671,1.6589001344766718,0.16541681297364738,-0.1327727976262303,-0.6108830200084635
17271,-1.1234782830325547,2.0661696142374897,-1.8304511734764226,-1.3921373294694794
4631,1.1383365660062708,-0.13915154100353494,-0.13239859530185796,1.0906064455420938
20911,-1.7245457211562298,-0.07231952391433091,-1.6750423137562835,-1.0271914714733548
12831,1.4245577418821234,-1.1736288649107223,-0.07464906661642948,-0.8336108414500192
10111,-0.25607789788073754,-0.4345206450723297,-2.1859360007091966,-1.2553764746702698
551,-0.549388966880419,0.9358555067736095,-0.8157586870686555,-1.150926312327147
30471,-1.291672517664672,-0.8026438257208359,-1.1778730204768082,-1.29666594227596
18991,0.1859450034064718,-1.4172197960952009,-0.5339913789879892,-0.2850451403922971
2951,-0.3936333775809249,-0.3570318891435914,0.7221674483034574,0.11366837016864202
6711,0.47046093790228233,0.46929588327434796,-0.7461794236628174,-1.36832686964557
11271,-0.46165085654731564,-1.2193565405519728,1.5011821153657459,0.9989009333991371
29791,0.6575851813566023,-0.4167492141355659,0.29139034092148014,-0.07909581261752832
19591,1.0435546740201336,-0.2595968732338419,-0.875952109659006,1.5403553413726898
23751,-0.958726244427837,-0.5124180570103974,-2.019846673210377,-0.48900461311574867
4671,-1.5900649249145897,-0.535585781718275,0.26367190300157417,-0.8182172959489972
27911,-0.5732852973018685,0.5074777227103454,-0.033264090469747654,0.008161451164737208
14311,1.549923155027785,-0.17076572284797614,0.48390481568376215,0.6589560737610675
32071,0.06539091014615364,-0.14858855924635989,-0.831094230516223,1.3742484815514207
32751,-0.5772120584458704,-1.2477357634635529,0.5584655759812608,-0.1732365349330993
12871,0.0962261585978688,-0.5725691056626021,0.6512191127150777,1.951956665688364
4111,-1.7001707586441588,1.2603781775862017,-1.201631863231194,-0.6322675881402448
8271,0.9645570857113975,-2.937868493045757,0.824265210263061,1.4907083327546
8631,1.011126533985997,0.2439624714585571,-0.20031739871697685,-0.7428452141369016
16591,-3.1753018188628817,-1.5951791159534499,0.04480033997547107,-1.3369978419920294
591,-1.0071739596918634,-1.4843683780138097,-0.454839983554837,-1.8203123706301225
24911,0.2676894412776937,1.4049688816137225,1.7812161191344917,0.011232577389690693
29071,-0.9733044520015479,1.0565922230905547,-0.053387834138693316,2.092369292257697
8791,0.5063997579935658,0.3507229776050512,0.46589296993141943,-0.5938719416715629
13071,0.01789778614448493,0.004579385126462818,0.26371918368422786,-0.11339898963894188
22631,-0.4296543463536546,1.1238005630004924,-0.39040530305685683,1.4840321868837627
27231,-0.6687875688961524,-1.7180325088504058,-0.7548535883153028,2.187064225899618
13591,0.7223257525095058,-1.2400149087567713,-0.4486517846423124,0.43561494422219676
17751,0.1300334354624928,0.2603696568487345,1.3165572526217522,-1.056929440740519
21911,0.22635783049019034,-2.585161363830949,-0.47471888353221253,1.094436351236326
26071,0.19670178996731325,0.4909478024582103,-0.9772008545870803,-0.2983943407214607
4711,2.0125522192208,-1.0696861938968567,-0.1329228992510056,0.18811859583145246
32871,0.1078622688865544,0.0934078121957252,-0.19289755992341137,-0.39771133742931886
2271,-0.4534052152062686,-1.2426493980658653,-0.21917645422904666,2.469165659476641
12911,-0.05750551311319099,0.2150702479802474,0.7340082139907187,0.0575742749304928
631,1.2524410489158961,0.619282519368439,-0.5354934512795536,-1.5660851629693022
23071,-0.3626810436263293,0.6012991813455978,-0.9008896704770009,0.15281461197877216
30951,1.8083003864843172,0.3891202603121746,-0.4831675661877455,-0.41903317083897207
27071,1.9868325944796241,-1.163916164920849,0.08048327124802684,-0.01954761921697712
8831,0.8045498411639452,-0.23821375153629537,-1.397862331989567,0.22671227453871715
3431,-0.3234836327081913,-0.7934681389453213,-0.500219838406304,1.2968315074042442
6791,-0.397625020444164,1.6883640989627515,-1.1802603459516237,0.2861300259483401
15911,-0.1404978708063554,-2.051268258017846,0.2797971012317625,-0.872388467884594
21271,0.4095027573725404,0.406714022375793,0.6832717912496081,-1.3022974663001405
4751,-1.7436128562831943,0.9887275180861145,1.0586384332856749,-0.19057966189116204
431,-1.0378867686249942,1.572220173414249,-1.4922514717968944,-0.021207132483039827
23191,-0.6639900892259047,1.2187885779516319,-0.18141728923577882,-0.8591787612383092
10351,0.4768632478156254,0.19387992462868625,-1.1965359782127805,-0.6003090382704896
671,1.761912306343147,-0.5554747604083409,-0.5254665230423805,1.846125562053576
29551,0.026059128083022128,-0.1434603528469048,0.7751090450853889,1.0985464144132187
19111,2.508387091139602,-1.8188542420090206,-0.2858390102245057,2.3313453526195542
19911,-0.6705681422991281,-1.7992175365853447,-0.9230028213719123,0.9339534671707195
17071,0.14142654562207574,-1.1507456758859715,-0.031020620999068722,0.07047405206007043
22391,-1.4568733249202162,0.8559324860148338,-0.07384258581282409,-0.12652067357189317
26551,1.4491947545061783,2.0134641192861578,0.7009553519701751,-1.6342427250261264
15031,0.6980772685387493,-1.1943616024228507,-1.8858070244835408,0.06487016795030215
24351,0.43510983976885514,0.767494411004069,1.3849771077812187,1.5369514854671322
2751,0.4420321803650259,0.5809535961360034,1.1126647707178958,0.28506730580183753
15231,0.9870762203158894,0.34406519153013676,0.33868220228698365,-0.858036211415626
19391,2.0922560050801513,-0.2870811225543962,1.6726810882223777,0.5137024779329301
21191,1.6499030662270793,0.7516199863397028,0.2671519622131994,0.8443227325734217
27711,-0.42594537675604816,-0.24898513446227918,-1.594226967554972,-0.18103145067517792
13431,-0.9002027132053988,-0.8410545715305424,0.17963238865351516,-2.2163500110145904
19151,-0.6835614372838512,-2.34712441561447,0.24897489383767493,-1.4656685810696337
18431,-0.0011383435920362208,0.28548139051114324,-1.2086462442304755,-0.8871261509966678
12231,1.5207303123038094,0.010673202142985292,-1.846328748339448,0.3339484412663076
6871,-2.3967580189718682,0.24597438001292765,-0.6200211269914263,0.8220835963031723
20551,1.1067587541145592,-0.785831329116011,-1.5055978880642644,0.1338878962245657
28111,-1.352182481020323,-1.952051774559041,0.881020246370738,0.8831374151813834
28871,-1.0534258408132835,-0.1351504034032475,1.8447055474276275,0.7193231002851327
4831,-0.7205843369672666,-0.05264262193410199,0.5808096714654214,0.5940362583980014
911,-1.2577227529447272,-1.9181184662565443,1.8542278222736552,1.8447937284640141
13031,-0.35264254836161124,0.5033942983931563,0.017640901962356768,0.29315212516676703
9231,-1.7027700474385612,-0.8249121161213324,0.09766158583226202,0.21146613143808307
22311,-0.5664143379391673,-1.1024582644262224,-0.0017487375188984032,0.15685997792068654
17551,1.8193396760436569,0.8996304045597386,0.43720735871313304,0.0150496322403046
31471,-0.17811338741543992,0.11284744739013147,-0.4087223917152641,-0.7105553203579877
26751,-2.376419698965935,0.04271700246956907,-0.03313117767799429,-0.6003627388396255
29431,-0.06968895570035571,1.1934804506364416,-0.09493358182814676,1.6104230828762043
2071,-0.6835227468254123,0.2829085232062687,-0.02348068641264021,0.7165702161127337
6231,-0.7894305254469521,0.3397778482238776,0.1089303187210796,0.198854253079042
21631,-0.1329974673694752,-0.08419458967126886,-1.25226069157734,0.427714174886719
10391,-1.542117945171526,0.711463127478145,-1.027588904013007,0.32574731940237095
14551,1.2956739588025117,-2.728681563476005,1.8602871035023443,1.7923188587305579
27391,-0.7800433716785613,-0.12841416509122472,-1.290644101605708,-0.35518089276184744
22871,0.9583689416670759,-1.922840476472193,-1.525590988674282,-0.30941578108533563
15111,-0.1832296233722846,0.45126805195117636,-0.19063387421700567,0.42476137061414376
10711,-0.4693191782493255,1.3528943523395924,0.8619243900190506,0.44835731252578165
7391,1.352875775193094,0.6096977568805715,-1.1028160143907497,-0.17072039376141904
23311,0.1783303282866161,-0.7523961425597534,0.6946082510951312,1.037392196219877
11551,-1.1860225808166014,-0.8322885249389054,-1.0242814804780562,-0.12551983458295696
24031,-0.3728901618477317,2.0520779310890287,0.7271482264087197,-0.42016770607444975
11031,-0.4895318025824304,-1.1293353409997966,-0.8143533335216885,1.0346351555760864
16111,-0.9926511660266558,0.0026749661761661606,-0.46585860468041074,-1.4228160000818684
10031,-0.22256543957773142,1.3760007724658834,-0.9525529570339517,-1.2214491128216856
8991,0.14775391324700338,-0.8797642629703848,-0.022890151705693904,-1.163977216914043
27431,-0.2533214553430171,-0.736891846040165,0.8956227364403746,1.2212367319007549
4231,1.0743044463476423,3.3497012795582815,1.2035583249587682,1.007306535472064
29351,1.2755287869057972,-0.07464153787218519,0.24531772554894177,1.4256464352039233
25391,-0.29357291069187647,0.5601643477887156,-0.5076330522828035,0.38474230349325755
1391,-0.49064104314819507,-0.5546573200622289,0.3746284897216878,-0.36392007416780864
13111,1.0609322275692812,0.8604229971066132,0.34307462728247157,-1.225883800601671
13791,-0.1041312783349293,1.8642182195344745,0.2772503940710375,1.1053757233674517
11071,0.806737159918335,0.4709755530507605,-1.6716839105688048,2.777408362472342
9031,-0.5904530865573469,-0.8832162459242134,1.1772428315516374,-0.5154306650024597
28471,-0.01573484422355988,-0.15321476458505764,-0.37089876921993536,0.5040510983246151
27471,0.16481026451065772,-2.604768442251596,1.4154646939713944,-0.06523346692723885
23351,-0.06291839299821014,-0.0841157448125354,0.3652587982821349,0.34096349351815003
31671,-0.10454529224451965,-2.1394603061733055,-0.3756035117154251,1.4436554468346277
4951,0.511786480775999,-0.9760765892198623,-1.9028790504135666,-2.361747459387376
2191,0.6684853228761654,-0.33944898037084215,-1.352907679282233,1.1111013059990233
2911,0.4955748376418304,0.035074692071845305,-0.054677221887998506,-1.4083669785333441
16191,-0.27916076482572577,-1.2299220388370067,-0.8230670753671281,1.471848922525748
21351,0.6878619224867918,0.977376908339493,0.8714214574200951,1.5857394014786546
32511,-0.33886303722283134,1.0720773364983256,0.3271331370102055,0.8185493955335188
32231,0.3793186791202237,-0.2227378924497788,1.4207399742658562,-0.8009181424146211
711,-1.3654486605422953,-0.2939238869102414,-0.2195400803056119,1.3752454322412222
19311,0.27524982923785485,0.38476430245743776,-0.031132924566935977,0.02521311168053387
4871,1.6715326858162665,0.8939801802134141,-0.42611255669220865,0.7613554367383573
17351,0.06727626316200593,2.236381435395847,0.3959653987354318,-1.7790222056620806
27511,-0.16583105184059074,0.30956420724304406,1.1973824241970448,0.0066959464202300525
21511,0.13020525009311193,-0.6144528619094429,-1.914788030845914,0.14951711225100653
831,-1.0450235204600629,-0.5385884494443173,0.6449737088050654,0.2098951092184418
29831,1.525893737474611,0.059966311826030544,-0.4630959570014855,0.15195789954594077
25471,-1.338921701958996,-1.2626696157352533,-1.022932760687361,-0.1859036331355817
10191,1.6097486604437583,-1.3979027710750387,-0.12514187260423554,0.05348029409872664
13191,-0.36475123969736745,0.5605354661574385,-0.8044968043161239,0.546949053513437
15511,-0.6279977389928889,0.536953082177183,1.8124365583213835,-0.4434232691500597
22671,1.218934751040347,0.42717917538101624,-1.7401446707393153,-0.1992076682305803
31631,1.3985194067859346,0.0391808829702409,-0.9357731573326952,0.5578059857654981
30991,-0.622550945437619,0.7642115826016187,-0.6868267011883075,-1.1313914729782781
3031,0.14664216209260408,-0.8666280014730903,0.5084424024302245,0.17227123247945053
29591,-1.0471037701571013,-0.08746696634582468,0.028454671764462956,0.15488708997913633
14831,-0.1265828044028009,0.009273996910678015,-0.5351490694106622,0.5003715878949946
19671,0.7893346103855098,0.18454470713947393,-0.224981802459591,1.3711705136131245
17311,1.7990449127744879,-0.6242693729613511,0.8314894393379607,-0.6835328329078548
8951,-0.21645576907494712,-1.0847400459176528,-0.6986116167530981,0.6207976316862209
5031,-2.067758234992888,-0.3837767436476207,-0.950645294013268,-0.23084093044085577
31,-0.7182303442195143,2.1677319667055612,-1.4789797678951857,1.5236336827093946
29511,0.1717439778558467,-0.07810261067279975,0.024256533228805437,1.7161010499532376
12511,0.9942409126614064,0.16629269496299734,-0.26436900243291356,2.1176241595509446
13231,-0.04874506708129112,1.2810246261327143,-0.39976437248030433,0.6939213696236464
16671,-0.33805895136276787,1.4195582374398097,0.3457422251241247,0.447832986021454
29151,0.20102347740370863,0.9362601863874229,3.0329271995273657,-0.4871702456410648
21431,0.035029701486809964,0.8263633197435061,1.001599679129091,-0.2756412231037436
23711,0.06711630949561144,-1.797494292889219,-0.17484664855772908,-0.0364164925645723
1191,0.2767357581990824,-1.0152092915734239,0.8696490036978469,-1.530221655683127
29631,-0.2966820330682727,-0.09057262185224703,0.26497907753792294,1.4150755206004357
5871,-0.010016169551224467,-0.5437411643335891,-0.8280391777329864,0.4205303651148633
17831,-1.1760712573784926,-0.8237568330389837,1.3503501411337508,-0.09880946635703028
27591,0.534864029334089,0.5000571307220613,1.4069681880042062,0.8340180172531894
26151,-0.16326239668208153,1.39634743229806,0.9063335727450482,-0.45799473057900036
17911,0.7139268544867866,-1.1258518056039646,-1.561887116488045,-0.8234118580932873
15311,-0.6378404831731568,-0.09356844763022501,0.9657305161875573,0.27152600251329506
2351,-0.7708909907409348,1.1436553391707478,-1.2326082433290988,1.1413142084624863
23511,-0.3228100162222987,-0.10576660783660342,1.1875405846771732,-2.2484604164222692
1871,-1.1280944338562882,-1.5038984225437206,1.3522686521945237,1.1357512789527344
27311,1.0492503529378543,-1.0798003708363237,0.5281596365542579,-0.9289104373909782
31711,0.696608411981258,0.3379848279527782,-0.8567511080847781,0.3181548019316283
3511,0.7894047541243381,0.13642128114548452,-0.44678572367008934,0.7681642460878114
29671,-1.3627323740365254,-2.4167687334177796,-0.6847994036259559,-1.6375143887362833
11831,0.986929216535129,0.5867076741681307,1.617753544232138,1.3664769924030378
26791,1.065239204591858,0.7334205743240207,0.02041250183664697,0.5377326072229559
20151,0.33622560061546036,-0.6774956898852994,-0.4726657356380894,-1.3314085003664808
7151,0.9022644946453713,-0.33740671572499853,0.6720780037248718,0.7169267487773545
32631,1.3017082022505784,0.8203604015341011,-0.19131102793562607,1.052629614416342
15351,0.9360456259075562,0.9780558906255508,-0.3796064775343545,0.5369119114704546
22511,0.38390094818231013,-0.8461998860856018,0.09936848545613623,0.8656507815398706
511,0.6454975682276753,-0.2394692893855693,-2.0302174251680962,-2.1092899416866313
12991,0.41202798973493665,-1.2818026135158316,-0.5743911368893191,-1.2620697710349873
13311,1.0132251761637177,-1.5253442303382636,-0.6448150105966576,1.4101370722828683
31751,0.01150970309033717,0.3551346193816634,1.804358604546408,-0.5403001030562413
20311,-0.4394828010414662,-0.20507346665631349,0.32408005182643446,0.04699600002992617
19471,-1.847067526173578,0.3931428335249404,-0.3785590300848131,-1.0513462391183925
22471,0.006404354226739736,-1.0656922407233174,-0.8457033223331424,2.001992970705287
7191,0.7577373454897947,-0.04615021573813392,-3.296044236856478,1.164787451862299
26631,-0.42619080751730193,-0.5046282524231612,-0.32386519607356384,-2.025957808220533
24751,-0.27784640294625496,-0.43077880613461184,0.6261175961545576,1.1147145330150376
15391,0.07111155486656298,0.7964463526750757,-0.4093416978130967,-0.7013202584440129
2831,-0.4786081413655186,0.864981036681627,-1.6881907426452523,1.0807797236970687
6991,-2.0386638970817605,-1.5504439095988263,-1.1645688831864587,1.1377212000977894
13351,0.12247694918389154,-0.177311682983091,0.8957932491113307,1.1389642836175828
23631,-1.268313129747166,-1.8961398711021182,1.2605564590608507,-1.1738163661184264
13831,0.2810799956861435,1.2449009779843079,0.9739494209321986,0.14359794204794957
27791,-1.326964518785021,0.6346851041959569,-1.784776578954897,-0.1928312189210958
31951,-0.01984813768053919,0.806605633565187,0.8909593133385826,1.8824797025770348
21551,-1.4885903212822975,0.4127730233491059,0.2803857744942246,-0.14655888971115363
20711,0.9417944021512799,0.13089888972447808,1.3210139013378182,-0.17558785284132603
29751,0.42777894569926767,0.3837558589267842,0.5462416344561789,-0.5170392016427846
12311,0.6098530692703392,1.424374513311374,-0.3715474624865263,0.15628665168735814
8031,-0.011612096907556211,1.4818319914160791,0.797089352860084,0.05064440255817336
17471,0.16068480142790376,1.2478878751966964,-1.699289495274558,0.6774888736537692
25671,1.6523856462726332,-1.1490713602302896,-1.0350657641245393,-0.011984613374351763
5151,0.6127180057908002,0.724929524867673,0.28110198231258066,-1.0864244611275096
9311,-1.2648745410076072,0.46618040710895026,-0.33396324621435963,-0.9033210041981672
2231,-0.06113093995175635,1.0886233303802115,-0.07432360227609808,-0.1731589852993497
13471,-0.05008227221914471,-1.7980403570809718,-0.609459332600724,-0.9241382841041718
3151,1.3279550071243575,0.39524526730969634,-0.85024919948194,0.27372505087059595
21791,-0.017961185954102572,-0.5534038426489272,0.8507303372282569,1.6757526254071047
25951,0.3050342324686137,-0.7666779627736225,-0.4318444082035459,0.2829917387236047
30111,-0.3438933607636564,0.5231546351659554,-0.45016740201165734,-1.3003566851808146
1111,-0.5298959943073877,-0.6909118834659488,-1.4938645604380487,0.4441836085658334
27151,0.29197627724921504,0.9168824957839592,1.4070844271683658,-1.2922430067895228
6311,0.09679636238338066,-1.8505857968231763,1.2618863615525475,0.6243165564401553
19551,0.9816015860707386,1.0731740747801803,-1.6269247205535133,0.06690789703550476
14631,0.9205384315308074,-0.13803095383477854,-0.2618679032821508,0.3056254435850922
18791,0.5161448453447525,-0.7925885559869865,1.1907148021830176,1.9797421645461724
21671,0.37715340917526674,-0.488980833325314,-0.21597193938072404,2.0713078002054117
22951,-1.3553115684805812,1.340322703732571,-0.39970745727483403,-0.512840587947583
17511,0.7283287234329596,-1.0877437977475353,1.5818184326850475,-1.0644189211062003
31271,1.0133403147257538,0.7330645141475711,0.40927936185055114,-1.0572295685621205
31591,1.1489124200067458,-0.512365518641521,-0.002808736745449315,-0.1744764499303757
25711,-0.23321420511978241,1.181975885965511,0.7600647433646103,-0.23704415021626477
11631,0.42482418047451376,-1.4326815369972052,0.29678510583066575,-1.6772805175772514
15791,0.17818384612869853,1.410993323488967,0.574920151881263,0.5451798075038242
30711,-0.6840302012732865,1.5136289338906914,3.0867116634785465,1.0561560857673604
23671,0.9651103927727659,-1.6574417318606611,-0.8716913567420024,-1.2631943927808442
24111,0.26154624362950496,0.8803647739458739,-0.5842768228014176,0.5395999812208678
10431,-0.8829089228288552,-2.0356814381721575,-0.8635090545883466,0.25039590454548577
1151,-1.2784386176242266,-1.1181250320128617,-0.8248486457503862,-0.2903743231052403
311,-1.007313417036531,0.025248493126215528,0.6755262934051831,1.1766631434582777
4471,0.9594334759440984,0.11163491882427397,-0.9829384063277916,0.24107087250423315
12031,0.5139592820972387,0.3082808935715271,0.5721514664985198,0.3603355208526172
9351,0.5404491502164829,-0.5650283800537674,0.4750338236938518,-1.155593629822885
16951,0.3934629982302579,1.4384424258831705,0.5055757297143358,-1.6808169298539344
19991,0.9165269933236194,-0.1757369258842579,1.713925143089587,-0.5757683893312526
25271,-0.02983827944019932,1.9394231450254145,-0.46977023997925144,0.5083792136599355
7311,-0.9273376434731421,1.507752029680522,0.32572704277428977,0.13040931342369605
5271,0.24204839380731336,-1.0764527381878504,0.9346351622561967,1.1421855870820068
9791,1.6421775182853655,0.8426626652786047,0.5098956987130827,0.5407794753475555
9071,-0.04345756330453979,0.5733308274901576,-0.09695377486468898,0.11740125867190988
18111,0.43238597012083924,0.5575680899143072,-1.2272068830798064,-0.16250315394997708
3231,-0.6540564906598685,0.20122089340965715,1.691008525241908,0.6593436073642814
26431,-1.4180872433349108,-0.682925579320136,-0.11987528176203867,1.0576939171843442
31911,-0.37486983145564895,-1.2458093073090226,-0.04734713156309187,-0.2615601605010187
2631,-1.715421884759955,-0.8640784722616172,-1.0030655328788183,0.7412032276441081
13511,1.0071226070262143,-0.35298993728243805,-0.016128657722056856,0.2346173156626733
7271,-0.5960183392774756,0.11816602013839994,0.7155262234852872,1.0241708115897197
10951,1.0130103664065995,1.6807801321184692,0.4163572886677225,1.2713000624915713
9391,0.6714020020433321,0.7317820693530002,1.5306592936780987,-0.9567465222038731
23431,0.10290335089222587,-0.9225772402159681,-0.8091821171975807,1.2568222430358138
27831,-0.44415682232468967,0.2918381014963085,0.5336408378475465,1.4793819207753518
28191,-0.08030043266674158,-0.3124189333662112,1.6997793509146488,-1.531426953440648
15551,-0.4152932216927347,0.029978379676877862,-1.047018923954368,0.39147550389589647
12111,-0.11881233097401067,1.0183412188430432,0.2316393451263072,-0.42850297882891064
24831,0.7240416127513936,-0.23466537675034352,0.951412077210689,0.7781771558120947
20431,-1.1740711783668278,0.3395378337302293,-2.0479233749087586,-0.18220797623054263
3271,0.43540028268038933,-0.7098072213392536,-1.9002131980901011,-0.5698976475759123
28751,1.0307171687451047,0.4757128132522805,0.5835638333391154,-1.374697880941555
7031,-1.2599703657682413,-0.8996036839057054,0.6896504657666995,0.7005655752951978
11471,-0.7509501968273402,2.2436244170273465,-1.3507471269694353,-0.020505520469161244
791,-0.010227877299892458,-2.2501465717275075,1.8463551785010857,-1.4173999368705954
9111,-1.6591140180826485,-0.5618440981293228,-0.6773550899564472,-0.21468565817258295
9431,-0.2628644939603495,-0.49424257256795634,-0.29399658575437077,-0.12635409681613838
17431,0.927119347852653,-0.37873557308698785,-0.8669092883698256,-1.34620319239071
21591,0.8545939780651719,-1.7984712198770232,-0.9849019335856558,0.9619629147972465
21711,0.653189333375653,0.3670594122087169,0.682744176745207,-0.16550887250988322
25751,-1.3493923969314023,0.6432121664759658,-0.15482964639407928,0.07631692462228301
17631,-0.35127196977384617,-0.700190709385008,0.9435951801797645,0.170170502778801
6111,-0.4498039531249941,-1.487033417821654,0.2647523264329243,-0.33842652345451774
15591,0.04790240609388571,-0.001323849814140434,0.12187105268442591,0.10801378549459384
10271,0.09129848475254976,-1.0998235801524279,0.4594948025933734,1.3963932454114052
14431,0.9087024513948068,-0.20323437682559142,-0.5422848044392219,-0.5576409952908661
21031,0.5705744949819053,-0.6994697180522912,0.6535625192921967,-0.35593949883454656
18591,-0.16514229774597458,-0.10598700635025426,-0.49803721264368245,0.21645991819716015
13551,-0.41753481858401686,1.4448861166138545,-0.47876096096762705,0.2286328320973072
21751,1.4750679516632517,1.1491055938280033,-0.05458108296131761,-0.653442906152234
3111,0.8723464573002139,-1.8001969292866913,-2.6792185860715763,-1.6984864877672836
20351,1.0497236095023115,-0.884970923016938,-2.903678826799552,1.9456435604096631
11431,-0.648786081560642,-0.40082954462525383,-0.43524110652381715,-0.8481921587282879
29951,0.9940215371291417,0.4199258094893401,-1.5893445530122814,0.8470041177158685
28071,-1.7430938914782939,-1.1832788202782416,-1.9799321238047243,0.20185024139595362
7431,1.575352826543764,0.22882314901862774,-1.061041334606984,1.819331881380219
29911,-0.7055644866801969,-0.13708186894956012,1.539358494145737,-0.9873876918418405
4271,-1.8130602009629575,1.4147749816949213,0.8194108838842409,2.2265811355428937
5391,1.1662972421538567,0.24665187015692724,-0.5981669265663649,0.007285465941056359
12591,-0.7741423165501529,0.6979683929938233,-2.146373915173833,1.632067524922261
31351,0.6763456223555393,-0.1614058830436016,-0.4948421921251406,1.5281984847557686
23831,0.3326875630732185,-0.6829514434668544,1.1939934773440324,0.45084262722382173
13871,0.8861545629773906,-1.2887869551407303,0.9569483894628125,-1.0637129597643995
32031,-0.006355127086417261,2.1151210821729416,-0.4453615936911118,-1.5029833686312073
5431,1.1286285470958748,0.13291042921979565,1.2661343494862125,-0.5674912837750251
19751,1.322013149343765,-0.2610201452442567,-0.7433684247501218,-0.7834124942796018
28551,-1.5056326678087133,-1.6592397311393923,0.9854757796375574,0.1357515451829498
2791,-1.9563398948437032,-0.17558189115226383,0.3003597358886181,0.5093032756119337
7471,-1.0581808026420434,0.46870713102940603,-1.6686791889194803,1.022679382601623
21231,-0.11226705008287557,1.0763769854785297,-0.2936345637206215,0.006828897121319223
2431,0.18102791089533188,0.032529300974453314,-0.13867712587100078,-0.00829091859396354
10751,0.06165139571582888,1.5439205084557717,0.7667043464618565,-0.2301835727923841
14911,0.027032115430039222,-0.7392872469523892,-0.08745987828987573,-0.7997892670643448
19071,-0.2758599062577736,-1.8005057260783364,0.46302137166942386,1.6662354279894835
13631,-1.3077223686197592,-1.2665057460957376,0.510918644435744,1.4129364018349495
31551,0.9995736283331409,-1.0781226034454932,-0.7373835230075344,0.041988109693172945
15871,-0.8691035287834882,1.1044577748136022,0.9408907330897396,-2.4396941806904726
11591,-0.8584068892656764,-0.5026793015340187,0.44208563715734117,0.15596843073667616
3591,1.6729110794822855,2.0836063974725554,0.3730038356555208,1.4580647250308383
7751,0.2840987387451658,-0.37041462478453774,-0.16076921561293372,-0.6933069564366199
22071,-0.31972558304510074,0.714244375775592,0.13164193133318025,-1.6934695419729218
30031,1.3978571094453427,-1.0085112855963798,0.26649332318411106,2.162282198296378
24391,0.21860425230854558,0.7965061321547441,-0.6212295215738608,-1.4229886386859758
32711,0.9815746282856394,0.6313335539094989,-1.1509089221042066,-0.3819870540687985
7511,-0.1856811650158138,0.2501450676928924,-0.2399272228188611,0.06334730058096193
11151,1.1993194843713744,-0.6043832804768033,-0.1755996639175417,1.1930082626180858
15711,0.15347568721838056,0.2525504723945352,-0.5729318435231396,0.9022212242895088
17231,-0.4119425042303844,0.758605253837909,0.7827738689234168,-0.17833353328906296
25551,-0.36500703506729154,-0.3930532630046207,1.1423513710978694,0.08395082031674803
13671,-0.7013728442739711,0.12155936404634803,0.12192476719264606,0.2148522226356211
29711,-0.7748226549986358,1.0097050543497181,2.0394331491041693,-0.4257965871136736
25831,-1.4127558273637209,-0.7390959966558507,0.35872729308075446,-0.007064336514696278
32111,0.20734501777878914,-0.8852522601190634,-2.382310252829062,1.4716876294808177
5911,0.2337157387067457,0.2064982785795221,-1.3864690272145501,0.09779002958627499
18391,0.6289393620423523,-0.08182328574957458,-0.7263315547505674,0.29883309705651473
30071,0.5965987486859827,-1.0354523070616821,0.3182574261660365,-0.05659702102924896
14071,-1.2463745981771324,-0.9452354170257439,0.1734763243258771,-0.8572571709463935
26711,0.5893048743593563,-1.345334848606376,1.2309707660470024,0.12525997642133688
25151,-0.10007219234071217,-0.199599655250104,-0.1517706968647953,-0.04968707627483414
30871,0.04060832630996913,-1.2119037300939701,-0.9896554106909706,-0.624155042831434
28031,1.4208266457575212,0.07909707845832341,-0.6091724673134482,-0.8467110251297872
7071,-0.31713667648683513,-0.281313650187753,-0.14833069678373464,-0.446126780340589
11231,1.0379418143365668,1.198811096313381,-1.4906070449112578,0.4521329225636983
5511,-0.3032665943180179,0.04553926789324648,-0.8359051740442129,0.4764504802102935
14231,0.8081107765113141,-0.4943965825715791,-0.4963142787928683,-0.8299306829588052
27871,-0.4165864683737128,0.22851200846082434,0.49270357625966194,-1.4375777057916528
3471,-0.42981030783589125,0.24763883100308445,-0.5474297418514444,1.3448176121946749
8711,0.38854641030818027,-0.39324308990529194,0.23832180564583363,2.3240399944617085
32151,-0.33397050916484056,-0.30388814712942797,0.07913007294833022,0.14663543739502735
8231,0.25115319107166256,-0.4152179745940978,0.6508339182842159,-0.9917782879683172
23791,-0.6371671251762189,0.7522332544664466,-0.41653810079944537,-1.003770074935437
9631,0.08626789579244648,-2.204059219039174,0.828832618272273,1.8199164186054562
24871,-0.3937945241301921,0.012481167239744262,-0.8421988545574581,1.3014889072140068
29031,0.9501308857641317,-0.6036144751521296,0.1287296317947584,-1.0458203085581264
7591,-2.6129829846516186,0.04713478154086417,0.2047449814274913,0.36327560351905813
1071,1.0159682193130628,-1.1601551941053097,1.3156714847660753,1.4641540132863222
23111,-0.45226986908244726,1.689399206427818,-0.05366565650237886,1.4998470438026144
5551,0.1897544958531277,-0.12552488534513329,0.0007101187695232186,0.16648357304952835
17711,-1.151063829571129,0.13133206896585295,1.952315084168169,-1.0252550206371287
21871,-1.1174398446061142,2.2546879984826034,-1.6564393006846199,-0.14762687871739422
26031,-0.32027282416506797,0.7147313138915122,0.8851388149295379,0.6040625261144841
13751,-0.09137198342485714,1.1339613312401695,-0.9725805937371005,-2.809626568402582
12191,1.3194868784880525,0.697490094885647,-0.214634576319831,0.45097189605535865
11711,-1.3365706666829085,-1.7949328105423419,1.7693098307299888,0.2656037183494963
10551,2.199675774061954,0.501867762023576,-0.7455702602890615,0.8090092655772038
6911,-0.5963288675798916,1.4981148029482692,0.9540306698011456,0.39875014284281307
18871,-0.39011508313255444,-0.12285520445926532,0.014287383685428232,-0.8861327959225114
9671,-0.5412091608068181,0.8946478074803682,0.648213724395203,0.24071484049358793
27191,-0.8440196454437446,0.009108285585285496,-0.5674025631748103,0.6464625899034003
11511,1.1180199834746165,0.9768338177330256,-0.015028629978956144,-0.8882731683579221
20591,0.1604336525414208,0.5972354621848593,0.9259019211118914,-1.0661023214181362
17871,0.6391102996416482,0.45118961917152356,0.980790855955937,-0.5359195167617385
3391,0.7468947819371444,-0.2532530502562563,0.17517838466182967,-2.049969453150696
5231,-0.25819450397091404,-2.6431297355687415,1.1899148639125658,-0.7769989628013504
7551,-1.041771680550989,0.8584916476947214,-0.7368909950644025,-1.8314094313181717
15831,-0.5108456544858029,-1.2166962749172414,0.47474613588507386,1.1963371376355523
20031,-0.8345873700598954,-2.0641522356190296,-2.762490548935151,-1.0303541103516387
10831,0.42269910661754373,1.3429911185821943,0.5172424151408255,1.1247702562185078
28351,-2.225991040304687,-0.9539265949524948,-1.4968473895982541,-1.254713182903125
3551,0.1507510610219633,0.3865958566369501,1.3831102590430655,0.8290010334015133
23551,2.2060896593812838,-0.48833405310329986,1.0289055144309858,-0.6353943900829743
391,-1.4458021321844379,-1.7312709107908664,-0.8351417329918155,-2.051876831896802
4551,-0.0131130544805146,0.7425526852282047,-0.25666218930179513,-1.0770482991846542
21991,0.6749685128191527,1.6428742851224523,0.7782091290229668,-0.8213950729670851
28911,0.3882158890776541,-0.1916850971331222,0.764834617109888,-2.720236192128943
25511,0.5710397562074662,1.057100995001746,0.5169519723382158,-0.8423275256884123
17031,-0.058497302505841245,-0.8049681276377951,0.9708388466196389,0.18993115427446505
30191,0.4604639088191752,0.19192270051948723,0.014205528047443055,-0.548283040331888
25351,0.17394596318968542,-2.503789632449018,0.9492898237000739,-0.9003246113227662
7671,-0.3558964462977342,-0.8658938338092594,-0.26630583656653006,0.5190515512938465
1551,-0.6179953220015724,-0.7763398001737862,-0.6630157947675425,0.9619244043816054
5711,-0.7549123232026981,-0.6156251409386473,-1.678490455594657,0.2918423191049071
9471,-0.6672060608315893,-1.1425830112315924,-0.5781415053131952,-0.4912583786596624
14031,0.16865137176240355,0.007139945467015184,-1.5479321834170194,0.4647093404991059
26111,0.6101951573841619,0.11010267890760148,-1.0942982930083562,0.07306072458468617
22351,0.8302185208826333,0.26435463741932813,-0.670984461906196,1.4963784458308844
26511,-0.0020128772796807783,-0.5575387668571623,-0.47382028630910494,-1.1690731244460446
24071,-0.9610449430899746,2.0849196162157457,2.1095126441901018,0.9327450253135132
13911,-0.5589831231839183,0.8772095174824335,0.5077200258427881,0.5673067030924988
2711,-0.014101892889354279,0.37323189176870114,0.8691554786067277,-0.29358759412564256
22031,-1.450162141768434,0.12633243174612196,-0.0786060102002054,-0.3351622891379737
15191,-0.4668511405839692,-0.6606815966278546,0.5042192195314399,1.3310598231288884
30231,0.22701209189529234,-0.7574092965917119,-1.2722443231943752,0.7063493802466858
31831,-1.300536278055833,-1.1452592725927968,-0.647705296289795,-1.1889605994298085
18351,-0.25960142497310335,-1.6154172379587446,-0.8468159184785108,-0.6442387497911686
7711,1.5179524233224653,-1.3982607723591443,-0.027488457819273705,-1.586219231355326
3871,-0.42727599578459546,0.04865782544440733,0.16078547905090418,2.858417684468735
5671,-0.11965115258364731,-0.1952108126226187,-0.4404894135326512,0.3993700583528915
20511,-0.3537859041583449,-1.0793693479764257,-0.5404275975481695,-0.16284282530665367
24671,0.9456546738456867,-0.7407667188671059,0.7527742411011072,-1.0353277751455614
22791,1.8345503292034222,1.6232564170240829,-0.4536790894140326,1.158433042689611
28831,0.5094738922510313,-0.4025961246518668,-0.8552646807167016,-0.7635156650214769
3631,-1.2798878976984176,-0.37889604542875754,-1.1063138557924934,-0.4352526040172015
871,-1.100184870626323,0.5033717758794256,0.17291506801556203,0.24633969833137603
1591,-0.07954761575290714,-0.5558775476823047,0.8685348095702916,0.5572240109485722
32351,-0.5294765951371161,2.0956514814294045,1.347568623125535,1.0939860035900115
9511,0.8397934726369095,-0.04870107448760289,-0.6960082801569084,0.9563349724272788
30271,0.22847324019388696,0.9226472644971481,-0.29108425871195565,0.7355097583708582
17991,-0.6685599631100266,1.4215298736365798,-0.7174400313710226,0.27820892098434913
11191,-0.5269203974218722,0.2709257821713412,-0.01970660692282412,-1.2790516483928078
26191,1.5210837299688176,1.3197744414805783,-0.5779976301808325,-1.0095704576133364
26991,0.3114416144912823,1.9174368208786008,-0.29031569404206736,0.533299550811759
31151,-0.7493511398025438,-0.5024519420569258,-0.6184443498950961,0.09901998837423961
3671,3.2499194061506165e-05,-0.9603934503471793,0.17280145041381625,-0.18199123216991997
271,-0.08564023391831171,0.2120338709623681,0.09796457302880647,0.3599179902016199
7351,0.2209289479070048,-1.4923939934078365,-1.221431017369432,-0.2515280693743262
11871,-0.20585966060294145,-0.4060275168031709,-0.6738232277269441,-0.558218739874244
15671,0.6939569182965334,0.3004091970306695,-0.3072495020597649,-0.4765527502671561
19831,-0.27930302546871566,0.4141570069581987,0.1082072807257962,0.1490904485805962
1511,-0.4459980638443535,1.6112094150058414,0.07072519503141662,0.18768406669881688
20071,-0.8065449336656387,-1.4995499295457664,0.8496347324985248,-0.22529358543607064
31991,0.6296410097259292,-0.27613287248384405,-1.1649360368159392,-1.0576614608918231
32311,-1.154053479360064,-0.37131158303521833,0.3510305622661923,0.7483982357068069
30311,0.02950566388862596,-0.10473832097750399,0.7422538751573244,1.4012328623688186
191,-0.3019437702347147,0.9157995071309774,0.2215176932147052,0.1605109976467981
18031,1.6875600179376256,1.3726369806960341,-0.9076048654547639,-1.589794824134439
12671,-1.6581484097544372,-0.3419074107170648,-1.16614358154978,0.24597532663963026
31871,-0.8834258592173987,-1.1076837197862974,0.04597359746594853,1.5268399163417872
16831,-1.2191991253080599,0.7425512273291126,-1.5888700919530727,-0.3297090272427538
15991,-0.5090270046316727,0.5793542541960884,0.07686429935754702,-1.4695913784825592
24511,-0.38448050771557185,1.6590692014800863,0.8624915747483993,1.5807039739887483
3711,-0.28158203864816955,0.8555236291326989,0.23569320382328238,0.2101102329351005
28271,1.7135033176178787,-1.955791720052346,-0.9033010724169196,-0.408112524052312
1671,1.2659914074538172,0.43301117746340007,0.7224142283910616,-0.4521710760099358
28951,0.7903354787003786,0.2863189617471693,-0.5940801138908343,-0.3853225228327424
22151,-0.20391081260486427,-0.20225766373011955,-0.9036568237636305,-1.0273891525651044
26311,1.573714852869126,-0.7664208680281956,-0.07566103103575715,-0.5574510802559576
9871,0.17352925268921188,-0.10069137213859901,-0.7660721636215648,-0.13090422401169524
2511,-1.9096085196965475,-0.508577857318279,-0.8438815663379994,-1.096009829824692
28311,0.09186672724915917,0.9011788686952945,-0.8880577360741946,-0.35021271449130686
23151,-0.2441939706790818,-0.5988448952487408,-2.1524630702212635,0.9556383520935231
14991,-0.2653139228957848,-0.8705932441742168,-1.5601520324712883,0.05898764754915057
18151,-2.578459903883765,1.4926487012013754,-1.0285369694413449,-0.7634099701697393
16031,-0.30005932266909563,-0.04409748409352496,-0.3013954076460094,-0.16560082061700468
24231,0.37121240857243026,-0.0616511258983709,0.9715775191712143,-0.7760693008457712
7111,0.7655367296637413,-0.9399322013913766,-0.6393389735404235,1.1005119060339004
11951,-0.8877532144298935,-0.7197831485883803,-0.5545116761390604,0.26192739866945636
12791,-0.5350484278103037,-1.110647006934924,-2.144848147101796,-1.72105227995192
24471,-0.041901086979247146,1.048626057765159,0.176239271262573,-0.041666392856921176
28631,-0.09064984112749848,-0.6534609003914948,-1.2991429922360578,-1.8962666920962175
30391,-0.6560765764381213,-1.0241140562776128,-0.7187434690759781,-0.6408664952040098
6431,-0.14514015934051155,0.0464846943642659,-1.0115855326241496,-0.7783192617118755
7871,-0.48833689702018185,-1.0679605437633233,-0.8554299674741473,-0.30454373321165484
13151,0.24240563228883136,-0.7774531057623999,0.1684337763525457,0.6030045010153429
21471,0.2145051873709079,0.14430033249438348,0.297473222154133,0.7686849289782475
5831,0.6521941502828048,-0.09820978122161016,-0.21943497357884886,-1.0600433684925819
2671,-1.5444644011971222,0.18565327638342624,0.2945232420975795,-0.7852104458523816
5751,-0.7416500067405112,-0.6291108651661451,1.3327801430582245,-1.0433035182029742
21111,0.45642442551691914,2.634415357183815,0.9728758864200768,1.5263754796593967
3791,-0.1008640768032035,0.21351656302941233,0.06565585920384637,0.1845676824067462
5991,-0.27842002098372554,0.2063532771232935,-0.4139401628616938,-0.526538818040184
10151,0.17247311988389494,-0.7495074066480535,-0.900975572016662,-1.2941488779694168
11991,-1.2627603038587478,0.5414324840785241,-0.7007974930521468,-1.5107161967973621
18471,-1.4904602692385525,-0.23752491480788188,0.2872809240316861,-0.3393951864392379
5071,-2.2154886820599136,-0.28143582901940795,-0.09455237385969965,0.049095960825843374
9951,-0.6365066683371896,-0.6669178237627844,0.42733796030503307,-0.32411760287956826
2991,0.9508619951613009,1.8355214703551874,0.5204729549154736,0.8198126415671491
10991,-0.6345315382678708,-0.3765334434560944,1.4661727722839115,-0.6092062557741599
7911,-0.014671726530737467,0.04306569612031851,-0.3723557341902147,0.21364452943490989
15471,-0.2236263953947769,0.7286165917597254,-0.497241451437153,0.00328721202739872
3311,0.8487308084747073,-0.03830482698237212,-0.24204628555151936,0.019749592711149355
19631,-0.10710502751757883,0.17190930432742135,-0.27850353245407766,1.482947652249076
26351,0.2808944818955181,-1.441521655889287,1.1910581423734246,-0.381396005694382
26391,1.007821502610881,0.8358925847450273,-0.034043984781006086,-0.11147368658221701
3831,0.9840288790934418,-0.14348270212805542,0.6855812633043255,-1.0835762917190743
3191,-0.5509883507134155,0.5570032976706468,-0.8585251646641634,1.0054360011256709
5631,-1.379944414602468,-0.4651917973559968,-0.8826978944185516,0.8374549906439427
29311,0.05134837633695876,-0.9545496020987383,0.2546987734367016,-0.4561270651917798
1791,-0.9439475943284767,-0.08640176090965607,-0.6209427097172611,-2.4928866234763625
9991,-0.27908433438253283,0.18490150862725663,0.17418369461105276,0.1129822776726058
13271,-0.013736390573434197,0.06991591248239357,0.19409896614869024,0.12636135369020232
5311,0.9893798782618247,1.1361160745667265,-1.7534711320476273,0.571507554204389
7951,-1.1417879296047546,0.11995648803814507,-0.8803027311379927,0.2261074146949191
13951,0.5831299047534596,-1.0790114554662384,-0.10294136436626018,-1.2464152394962937
16151,-0.15716715162975523,-0.9730917207739567,0.07124045662420606,0.16870719254950392
27951,0.4516206689538322,-0.48600750291910066,-0.0780468247856235,-0.37836692632346774
9191,-0.42414236476124473,-0.9186903023907482,0.6452459228610242,-0.015619193395596049
27631,-0.3224459405817829,-0.11593937285967505,1.3924259885221142,1.1605681235238472
14111,1.9545829862990363,-0.34207640884411045,0.27171206135773796,0.5895086757280493
6471,-1.5037352110720592,0.20788380522370709,0.40062265056492286,-0.9511974213312483
1831,0.4415758802327163,-0.2105968552946402,0.8818450863771796,-0.22877067350230043
11911,0.6158237516573122,0.8201570146697346,1.0579091666463376,-1.5664287061842521
27271,-0.7674466579591558,-0.48601087406781146,0.40792171568430247,0.5386383375604458
30511,-0.3717083653592699,-0.7670946458207436,-0.3071948596310305,-0.4100753521289834
7631,0.08130067953578339,-0.5167743784482085,-0.054726468059325045,-0.3111432278727696
18231,1.0689629630626134,-0.721846085479169,2.8034342537721773,0.5738339620449874
11791,0.71058582869884,-1.509615989786007,-0.7142878868053965,1.6371922773535903
15951,-1.5924897573943828,1.2123958962045567,-1.5064570107627875,1.2304143982842173
991,0.4040275564044813,-0.3210151951835567,1.5491224340504064,1.648037718305813
20111,0.6669883362000246,1.0775704153787196,1.411537252338167,-0.9437393268597575
5951,0.7599477099659061,0.2731360888579843,0.2646489682410807,0.30606115061078376
28431,0.510415299264612,-0.9632766591925119,1.2737149053531092,-0.27475746809455287
471,0.3921014931880922,0.8956706462590017,1.0110838659720331,0.6832962368066097
14151,1.1762461046776695,-0.12486693434454953,0.13989454042262442,0.4411924268106804
31031,-0.5203872793208533,0.019226811743321793,0.29332500439133247,-0.006365834749041371
17111,-1.3593544574534904,0.2319805641225504,0.8071217047621254,1.6283154796405146
32591,0.7538600567334545,1.322408485623882,0.5580626495490552,0.556605153341182
25431,-0.27679063998074466,0.985566604208987,1.228165480894269,-1.6680733398634593
10071,-1.3056834365935541,0.8953268317540073,-0.4132848632938484,-0.4459677087376742
1631,-0.1350897340954182,-0.9564075706770004,-0.8942738377445725,0.529576024253462
25231,0.6977890441960539,-0.6103235268804562,0.7731429750555794,0.12000965933530165
5791,1.7038621071009865,0.7570723651640286,-1.0714081578982078,-0.09701612236812869
18271,0.7909968891146534,-0.4217918881632179,-1.9504740416180455,-0.05152894441363282
22431,-0.3950406185213104,0.3553652982323258,-1.0147981706489986,1.455824908792385
26591,0.10202493434898083,-0.21067049743996222,-1.1502514231485996,0.7329771876208537
16231,0.4736461078589049,-0.5569488391743311,1.3802946552877737,-0.37328621170198456
24551,0.0657503848277854,-0.3544937375030649,-1.4266993500394387,0.21305538501447846
11751,-0.4819949884329508,0.5826056959272213,-0.6768363094335705,2.335594057705122
3951,-0.15615494745762779,1.0166229011887573,-1.0682915483985953,-1.4356027766801556
6951,-1.4513956589706927,0.5681767472652861,0.9315095035650216,0.6700617663525447
19191,0.8188584998466387,-1.0320718342154578,-0.6021979419973474,0.23778163471078367
15271,0.47411203803852553,-0.7563224477015229,-0.8232001250389036,-0.21306713657516482
1431,-0.9725164358283671,-1.3861922578048085,0.6972256704349551,-1.227221340479184
12151,-1.669428789129438,0.8515430955335314,-1.262749304319275,-0.2055077983532219
23871,0.7085525150807164,0.6917934704076446,2.191804897650378,-1.7227359582947808
30591,0.6903442943533719,0.41816184153939145,0.29570914668161447,0.5975433760685133
28791,1.5858250757804166,0.6771248830166702,0.31915184418091225,0.9271476421834365
8111,0.19574815009349342,1.9468856726117698,0.7688003034795511,1.4725674260015396
18311,-1.3826786766350283,0.43826102998849925,2.4943940748449633,-0.07115336505467146
16431,-1.3596864665312232,0.4101123308952395,1.3867738335010158,-0.2662769529021754
7831,-0.4362088995548657,-0.208450085353528,-0.11969716084887258,1.0060062718825131
6031,1.2446575749959172,0.12917511291000802,-0.14983915362748454,0.03562487489256042
11391,-0.6156917957614978,0.39189282956178595,-0.7358508845674604,-0.5579463650402299
951,-0.9192284806427379,-1.0218869463682978,-0.16565242561835042,-1.240369401896275
3991,0.07841514731291786,0.07079813145516882,0.2957877061724781,0.2828291072879388
2031,0.13247241832180628,-0.8946509602584425,-0.01519983686965379,-0.9414704922513594
231,-2.1887589080403815,-0.3244359938015876,0.7043928786149763,-0.45847327131200866
17591,0.22930506103260548,-0.2854127794694478,-0.7736637953099537,0.40900239057047477
18671,-0.47639276125145164,0.5341257703991507,-0.6416967481811134,0.5620218269250962
32671,-0.7044841001375357,-0.7286118107889208,0.13191703502003116,1.068521679062825
25911,0.36329818034401157,0.41207630392869654,-0.7436469166430005,0.5817714046179392
20391,-1.618076636546697,0.24719319092677508,-1.2478779404646063,-0.5847152946868177
2111,-0.48467664111758574,-0.8360252375981576,-0.889171501834129,-1.881063980445269
1351,-0.41506128266881226,-0.14992825913518548,0.9435189034095166,-0.4155619237938028
28591,1.4034419641115956,0.7037557620236741,-0.9211657770415295,-0.6119717991947148
18751,0.3083543368615902,1.2198864631651538,0.4002615945906959,0.24735585808892516
6071,0.7514997665588691,-0.20777181681517487,0.18351400092828424,0.28830757605799145
31391,-0.30364193033150977,-0.17693925830542567,-1.1277373089595133,0.22395686142782478
4031,-0.8050198810246062,-2.2675033114925975,1.2680612817194132,0.33170290862619756
15751,-0.052770829500845336,-1.326900472226212,-1.2781127763233828,-1.136892829780155
1991,-0.510344801571904,1.105357883194786,0.2693742765004308,0.9838724335727402
28231,-1.2313710951932082,0.8246230196831518,-0.9262644162173077,1.736002907835995
5111,-0.5058115714702669,1.6652554390480212,-0.6808291527744699,-0.026588448060514278
32391,-0.39648300319156043,-0.2541632340753384,0.22538166475716187,0.41259189939430346
30671,-0.3160733423644269,1.0708926355280555,-1.175881630354407,-0.8695674729123679
8151,0.790824553952264,0.08732164787592296,-1.259200695818477,0.5468251432582748
16911,1.810884533378192,-0.3183384906618099,-1.454604867817941,-2.351794281487067
21071,-1.4068617595180943,3.137725864160464,-1.184333165472021,0.33227612202086665
19791,-0.5682878405683115,-0.18480229700926687,-0.8550415498989147,0.7843047766994059
29391,0.5352259574513264,-0.3989584650500439,1.4007969852207296,0.7468817216926825
16351,-0.12238977624378061,-0.004836155285489401,0.7727430639936775,-0.3058119761264182
16271,0.004819480520181591,0.26206240312473417,-0.3034317832090522,1.0023014692172552
5591,0.3660776999176173,0.27310024161317403,-0.30066126682830563,-2.3230135024144487
4071,-0.012439186517306024,0.12256663781910365,-1.3367517113475889,0.4722735395543921
9751,2.0088675723602667,0.17829724957013826,-1.8663395634003583,1.250042387343993
13991,0.04956574078319612,0.811098552064059,1.1192699273951163,0.1820593759323715
18071,-0.14742336656284286,-0.37483090042853756,0.7423844024762881,-0.5970443408990757
22231,0.03150730107065204,1.0079668472638832,-1.0666808313281273,-1.13834242449337
12271,1.5890922507417968,-0.98644997668252,-0.21464465668975585,-0.9118222316481681
25191,-0.1636429452992939,-1.004505149927061,-0.8122423213842047,-0.627373277654348
20471,1.2710726373811616,-0.38787587342744906,-1.9688137180417953,-1.7081312675487506
2591,0.11774195766584708,0.825626586210797,-0.8817525391012684,-1.291508565273721
6751,-1.103641949384598,-0.5700268125513689,0.564745884729159,-0.1777364184882576
8191,0.5988315334683296,-0.8069211469014539,1.0065060508661778,0.25715360657922864
10911,1.6584355272518505,-0.06615251408327809,0.9534325030932526,1.2828186133351398
15071,2.0944274862112984,0.9999864197273751,0.11646481311575355,-0.32612774996653676
28671,-0.08296174269882342,1.1232059616719492,-0.1987361833129568,-0.36164095024427456
