25846,-1.5337493568806266,0.5975424189405,-0.3818721333355495,-2.0832204795030167
30006,-2.3421477912626845,0.051765539631643265,0.0024340583638175536,0.15105691630844456
26966,1.0228601083618651,2.0951564611008204,0.2787193470655224,-0.809741928546282
20486,-0.35039273750528677,-1.4305787101387453,0.025564354501217218,0.36815659814990764
2046,0.2382296646998496,-0.6705265570181228,1.2093086818246965,0.2571127005793664
10366,0.26388957223527426,0.4366237216346491,-1.1586515412770861,1.3992175791662482
28686,-0.1441076973971209,1.6907575334748615,-0.7497485029288924,-1.4095058661573197
14526,0.7256747897447529,-0.4724337129648944,2.4190607167293745,-0.5216415521924389
22846,-0.33862174966021974,-0.42253998038806684,0.4085622228260467,1.9715457843414994
26286,-1.7794951873304052,0.49696698338334816,-0.7981426284168136,-0.0978271101410713
26646,-0.875961984572305,1.2596804968762088,-0.9131603639592909,0.060471771112663865
31166,-0.8611566902939222,-0.25431349355724836,-0.04241900470797241,-1.4355461620142427
24606,0.03180957081043062,0.17203511457644435,-0.4733183320933747,-0.21949661104845808
21086,0.8515260045751203,0.5963468881451205,-0.5995232434285025,0.19636217098714787
25606,-0.18322161873181836,-0.7354499603583221,-2.459586709894421,0.2354053299332497
2086,-1.5916208316366098,-1.0566217295906075,-0.8863435692300717,0.14725234013681848
28166,-0.807663229604423,1.372809755520015,0.8271024424000688,-0.9792522837842768
32326,-0.8241403917241117,-0.5987230918862445,0.2127812325326707,-0.230486587877818
20526,-1.6906602146235807,1.9413629579204221,-0.4700117043017096,0.45657938852325747
9566,0.05283743794728558,-0.9800823933799571,-0.43939284999498396,-0.6796452545423813
8246,0.04264434965081324,-1.0111432366949007,-1.1100150091766947,-0.7598948623184946
21006,-1.366530635791812,-1.3060907845765475,0.26286463410542843,-0.6415247554021547
6206,0.02107951473201481,1.0422143428766404,-0.07028875338335508,-0.5321030271201662
3766,-0.32629150134192086,-0.47099018057236547,0.37616243665266874,1.0624486455534803
4166,0.19199890112022694,0.5759380379818467,1.2552996458712908,-0.9419938148916691
12366,0.2871088955749763,0.07445982894324747,0.5609127047075975,0.4145962317638791
26326,-1.4792532462405097,-0.9174550350789632,-0.8320285967666221,1.1866735418398409
3086,-1.48496615535186,-1.0691989134852322,0.36651190391170035,0.2925154660952072
20566,-0.6638551595887201,1.2263114402870108,1.5520510719765037,1.3601879872412361
2526,-2.0987332869841007,1.119095428377265,-0.5192725355470535,-2.4489323514337524
6686,-0.6209826723533939,-0.3158481286796703,-0.40946362718977114,0.9321322983154107
18526,0.792728137283323,-1.1100843862727572,0.1505813607278114,1.9145611635260418
19166,0.8798972917121971,-0.9376594616853254,-0.7452448297055242,-0.9327494452260079
23326,-0.8077982425251011,-2.090117639259863,-0.24451431867033246,-0.7860917027988761
27486,-1.8933107100556765,0.5519584945577977,-1.1237486768603857,1.1636704811560585
2406,0.47562851630068975,0.591868007611647,0.19744448368688264,0.6290588131416214
6246,1.7946010733519593,-0.26441531319599076,0.18992428526674762,0.5335577198506173
3686,-0.15270644712280118,1.4735098133379005,0.4068719220784559,-0.43142708770799665
4206,1.3934981830113016,1.5148629505282025,-0.11379546447751253,-0.6172056148211177
12006,1.5157024886222266,2.92092810191616,0.41346446080091875,1.298141995872575
16166,-0.255244234583272,-0.5331717322002297,-0.4548154212641988,-0.9601826905183108
20326,-1.613913601857356,-0.8309459178223684,1.1777387506380648,1.4719122902407766
12406,0.4826710120967673,0.25330014943423557,0.9051892756429649,1.5832918151678055
126,-1.1908222093131664,-0.5025026103009831,1.339032235661016,0.3048563897662399
686,0.5974706153409161,-1.8093410095985967,-0.04397821112163718,0.09873188152689602
9006,0.9298669449697017,-1.3280068137405154,-0.6442560558769345,0.5372859072401647
21526,0.0892929198253378,0.08513017682815323,-0.03256272829922531,0.8246245847297892
18566,-0.09080005387899372,-0.38726271489201475,0.6641385755618645,-0.013178102143531925
17326,-2.9354057882236244,0.134589280789325,-1.319493051233493,0.6676324047927502
21486,-0.14778458065968636,-0.7608494481780963,-0.42514694186058316,0.32630630697499263
26766,-0.3246297492525248,0.46498525771804133,0.19239808292908034,0.3700012551786599
1846,-0.5950621550666949,-0.24768875874078203,-1.7903765174796256,-1.226012748458728
10606,0.33157151768099974,-0.0089588222039374,0.06148532729040586,0.6185174943164088
4246,0.17449587563352228,1.4440582645816564,-0.5782007832766086,0.812587899767682
14326,-1.1023562288911588,-0.4687235745972227,1.0028743866280452,1.1320541253478043
22646,0.49101359348046214,0.4583528457302802,0.17027122146682974,0.20255642146565558
2206,-0.2600666288378092,0.017769047917701355,-0.08575944252130713,1.3377552651399969
30966,-0.17713124890549867,-1.844894901673992,1.262845864706004,0.004647262480889727
15046,-0.6494643960000263,-1.0635760340104539,0.7621103103338868,-2.064931663238077
30886,0.6315606603862682,-0.24858778104611767,0.8268481789251205,0.4828986187167291
30566,1.1891362664221978,0.24191416454537193,1.072966704447409,-0.53545448872266
11326,-1.3930721752617181,0.1715208901812575,-0.8024579581540571,0.10967528232378794
28846,-0.30676033484832504,0.9063324605584618,0.13148284374783933,-0.97623094960058
27966,-0.12273921025125077,-1.7520661981266532,-0.23709149754315628,0.3881017880102469
14366,-0.5962443946922144,-0.01774980616562437,-0.5858136232855576,1.3683555323687266
16566,-0.1537984328303954,0.8299232755145445,0.7887766778221951,0.3814014814780324
6,0.849291896368236,0.6616267701873924,0.4262845799625823,1.5756141755229833
8326,0.7195544700923843,-1.239047045439671,-0.9140880036907132,1.1809704560209364
20806,-0.9408180384833909,0.1142010017135661,-1.1306228706166193,-0.48865008323814996
8566,-0.1468924735374534,-0.6479687098800435,-0.30362470616645637,0.6809466412888958
22726,0.04018166411644202,0.5111897400743606,0.032708591956474735,1.3969866354119382
7046,0.4306293551002316,-1.447148009410972,0.2334708938826943,0.39178019941276093
30926,-0.8158010775016643,0.3376294616439312,0.21224131689299908,0.10144656819949878
5326,-1.3148523416656224,-0.10805495680033708,2.56123038553289,-0.06298711660819531
13646,-0.8421979602717019,1.6906252731572695,-1.542173811482529,0.5153872199811783
23246,0.5830893050984363,-0.6216027120942917,0.8761624678745222,1.3392303426893464
8406,-0.3069634014952122,-1.5402149594119328,0.28730287124806064,-0.39555325099723626
21966,0.7785268431615626,0.5807492509801083,0.02370467097534279,-0.47056850237853926
26126,-1.9822707153494552,-0.3766304491979034,-0.4184758729956352,-1.7068594541202173
16606,-0.955267524100906,-0.7048634564777856,-0.5374467357628708,-0.27206424855003464
2326,2.195911884513994,0.6347593389533532,-0.06910644098974496,0.26619689055719886
32806,-0.9022068046780098,1.0145188363153943,1.6881001772094026,-0.6830233939827743
4326,-0.010751743383724383,-0.037504215646311186,-0.6228570614549561,-0.6850296919480592
18966,-0.41325705294193205,0.5126731824453374,-0.08470654462704438,-0.9081282464753831
22766,-0.7355564115207055,-0.6426788753502429,0.6829937498266031,-0.9048474043589446
10886,0.015594627804990784,0.5124796553183164,0.011299408650480732,-0.8350296699888952
31446,-1.4150548818317998,-0.8310100149346803,-0.548841486497181,-0.14445685168242767
16766,0.8492018620546967,0.0033422033113304265,0.38936381379851887,0.8629195926469542
10486,-1.0581546558764816,1.3244661155521653,0.7780567467868214,0.4345903284744064
7646,-1.467462621101975,0.7362348628638237,0.21778637409755697,0.03024645493013147
18686,0.1973359514115368,0.587416601182496,1.9749615806635819,2.054291840659807
28446,-1.055388198539254,-0.11771585729816747,0.7463576166435772,-0.7813966147350341
32606,1.158163179085192,0.9499283205805495,0.9712000530268011,-1.3917311321589125
726,-0.06016896065691049,0.1899178868443186,0.1699125603690043,0.04793820883409934
16646,-0.8404891858941556,0.4911779355472046,1.1223768701981096,2.0121953644308808
486,1.4968261822126456,-0.6249434448610173,-1.1952489404965685,0.3242052819838121
8806,-0.5171659898214518,-0.6411021781799421,1.195863320413385,-0.6146130181334358
4366,-0.4899843222820973,-2.194665233039871,2.260614684574837,0.602404775023304
12966,-2.031599447450313,-0.7622956800698105,0.11329384669488406,-0.012272276143996291
30766,0.7087280403687903,0.27177624261986033,1.316106180421977,-0.6824496933313422
22806,1.0855298547765377,-0.15667664953033722,-1.120477670236793,-0.23103457229227733
10526,0.7419319700331326,-0.6019825145696225,0.6924617756839637,-0.7276775972209631
14126,2.0911700041254204,0.501655396293805,-2.171668016661639,-0.2858139067349227
19846,-1.221683100794211,0.9512746418840904,0.9278849364812429,0.5567997431801764
28966,0.8497381486258259,0.6571084815413262,-0.3588818608794495,-0.3284716346014049
16686,0.296462348851002,-0.20892817646881487,-1.1151450580980513,1.3868572567659228
2806,0.9722544499558247,0.01020336369318606,-1.6570894950701702,-0.7685151393842031
6966,-0.6557049910513782,0.07759064721152154,-1.3759413477007447,-0.497204058618814
24286,-0.5497534763559944,-0.527924523598125,0.07935274320041467,0.14216866531888844
4406,-0.3406216699235736,-0.7091421842158734,-1.2945315327067977,0.3820816273480966
23606,-0.6991246718647841,0.4290257626277428,0.7749275233877231,-0.36509776555905776
27766,0.10138415442523475,-1.4095283113104247,0.2567097238076007,-0.5915765031342973
12606,-1.0452215299856993,0.6688871661747412,-0.3483544653127998,0.9081208513438606
18486,-0.48214172169331926,0.36179412715543596,-1.1981902262129942,0.6175362811835198
10566,0.1218119778929372,-1.1445559150241014,1.8410727909900044,0.6404281479097702
16446,1.5380779620668055,2.3670641205993554,2.0031769748940853,2.3749962795194555
20606,-1.256733220559225,-0.12566296096301205,-0.23974774481577024,1.134549911864495
8526,0.6619643134631423,0.9096719263674047,0.35388678370672594,-0.4962202086534169
24766,0.40919931227783707,-0.705481670422206,-0.2120835759266444,1.8129970998578775
28926,-0.27226198182720895,0.3893459277569151,-0.2530123117652403,-0.34323836567812677
22926,0.10139318826517038,1.493445225330156,-0.8969643586690215,0.09294172832641973
6486,1.6747843208705397,-1.3228051363486313,-0.6973110579629443,-0.20030743022315683
966,-0.8673393198555736,-1.915384084617162,-0.3258637653463098,0.6029939639459362
9286,0.7851524305586058,0.0763166732370936,-0.24384062777813015,-0.6913715552038687
4446,-1.2288055426000921,-0.8812538495795389,-0.39139603181043875,0.5172909889465331
17606,-0.05789087522863505,-0.7744287996555238,0.2992654887332636,0.19334119704274036
21766,-0.9199416082450824,0.4830859880741401,-1.7480852973782035,0.5633226492912727
5526,1.470291411232903,0.35247286885606166,-0.3201995836884777,-0.022964536875436307
17126,1.1133389221327123,-0.17657318206843645,0.6833337459457274,-1.3042059949412297
22886,-0.5523409803028367,-0.022185151011806886,0.4565043988026115,-1.9384385982116892
2126,0.23792030822769053,-0.5493183044949937,-1.7872405785264733,-0.2808919450584725
20846,-0.9026990973689668,-1.0663544907197495,1.3244675685230711,0.002515272317531821
10446,-1.3935901942827886,0.3832513238084068,-0.04082539130460993,-2.170596129661328
14606,2.1512858132108503,-0.3483302650054189,-0.26177887168419645,-0.0633749577946808
18766,-0.6065151822179901,0.7310968707306991,0.9912071561949977,-0.8600068491897024
26686,-0.33898164087891136,-0.630826377868399,0.40371370658702466,1.2813494633394287
29046,-0.23036636220277204,0.9949156025513785,-1.5488082957218416,-0.6640515748624187
27086,0.38570821137816286,-0.43514119076481333,-0.6322713755416817,1.3886107850694767
15006,-1.9007787793127435,-1.3929685945434906,0.4956387438710072,1.0531425544156714
27006,0.06478415691036994,0.07134602877638452,-0.06601952699806238,0.7279081199397649
3286,-1.998859075486842,1.119031396380556,1.2650305782460856,0.19808488565679677
9086,-0.6668342236938196,-0.12956766288383287,1.2626607478415688,-0.8541499088340251
11606,1.319171008676686,0.3583554303490889,-0.05929804401368229,-1.2491776834410302
20886,0.01823342625079835,-0.15074713132694909,-0.006369525832821722,0.07215065451270775
14726,0.4698851010851701,-0.8111694561191195,0.46297328568691787,-0.04490725315264546
19926,0.7698466741241907,0.4281465668563109,1.2316311107894902,1.0599189523738286
27526,0.7673139264012225,0.679536653232447,-0.0869289211506546,0.32592248315096606
24086,0.013446073529320014,0.7492831882379625,0.6525739039359806,0.47934074607168387
28246,-1.1626839860519709,0.09119845216115711,-0.945983649771066,-0.04152535087731513
12686,1.4527910382989142,0.1661452822596504,2.0662635642183522,0.2860140729602941
286,-0.03149404955829559,0.9500742989949322,0.2726490533920723,-1.5753988771701288
25326,-1.1294399366172059,0.7395140175368321,1.1886960763690961,1.2305339045739687
10646,1.4542890892878342,-0.31086492764906765,0.3330897012548246,-0.4626053212432607
22166,0.15344352209847398,0.6002276617421812,0.41850608436249515,0.40186260773913035
8606,-0.9765056338535058,0.8836584709119407,0.46670183823953165,1.1629929092514224
29406,2.188048144556135,2.6716014420939698,0.6312817437554284,-1.854301549953916
24646,0.03136905713843928,1.6771511664741836,-0.20909960089704602,-0.06126452797737815
6566,1.6788628740577893,0.5537693483325501,-0.8808864255540374,-1.3025607652541802
1446,0.4533604378822636,0.4175800575859241,0.6495415392700568,-1.403710950642054
31086,0.932481231031147,-0.2860902075288602,1.8259460970331893,-0.2116017936582929
5606,0.6687902649299785,0.43336383010853674,-0.2002225362230893,2.5874060642642855
9766,-0.510135372281639,0.08003296988613014,0.6882590490164908,1.3042873072954986
13926,2.455672231284902,1.5293392349860244,-0.25549353205756714,-0.452051646520651
25006,-0.10272208978201268,-0.028530893110532758,-0.43883640146233227,0.12721560447982116
18086,0.1634879843453352,-0.5485094397731808,1.0892612212700261,-1.096795057492487
3486,1.4289086825291821,0.7670265526377036,0.14610245393694113,1.888254260101689
12726,0.6054477890933726,-0.3750008750012772,0.5785042573711081,-0.32050721063402376
2606,1.0915483419941676,0.6559326494125678,-0.7717461022908233,-0.7106468454934733
6766,0.43663299121388516,-0.5277270258319825,-2.1580034726033297,-1.9011526173631883
20926,-0.9273332751745332,0.9488415353989704,-1.06827900342901,-0.3044413530054741
15086,0.11851312084824146,2.7114553888718813,0.5650027833436717,0.6036210111771585
28406,0.4848775089709263,0.6670795018627417,-1.8316278915331072,1.8127813007975135
8646,-0.8956823929951069,-0.21786383640589002,0.9932104398360181,0.7945938079463505
27566,1.9535747180857546,0.2878394335281928,1.2253903138406714,0.15700505136049794
16846,-0.3742785027244937,-0.5339002927715168,-0.755420352342052,-0.07012570900950692
7926,0.04053746950616644,-0.5804121098230864,0.7079902279434294,-0.21897113857021316
32846,-0.5310425751458415,0.33176856909600394,1.6058435666470032,0.27129858642359933
14806,-0.45769199470008987,1.5424391081396835,-0.23442400007703673,-0.9661412225615243
20406,0.03435589408294463,0.7145232343431572,0.5393058554161585,0.7103277431388252
24566,1.418214093606857,0.9883475277928288,0.0019387511880680284,2.1840126970180767
28726,0.21209819567833063,0.5040135272133728,0.3489168160433719,-1.021472796653874
32886,0.7261174547480344,-0.3289100645242464,-0.20444344868536982,0.4468125430272711
12766,-0.3673450271984159,-0.08572213529871574,0.44478039107137846,0.8930667966946516
32166,-1.4759382029056958,0.28619986339124315,-0.4692937515374728,-0.2784460556600818
31206,-0.6712010159750036,-0.9092599425092097,-0.003399294097306222,0.2718988864327353
23686,-0.11025494149678818,0.12277480990140177,-0.5429091200646385,-0.2814608283636276
17406,-0.14337824458362697,0.17049190986715965,0.43389509902202317,2.7930562448366127
25726,-1.571864316598195,-1.051128829932758,-1.710107893176275,2.456874314227732
29166,-0.5906017509415982,0.3511701108853197,0.28664863392995266,0.4144463499790709
5486,0.08529034120599291,-0.828030912843741,1.2565707287220833,0.005221808370827192
23926,0.9785756375366476,0.7853077669781209,0.2328282597930384,0.9585991289227294
16126,1.4244199843151033,-0.017925176244357296,0.5707628269735208,0.705810539073323
16886,0.5174812258903002,0.4489582460200057,0.9132123940638854,1.8929006189196391
6086,-2.1139966903334253,-1.3549241209045715,-1.2248697105818487,-0.6272061444690427
10246,-0.07263205220892156,-0.4524769049298936,-0.28520688096218283,-0.47412061247498527
14406,-0.6398776668541111,1.9999900599652627,-1.9532018228505328,-1.7802865027184904
4606,0.5866386358424143,0.6058334574033357,1.4903458812549037,-0.6543826261894893
26886,0.41571266767161524,-2.607896753223835,0.40882575480792377,0.9146362091317823
30806,-0.6674673023020916,-0.9370747769233222,0.9667437879647907,-1.215851735936287
23046,-0.5521884148695176,0.40833951109568617,0.031235674031169537,-0.09484963794303924
7246,1.8241000544793755,0.595283194487322,0.9691626024377903,0.41534908644306023
31246,-0.9447123055416685,-0.42101024501121515,0.4486300391423553,1.7993283943757241
15566,0.8353742512677969,0.06394635319093774,1.2082325189182266,0.015108257131405024
19726,-0.8465494157440211,-0.46616389570830213,0.05133817825935661,0.5495754039847656
19886,0.31356619040971917,0.6939105172311568,1.5483974499091993,-0.5432438929922667
29206,-0.2717043954189342,-0.5655456031711693,-0.3972401718770882,-0.3809462790103446
32206,0.17550113374098725,-1.417101381794691,0.14548862968888948,0.8252347859122099
86,-1.3058434690419174,2.7511900824707896,-0.31833463681506347,-0.026716070703118426
31646,-0.059324176605818124,0.7734473298613364,-0.22412644132532317,0.4672363207110178
16926,-0.0001228764537165067,0.07524828303766332,-0.7553317867073586,0.15346364435103904
12566,0.514106644221112,-0.5227457955648952,-0.3097971198525678,-1.7217370798139213
16726,0.4650040794721564,-0.24812560489768945,0.28402498060249803,-0.46433029618030347
3846,-0.7092426045276594,-0.23010156908726387,-0.6209618787292236,1.6042027360240818
4646,-2.0935845723729978,-1.9724692434908913,-0.20779767204053753,-0.5741301643841372
25046,-0.35586269997817677,0.1553519632744743,-0.7283220433185034,-1.4815119653421938
23086,-0.8348816237178567,1.4979712889770485,0.7886399923193242,-0.715205984559443
1246,-1.1318689924900325,-0.5663705674628509,0.20814400294263216,-0.9596553965301826
23646,1.3397496149458625,-0.009123740384963896,1.4523935116279818,-1.7066385416556225
13726,-0.09305722058577619,0.25176101995529815,-0.3409694386382695,-0.6116451417715636
17886,1.187814377618975,-0.25127373667728653,0.797570474986101,-2.3279862355687153
6646,0.2029461597586192,-1.9516028543141466,-0.08660071592537161,0.38734913782916935
8766,0.978376285600284,0.47043079048352904,-0.333544590768501,-0.7771830401822186
2486,0.9371255563050014,-1.9371628673846486,-0.258648121344626,-0.8426977885927147
6726,-0.6488761127685901,1.0022363868092727,1.6153590933065682,0.577827606927625
14886,-2.287183104929934,-0.17189978936863334,-0.08616010983371783,0.09666503022070749
25166,1.0814885902840303,-0.46171979238105026,-0.3411869998361492,1.684246987496681
11406,-0.7940684637535647,0.4139834747175673,0.5854302411728248,-0.13492797359965852
29846,-0.4770941968217908,-0.07988115715697537,-0.45748653866207284,-1.4313907787174172
12046,0.36357896088185465,-0.6059657272068011,1.3826862979108272,-0.5501492924738545
23126,0.8309465278065108,0.7850761723931695,-0.08964965708547926,-1.6173968278109154
3566,-2.0914310830729455,0.46099827505765995,-0.9568013203476161,0.6302914383759846
7726,-0.7361243983067005,0.13610229849974464,0.5965178654440613,-1.002909216999975
11886,0.6288001175615344,-0.5771173129789842,1.4871421359369734,-0.21717107974119892
10846,1.4440018081458865,-0.5254575243723549,0.8095690409389127,0.3942378316853257
16046,0.0869563601863485,-0.5772298593117773,0.351115149938558,0.907844364897054
20206,-0.7646839748832159,0.5988366293795276,0.7113359536504357,2.061386423702105
26726,1.1298696330240328,0.7075286656060917,-0.9780341353629886,-0.6650298981901309
19046,-0.437982706145292,0.3700890865122989,-1.0340868411258777,0.10894828876782267
566,3.163468566690624,-1.4998351097579632,-2.599127632312779,0.2848704141169141
27246,-1.72542308457289,-0.5972058043736759,0.43723010345705454,-1.1404165953304575
17206,1.7545576126344873,-0.9064064057124692,1.2837877734899925,0.27532937643175415
10686,0.12639097953939546,-0.013972077667524424,-1.2318073593059171,-0.004889047450416476
4726,1.2339871359843693,0.13071549047585462,1.1991757280409778,-0.949179232103258
25526,0.025272255775330814,-0.038623528937682186,0.14807585612751145,1.7963693093336792
2686,0.4776026616373664,-0.9344798687040148,1.0527662891452256,0.8073499124106841
31886,1.0153983017253667,-0.20959700481287785,0.023522574375497065,-0.5296808698108618
30486,-0.924734973946768,0.9892060106855185,0.4583356943342022,-1.066373317703354
31366,0.7566118106575743,-0.49588430479772383,-0.5781265584225452,-0.1697830391180898
28046,1.5934407458949185,0.5676355415811745,0.5936413346095886,0.2178409513791286
29326,1.5550681036590381,0.43166717331209215,-0.33954000177711724,0.2535999230704701
19566,-0.2809344002908857,0.4258441978470469,-0.251422199147648,0.9625767121881699
6806,1.5450161981183546,-0.3178559384966177,-1.0072548815570967,-2.1618823618644187
15366,-0.22237360145281745,1.2694451876539286,-0.6740513369723522,-0.8730636770164721
22686,-0.43638731344277265,-0.25595236141796035,0.5749788093452091,-1.1642837369110532
4766,0.4278114883286656,0.11671350361490776,0.11524838099683515,1.1176670621781044
27846,1.22473566137196,0.16259340366061903,1.4736362829324416,0.518833226082355
32006,-0.7304601401981609,-0.4151184981011855,-0.27505213511280086,-0.03552872960614583
29126,-0.517404990296672,-1.2765253976043083,1.4086677549007809,-1.6234358104893276
2726,-0.20971469482545355,0.5879818231016468,0.2782661732407112,0.5744422481470112
8206,-0.9892458635095414,0.0228325620845215,-0.09124210095711231,-1.1428255056319976
10926,1.9710360080326492,-0.016210804588956716,0.11582613792691925,0.5930441000834666
20686,-1.2255262966254439,0.4395321380177114,0.9429437172568227,0.10274503504340864
24846,1.1921804979903767,0.23092153538990184,-2.319880787400275,-1.1327265280987635
29006,-0.445450917366783,0.9647092253886735,0.06737689170071623,1.090818938740877
2846,-0.9908331780121973,0.8864604739500174,0.7526928198322548,0.36027864177651503
8886,-0.8055311298906467,-0.8402238765002829,0.11166605846363295,-1.065993405191233
27326,1.4031290234560139,0.901400243494263,-1.8825868457692163,-0.6581493578124676
17686,-0.26316557119962825,1.3110671259311335,-0.4352277786371982,1.1309297021783704
21846,-1.1775656270664727,1.6523634276223145,-0.7674316737107354,1.6329729639836321
2166,0.7674469175000531,1.688011865871856,1.1064515417574794,-0.2327469410840444
25286,-0.392808264126142,-1.6662722584513785,-0.31259103931015964,0.059848756075727164
13006,0.7880780821567569,-0.665138483130811,-1.1562749774093388,0.06098577286147334
6366,-0.2544628999869886,2.9016042079806237,-1.3116625573352407,1.489532776755116
2446,1.5431971455294802,-0.8705094794246441,-0.034595193972720636,1.3721125229407696
14686,-0.3266581300315931,-0.9549328525732363,-0.6251417879461028,-2.4100094817249653
11726,0.5170706813855979,1.032838290972964,1.0841506947866972,0.15008153620451217
10966,0.027002261690065622,-0.7307142148870114,1.7163039991358588,-0.5268904997782884
27166,-0.16128650727019528,-0.948936192449085,0.5600982681697175,-1.0736630905083144
31326,-0.9692789437838772,0.7598716452193353,1.561045307331261,-0.38280617826945756
8926,0.6642258867028852,0.7644318924616977,0.21266179075897695,0.33594418262465786
31526,0.2799734465684592,1.5028291949400367,0.19670882916285845,1.206922306809644
27366,0.8325725601699753,-0.16770402366320739,-1.683506818029391,-0.052516986723416266
15846,-1.242008944885873,-1.6918691327387656,0.3829277919315017,-0.28348679386267306
24166,-0.025154772017291795,0.2345989431697643,-0.015544648488343533,-0.1921742169595276
4846,-0.13081339684320517,-1.2007054977336746,0.966433028049646,-1.3848475083023777
6006,0.16141086008201844,-0.6268956760889959,-0.491050073093444,1.449831649242433
32486,-1.2143843445407163,-1.6971701307398936,-0.7620983454068027,0.9251505981113908
30846,-0.5800453749713733,-0.3611437791693434,0.3177590186617704,1.1110043506266114
23286,0.248782772701437,0.06682601082254527,-0.2325399355853539,0.08487639600472927
4526,1.1276345876436649,-0.49017497101867213,0.6846466186685535,0.9444361882742338
8686,-0.2800231806410639,0.08740919180163015,0.5714316126437393,-0.6314795690193207
766,0.6194909700011411,1.4674173707253466,0.025804890763075978,-0.012502574828841907
21166,-0.015815032385773614,-0.511548678148046,-0.9990216014820668,-2.0199076213267717
9686,1.7515279659434362,0.09265142450854284,2.03949433238911,-2.5313273999384664
29446,0.34734376037232756,-0.4403070032776469,0.2418625792154686,0.8818050646878666
646,0.009942910703619958,0.03696795151763004,-0.2952777911603264,-0.06782119442131351
19086,0.1354717152853178,-0.9532802019436573,-1.1152121555643988,0.5630876246259591
17166,-0.9136350673349181,-0.434983032195998,0.17888758294107457,0.5295420633440463
19246,-0.9601495123761318,-0.6675673456802218,-0.33637166331335067,0.46912653350352757
15126,0.513295778536913,0.6393918240797981,-0.26616900559486345,0.1970272591931579
13086,-0.7669658455796821,0.41222000348765797,0.8432022074104619,1.8149464128911224
6846,-0.5901503542103068,1.1719952154660997,-1.6131703133387627,1.9313514866271246
11006,-0.8722849884468791,0.14065188840066187,0.4672441896753863,-2.213248802046034
15166,0.09186295897059005,-0.7788474447445646,-0.26802122130583333,1.5010520223174342
3206,0.7239947434153066,-1.0551602788518417,1.3855661854664048,-0.31764864941249704
21286,0.28418305281976997,-0.2286545161574365,0.7422061788432315,0.4827324322199041
27646,-0.1001341875912122,0.11906572035726061,-0.08088749455541375,-0.5403863952858904
31806,0.36247873375960504,1.1494169441731217,-0.1676251425412482,0.17147688343133877
29486,-1.6653820911552333,-1.4943264902105802,1.0355276289899615,0.013402017284577461
8006,-1.4188754882191974,0.9245547708836873,-0.5756779682216012,0.1809865631842674
23006,0.07492855141962562,0.2915912688295804,-0.8055178317709942,0.2684595839114834
12166,0.6360619044382162,0.4969018696925076,-0.3721192554266151,1.9687408667393806
16326,0.13427124722614756,-0.7110810077023494,1.6391342336784747,-0.4808502153186965
4926,-0.07240645506741648,0.024077484757158263,0.500627035176544,0.03527477015290805
12086,0.7212782029287694,0.6128289765519138,-0.6170466414205161,-0.5621345523020906
2886,2.513125096353754,-0.34767811516225317,-0.6081882464159252,1.0649338757988587
9166,0.12040560069541198,-1.0481708447695948,0.13665298678132778,-0.29771026271776924
13326,1.2614636616896828,-1.171878570250302,-0.6008384520608424,-1.2869277626977607
21326,0.6431948013517248,-0.8856984993433142,0.5696918673268484,-0.7440729515558333
21646,-0.05746671187764667,0.841496492538752,-2.28141502674039,-0.5558424948641939
29526,0.2655617466895298,0.2351245483576227,0.8145352367161287,1.0689778456037964
2006,1.309003549393914,0.7605936496080383,-0.27529587498501173,-0.09949430990962028
6166,-0.7515650088971998,0.4561741231249371,-0.5215513897674992,0.0009574174098339566
10326,0.08207450732186015,-0.1792262000184039,-0.5738170305431958,0.855972211321088
17246,-1.2392230557826973,0.04319124210701462,0.2918210894176908,3.312755798978776
18646,0.008219498013119452,0.4761628740779518,-0.06312333091726803,-2.977804705771654
10726,0.6869890576636506,-1.0875894907646444,0.9791322518957296,0.40084720286840053
4966,-0.07748225694599216,0.009659562618163161,-1.2523255878160022,0.09210115836355318
16286,1.0494865036461432,-0.9762011085325121,-0.021954709026523068,-0.4117172315410259
11646,0.49823057605633636,-0.04738365059699539,0.4876919645117858,-0.4021237669942285
3166,-0.02704060952365161,-1.0832168227799455,0.12501874903088078,-0.39165715293040615
23406,-0.3070999322416611,0.40767890196438467,0.4012420923267914,1.2944848323844775
19806,0.0779376852534613,0.19620276221088293,-0.7096270978584582,0.1385749563423131
10046,-0.604355427972596,0.578580435762596,-0.903995866453384,0.16448400317569967
31606,0.44268778197427405,0.5168757489654618,-2.831487014805886,0.9972570771144676
32286,0.47034034358782606,-0.9598655571446221,0.3425798301402483,-0.6436907592586548
29566,2.277212543564314,1.359920713051001,1.5737182562080683,1.891383765088682
9366,0.8047198304546249,0.3496040987477001,1.2610797708786232,2.3168143777985724
17286,1.6830437432018948,0.9230790131298382,-0.44740514882255994,0.6888205836292326
16806,-0.7898043543302607,-0.009501770674473458,-1.608295565411546,0.3891052249877362
10126,0.09516566939889,0.4369580978999795,-2.422443855162809,0.6790011133663564
20966,-0.31803367814607253,-1.4388039518518982,0.3198045054034084,-0.5004883722010044
25126,-0.10205001170170723,-0.9507253423508839,-0.6097099975684689,0.12989090066550044
606,-1.727349285208427,1.0327697342301942,-1.1015251264118868,0.8617730976848577
5006,-0.8520845048601676,0.7227671361885529,0.44766473991626954,0.012099844839211699
1326,0.9953959354598992,-0.7114566659343329,-0.037303410338644157,-1.5692244705384786
24046,0.7646504009431997,1.133487061159752,0.003971965545064017,-1.8823298372039918
23446,1.400252374879555,0.22495734589557495,0.3064115320095236,-0.026290261293609368
9646,1.111862669659181,-0.5738610715482144,0.4899650576204307,0.18543598582228552
11166,1.8574464268290913,-0.966594558105477,-1.8406567370768454,1.5650232457636657
30446,-1.5239734200189041,-1.376317316305003,-0.048854347548812974,0.1636342521917553
28486,-0.054482397221936575,-0.533727430503651,0.13553014839311675,0.03876274907252102
29606,0.12651227489369135,-0.35966212321291763,0.6101608760559388,0.16455821704792162
32126,-2.7271560055318607,0.9660071483186856,-0.3886427969299867,0.9410588906844555
10806,1.0920859009857118,0.6538291831646681,0.15262257434360238,0.7452477429191309
7086,-0.7101181929709709,1.734212062050053,-1.8564411520073945,0.024533889767343272
27446,0.602796205037385,0.811635562619806,1.1671298723598178,-0.9605729298482479
12446,-0.054539856081069614,-1.1074263034354608,0.13737090092652204,0.07655895127397212
15286,-0.7044614779016184,-0.38794382034383446,1.4093132760238216,0.37395827378847146
3006,0.4486153952699868,1.645026664351282,0.5106469550193269,-0.40027860733658305
11966,-0.6893671538234465,-1.7595036887306097,-1.1737014276979707,-0.5203015803538921
32246,0.6858643549412166,0.5722926624793677,-1.3102379912677804,0.5095226326294225
11206,0.4091900911005349,0.24900019628519718,-0.5353968325938325,-0.4695886277777209
28606,-0.31573505337537494,-1.041742148448602,-0.0355719806763678,-1.559941894937216
29646,-0.39154682481870356,-0.14212052319382956,-0.024046564821293973,-0.5764284255915186
4806,-1.0042065248044536,-2.473222552523718,0.4932055884826126,-0.018883181161939138
2966,1.7366359958664317,-1.164231229258563,-0.8464772513568051,-0.8318188135067954
8966,1.675428265514461,0.6589128178589234,-0.9977612667798531,-0.34575617943974
13126,1.6954414138499188,0.8682143431362942,-0.6883344855985118,1.1651537288075302
11086,-1.0431875804688757,0.7375560119227607,-0.47668940016174216,-0.5068262991676882
17366,-0.24218588783608916,-1.0988521662606214,0.3608852204840384,0.16091167697322165
21446,-2.2958666524978972,-0.08166789161897596,-0.6712863396015334,0.7613694439968329
29766,-0.15623821987394423,0.8683523443077894,-0.1454224930412511,-2.3420431275620524
15326,-0.019237723536257176,1.0514475921328181,0.030087626035243745,0.45171405157910854
1806,-0.7116582983615617,-0.019911204261657545,-0.2759152319259709,0.8312655718066276
5966,-1.795628996842844,1.41126010516676,1.0795131466372236,1.3128106820648568
10406,-1.27097643881709,0.24054464465021633,-0.5594857240385644,1.0596407539973705
13286,0.1816563515348294,0.6579983724073962,1.7984192418213532,-0.8438744649815162
18446,-0.7647705412530561,0.14410399848656874,0.4984061310638787,-0.45324690258961575
22606,-0.45486392379430385,1.1825704459262694,-0.11711901116391107,-2.0965226838732955
31726,-0.5894602134692508,0.942776985545385,1.1540031184185746,-0.36674589361989063
6526,-0.5107253201192843,1.2043824611922247,-0.02689036763023305,-0.0053876956231664105
25086,-0.2462615480001863,0.0580356662249316,0.013688022066009248,0.14319147485933026
19446,0.8120229026991999,1.133979835814486,0.11864351747312135,0.8924675993526779
24966,1.8836949192011538,0.9414136895574534,-1.8704317246944193,-0.4449206896602537
11286,0.770479081250005,-0.4713581523174729,-0.009448962395155172,0.7557089931740332
15446,3.0183070649712738,-0.017938555105077175,1.045113145783036,-0.17501129172856758
7166,2.0983331752507803,0.42733425738941,-0.10667847387055095,1.1075901005755762
32086,1.3058368925958708,1.1233674011839079,-0.40379681716079063,-0.5139061493813627
9046,0.20571435318827863,0.1946311167449372,-0.09465381484356325,0.08961895460029698
5126,-0.4022331695925034,0.06339321641479478,0.24649297507300993,-0.43344631975080694
4126,-3.358857123633683,1.4764622508845686,-0.22691505127915926,-0.6385085197213483
8286,-0.2873772610286871,0.31434050192406277,-0.44785794629655284,-0.4862158807578833
23566,0.6309865158149536,-0.6162077909588183,0.6253860937782721,-0.5657622042836681
24926,-0.06059609758021317,-1.4480012339815802,1.515859106189799,1.2284582660171832
18606,-0.5122905210905973,0.4211252646638735,-0.1504015888646518,0.8956467197783837
1046,1.0544303410165876,-0.4527208207910365,0.34667161274070263,-1.8400734464390431
9246,0.6551464124464429,-0.7841954865108367,-1.0820478440996935,-0.17534509115353447
13606,0.04192072185392964,0.020349102420872525,1.063056744256566,0.9902398985758196
12806,-0.00222607991684173,0.7274070451430086,1.4585467631768019,0.5200231050234159
27686,-1.0475010447765214,0.4089933527919638,0.552053894436449,0.5057057065489384
21926,0.27044059038254886,0.18794249256555076,-0.6500090043304517,1.7373776843172004
15406,0.5569627888657994,-0.33848485008277696,0.4931165459734693,-1.4558384046483481
6446,-1.8294847407114863,-0.5468849784376953,0.7602219302515307,-0.8666495853333257
7006,-0.8917265870404505,0.9651155293967006,0.00441223812603559,0.733553470623227
13366,-0.6848011248676509,0.3308094569221133,-0.07989355204654267,0.7087320691336897
14766,0.349491266564761,-1.7862042517149024,-0.36877487361107897,2.030875911485032
18926,0.047466366978464195,-0.5153717017024124,-0.7855683283367575,-1.5547755452422765
21566,-1.644427787236083,0.5089929914139484,0.7262155138230473,-1.3601015862282844
31926,-0.6422460134232505,-1.6449329453859287,-0.2805726814103377,1.1651449201061945
19526,0.012291533126411427,-0.7083725193767414,-0.9080436310532979,0.18135950452866315
11766,0.6397940886058242,-0.4853747510263438,1.4363190059826667,0.3513811729030794
20086,-0.2075578043348845,1.7146336400837157,0.7464932656966837,-0.9072722120541621
17486,-0.3926381832464783,-0.6100495222193502,-0.3162211118546696,0.6008107488415927
24246,-1.1823122624883813,-0.7397122359018625,-0.6005308406888682,-0.8633403849917134
32566,-2.2806856198380494,-2.1202768153276423,-1.023762980692083,-0.24024767396330288
10766,-0.36699099324900986,-3.7261187668958278,0.15436502261084675,-0.4011881729310722
5206,-1.8589506040718302,1.3483961403679936,1.6221537924136369,-1.0986478620331277
2926,-0.19780599660960274,0.04893644359285408,1.39150244229475,-0.3701670754744416
12926,-0.49766416042302875,1.4885281776269486,0.17967943923089827,1.8675204870443531
13406,-0.6975025044853775,0.3619295195467458,-0.35346788394091405,1.9117802581368581
17086,-0.08243088403180952,1.6965141380595352,0.44788979004601653,-1.0800821786088914
21246,-0.1439781621881373,-1.453221681942412,-1.434542158028455,-1.1958525225069938
25406,0.15667787338864386,0.7956290162713261,-0.5282939858015891,1.2459002364787657
25446,-0.39939510923784594,-1.0501843115695124,-0.8350022187526406,1.10500655299546
1126,-0.03739881317635371,-0.6773813111507588,0.2425111636182926,0.3961918173408566
29806,0.9903652131557263,0.13322954446174542,-1.4043895549882175,-0.024735716430465297
29886,0.21182797172822482,0.1741714790975741,-1.1017517226078142,0.10544154278168051
17526,0.6912282016094686,-0.5021688691003795,0.7264003605467996,-1.2905006670043386
14486,0.35247945933037506,0.43301570480434154,-1.2526358467679513,-2.1342831919236565
5246,-0.6108617723970784,1.9768755533503124,0.03262450114381828,0.46030169472961835
6926,-1.0232928532325323,-0.2357226942089257,0.39701825633388654,1.1110523866787732
8726,1.4043767759229366,-0.7608013365680888,-0.38681075614990373,-0.5620676747970499
13446,0.7525791405728415,0.9667865139656073,-1.5612847712971867,0.45327562021018236
19406,-1.73055122375282,0.5642857217714247,0.5088582543319465,-1.7882777601769473
29086,-0.5224130403291473,-0.9783303680719472,-0.829668617214322,-0.2778343639312837
27726,0.6148459607223704,-0.10385102807654722,0.598360108292019,1.0691452396700944
1166,-0.08065350332951304,-0.41905810056874265,-0.888684260223364,-1.9099335979375112
3926,0.9489510245860804,0.6298457108190946,1.0538943169613184,1.1947833362989186
13166,0.2462807364169974,1.078805715042076,-0.17148141942395284,0.13698604255718877
19606,0.0009180075393161909,0.14728868861652472,0.07700186682737953,0.19132057572289188
12246,-0.37280654283039266,0.5063779419710975,2.369211524693996,-0.6126208170081446
16406,-0.7064103738443962,-0.21069022927376346,1.0619646036192691,0.16973108234220044
17566,0.36584642852054683,-0.9393332677917788,-0.23717748875190275,-0.30219653376859357
12486,0.25264586874573075,0.9482976439124796,1.8683218997328541,1.0172949410748717
5286,1.403951078397756,-0.11509063929660268,1.2661133022326365,1.1560562709283382
5086,0.9225463724382754,-0.40885271672153495,1.0524806402613875,0.8384996574433096
23726,-1.5551062376072025,0.32727522106849466,0.3015522592030335,-0.08317567007114232
21726,-0.39879610120642084,0.9545947069134001,-0.6965387813898452,-0.12498527367113262
25886,-0.32463142936716705,-0.9243381272154951,0.2849335979172848,0.04830821616760981
22046,-0.99660799812543,0.47952857001954463,-0.11903731125277398,0.5584906843579043
1206,1.043875278075616,-0.6312562924766334,-1.8622677606282267,1.0790516390089613
19646,-0.5230071795375988,-0.8528917331967286,-0.5882402327324686,1.2608212213192107
18726,-1.2690436966303476,-0.8210218933875169,0.08535283221640357,-0.2700686564393273
886,-1.6734167530710746,-2.0945361150773274,0.1313660077428974,0.1527268644481645
7366,-2.3689078462836552,0.7809117232018475,-1.034131583964916,1.0705408657172144
27046,0.16178111758803493,-1.3735812626613488,0.22183138394960175,1.443773647561898
17766,-0.449593718791631,-0.287572838825212,-1.5067102107416002,0.4694786167080303
25806,-2.422394914079447,-2.0403559960828366,-0.6636722795086384,0.4527703820143542
3246,0.4169274730742298,0.08476672470554848,-1.8288942177183185,-0.8795509745709487
11566,-0.43357093887059595,0.2744036325121025,0.5402853010667629,-0.4685134212078903
206,-0.8232394707445264,0.2210173987388484,-2.5879417524804023,1.444816121289532
23766,1.8283801301208313,1.492973495816895,-0.29570076978573434,0.7402051147338533
11486,-1.6588249819212728,0.1930007632058959,-2.107750826444452,1.4210712358524666
246,-0.48480427470172976,-0.8327054017732108,-1.4653185906719821,-0.020231494628462316
20006,-0.5919401669502802,-0.47083440001486876,0.07162908211400666,-0.6586100988149036
9446,-0.1294010210457717,1.2011564501317287,-1.04734463359017,0.4457231857812534
25206,1.0073021900021086,1.2948614316361853,-0.8948223142329256,-1.0512183316343897
7406,0.04939453433729744,-0.6735750140487008,-0.9234966977728081,0.24704479694473977
29366,-0.2885307443607733,0.28537342912970587,-0.997805227967107,1.226103387557067
14206,-0.8802970673353805,-0.16507191276787553,0.0022418982712413063,0.30247023352804525
15606,-0.33459550457110443,-0.13306521403313637,-0.18542656225374562,0.378199422042121
5566,-0.3189247479005968,-0.1582184584586943,-0.29319206188947805,0.39147946386190774
13886,-1.05094027804789,-1.0199480700742936,-0.22159055531272107,0.2905338339725351
18046,2.2006484079414714,-0.02959624530621476,-0.8186228669928381,-0.7303526100935192
13566,0.6797658537171443,0.6214893235679773,-0.774986218114976,0.7182845481685657
22206,1.5439366081967552,0.7514993096123463,-0.5322501928691914,-0.2071392875204368
26366,0.43252346014266896,-0.5488123235972207,-1.8642204129642572,0.37779295265541574
30526,0.7653984694128058,1.0355665655854582,-1.0431364913749823,-0.2275836098114347
28886,1.1076644064149117,-0.6100750444495393,-1.1355780213690083,0.7954875793690124
11526,-1.4656624340602586,-0.05552848320304456,-0.03833812509209415,1.3787519083815098
2566,-0.33508120297042265,-1.811606742826343,0.11613506374995171,2.2069600810001893
9486,-1.190659043356571,-0.49051189978594734,0.6921820533362316,-0.5255837657287279
19206,1.2586430538739557,-1.2129236349901382,-1.2023283652015797,-0.8638230818315877
23366,0.3106792667231574,-0.7693838815640573,-0.6066714862702284,1.4933635900106719
28206,-1.0509794841222042,0.6889613811316291,0.38656505776374406,-0.9153547270081303
27926,-1.0245925275267052,0.14815344131224478,-1.4794142946895288,0.1658474970951377
5406,-0.13138452126158806,-0.3634175150123992,0.3265128773927621,0.05130657909823897
7886,-0.9940028050469215,0.5200644339486143,-0.36174966635919786,1.200478641601425
16206,-0.44579537535761493,-0.3586639760211697,0.18785095004797986,0.21038434738644374
1926,-0.7488282335767054,-1.6439910703732132,-0.7461576785592151,0.553332520408879
3366,0.4862407556973745,0.38120837589153367,-0.41122906615304117,1.093397714927563
21806,0.6353439043783957,-1.4434063421021475,-0.3149894539742696,0.4980901155994394
26846,0.8204548858343735,-0.9891135555579534,-0.03432862935544658,-0.15984853584387476
13206,0.009993311650977069,-0.9644422026674221,-0.27410899410197176,-1.788754458402183
25686,-0.7061528853022448,0.4818328942269921,-1.4914791590159329,-0.010674009225973464
7486,-0.072699409853546,0.34552091665362766,0.16132086534250087,0.2122653464591672
18326,-0.0799553280527572,-1.0678832511542715,1.8970585733089835,-1.1088954853640312
5686,-0.4008665908229435,0.38420835317232643,0.3548566017266665,0.7482958057915119
15686,0.5166083592071568,0.3261742287981272,0.06492380832909278,-0.7015806936240814
23886,-0.20547296043433444,-1.3198003548492128,0.34019435824021294,-0.511064497054896
25486,1.0222685785543637,-1.1429065083670207,1.1756693923393813,1.1076494333278517
1366,-0.47270295794864825,-1.3322304292483416,0.1415340121956371,0.16773424874283246
3046,-0.2886151811317716,-1.31934001643995,0.5266579277225819,-0.31235795677590744
7206,0.8600916029766066,-0.21101178317710179,-0.9932250247993799,-0.5257983296598296
11366,1.4430529612122533,0.1925187539541577,1.018344451918093,-1.201539131035139
30046,-0.5445674674104264,-0.6057991893170241,-1.191109991726404,-1.52510772771514
15526,0.9819775832071688,0.13281157708791214,1.5474829964514532,-1.9077973063748652
19686,0.05315575219101271,-0.2796876066483977,-0.7676696553779483,-0.42504321257967087
23846,0.6207272156715514,2.622802079587892,0.5755234111091142,-0.13795062591442003
14566,-0.24693701624452327,0.9278390678188553,0.41203918145588436,-1.3240015034597836
7526,0.7824674129445744,0.5292160340276981,-0.15898909517234647,-1.0644171099367112
46,0.41489949103590185,-0.31901783790167004,-0.0768324896332812,-1.4270514229051718
15726,-1.4027594421464211,-2.4002501933166283,2.102564395986834,-1.7578579676218289
8366,0.022566294233885325,1.1311215088910944,1.1726287101280755,0.32668298727754336
24126,-0.5268661739036505,-1.3252519945465195,-0.5349447542500766,-0.3941097659184218
3446,-0.6183689916741772,-1.514614783662841,-0.37101970387301786,-0.2707220642561084
16526,0.9907880995734294,-1.018342768670633,0.11220665568608072,-0.9013937400645542
1406,0.44210714563279946,-0.042697095709903606,1.5083582527306907,-0.9365191524346678
5366,1.1320457525267493,-0.34995971386257313,-1.8145240744682558,-0.10992710499672134
9526,-1.5780368084974499,-0.6799615542855767,-1.7258912888622926,-0.2837930920940455
13686,0.8135050869187912,0.7016494660444103,0.4407008145741429,2.059699932288818
9606,-0.9615149419819282,-1.0127374368140074,-1.5336694065673264,0.5464664051165223
17846,0.4624704619124171,-0.7881984344214159,1.5563023905571773,2.0130111015950227
22006,1.1461623750016856,-0.7716619110271086,-0.7699685261240956,-1.5322174867993423
26166,1.6604392726289778,1.3699813460021184,-1.8349134561448992,0.4126818618825137
30326,0.9134601546124899,0.5387516178241425,-1.0781940491480029,0.19304139752281593
7566,-0.716333002417691,0.3640795085348142,-3.044343001846693,1.5330056898263364
2366,-0.7507516589884651,1.2373874695351206,-0.42076845039171973,-0.4327787972745561
12526,0.41061001112559903,-1.2805191813715477,-0.24808109663554312,-2.296477003613013
15766,0.1927907107203003,1.0450119897086083,0.21641648030857524,0.12265802551112714
14846,-0.6866395467789266,-0.4105898496100504,-0.2505111655429677,-0.9395935406083176
19006,0.4216594689477499,0.6636980712660433,0.08331671770838169,-0.8233382729932429
23966,0.25942841920949045,-0.936104976426408,0.6149821342584608,-0.9183205850533739
31486,-1.7436384321561287,-2.0145694542893438,-1.5480448207700535,-0.6150727417126888
11846,1.5631002097687863,0.21954159973749868,0.6258476684636248,0.8288058233558335
11686,-2.5116508295647715,-0.9987727854161016,0.2666209833228909,1.2204373654715037
7686,-0.7202225750317772,-0.32781232624442447,0.5731234618651379,0.7557664212397247
30126,0.1165823949117771,1.0545575724406788,-0.2580941369663317,-0.002289142707390879
24326,1.4560136576080769,-0.6231761472359322,0.232493687991632,2.2378816479068155
21406,-2.1831020132542176,-1.2589616515895428,-0.996281899625091,-0.8301986673705605
7606,-0.6175437766686578,-0.11539843720303807,0.047043956575764025,0.2894342392374766
526,-1.1162430121565265,1.2010627283559303,-1.173538489585212,-2.0678841801707737
4686,0.8589863205279875,1.6796111741236348,-0.281492913668247,0.7763356778904722
15806,0.8113812886218594,0.7273301904616811,0.8897797058141299,0.8420862330436741
27806,-0.3317925114118942,-1.2729027370883823,-0.692675862252725,0.3469082349801813
20726,0.517293481056182,-0.844199666032033,0.8791332220315904,-1.1095473754440766
24006,0.7607182369160349,0.8029282635694012,-1.4568797612244242,0.7191762657849742
1686,-0.17943937901852225,-0.23009740231993833,0.2777654077692073,-0.4218934253104194
14166,-0.5729047675689617,-1.4247188706730576,-0.3566363030697213,0.31399130586602947
9806,-1.0122329317252803,-1.2149329537661435,-2.1479786431254455,-1.7851352529725837
30166,0.8038208904563087,-0.19845776600790357,0.1108135367165474,-0.3126021627314008
21366,0.33449424229554137,1.2115947932136675,0.9768082903677402,-0.24532270070995552
22486,0.9622844248315457,-0.17585442278676947,-1.630193263452576,0.10405563520473071
28126,0.5067616658077099,-0.3858053674956064,0.43155371872235476,1.1540800742507782
14246,-0.7706354619636494,-1.377841883572461,0.07362122776938826,0.19149658707059694
26086,-0.44352787334930394,0.9335853549154235,0.0258099219028738,-0.23687639364252155
7326,-0.7863446502968952,0.8854171868582164,0.7100404666189972,-0.6421755961900389
19486,-0.500959084069765,-0.34720026328112435,0.3677721630578536,0.7783928028744153
13806,0.1761262868193837,1.4461353012296614,0.025618431726345516,0.6767294588703123
31966,0.31253890925314026,0.6039407595414379,-0.7483220094559168,-0.22829377287776456
23806,1.433532584065442,-1.0611003430790804,-0.9001415174482935,-0.34034033810775427
1526,0.43173267197325293,-1.0001794063246348,-0.7339985316303208,-1.6041408832709563
4006,1.1246339707252333,1.7740430324374505,-0.6375219135540885,-0.020331682158612988
26006,0.27055621077377856,-0.21298078159777792,-1.2199884268613759,-1.9126473513297384
8166,0.35596684015339264,-0.8746317315146962,1.1861202722538733,0.6574773835936623
16486,-1.0940714472680524,-0.29773218086000086,0.1816445845348274,-0.2820731122431531
9726,0.36817955157213567,-0.8882495228776077,-0.24429213148494125,-0.6622047707714257
20646,-0.7894715296917447,-1.532057288783112,0.6199950769386874,1.1518182833826507
20126,-0.9439682863498826,0.06836924005684293,-0.9516193076933831,-0.2844139689023344
24806,-0.591535565069677,0.6511862926784006,0.5639107533727211,-0.11121772211633715
7766,0.09755285176219015,-0.5995844848732854,-1.8887201311825612,-0.1303877930959173
17926,-2.103381062060301,0.14115105677443235,1.2764973391294623,-0.1207154691951046
1006,-1.6598160275392322,-1.7517522538423804,1.8312304085080686,-0.5634484388601432
9326,1.6982182805419275,0.5969118487439189,0.6167353015277123,-0.30041126584767214
15886,0.1615689844548784,-2.179244214076295,-1.7718967782682455,-0.020139644902124405
13486,0.9657840356871752,-0.4337896110160711,-0.038333771101994735,-1.325604069472459
17646,-0.7387620517639196,-0.3804387971016528,-1.2067839598572372,-0.46893484774157157
11126,0.042738416002158434,0.2160174268960192,0.3949626810070076,0.6857880094250209
22446,2.1732083309036234,0.1490041189007742,-0.7921693762296447,-0.6086815088118207
13846,0.4535811864850108,-0.6376381029126822,0.2651716674689477,0.3126349946207423
11806,-1.0271523409174825,-0.07225999322959041,0.5643496181276433,0.7106958070924495
6326,0.35307353863921664,0.47222080966034896,-1.1310033986114094,-0.20447851650835117
14646,-0.469424553690798,1.6097609925159544,0.12369369669705219,0.971736782785918
1286,-3.7546501741983542,0.7936454070526041,-0.12645964358246392,-0.47586377991327006
30246,-1.4568163392983466,0.8945818539005391,-0.39934005788202404,-0.4560188406722075
22966,-0.4012896785461763,-1.1864570251585995,-0.3781339358545868,1.1025488885706312
27126,0.6521482929681071,-0.031321468280569933,0.17049582344027495,-0.7537028366965409
31286,-0.9444507482377494,-0.19891408144156367,-0.6247157920517192,-0.6653948378467734
17966,0.8152571459038856,0.6254265566967258,-1.3474915379784922,-0.9055291095778869
3326,-1.1087464852690812,1.7416002516870845,0.31117625261972237,0.2874015388207965
26206,-0.4755713367684961,1.01457307352286,0.5796409829337859,2.102987169266031
15926,-1.620408373457021,0.8432513479470151,0.7958739209948011,-0.11599143763070385
19966,-0.37660946347831986,-1.901222541040832,0.03525496457323103,-0.435887020915841
3646,-0.5193063987037342,-0.24282694542860195,-2.036354036129479,1.168894692727783
406,1.3367347440006827,1.856495681142369,1.4140458198751584,-0.5640503497721266
18846,-1.2520352589423205,-0.9889765560612576,0.6946965661322808,0.33256448772064223
10166,1.1818833980123284,0.20797554070033902,-0.8093043729094825,-0.45290285667336816
1606,-0.21306476037153294,0.37377016720927747,-0.9490976495292793,-1.292017096162205
16966,-0.7607182441906817,0.5278506718243081,0.6507262930853345,1.0350658506639192
30286,-0.3154408366980909,-1.1226277171086962,-0.2883314008563046,-0.07265659089761034
29966,0.17389394901351177,0.9161542167511573,0.1936367692718244,-1.1762598941096842
18006,-0.5388509068427191,0.11503528157076998,-1.3377725729850591,0.34986704817937236
1486,-0.46747387919089994,0.4388048015440668,-0.5589132217439494,-0.1801179468986692
5646,-0.3550517656142325,-0.41524709275319577,0.12270017513019005,1.539324974842568
3966,0.5589766026846501,-0.2158029387174666,0.12630588658417008,-1.4073384410708127
15966,0.7681079024178339,0.6951231171166381,-0.3622971622154055,-0.6420312644770846
22406,-0.3246367247338551,-2.0235526125603145,0.7300744879340865,-0.845009918978202
29286,-0.12273833200922632,0.34366427495915614,0.29144501131894696,1.5880721021200948
30606,0.8896329141955783,-0.33402504611076655,1.0069879148442509,-1.9771924373379528
2646,-0.3202496804752301,-0.36028031101324565,-2.252210250444088,-1.1562626911801717
1646,-0.2088133362905122,-1.4540065084341613,-0.8370030993739996,1.0011095058314396
8126,-2.2037908575564478,0.6700280288795604,1.4237446191055536,-1.6410483255358812
9846,-1.2087102701135524,-0.04018332801201445,-0.5481397036370993,-0.3252817046039863
27606,1.4344856611460897,1.6962157608674324,1.9708906270248,1.1159456298143489
31766,0.2802152629737805,0.918026237632674,0.8456785912491352,-1.9820251227274441
7806,1.4930641650244383,0.18694108029499967,0.050096292058288,1.1207479789273826
3806,0.6704363132418956,0.04044678286978708,-1.2009345792820647,0.27243394602743354
7966,1.1917699934395642,1.6160851251627706,-0.19585415040572748,0.7246381197198167
25966,1.2690005600147385,-0.8019940593111153,1.1920960371320481,-0.16289456696636745
12126,0.22366316845521764,-0.28782149796121226,2.230551705723356,-0.147818880067361
7446,-1.965498067180181,0.1825794209761074,0.16340027607320023,-0.3410909832022205
16006,-1.0779446607651226,1.1783816471275184,-1.4285104887995157,0.027109009696328342
20446,-0.011321155854805198,-1.4232955370243237,-0.27076283118990774,-0.01814688059273785
28766,-1.0210146228322508,0.6718382147300298,-0.09115548682944745,-0.15363771146978952
3726,1.5971905307019045,0.4987123061524069,-0.4817928691861886,0.4999917318510852
32366,-1.3361730157832576,0.6650028528121343,1.5337339213085728,-0.5038986337234126
11926,0.38097215561120923,0.7412349213071793,0.9438679728215857,-0.568822522165896
9126,-0.13544799178501604,-0.25317817916749863,-0.29770155281115984,1.1100135436417893
17446,-0.37790206691128775,-0.5619573983768756,0.9953721973537786,-0.22190523957772296
21606,-0.4912536955971782,0.9729345732374591,0.5679057287878464,-1.1978244518663221
30366,0.6853588492182218,-0.7624909147135702,-1.2468071804862775,2.345088411643221
25766,-0.1562531621685615,-0.7376676398980906,-1.147280522244688,-1.7673795037252074
29926,-1.3897732413720196,-0.8131886557392233,-0.6669343883871847,0.3494788278804789
31686,-0.9482604920476172,1.0527825478886967,-1.6244720806309214,0.014368528550146014
7846,-1.1485231270169516,0.8161919429169745,0.42814006642217484,0.497195345610854
1966,-0.14537831873522333,0.33814992864865595,0.46754065236820264,-0.5230989086308073
10286,-1.728837814390687,1.8622155814634882,0.16954282775542076,-0.7703234665894271
14446,-1.3689212776223805,-0.09848353557114914,-1.0113820399876106,-0.11982074231177188
5806,0.13816117144880083,-0.8319503998166081,-0.09356092223734189,0.24808758819502513
31006,0.26860321798805215,-0.4947593732933323,0.2648758354029329,0.8331326441044715
14006,1.3097023660840228,-0.22399222165996202,0.0498145361037053,-0.15272875922249565
3126,0.3088186397888645,-2.197772446328847,-0.33073508026333687,2.1252889031047166
7286,-0.3726056009964801,1.1461690379612033,-1.4262049141651283,-0.8641832929660559
1726,0.7258427972308964,-0.6577299780031296,-0.3853696677922306,-0.34378267768557236
11446,-0.9667123215971486,2.2059527411375788,-2.1211281684405607,1.077147017725234
19766,-0.9444587816076928,1.0380640631410696,-1.4398283171113992,-0.6832424863819218
14966,1.369476547576269,-0.49111396675555563,0.17878271169971605,-0.044601471859587336
20166,0.27072950670508855,-1.9050836451344073,0.11671974541798716,0.4561463760205151
28086,-0.7865243500889236,-0.10809859575012265,1.2461826170459875,-0.4162811151246338
366,-0.9101482606257558,-0.9556962206247216,-1.4273550920938478,0.22114315328723383
18126,-0.13834516562946741,0.12079865760075954,-0.4357358159128578,2.000208934330901
4286,-0.375122335075479,-0.7173496182178177,-0.6673017441099056,1.830956948475442
14286,1.2853451927296566,0.8206330586807712,1.0177195870804399,-0.2179534783232001
5846,0.12051386495460495,-0.10459236907386635,0.11007867739730638,0.4840687881979799
29246,-0.09961268767349228,0.5836344874386552,1.209655371545265,0.9191771685498568
14046,0.737512659910488,-1.321198766670288,2.141366645065288,-0.8261082558078986
5446,0.8939443392928705,-1.394993219676834,0.7190027357952432,-0.6169186129322998
8486,0.2756436307195099,0.6513761447812033,-0.25634887929371825,1.1115795802460442
22246,-1.165139156737572,0.320468488790093,0.39177417484274696,-0.20353936011288573
24206,1.058729780248564,-0.2988319746335426,0.36072996351572406,-0.4021658551125572
13766,0.9902727656356853,0.08931114877626277,-1.1451986080958279,-1.1520545547787227
22086,0.09720045810566999,-0.7560908295653901,0.16236328374656947,-0.020526824034025008
9966,0.033672606950810494,0.5976140029182014,-0.4191265325775253,-0.7539898140846516
23166,0.9896694627590651,0.38005391294814017,-0.02302556962413291,2.9209162306622
18166,-0.812164225602464,-0.4039167801596076,0.35350702123407207,-1.6772637533287975
26526,-1.5549067020093428,-0.8599948860885543,1.3840189334460469,0.6423646018403864
14926,0.30951914863395624,-0.10485470490102113,0.04971105135178042,0.42256682907500576
5886,-1.013441813827296,0.5864528769246171,1.2050390685360615,-0.9404231855987015
27406,1.8430785800898466,-0.36792317221424314,-0.9263369870371395,0.4948511556059738
31566,-0.9296131019248507,-1.5486078505191347,-0.19069147804851558,-1.0263925252993584
7126,1.1527955933682488,-0.2681391091678524,-0.5440485778714009,0.09582932460779031
14086,0.5710567473330491,0.1732490544995176,0.008679584741943329,-0.06337041721369836
3606,1.1834653982710697,-1.8543556017654044,-0.8690455803862673,1.1545183923988758
22286,1.3433901084469673,0.16799302400903324,-0.03204533953469982,-1.7338794284704366
16086,1.4824481088633257,-1.9702095318243693,0.5174004184103873,0.6251765150550318
26926,-0.11489190802231102,0.901903535605158,-0.31245182909276775,1.3086749860566773
10006,-0.19869770987281934,-0.30062513164363563,-0.27064827196800495,0.899667808365602
30086,-0.4993188087757552,0.7200133328315942,-0.8175951675905082,0.04286331526064802
18206,0.29149792146911624,0.05378052244978029,0.8679336779621639,0.4282249236277004
26246,-3.407066799726834,-0.9838058031151891,0.31290543573556084,-0.8228154986560243
26406,0.07769615828096774,0.49740201140977025,-1.3079524951601054,0.11408490685343185
25566,-0.928583327774534,-1.199060957119253,-1.0855485992760494,0.6210339375010471
29726,0.4729039198851642,-1.295729544120404,-0.6019952190424851,0.21808663293351935
6286,-0.34173553248349003,1.0591961299291879,0.4453889124234201,-0.09155474507709044
24366,0.38463474398321806,1.2212101153279158,-0.6854611462395613,0.3402729587178001
24726,-0.5073291720655186,0.21301551644507077,-0.788717414271903,-0.06149854654550411
1766,-1.1393352342281438,0.40084977903659763,-1.3251893651782036,-0.6763175064829026
5926,0.8154944730898206,-0.30589149891751044,-0.08799606336456757,0.1263939958811597
30686,-0.670558086977414,-0.5546298695158207,1.2296341049007815,-0.5790329436732092
22326,1.4478828296161417,-0.5324882964410921,0.05493513802921489,0.23121260265573051
15206,-0.2690715742427005,1.1582933183520334,0.12131849417901426,0.9390602502878855
22566,-1.1674794497774639,0.9970239987178543,0.5236615280583947,-0.8908040022525696
20286,0.16324346179819965,2.0681965847120294,1.1081988755852228,0.3213700170969586
926,-1.614760741506167,0.6823694861556625,0.16970159426238754,1.4777080572778205
24886,1.1603553556542028,0.925582040289113,0.5973432600812457,0.41578879586947065
18246,-1.2915297707331599,0.4368215709481808,-1.2742949170634603,-0.27559323458547735
11246,-0.38521263177946025,0.6853620920199787,-0.3459386407730516,0.8807951631349321
26446,0.4973753032261529,-0.15221689070226224,-0.5734878562130347,-1.9686131531970517
27886,0.5660294750955394,-0.5088640659595866,-0.5025280358639874,0.9147856684463436
32046,0.063503422726214,-0.6131719895746173,-0.162973101049602,0.5114797567507511
8846,-1.2464121552522949,0.37256004202835863,-0.7790749294969461,0.5400755963801986
24406,-0.7805218762516307,0.35805885600375276,0.09849190275638792,0.24517803560188178
32446,-1.1286858031143476,-1.8472419312991573,0.8974841387731346,-0.29634308373439244
1886,-0.24087396990708346,0.09636593033260547,0.12817462341269162,0.08819358733590645
4486,-0.2198580419352103,-1.5315680997794556,-1.8032719595688684,-0.9458935804686841
18406,-1.0757467795417253,-0.19946989076406135,0.07590504321818668,-0.24667951224589818
10086,1.200347329178444,-0.7622971101176302,-0.13602037897862013,1.0896282113770062
28006,0.24586043231203925,0.01324089265003414,0.1978315599637687,1.0351818048299675
1086,-1.2232054454618448,1.9859793774752137,-0.36028324653543553,0.4615181591905821
28526,-0.11917736553415838,0.7481451206920139,1.300183101594314,-2.4681349753366257
17726,-0.2869533174263925,-0.8907095606414681,1.573478392870299,-3.5942490459183127
21886,0.525916004447673,-0.8191210213836768,0.6334724127072219,1.0155741323010106
16246,-0.5861009658851689,0.31535383520314064,-0.4467450048250729,1.4459280356726485
30206,0.11653647787739013,-1.0965414748271791,1.4232482163828866,0.2711012302976043
24446,-0.71997110420943,-0.3165577229930614,1.3519725353803753,-0.016957312557008046
32406,0.014930970609505182,-0.13265441425480926,0.7573957311836597,0.09110745520963935
2246,-2.1602511287443162,0.19822874113273856,1.587580916439863,-0.0024233161341070493
6406,-0.308335219100405,0.5389001650147581,-0.23543036008091767,1.600267033825217
26486,-1.1471480923912671,-1.5626124647962907,-0.001141081214286359,-0.5877801172883291
27286,-0.5687347938663364,1.0281396776606693,0.7226718208976393,1.0513999659615523
32646,0.2952131017747443,-0.25794283645478056,0.26877460741133635,-0.2649170740887356
18886,-0.7166057626626129,-0.10928311006618745,2.5632500762187216,-0.09561942312217836
20366,0.4094514925384522,-0.4599829224570658,1.0897086337523312,1.5923270410029349
16366,0.8371937003340343,1.402371807215762,1.7929880395331252,0.2622889824358962
28566,0.10982357312414305,-1.4743431592826042,0.3472685302258076,0.43149097292348004
21126,-1.3260043093134621,0.47388317089838183,0.7948817030877285,0.8027923441667488
20046,0.15157635222449337,-0.19504717264616037,0.16153546306250566,-0.08552874792037984
6046,0.7213698445471387,1.176345537302305,1.3515461559804445,-0.22052482415131947
28366,-0.7387210992542005,0.034399730036453705,-0.3749625307739628,-0.26530505042454094
32526,-0.029721051200024957,-2.3477292994408128,1.2656668985174977,-0.4625395412292791
25926,-0.129040452817319,0.04616023603851033,0.10015153214610498,0.23271684104900403
24486,1.132563941930403,1.6043827188669302,1.1074093949203634,-0.08857212690492292
12886,1.1293164008621026,-0.09951928314101303,0.10458957212767742,-0.18821571828672531
32686,-0.6212102612255072,0.6976452091313519,0.23827458356421627,-0.44969381356828086
21206,2.101303751126947,-1.3947181220420475,-2.3000648173106897,0.4924711063236096
25366,0.08219203973796033,0.8856890252521628,0.7813043777970358,2.038113789185104
25246,2.13829828231399,-1.4853274451548337,-1.1292123092042963,-0.3908296926897386
30646,0.870605654549068,-0.6327798096504011,0.25993041306295256,0.11078061147680408
5726,-0.018226759916174014,-0.26733333280109145,0.8143964444305675,-0.2234586987269577
18366,0.2863029620501715,-0.19844951134981464,0.40680584943852766,1.1906574899408504
22366,1.3370700198147796,-0.5516207753605439,1.059076532037308,0.5457747757774413
29686,-0.5877767418950217,0.8551327133120518,1.8328366769686748,-2.1645902841003037
26566,0.806930145526201,1.5325177195501953,0.4796916876818479,0.15047670198203877
19326,0.35889261600367317,-1.5520574264105484,0.3787652776615533,0.16525512200635886
4046,1.931556840051327,0.7294157465908641,0.41983338554504823,-0.24860692948165566
6886,1.499398668305591,1.3075488313050692,-0.39134331668459144,-0.9600531490816797
11046,-0.6493301203695908,-0.25156900643982977,-0.361082230766643,1.2499439694240757
3406,-0.05019801404150872,-0.4641233800907227,0.6308891449556291,1.8350855647492947
32726,-0.4289912846775688,1.2118857889858772,0.8799595078775427,-1.2239283118559612
19366,0.12262613173270301,-0.8848001576692116,-0.7958515004590766,0.8379193285489417
23526,0.39246587936233907,-0.15962101333249232,0.3769886493738494,0.031681928937115716
10206,0.9022175843352661,2.372846707144877,-1.09201299216259,-1.8661219597031418
3886,-0.10108046321256005,-1.1112281072714103,-1.0048219433871577,0.2654345880539285
13966,1.363688514619162,-0.210294161015697,0.7391848078824315,0.8794166133033704
28326,-0.2975996775728181,-0.6931001578372418,0.6474597343725914,0.1361316643413258
28646,-1.2006259852757188,1.5091116798182098,-0.2079764003711294,-0.7036727877216465
12206,-0.5691505887504656,0.5737466040429577,-1.0412102620669126,-0.9888349584322101
26606,-0.6996292592785245,0.5314850586303815,-0.04747444555560663,2.08540624340917
32766,0.8669609084194637,0.9768748973522309,1.4075425203908651,-0.6122495791530136
4086,-2.8504403324427185,-0.6346336193361531,-1.1620521291335608,-0.1411855757005436
5046,-0.4283782577039593,-0.7421144758759376,0.6619532310831393,-0.2766730884535602
9206,1.4450732716907366,0.8509552440028202,-0.6365612786579234,-0.39354858289747247
12286,-0.771238429400689,-0.05221547487053473,0.7072181842058033,1.2233140856796898
21686,-0.7404645319850115,-0.4794753813086271,-0.8966168427922419,-2.2330549483018274
