409,-0.5495270591378503,-1.1373423614892486,1.5675027771838057,-0.6576782336671739
32769,0.39487987429862564,-0.12006893369612712,2.387670250378202,1.1498964401136693
8729,-0.24490940204036374,0.28993477049152266,-1.2453489873276213,-0.399780036212443
22529,1.679841350304979,-1.2848383215906396,-0.8142216355787469,0.6710568347927806
10249,1.1534295887709003,0.7034839875744056,-0.4381264723860814,0.5704961793806292
25369,-0.07122188300019228,1.4138591766609687,1.0015021999397262,-0.7758861213216934
18449,-0.7061797925422848,0.19652176981188035,0.8352591683160766,0.9859918885892295
21849,0.12301629493976447,1.5946350640852778,-0.9688599278032748,-0.2716518826260663
16409,1.2254255557163212,-0.8933738594515066,0.16588387583081748,-1.0266134329803043
31929,0.8043143628772195,0.29315418313307,1.088975579873389,1.6672830671080807
24609,0.5334379764940126,0.5321811102025314,1.187442926020246,0.1877234373132134
10929,0.8073392347729489,0.13754716318377166,-1.0436475721547651,0.7452082505185919
2089,-1.0528866519229623,-0.21279147864790576,0.15399252074313044,0.28956808827056413
11049,-0.8513847710130555,0.7229515272103155,1.585123620257056,-1.6078571950131963
10289,-0.01403733003231808,-0.7404737424531009,0.42287517512359213,0.22131631674382843
27689,-0.9948172090119537,-0.6834337136855344,-0.1496034657770549,-1.0014781084212183
20489,-0.9419490729003442,0.19401663895295929,0.16647414469164168,-1.4538548935248004
28729,0.8982347063544632,1.246600823415886,1.0323672460258362,-0.654540174986734
3889,0.5972197845674949,0.15652335766013215,-0.9844036083951477,2.2115762772728265
8049,-1.5051452249565722,-0.03181535792815066,-0.16291666167980146,1.2879463106917675
6209,-2.1834828293181996,0.024703389747466182,0.24668311404609589,0.11280242892149135
16369,0.8578212561454645,-0.6513717114133752,-0.19228012190696805,0.33934981506090595
14689,-0.770596258527163,0.19631881196153608,0.3895049316887312,1.4656564180279288
14409,0.7678977197973723,0.575847999910246,-0.3898600718018232,0.11646464758029977
889,-0.41429533012812964,-0.13606839080340274,0.27374895942525007,0.2979967938241149
22609,-1.0433629855486686,0.0848961308547156,0.30541654974789406,-1.005860255431881
13369,0.31095461953870585,-1.6796065550341315,0.05476824361066317,0.6389570558699024
17529,0.9861646132735556,0.10607535781891735,1.5988637454807046,0.5787833572331577
10329,-2.077282070898018,1.1253341178735505,-1.3933450658621978,0.8844387782495426
25849,0.055387457690037806,-1.0984296026976574,0.8785755152081886,1.6129303187088022
18529,-1.385784593396694,0.3546333456275398,-1.1116289601801537,1.252390429575638
2049,0.7378596306676996,-0.35019582518483255,0.4516628324244114,-0.6970283917697183
8209,-0.28891548587184923,0.18031910529579348,0.03941831735552648,0.018998280798469897
10369,0.7038445968465792,-0.5587440930127575,-0.5530873588587436,0.4745762379905819
6249,0.6320977884289711,-0.23642996092958135,1.092488979197701,1.1444461053773771
14529,0.05352098910621731,0.3683991597916024,-0.6690479160509584,1.3747274142899872
14449,1.0262814838760093,-1.3196976441730597,-0.09980016497263629,-0.3298958544081867
12649,-1.2817955747482197,0.24027386039640158,0.5900782200202754,0.49558905153695676
3209,0.09624381686895483,0.05383109206099509,-1.3915299055904924,-0.3234681123941829
12409,-1.004843100475644,0.19662246668180144,-0.5499473244333366,-2.6296327583818333
7369,-0.3207546094729451,1.5979080300543738,0.019962715523563056,0.01177617047245227
15689,-1.0370374151304076,-1.559877170308761,0.34951287888700433,-1.0390278418843106
20609,-1.622929579789954,0.1300688660721235,-1.3981560055121653,0.5752478478555594
32329,0.11341862905136399,0.48042893903108025,-1.2364201242085024,-0.8837105129451317
17089,-0.3211606489138993,-1.2528576053920195,-0.11138965402417034,-0.5870036869494563
8329,-0.04110435545923568,-1.314870896558657,-2.1361503863159483,-0.2681564326899854
12689,0.8233508438681525,2.368654294112447,0.5575999673595321,-0.4589019229950997
16529,1.7519768828725668,0.5173643633022825,-1.2103221833661004,-0.5811931558977897
21009,1.0592670654295202,-0.6616368076946043,0.12308289885588664,2.3070503909262627
31769,0.6793815899806739,-0.9703892667914381,0.08971592073657343,1.6880515376303027
14489,-0.03845964402733848,0.7743007615918162,0.6800496811509456,0.8183396079241709
12449,-0.14833614072310594,0.8484414974177382,-0.7332920350681897,0.3333648607916736
9689,-1.057687841069217,0.1235916702471781,0.7609174208284736,-0.46754892891100974
25969,0.6874555472407772,-1.9241398824962423,0.13510948263002096,-1.1552860016205988
22169,1.0906608843454475,0.5755264316882042,-1.2314324666420717,-1.5642485601707017
20649,1.4611615705870795,-0.6839788900961208,-0.7628079571429558,0.43990926537509956
28849,-1.3572896939186652,0.8850490889957698,-0.9701747515137897,0.7606168284758177
2529,-0.3339894329460132,-1.5428328373527571,0.2687974779114704,0.6223115888999936
4809,-1.2436783098329567,0.6206820220064496,-0.0652657357118869,-0.493283638768061
6329,-0.8673516330130727,0.20220128046557323,0.32795153594617144,1.5113514541879172
26529,0.5607302121826492,-0.06214284016525845,2.6318168809839415,-1.3791939162194071
4289,1.5962665578659974,-0.1773708190388749,-0.29964292148900523,-0.7867954037447625
3689,-0.4310360580506156,-0.008902898273161765,0.9845568349236968,0.3920776443954527
2249,1.0360347882338128,-0.19297611928766595,2.29875100030118,-0.6014646350975312
16169,-0.08951080229818731,-0.7336051566386231,-0.008169689529230032,0.2091539803147379
20329,-0.4431952915746404,-0.564061513201412,-1.3032465723802074,0.936327020787242
209,0.6950022710477062,0.7755017916051233,-0.7427585066461189,1.0113186240409322
28649,0.6666861008157171,0.5981536724521682,-1.6604880516100404,0.46344349898946013
32809,0.48149150106444955,-0.02229694704818254,0.38429833484042025,0.13259190439980645
29049,1.8185251734847097,-1.118212446458876,1.1805059983259085,0.02682006268753318
8409,1.1407143413295047,-0.4865147853003956,-0.023991310208601464,1.7449429139837032
13169,0.3773545607745401,-0.25759835587242547,-0.45333543491565204,-0.24745778714424
16609,0.9617298496648662,1.0785826196402628,0.8715319090508694,1.6904774166635395
25649,0.3270504400792097,-1.609719192759816,-1.1345283073913495,-0.414546638304441
2769,-2.280602274803834,0.19968442776068432,0.8537851878395615,0.0030285907584758085
4329,0.030378413625188297,0.4527686094482054,0.3189282887010729,-0.1139961047772991
1849,-0.37757626077535417,0.5533494847485844,2.151360122022691,0.9293488521640988
2289,-1.0096387130518971,-0.5022812601061026,-0.28081492349440995,0.5427788283862406
14329,0.727891546657116,-0.43345236120271735,0.1854799621978256,-0.878715275855715
12329,-1.333565328634963,0.5173056071857788,-0.12257551722610484,0.7764580166479836
10489,-0.9799309198966283,0.3886508943048135,0.8176014743467689,1.451611901947517
30969,-0.43320724775907626,-0.9884642866842857,-1.34376398114453,1.6625416394891863
18689,0.6436229477146846,1.1256861167062127,0.864625183514507,1.3754655371040134
3009,2.5393764636326446,-0.3248207717780266,-0.3336743940160771,-1.6056068984067968
7169,-1.8571640708622659,0.3414260257980003,0.47539470519118854,0.9281605721194491
929,0.01676980731646045,0.5670174070846006,0.8757918428484798,0.3516569857772616
21889,-0.3939697648375433,1.5254979561700157,0.4099597811867438,-1.2159154789426716
15489,0.5133834436614304,-0.37420434808894165,-0.033386355014117367,-0.1515843212114871
6409,-0.11793691502575818,-0.03597007686271755,-0.019247516459962727,0.12623770118908
23809,0.18123806382244445,-0.4830677152104068,0.5191496011557483,-0.794092993172593
9849,-0.3832182989032726,1.0383474781701478,-0.09962039813777959,-0.8590735825001103
32129,0.7521838801020257,1.581000203245286,-0.48965788724033676,0.19631964912373973
4369,0.8918404806514653,-1.2387300535035743,1.508056458923733,0.3303903665343905
9,0.38652774323771866,-1.5734269556707108,-1.0466003352060897,-0.6391743073688865
3249,0.6677918275011506,-0.5222519999651053,-1.564153778657323,-0.06086006772683524
5849,0.42143576492473117,0.4421348102593958,-1.2369481369154949,-0.09323626108958816
12569,2.052487058816703,0.023745485081144692,-0.06332273680845944,1.9599825377520552
14009,0.9607964271847567,-0.24818112039009063,-1.0681484347573882,0.2595131333596904
10529,-0.13370652625682686,-0.802826957653584,0.7052566190492512,-0.7294282167222552
20529,-0.1941573741282745,1.616196698516296,-0.5454770450144232,0.4819955955406207
8489,1.3917944990908555,-0.888414227221306,0.3122894693528054,1.0970307748408032
5329,-1.2507859192435313,-0.7985419240091511,-0.4751029982719178,2.3214956753236575
9489,1.2293526955868608,-1.1664749460105142,1.2078041491645457,-0.2990487803030605
13649,0.5913511222961481,0.790672654336609,-0.4626413843852215,0.4572602626577838
16689,0.8676466145819959,-0.41735678076091276,-0.7743999443908159,-0.793766741937863
21969,-0.5045921472942828,0.2645643372990748,1.5907416149180835,0.7653348787790568
30289,0.9131561138705871,1.1984605204706231,0.7737768585103927,-0.7586803698106627
19849,-0.20577756782598755,-0.005292379352613299,0.08254474892579346,-0.5865827101388363
14649,0.8296010630918149,-0.4796031516593292,-1.9941620924400665,-0.4785368449870929
2329,2.4338145733822105,0.029171701351994397,0.025599304958653066,-1.7960114514461665
6489,0.4565872896843272,-0.316534572776663,2.0968976620116386,0.09816580850340681
17569,0.4386258534805356,2.032982338889525,-1.1178820028127419,-0.28612564389910733
22849,0.13187959336726499,1.2227101465292336,-0.016652881833317427,-1.167979659511947
14809,0.5323181034168054,0.39942178054208083,-1.2466001226386039,1.7092375331717231
23129,1.0245867362724286,2.1122231122260544,1.7124991617189,0.7298826631353486
3809,0.1261318700708806,0.8585852233125247,0.5844165028701114,0.011105352181614733
27289,0.11114384166071276,1.2585558789379254,-0.19245276625607827,0.5274075089466366
329,0.6425659515645792,0.352016510008658,-0.015345618966974332,2.0308265502234923
31449,-0.9952872851195116,-0.7352168485128565,-0.5562271596353732,0.06443914143660892
8529,-0.8931111847180324,-0.8749500010020564,-0.6448870499832879,-0.2805772968704619
18489,0.6425974320779662,0.40425830986648476,0.26245092461903463,0.153123310489756
26969,-0.6635625148225635,1.1127572157661532,-0.46224214436514666,0.10652940839651208
24289,-0.4356953064027064,0.30241159962672354,-0.6399021794105008,-0.7837469618806144
24929,-0.8209975817082443,1.0317391117296966,-0.19694348676556953,0.2855460897432252
489,0.7898872988933155,-1.2024644249377205,0.12806390680349813,1.1970319796183588
17809,0.9715443465645959,0.4073798452716355,-0.9920530068086125,0.6634084608271722
22889,0.5485315820545397,-1.1408195526393738,-0.39132166765963944,1.8005508586484258
17129,1.1458598439531864,0.2986372676972215,0.5310868991672243,1.8420969691364055
21289,-0.63411958931022,0.0989668476548243,0.35750076063794767,1.0423557952316194
20849,0.28560720248455634,0.1706787098262526,-0.8533740531479251,0.46393445085130736
12009,1.3666468656496489,-0.5342066782017125,-0.34877389957052074,0.36028367397644456
8569,-1.5455828930263094,0.5718350293196444,-0.41525269556412475,1.133556369831892
27009,0.34135208473266876,0.30750296240027725,0.35396221027989794,-0.6208525815408705
30769,0.12452940912887575,0.18041000763753587,-0.10188506216801993,1.2396497970246747
16449,-1.3117966923862665,-1.5340719734434163,-0.6960531596403696,0.20593543853722407
30369,-0.06728977249043486,0.9710711967074247,0.4904245939448533,0.2943998060911499
14729,-0.629027231436673,-0.03799208401600244,-1.1881873572879826,-0.1586491086733008
2809,0.40627296634154564,1.161161593075788,0.9361287322104669,0.32747599293666296
6969,-0.9248977622897447,-1.215679405791732,0.4815667212364855,1.7111805798680777
11129,0.6455012560677239,0.061835630881547955,-0.7797717893941515,0.281201318702708
22929,1.2702210196749089,-0.024905724105867465,-0.5795625213134264,1.4007342839642585
26009,-1.1511067961816088,-0.3715696740698975,-0.6375504284732277,-0.1622454036416779
10649,0.3255817168052307,0.2968603635165949,0.114566509719088,1.041947358883639
3969,-1.5760849482295036,-0.17351757443839394,-1.2503307412755706,-0.3702359380297388
18849,-0.06065090214117646,1.6183560527559582,-0.449997616333436,0.7607987288425297
12289,0.6078953260228953,0.7253002937045041,-0.12154824405102982,-1.0330449557181358
30449,-0.10896201186847428,1.5674220674600945,-1.423152436282924,-0.5633473082951871
27049,-0.4236687984226099,-1.879771889429915,1.1725175172475009,-0.46992311831854733
28929,-1.5366774446745557,0.6387606158301242,0.8994678623035439,0.3852663594017028
4529,0.033912178427555686,-0.3113500279974242,0.02534204846051392,-0.24729193432228777
5129,-0.8046978585582838,1.4595852912466682,0.22432544614428176,-0.13972805878992242
9289,0.173844853335345,0.8227167414257971,0.08856893479788912,1.4385510220042044
24649,0.5907493680641633,-0.7082964190954887,0.5223826262779588,1.7859331199211095
2489,-0.21177087641777617,-0.9514829149684838,-1.0746211708966698,-1.6778217403644193
21769,-0.10706520822002859,2.0853359786538825,1.6059609109477175,-0.3199526450421825
30089,1.6472992115399872,-0.43939443065005135,-1.699593576514732,-1.5830914367227822
10689,-0.42643809093760143,-0.7342986885975593,1.8731617005700845,-0.028732067392328833
3489,-0.37095099060782344,0.1739235797335619,0.24159412983155187,0.6264623203349201
6289,-0.01469405720034015,1.9712213401858394,0.007708919403789588,-0.3315726047847593
29129,-1.218086513610824,0.3115708442405057,-0.32840150972099275,1.0788549112037895
10449,2.0249933274343745,1.3763773581462482,0.001313402561827639,0.9234415348892703
14609,-0.0149821593291484,-0.4303470582146727,-1.0297426970466463,-0.14053520541762146
6609,0.3014804454274749,0.16456620741264005,-0.41635259762175214,0.1608856170804024
27089,0.6000287486327379,1.1262660612855648,-0.8968850945701896,0.34775868645060787
21689,-0.0770847983258875,0.6651229367532596,0.7540362728201068,0.25841430136141175
23289,-0.31136097546153174,0.3648483399398537,-0.048321755862839696,0.26782868921303704
25049,-0.7288091008963182,-1.9738213612571496,-0.6216247031003034,-0.8947337891572312
3289,-1.1952772300696748,-0.5406995995467337,0.8884067380430567,-0.5969370784938525
7449,-0.1755062522580263,1.6542198516772617,-0.405026603395259,0.7447103742566973
11609,-1.244160875180821,-0.5447401899412935,-0.028632709069287506,0.7872141467765762
15769,0.5563134936635041,-0.8445900796691985,0.8190461842228172,0.09129296334623893
23009,0.3599265449089942,2.055868249272978,-1.2558777957609117,-1.1678220237909211
24089,-0.1666149348165172,-0.9211735377252688,0.1695263625190641,0.3490419973875189
28249,1.1510950941627494,2.478124292919738,-0.40883581992244683,-0.2899036460579888
7249,0.2281506834190749,-0.3858636639905379,-0.2425115962118275,0.0331104719475018
32409,0.2352802530680175,0.1504841790387039,-1.6543407239832726,0.11280871047054065
20969,-0.11289562382498988,-0.35982667948515545,0.061021496188901556,1.0304033397387977
289,0.08094584222239361,0.0018986294690940553,-1.7355336672772848,0.7350164230873394
8609,-0.12631597429424418,0.011210822868686639,0.27929811096041735,0.7167137727950491
12769,0.6777076326617693,0.5793246800245427,0.4478998436440117,-0.6304037519173383
16929,-1.6567830637236143,-0.9189319636566479,0.023585405497723116,-0.5317353003064975
1449,0.8819632583638766,-1.948622124080744,0.34655993971080923,0.26629994336056045
6649,-1.7288142686228063,0.016137695359906227,-0.8243955772640162,-0.37075174010003487
29409,0.0359552478724723,0.43680989325106306,-1.4966278480006292,0.9967124921391244
25089,2.2193120399788095,0.10938791291673969,0.9220870770783253,1.3105451272390982
5609,0.46505851297105033,2.064878794877801,0.2727679679260804,0.5090086107842651
21249,-0.356625533763273,0.16428402011107082,0.3413609623851975,-0.22721775779211423
23049,0.35881024257004235,1.4529544505293372,-1.2585813040445828,1.0091622389602486
31249,0.45893778200568053,0.37132141824215026,-1.440887929873386,1.4183878584491114
30809,-0.36254210028450506,1.4515146647126471,-0.357919501197501,-1.0797639007915294
18969,1.5663975810308077,0.024242689299337476,-0.029799761065378214,0.6216049786767619
15089,1.6637626298413057,1.452762623992398,-0.4726877372936672,1.7293801050772564
19249,-0.2511296121468263,-0.9825515169973494,0.23787459761464547,-0.1545260457163539
6689,0.050073614743405194,0.07321109413115026,0.050460005042741035,0.08429731400373838
30129,-0.7347601098012536,0.14270874648336038,1.708084411320831,1.1771788256257094
4649,-0.8191540547042286,1.4222280147333157,0.21892080853246335,-0.9551403658873716
7929,-0.9227860718614739,-0.4816163736189966,-0.05192240296597386,0.2461902375342418
16249,1.4493739278739575,-1.2397843378434543,0.36250704180450444,-0.6596052344243024
2609,-0.2992577274229811,-0.4906050325152809,0.7138456037073257,-0.7371279465319698
24569,0.6285730139626096,-1.2091614759077276,-3.0211439224609444,-0.5928636215364049
3849,-0.809299103541795,-2.637220728887088,-0.16814050561208987,0.49545885546881213
569,-1.2919166162692766,0.5835097647361507,0.1852818152529255,-0.5255598954331524
4929,0.2521714241163842,0.9773134850863965,-1.5969695873230476,-1.1164902274714372
18089,1.1346368056978222,0.603866824633657,-0.15247826959777652,-0.15711434085116657
9089,1.1902040865220787,0.8036511698151526,-0.6451761756302339,0.33218122422376684
29249,-0.6444238380248635,-0.2091714930219521,-1.260130569869738,-0.33066091460467406
17409,-1.6174024756732792,0.25917644072545676,-0.558662732840945,-1.3461693891325122
8289,-0.016492425936334407,-1.0649126612258124,2.0070152354503987,-0.7780433102466873
6729,-1.2532393156034056,-1.4243389818907672,1.5690995980871258,0.7120396326476564
1929,-0.4118841327549048,-0.6916971138921779,0.05270587679165462,-0.1562198553158576
25169,-0.11900556142395244,-0.2418252577252917,0.6988721518751909,-0.40408663401248185
12729,-0.6165451928710124,-1.0845308498262476,-1.5275247462233754,0.10417266707427565
22969,0.6157728863601775,-0.5261657153007577,0.26451330299264375,-1.0795215920954193
12889,0.9233704057034338,0.3279266031437716,0.057497125399613914,-0.40044228891408135
22729,0.37292093669225346,-0.9954456874621638,-1.9552585703704886,-0.37875264107616463
26889,-0.1791090120254146,-0.8158323689840522,-0.555548356244836,-0.13709845437370727
31049,0.5952017744518747,1.4685074451157856,0.2354899284567043,-0.2832014649594349
609,-1.3696244949417313,1.0780208012240706,-0.21124327076311458,0.3926778212128784
3089,-2.7933407187967996,1.4571273659777715,-0.08737773725108772,-0.08861329637329722
12049,-0.39573954932974276,0.18449324130409728,1.6163514133223087,0.003455631749890481
11409,0.5762097062805814,-0.1334170797739838,-0.11461374146098378,0.3849905281028265
8809,0.3461236826900679,0.19821719910865793,-1.2335876909139576,0.863956254063651
15569,-1.2793646259326914,-0.31696022832805376,-0.7294188290899315,0.18528911784473567
17009,0.12851379288178796,-0.37850718088780544,-0.20318312360101115,1.4144296335893787
32209,0.32312370099955234,-1.7252281373597524,-0.12433628013414337,0.1448639311781087
10849,-0.5549740446139644,0.07631269615622517,0.5416417559128848,1.1260816797192281
89,0.257520366047389,0.1697989863446991,-0.9609550533832746,0.44114093038443786
31849,1.0221932842846406,0.2821809397209458,0.67787495130911,0.17087887197745202
25209,-2.2195500069198846,-1.0808667132536813,-1.745437874352562,0.29013099157252414
6769,-1.2896366083782769,-0.7282668467934561,0.8192368611960951,0.34837793099636205
16729,-0.11287460452894622,0.4405383016726411,0.7298333486657699,0.2073193187980361
20889,-0.6448332588111477,1.6522233177978043,2.1002711851194085,-0.06193756478829261
23169,-1.6096521738025522,1.8049466921317736,0.6720285060397433,0.14626928010833834
29209,-1.0840622836159934,0.7466791833989419,1.9400174964342807,0.7307299487878085
5569,1.3430493356494906,-0.6620175731356918,-0.9612175973594261,-0.379434257095371
10889,-0.07065803841696544,0.2942263230375981,0.38116206684982135,-0.3310461460903908
29369,1.7134571075734844,-0.3005267140507354,2.829107261556261,-1.12113255042053
1249,-0.10843437300656923,0.7013155636834527,-0.22212071753740703,-1.4302884050044342
5409,-1.1597968170007669,0.963317888964631,-0.12969066408710658,0.408927008588839
9569,0.7538939934898943,1.3481944881781456,-1.607112321633445,-0.049676716268575664
29329,-0.033692437955205816,-0.018463196537058767,-0.6967442051551632,0.042903773929194006
17889,0.32087534417492763,-0.11658380991209026,1.9497215850806,1.0536949786218677
22049,-0.5468501077880512,-0.01100120116978021,-0.9293303783812807,-1.262390936583142
30489,-0.6018403537210594,-0.035406743163306074,1.0482105735896552,-1.1563293210481704
17049,-1.4518774220985675,0.5657065470223488,-0.7738580136709908,-1.3145120656873712
2409,-0.5880288903779168,0.7319479917953863,0.12705743924645033,-0.48081001292283077
28769,-1.3155638272794012,-0.1428696990956111,0.048268596956941134,-0.8494775318051034
15009,-0.5397304668639469,-0.004665519778125145,-0.5919259874233437,0.9132131070763471
9889,-0.10522832089969857,0.26546139314080086,1.0767910716707678,-0.1020353915573111
14889,-0.6611463342784853,1.7244759388735156,-1.2824812455855248,-0.4521456461334964
24689,-0.7256375587254875,-0.4606913423748326,-0.002132515552969744,0.0587431904697104
2729,0.9413891453307591,0.5375477214836778,0.06638645044222605,1.0810298926483262
27369,-0.23120506169923488,0.4932528808798674,-2.9669677619799013,-0.09100139703165935
689,-0.9961366434929003,1.337866869246647,-1.0792318782729324,1.3768339244655625
3569,-0.6990142060601224,0.6100795170674941,-0.6664947749545332,-0.22322492981961797
3529,0.9780075225064856,0.015598215972590496,0.42703420044260254,-1.1327544403961638
8889,-0.8036020030733044,-0.7737770039922603,0.4300224076459189,-0.27276445883286776
20209,-0.17207913396334223,0.8382035871401701,-0.11298216558391286,-0.75454193280069
24369,-0.27882367180190953,1.7715264879481563,0.4290251182960685,1.3507506860529523
27569,0.5288554831601658,1.8201957329688492,2.699972972675588,-0.04836322119176294
6849,0.0886080144291972,0.09487702467622684,-0.32364516435108703,0.8645899188630958
28089,1.6191811168466217,-0.2418123016145047,0.3691871774066265,-0.8334017964178246
23329,0.3050086997092941,0.05591516655247164,-0.11152836513768152,-1.0268137734948692
25289,-0.28716176957523437,1.084498606186975,-0.1741223087611025,-0.40629913678493396
13009,0.5770256560617381,1.63841590307458,-0.8617477208359704,-0.49923035344707645
29689,1.4545527127268376,0.3677083852887541,1.402263987816663,-0.5066130988426837
2169,1.107952547261729,0.7288706065909335,0.21208757365911612,0.1977415529525226
10969,0.5379210294324722,-1.4232049332147312,-0.09148358058327646,-0.5555918787452805
1729,-0.2658794255063626,1.0792018398815475,-0.22386054002428796,1.0008619919423298
5889,1.565280947680318,-0.662532937936642,0.9645670784094614,1.8212898660589725
19169,2.1974915243733566,-0.2726651883635496,-1.0168087629046907,-0.24770119667772808
18369,-0.836454586192316,0.9029880427546126,1.8562356706880403,-0.06469843029330935
16849,-1.728417607045903,-1.499260771619987,-0.6242595392256617,0.745513058978192
30849,-0.4113209540937393,1.1641305328277267,-0.5019264363776151,-1.1176815802933588
6889,0.31822484263653106,-1.0677503299794127,-0.0017251133286157105,0.4908518566833434
2889,-0.8524086152680362,-2.306021789512911,-0.24392778640295876,0.022890635759910728
7049,1.562673949110439,2.0350964350667464,0.2624801636444754,0.7829674385809272
4849,-1.0837256588909079,-0.7472225043545774,0.626922728032332,0.5138403776264582
11209,-0.22121633374013497,0.4731757364726148,-0.4087765100506089,-0.23747144312649568
13929,0.48514269437195084,-0.554015968625249,-1.814924797112467,1.3917321309569342
25769,0.3034758164509318,-0.8467987024775583,-0.24567839195600522,-0.8567325228440158
13049,-1.4511991585601138,0.5207147463834829,-1.1937216525523193,0.250122103852167
27849,-0.5234465402353896,0.955297519477253,1.0674127652223917,0.2514863417448636
32009,1.8832064486998579,0.045381167510106075,-3.2667653461688624,0.3086440692440864
11009,-0.7839218337469485,-1.139360812879527,1.2987221930184956,-0.9499585647598884
12369,0.17381164466752458,0.1934800160586086,1.4216656284016778,-1.039248745855883
129,0.5474306739682,-0.4309122551896069,0.6219699685630489,2.2734027362659757
8969,-0.3701003456779958,-0.8326692867121626,-0.05052982311592794,-0.09290957431086237
24849,-0.41694490316874006,-0.8397990428908504,0.12560770150242756,0.7076870129480923
29009,-0.0315946519404006,0.7450128143316421,-1.3912993909349352,1.303742706254235
27409,-0.06318535264647249,0.4149576470312627,1.793856053685178,0.9316968063979065
4569,-0.7653658542935619,-0.04746946727643965,0.3660436418604832,-2.683801778617209
15129,0.4031301993629215,0.14544628444341204,-0.6987590696047362,1.2137265060012983
17689,-0.20134945240998153,-0.4930940893723252,-0.7274752121247197,1.878465495006768
2849,-0.8003183394160839,1.2294409151340542,-0.07299802096425691,0.3714015330592908
30169,0.16314107521233176,1.4634504062413711,-1.2507880499726318,0.8612232593104965
29489,-1.8076745513107553,-2.038543453389829,0.7342940776303172,1.6103975164541167
31529,1.3800082221806986,1.1765333772837965,-0.5484785406221788,-0.3543971461013379
23969,-1.9564999867931399,-0.3438646100414342,-1.2289005919482308,-0.2877221493159502
9009,-0.36032126393576425,0.8009258338026782,-0.6468630624747876,-0.4738882382412733
32889,-2.0860806673409753,-0.2630406379541903,-0.4541391790493312,-1.1881278577949879
13449,0.24486712479361245,-0.042153556985256024,0.9284415196260152,-1.4299014371249097
27449,0.7433493439675597,0.6387164429714459,0.7532452290822574,0.09461556963174177
7529,1.4474120525508458,0.9452389600601687,0.2907196281849264,-0.9526134864456859
18609,-0.5379865554746138,2.1637233730089402,-0.3051773752177407,0.9947968047227208
11689,-0.1950848444237797,-0.1869866001066695,0.2974396617497939,-0.18822230580282032
20009,0.17253439087329303,0.8799383108424198,-1.0923858720256456,-0.8113937408905098
28129,3.2344822797003605,-0.09257129534483763,-0.8392702122583399,1.2162732687599054
23369,-1.2405539374252847,-0.5358451001938701,-0.4460522162324583,0.26096049274885097
32489,0.6290462560531986,0.2685535675966904,2.9020230316068183,-0.5701836738321993
369,-0.2599583264845084,-0.6069091487477887,0.5490538485433524,-0.913585441141844
21329,-0.9336686260337496,0.06189136523628763,0.7009614323774314,0.5981187124456747
8689,-1.2899514571358135,0.5625113400581776,1.2881520830026,1.884280538630845
12849,2.6181654786678963,1.1956125559756332,1.6082107170116162,1.1846902592081063
17209,0.5193984867034925,1.9271040572410945,-0.2196498196019759,-0.9342009873708256
29529,1.299704710553304,-1.4397736041356086,-1.2991105855756664,-0.6548216067749216
25329,0.04574357417172853,-1.1006432006363138,0.49967498820095363,0.2303372600667306
7009,-0.02319086398887859,0.03524193217851535,0.13790460890477033,0.209420530796454
1169,0.35520351529013006,-0.6509698546564644,-0.16075358572901355,-0.2904565633949672
15209,1.266877570102843,-2.477244664784369,1.7569795441361313,-1.1174903998463934
18169,1.1139321137823281,1.5304243835336673,0.4552037120445703,0.9350376638380359
22329,-0.4802467854963175,1.1302937120338172,-1.274924201375245,-1.0971790743685785
23409,0.8480969286835417,-2.5937078154688584,-0.08010596132862771,-0.06928415369229644
16809,1.1771108132975383,-2.157956271606873,0.9021187211486918,0.46763490925134416
10729,1.3135233602957448,0.7110619123815134,0.7263831752890928,0.20078453479241548
31609,0.14888989674377615,-1.0097240770310514,-0.333317853127559,-0.012935165054920235
7289,1.3301474002039402,-0.4989307440147338,1.0042898411271997,2.772869614634681
15169,-0.012496571510920065,0.6226911943273014,0.9466901885887259,-0.45088775903646705
19329,-1.1791194355253838,0.4613942184793743,2.1156133810456734,-0.2538873249156269
23489,0.9891436627822181,1.0585175782833267,-0.3528931630467069,1.8100828501684094
31809,0.49692963136852597,0.6292823807157224,0.06431286727005561,-0.928073897698089
10049,0.5497764521762097,-1.474833500440794,0.26537791098105623,1.8930329099124503
17289,0.16708428786931015,-0.7305743119847071,1.016994631707933,-0.32254863403699896
22129,0.6674840821896638,-0.7731479273800177,-0.7613687368773652,1.514196931403533
12169,0.6989487623833264,-0.9839944922179449,-0.21202184646177724,-1.7419759487743098
25489,-0.9167344963067438,1.4298941809670558,0.49843822811441457,1.0119268387062275
16329,-0.2125602582713587,1.037136707972029,1.0225748958095178,0.34629147313647696
4249,-0.12791902642903044,1.0695817893047013,-0.8641848683747797,-0.2746226302612415
23449,0.36270416452693127,-0.6490010332607243,-1.0054051192619504,0.03753085741238897
849,-1.356446576545814,0.5869506358411622,0.18709693650421486,0.9598087406707578
6089,0.009365949713797504,0.5591744753712289,-1.3884402558784683,-0.9727996856004307
21409,3.0456965583101514,1.7903481914759862,-1.0138905907812847,0.8264607588229416
17489,-1.1715689412872794,0.23788982102039363,0.3675214894939894,-1.0151895766699375
18929,-0.7955067270113784,1.6757645271942527,-0.2735091543190556,1.7106370443720835
21649,-1.9462000821803689,-0.806301789109262,-2.084875275629631,0.12628101207470954
19369,-1.4800838734116464,-0.029588900167166404,0.01723682225186705,0.24780710422792382
17329,-1.5482660793407004,0.40643910438707664,0.8739920228533123,1.0865129791008752
6169,-0.5012502091043143,-0.6568434381042231,-2.1576661292353854,-0.9553088770962752
28489,0.8023139433632799,-1.1222797082116476,1.6236316905690704,-0.24183441351971027
5049,0.5288895347024545,0.6513442021508933,1.9141774496032864,-0.12349072270975928
18649,-1.517006866803509,0.13729398697494488,0.5029187234644263,-0.7514954652879442
9649,2.201453831710003,0.4717185032374877,0.7787575693356847,-0.35093544174761915
31129,-1.024916612320132,0.35148271447434837,2.0641424389583753,2.0669696715978976
13249,0.4929057519139819,1.4322530794160242,0.9473034919541725,-1.1020226507612514
27809,-0.8705822462598533,0.028097879485612206,-1.725480115725186,0.6878756959383754
21449,1.0547947823870767,0.42323080294231574,-0.34947743808091464,0.2705407422046127
11489,-0.6035839772865353,-0.8193465748212903,-0.5572145809605268,1.1671818416247313
19409,0.5002580107496608,0.5088941556460351,0.31048660344943113,0.052289701855177895
26289,0.52500182876166,0.2550804027250695,-0.7726629359119235,-1.0681682443489515
32289,1.236839489559799,1.5783281708396886,-0.0820287078235205,0.3178702883884935
1529,0.6297893817565928,0.4938052422894415,-1.6873413082208901,0.6211725895662343
27609,-0.7334715738457083,0.12070596126817476,0.6892388325606744,1.5653118448995385
25569,-0.7193465800157905,0.7373855960729929,-0.0898271737630651,0.698505023316788
25129,-0.08508681691579364,0.4673451596614073,0.10431064363965413,1.3422489654051015
29289,1.2034297345307268,1.0656809747095521,0.028769874000699233,0.554850297461049
23529,1.668716189637921,-0.19300003108702815,-2.3599123732119627,0.7194842323240757
1329,-0.13180738665572966,0.36955049988397054,-0.48876340308790284,2.1700724024189046
31729,-0.257448456793521,-0.03178428397791363,-0.04062482839574917,0.03634747559615882
169,-0.3519738559779274,-0.8719419931996052,0.5344293751569373,-0.01919069121692558
19449,0.07356877372103782,-0.627594879156705,-0.8939799317204696,-0.5597319306433823
27649,0.2597983442309841,0.4933862133696098,0.27761406765355673,-1.1782862307219215
10809,-0.921174383421467,-0.7677830518901286,-0.0323866696767639,-1.3029511207729625
30209,0.12692046904109536,-0.32900228109699126,-0.09167663195846058,-0.0008716469183228305
15369,1.1837869708792848,0.017069231721138525,1.3136814559644576,0.09187555497931293
8369,-0.7236331024874685,0.2256840722731711,-0.7427861568955764,0.3958221219599199
13329,1.2952296198690412,-0.4857076301884228,-0.005036265630072192,-0.300905643062481
19289,0.5030767315460578,-0.04357994724774507,-0.13882437661104166,-0.35772548081682193
1049,1.7999435367799466,-0.2753697281843893,0.2748650935109006,0.6474875951952358
11969,-1.1994491861424343,-0.7549882393291034,-1.246356622619823,0.9889863501552503
16129,0.670561577216725,-0.14240547142343604,0.5095576674882707,-1.1220108198192453
20289,-0.2313173403876071,-1.2442340834257666,-1.9022145966232384,0.522532390484811
29729,-0.9040426481544162,1.8269097864941277,-0.5485679512529683,0.5463473592269419
13489,-1.233421490905237,-0.5186363174654848,0.09564303365342036,-0.7651667879050215
649,-1.9925119554172481,0.47827755237978603,0.6799090488976012,0.7745162057920741
7209,0.16848854181595083,-0.8588864674382841,0.1690943163752501,0.7443637703243338
6049,0.28987623427538994,-0.7657778289381265,-0.2090775920547405,0.8949834028215972
13129,1.1716462768743685,-0.39243853865591416,0.05056245596161622,-1.3100909070033535
5169,0.47272936261724996,-0.6917039596463982,-0.8004995486474601,-0.1736429400625537
14969,1.7701267226334871,-1.278623479736092,0.09847453402010155,0.8727823163171332
25609,0.025016663378467602,0.566582725589008,-0.6803965559274747,0.8109548677798477
29769,0.01688075406236567,0.28377828244348857,0.5134148195424575,0.24786966243579428
2569,-1.112282936690615,-1.0444705668993925,0.7998703096690387,1.314047389546448
23609,-0.05153027481613322,0.052539922907636614,-0.33753996318835566,-0.024007474823929644
1809,0.6258371609123046,0.23482023103282745,1.589051046132364,-1.0572713433139227
26809,-0.7243144446598726,-0.6237188974977195,-0.22066424773397272,-0.41649734915710085
19129,0.5859440060501822,-1.0277382083607007,1.0800387196068848,1.6043226432554225
21569,1.8616641860700829,0.1553650325617832,1.1685884270214724,-0.07390876869515954
14289,0.42382404178690997,0.7723224710509109,-0.9902962821390636,-0.04795075324402625
27489,-0.23215702484130352,-0.39398010453043436,0.28642004877727495,-0.2703052303357008
26769,1.5563340662446745,1.1748968063064351,-0.6963940352458131,-0.553495667303777
19529,-0.7367969553850101,-0.5489204336343559,-0.7823629856934483,1.318371516701103
30929,-0.8935701894026612,-1.795214382736426,-0.34615604476506234,1.1665301352149897
2969,0.23377551286380852,-0.44387127179026586,0.1945433806046475,0.8456876917864516
27729,-0.10890340415038927,-0.18712672756352658,1.1280312874084841,-0.8958021397978456
7129,-0.5929459071967528,1.076535031954134,-0.02700540900283257,-1.3031675750667235
11289,-0.9696670355033279,-1.0018686538657864,1.0341462745159782,-2.056436513168103
16569,1.3364756746728599,1.022850236783215,0.5386117518227712,-0.5843629559955731
5209,-0.4922122346861864,-1.4893519762407472,2.4066089876089896,0.6501763293814838
23769,-1.2428612342785474,-0.9328461379094091,-0.7499569381861395,1.5241078081339179
32089,1.7399718125086892,-1.404789002914246,0.44954031310061415,0.6488205144640059
3169,1.0011682124457741,-2.3888118185510994,0.1170426686854243,-0.28364682649373985
22689,-0.11775455547234616,-1.0832521233928643,0.5439390941901079,0.19311231273065482
4129,1.9455108019262464,0.055838840471375356,-1.138914547535723,0.3882329685127255
15889,-0.860826507179244,1.2964217338119268,-0.2609619758878001,-0.38051757169530037
1129,-0.3821200312630351,0.6478881557079789,0.10792409909300643,2.8757916288321046
20769,0.85168229862003,1.6702245540863263,-1.2744484616450913,-0.7908076171825204
9329,0.08873918536394315,0.12233224819268397,1.4661175389476793,-0.12294334507634506
25449,-0.4987257762737941,-0.17275907514172756,1.4801395016686856,1.4697230158081092
27769,0.3750324868877259,0.20921754052037697,1.5642146458750839,0.7783650478388835
25729,-0.4393263272235808,1.1462329563662694,0.32239173182687997,1.7824435323517966
26089,0.2644632752062657,-0.08852686228081744,-0.03997832127858794,-0.6733572217682152
19649,-0.4333573580954209,0.29204476461491274,-0.176482678064208,-0.6962182689468469
23689,0.6594499565840957,0.36067243512560476,0.07077424001849654,-0.1390379271834254
10609,-0.2045418017362344,-0.9928796213156025,-1.7045339013492904,-0.08727832504572655
31889,0.5685643241008305,-1.4068733783293914,-0.08046846592270517,-0.04273770882618158
23089,-0.7227208893621181,1.0440538700174788,0.38815104865953315,-0.32043966485366493
27249,-0.2268871571270377,-0.06802569596052364,0.5612562324324181,0.8734013689617927
9369,0.8304365077624489,0.19513861986915151,0.439581651210847,0.10360824611425656
3449,0.24762055346919198,-0.1903907083244957,-0.4231433696944335,0.9505483342371791
7329,-0.18594469670491895,-0.4894810504464777,0.2182669606056538,0.8400580079920199
11769,1.5527968228958147,-1.2007177710344341,-0.7232046813362635,1.2147032564680647
18289,-0.11673947175071547,0.21731739295324404,0.01956847439542604,0.33928001749393544
15529,0.2966623209157396,-0.7332955077578547,-0.7330708309245662,-0.5961794333612124
32569,-1.6387436914956195,0.7868618911931533,-1.4220044350626109,0.42666582506044887
23729,-1.1836877131900627,-0.34845740898780686,0.272540835684415,0.7057792428596062
449,0.8184477135977147,-0.4386711885114181,1.0254800528499546,-0.06221162510100749
4609,-0.27555378560041927,1.1967734384505526,0.09971874092777235,-0.2433254370374837
8769,0.1847956256802424,1.0774815891545537,0.7551329589711762,0.5614453325727633
12489,-0.10638492291728412,-1.322848341953491,-1.072282932792109,-0.6790402297873823
12929,-0.6292998314982959,-0.4651491014780395,0.370394032012524,0.5929780557945491
11449,1.5380638142583745,-0.5490307006683395,0.2407634807576124,-1.3419330982133715
25409,3.263111850990131,0.3704166945824378,1.659149804729447,-1.9936660697248931
10169,0.5324330773561236,0.45085971582168216,0.5530133532140294,1.7915666484287789
29569,0.31084662433221494,-1.201053772616671,-1.0501974069458968,-0.9795449167244455
29889,2.5729984210259746,-0.3376989674601463,-0.13492760089738812,0.22205376191130027
11809,-1.3689085607395222,2.1295765825779838,0.5085608730441618,-1.6458411619991724
17609,-0.07727030225974746,1.6113610148351512,-1.8612192511593666,0.218721000173773
9929,-0.36680265817385765,-0.506016646839694,1.1079425711733182,0.7567478204879113
14089,0.3222875498859617,0.6776679591697337,0.3956162201020803,-0.636345404397307
18249,-0.09721307996790751,0.4728379101285157,-0.37801135561522814,0.8849989710266164
25809,-1.7613017043995298,-0.13683147465748177,0.009283676926034573,0.0693057928112631
30729,-0.7256074945110412,0.7793177000731539,-1.1166539441490482,1.6336900397363048
26489,-0.33930011166362006,-0.5945100218159056,-0.6218263119554205,-0.46173711160511915
13529,1.6116648935276594,1.2899973923897674,-0.2535683702274369,0.8895397745662508
6929,-0.1060041172452084,-1.2943529792626103,0.3877772859301605,0.6237201589033307
11089,-0.3517431949713635,-1.0495679299500207,0.1423392353778075,-1.657923044413408
31969,0.9045538377892182,0.46035225855344114,-0.38323558854071554,-1.696455171719577
23569,1.6815161732250428,-0.25999593737028237,0.24520937421323152,-0.28641566116805545
32169,1.647559976883724,-1.1441455026429623,-2.288648949481463,-0.3098460448003385
20689,-1.0418431468352414,2.0398755471112047,0.22070173325496328,-0.2601646614850705
4209,-1.773364903832926,2.5567002404484693,-0.6519709032817178,0.5620333793275509
9449,-0.41706406603197427,-0.4535130394493597,0.15896858149666285,0.3037240655177308
17649,0.7297983790250541,0.9838948248241475,-0.03226250474433001,-0.41960084533645015
12249,1.8872336330443744,-0.9553535601404827,0.9622499982656936,0.017785750794593956
20569,0.4208651615447177,0.3454074015491324,0.15586814702792026,-0.023612356129759236
9769,1.555529347038468,-0.19194551051855507,0.5808135842122089,-0.33728792590455936
24729,-0.09868968200292633,-0.2568172522109241,-1.3180967377408577,0.5423727411100736
5369,1.6525355306090117,-1.9409280363230355,-0.533126442571643,-1.5388369373989905
3329,-0.8089094731293663,0.6447158155422833,0.40227079400935783,-0.02416796054422196
9249,-0.553935071582411,0.47581633973424553,-0.5632348625032274,0.057684081224207845
14209,-0.19758229249069134,0.16140945753047295,-0.4494402401428182,-0.06916722121418022
11529,0.09176054409810104,0.892436642509931,0.49323439142506614,-1.7453097360820968
21729,-0.6990652261197765,1.890904333510145,0.18550578445278834,0.4053909299637797
19729,0.9151500942026225,-0.5573942382184582,0.43814512908550673,-0.14230474359877204
28889,0.9281299053819134,-0.47164671663853414,0.14970444215894946,1.0076429293038405
27929,-0.8518180881878602,0.31334046310771746,-1.6313995044623222,-0.4891488180645648
14569,-0.44609058549887465,0.6859073528900617,0.2602074446348569,-0.7796795270503938
18729,-1.8191250259864273,-0.3435613137705417,1.0429248761442746,-0.07249955245076856
25889,-0.6457068210037117,0.2316083245697726,-0.9695171410662973,-0.4862167227400843
31209,0.7946531344296908,0.6415248461307346,0.14076027116814696,0.5577685823685778
7729,0.42818059406228076,0.2695173545176772,-0.47997586019585037,0.9075022667007856
13609,1.3237114344567031,2.602580962006506,-2.925722318346166,0.5060079855368046
11329,-1.0773041292372556,0.6338206775568306,-0.4340404880423723,-0.6693003629115963
6569,0.8496843098533259,-1.2799726945920542,-0.020002286852103184,-1.7871776225828695
25009,0.5769939110593781,0.3607101753025859,0.22440504120656857,0.28381373171866814
11569,1.3678143824223978,-1.0854782595450883,0.8797631822989893,-0.913890898679838
24049,-0.5502472465299098,-0.7045283521164976,0.9959454679324092,0.7627043403916214
28209,0.7612382375863829,1.47311740862305,1.171922122149943,-2.7485233775437066
22409,-0.3811155001674754,-0.7140224591933253,-0.2761995948941818,0.058530943026308235
30009,-0.35263041044861293,-0.5433464125128787,0.8694140191894366,-0.6418484750179361
5969,0.34982523217747924,0.3354459418482501,0.8418718310814874,0.2622711111696884
4409,-0.39466100544008453,0.5700066065768499,1.3910819126620284,0.336596894025659
1209,-0.8669575302980723,-0.08084037604632643,-0.3786698647204537,-0.9254533625494522
7489,0.268834241348961,0.3380646969027845,-0.06917516424945881,1.397822364718338
16889,1.4607607508321483,1.4213273904130548,-0.792436840792849,1.8234430186288177
6369,-1.0338479064649053,-0.2756804503596672,-1.7933110539861299,-0.30554244480448856
25929,1.169126410835076,-0.19833473279924907,0.8891629499179013,-0.5209765040380129
10129,0.41181831063060065,1.0538403587190213,0.5109519529005373,0.6090446648327795
23889,0.8822190029131292,0.7848343038638619,1.969093266135678,0.5047201589328836
9729,1.3900417073554787,0.29317179082075406,0.4979792988464449,-0.5665749579474874
21049,-0.1277144587736544,0.5838091104357144,2.1400239594987887,-0.4091573927632099
1369,-0.1727805854733698,-0.11500961442080558,-0.36567391791132714,0.22015483819172438
30049,0.5489515969434872,1.365021635336852,2.8664391124511686,1.3386876414283457
5009,-0.984642487497846,-0.5604625564089846,1.0711372666665149,0.9115040770204439
17769,-0.7515463935832473,1.5492683831673897,-0.34271492535938164,0.013009683333912583
15049,1.9055912392951992,0.4745147527494003,0.9944508472308302,-0.4204486547186392
19209,0.3780313111079957,-0.18642201900603184,0.5643853165563714,-0.25674778338057314
27529,0.11228023745659757,0.36105009138417066,-0.5618597578434712,-0.865772126932577
15729,-1.0497546562675855,-0.752831742662752,1.181745165896689,0.5635479794821319
4169,0.11898706364837824,0.4007295035913334,2.2635046703410104,0.06121298713399597
19689,0.18794700108446777,0.06690867932445396,-0.14041419294718707,-0.18375685283489626
3729,-0.7828714020024073,1.5012083385319388,-0.9633520430269876,0.13418589444964224
23929,0.2943248821300925,-0.5279589131274116,-0.7524385183848182,0.7354991017353428
7889,0.09929665548704476,0.3863360172810058,1.1146567956522462,-1.611247519827411
1409,-0.2332901458352081,1.0692188413049613,-0.18063110856988532,0.4389008331448153
24529,0.5088674745449235,1.3592218742988114,0.6139996920678135,-1.0000030787429073
28689,-0.9896877466691751,-0.7313939661077254,0.9743727162621945,-0.637642251230333
19009,-0.6955331679704265,-0.022421682526668197,0.8305156016611471,-0.17212834668756485
9609,1.1011556546780148,-1.0107555253148306,-0.9315287662530318,1.1760968315690972
729,-1.063330478844299,-1.4106212588192462,-0.14694507574385832,-0.2677838566518106
4889,0.40631665890610497,0.508686373147053,-0.719680246663118,0.5625924966072129
9049,1.1932376821100983,1.5860303545873395,0.8713206532005264,-0.7031138809666602
13209,-0.06650106047684912,0.4717729811677934,0.9507218054631081,0.3739061420980443
28049,0.2778458180708176,0.8007055335160049,1.0457923506097484,-0.230945873687723
17369,-1.4372941300917499,1.0785349872093721,0.5692931622727803,-0.4924482105739455
25689,-0.42792463294465144,1.0373429866720014,-0.811790296561085,-0.6963165501297505
8089,0.22794623583606757,-1.183958783187118,-1.0901927537360216,-0.16071576773450794
29849,0.8733509119853496,-0.7732083469227272,0.07017092999241367,-1.1535623105934023
5529,0.6634815108455069,-0.04433042613430213,-0.2947685664400481,0.3780551393063566
1889,-1.0180232400319613,1.5343583518473534,-0.7574719283027801,0.2501574613600712
13729,0.6090116912641232,0.3984247310906352,0.2508439039464886,-0.5761662217310783
10209,-0.09242582002591399,0.23741039084995477,0.9615842087403844,-1.2604964333169364
14369,-0.12472763900628442,-0.70154051915459,0.019996693454127586,0.6732825204707427
7409,0.12581713694432667,0.49291018185966756,1.3494867229916125,-0.18034154677184222
21929,0.788078297647618,-1.842256515307654,-0.30567620352751057,-0.8320467346655344
26849,-1.5008481401796792,-1.7692700564695782,-1.4642796522118813,-0.07964330529391075
31009,0.3582253790827846,2.2187376943656987,1.2515308688897542,1.4401102384878117
19889,1.0263687648532216,1.7067924703372854,0.1879460414209363,-0.3834899561727941
27209,-1.7940837812661359,0.9253748479440482,-2.124203505971912,-0.3423356716416612
17849,1.3695907230942126,0.9343226606330662,-0.1322564838682354,0.5140978661334901
23849,-0.21367869291255467,-0.3665020911940382,0.9874366673848897,-0.6795298459378297
15809,-0.6316305297782375,0.738021435591588,-0.07138971785321913,0.6278836666542562
49,-1.2423113747627743,-1.2611051424519795,-0.7146459083837626,-0.9079246907595823
31649,-0.7522191830266836,-0.14360266953441075,-1.2047540804446355,-0.18850883230632365
24009,-0.0663258627755721,0.15494874899296074,1.4760171645734486,0.8743199783408678
12529,0.17683001482840793,-1.049999920763359,-0.8640672832184356,0.6620133505109462
11729,0.11218042477757957,1.4913246153092001,-0.7140573092094515,1.415947685805672
249,-0.13055886531496563,0.19876765100406524,0.30052844293342323,-0.7441498773844993
19929,-0.21836854040561995,0.46372024843520815,-1.0436184957565922,0.36538093493339757
9529,-0.9335771034142716,0.16647251289425874,0.020388520892456637,-0.8433529242536589
13689,0.38035516652626983,-0.4690412149037159,0.3561868509492737,0.10115393062529246
7649,-1.0033371600263905,1.3615048529442713,0.40170036837416867,1.1012144211123245
22009,-0.6560763754706924,-0.7557298703786263,-0.876698064841364,-1.1849695448463886
26169,-0.43561189241739545,1.5416962877252396,-0.7744045610649819,0.025284565764939242
14929,0.55024162948271,0.8477368897628651,-0.8619115156853153,-0.41066010876146963
15849,0.18003363290992125,-0.11662184572743801,-0.43437699342359143,-0.38561848085601547
2369,-0.7443390924951944,1.1536510722303432,1.495917764730264,0.28637623792074046
6529,-0.6162245136158061,0.9872872538088993,-1.1422655597096134,-0.4260073280726231
13809,0.06423794707731592,0.8848070033723243,1.858145866074495,1.2501700133973084
14849,0.99024185677127,-0.0674760971700571,0.4727685925033237,0.39550748783055006
24489,1.366473844678896,0.6027869379945369,-0.8683607809354145,0.3032848042646218
32249,-0.5879241334025018,0.010491318807072403,-1.1549926921040132,-0.1025175842190722
27329,0.8271457163859077,-1.462006220742638,-1.0201047858766845,0.1952410557912116
31489,1.8242064391183164,0.6929878199400213,-1.6508320575928672,-0.993339209733957
19969,-1.273842467312538,-0.6003776225407683,1.179960556520133,0.38900788476831655
7689,-0.7866660605428375,-0.34143015917798625,1.9919545901355153,0.43694345795727424
13569,0.37459876317250895,0.29007999761299924,0.14172292635222808,-0.8355743137364307
28169,0.2624883704001663,0.01661791081980242,-0.25432935774825927,0.15841363515467968
26129,-1.0612200970707493,0.16405891305469697,1.5558408454800325,0.06726266344912399
529,0.36434392969744145,0.18180710471239087,1.1146350233820566,0.1249605956090576
4689,-1.023431661150084,0.6800338963054223,2.3450478251260014,-0.9954344846827595
2649,0.29706314600061934,0.7320739779807404,0.4298624094535469,-1.3661617019281251
8849,-0.8440375677679747,0.8447735146443008,1.7891717301071255,1.5933594443498762
13849,0.09710934942842006,-1.340538921267027,-1.2145678372763449,1.36861324348593
30889,-1.054004747530565,0.7567400631465969,1.1339696736660019,-1.6422617495779679
1569,-1.2312004726040544,-2.502295138926178,0.43344393520203256,-0.11807127709011817
29649,0.21852151645197315,0.519461682676896,-0.2663985879870023,-2.2103043202701533
32689,-0.3735349323866881,-0.08874277485006878,1.3957536793556198,-1.9700574638427635
30249,-0.5684747118182778,-0.4494013339735754,0.09530367241522926,1.1193673846365486
7089,0.5240774364819519,0.9659644438196577,0.20035619888022274,0.674936887913389
14169,-0.7409274775288381,-1.8118367334865133,0.9856128486920106,-1.4531551032697618
17969,0.8162180673653171,0.7504055822730198,-1.8177284681127885,0.8750601306501382
22489,-0.9986065700191825,-1.0954834423944,0.9211475671956466,-1.055189327325735
26649,0.1333821172307463,-1.5918756836584047,-1.218499259932094,0.8358878712504797
16649,-0.12960743725246843,-3.0252444284683673,-0.6614916339188636,-0.5307628552093404
15929,1.4242701453837874,-0.38960952390611264,0.616942682132645,-1.1345313651021192
13889,-0.9416755311833864,0.03219687951429749,-0.9038952065746738,0.4982740025947432
15329,0.5530636979621201,0.7224410433529256,0.7846542481598859,-0.559770397096434
19489,1.8353979256209054,1.0892011707887794,0.5862019350469879,0.39637058368417266
26209,-0.1770895697676943,1.7624485920366184,0.8243583909535674,-1.1830704920248178
11849,0.9940103426021484,0.16006242091222816,1.233885745328006,-0.2712435042112995
10409,0.0779822260993377,-1.205757449074132,-0.007192967177623485,0.07472434038040697
20049,-0.2566140407970889,-0.014191711092888536,0.0005486626470229249,-0.4741710879995123
29089,-0.6032563033777798,-0.8500837386986566,2.2293659867680558,0.40521172635531677
16489,-0.2193104203576629,-0.36019969816657127,0.1308780965174769,-0.16539401883152005
18009,0.08228021074552928,1.1128754044326654,-0.9234185837985733,0.5206163241351961
24809,0.47227953078188195,-0.10495140428833837,-0.8826816538305529,-0.2766962300341132
28969,-0.802173567952779,-0.77378458520643,-2.040979887396419,0.47552706437060155
5729,0.05223417793452831,0.34265602015310115,0.7084391816483606,0.5218887896142267
1009,1.3093906860759414,-0.364135262557465,-2.342710582216247,0.7683169540960817
29969,-0.3604739159179641,1.0299701358844198,-1.293228841391254,0.6349264211897044
24169,0.25111497756009443,-0.041185661145607136,-0.9702773933866944,-0.38951231222249333
21809,-0.8750420455799667,1.1097732902765738,0.09729748215051874,1.2204523496273902
3769,0.5862238269889011,0.9495197982809996,-0.307794457935014,-0.3901575879212818
32369,-0.014000956810303639,1.8819106206753218,1.2090666786660067,1.1491979638700198
5289,0.35155223005779385,0.5149916044889083,-0.8275396833711329,-0.749362894151444
19049,-0.4710861610164767,-1.0259530493904745,-1.773136103930599,0.14592928028289123
30329,-1.8298198872039866,0.39015160443761676,-0.9676433627997066,0.01563702948919015
18809,-1.1240289490314634,-0.763464183307553,-0.2631002403017145,0.3190505571039902
7809,0.5482302547764102,-0.06349586774194729,0.11671152470134508,-0.6879099122314586
27129,-0.700615804053822,-0.5477461819872744,-0.2750628242234804,-0.5413761408185899
31289,-2.4159220951733658,-0.7501108341485568,1.0992516438079991,-1.6697486146609097
8129,-1.1044139579843597,0.8304736819358414,-0.0032251619735086043,0.504642007115783
16009,-0.42912405958687816,0.7231099437405542,-0.9754263335109901,1.618489159179878
21609,1.4889918367934645,0.09975856678119753,-0.18325305181901172,-0.3400042126455205
11649,2.666683396907661,-0.04076892452593619,-2.5543539608500767,-1.4305370633963126
13969,0.07023275657589229,-1.5941178533434213,0.08610003370711442,-0.36153521630494106
24129,-0.6106423549011735,1.5927701108043533,1.0906549530020462,1.0152789147021817
22809,-2.0056264751292816,-1.3079281189862226,-1.2065266704009758,-1.1014241220290426
28289,-1.9582203347697404,0.914052500605442,-1.0502222002609238,0.04954392115629698
1689,-0.45359910427070105,-0.6200778322608024,-0.3548002646883665,-0.7147873720100557
32449,1.1518318100930076,1.4491824092839585,0.23913972037270947,0.37971274888893963
17169,0.30825336841654916,1.6912267284495488,-0.6136838315347671,0.24737502820885734
4489,-1.9783709904977085,-1.2618218259385288,0.1599163313007773,-0.021929756118233966
20129,0.3690326308271264,0.5551546287379637,0.3946334545403525,1.6155596712545168
8649,-0.009945199668914322,-1.2459086370240975,-0.4435006039755783,0.7710222242340623
12809,0.3272912166227539,1.3400903629962473,0.8047061436308832,-2.5310452852151863
16969,-0.4138208176269578,0.6019258506209079,-0.35276494429171523,0.6711777321647848
11889,2.3026471026352375,0.6697371264606844,1.120489408679298,0.2289690406684723
21129,0.037692018329066136,0.585069709717048,-0.9455193139971213,-0.9779543620409284
28329,-2.2606234162365535,-1.1910338441296193,0.469035376693494,1.911363670825773
29449,0.794848458429137,-1.095436831625648,-1.8802994262516313,-0.34732758604615993
16049,-0.7735162692855556,-0.9908205516131714,-0.9251415773588945,2.237500096948882
1489,-0.45912964523274674,-0.8166046306182173,-0.0016046022927029143,-0.6008844118765073
5649,-0.05422648925573605,-1.5886439242051553,1.3134152392714276,-2.3701527346432956
9809,0.8993753034922676,1.1826714328952515,-1.1853877618613682,0.12216977313611184
31689,0.06165588757525591,-0.10331594917696645,0.13979726043109328,1.8789918668193157
24249,-0.3653152260046422,0.18645092515293035,1.010294240944319,-0.449884099548637
22289,-0.18897360704199148,1.402135858935196,-1.0365155996026294,0.037978807654222506
26449,-0.9612931971146874,-0.37430589396457403,-0.1004284659118981,1.9256188999306825
22209,0.3200171464779927,-0.9792972412169492,0.631840004473394,0.9068892264531176
15969,0.13795658028699992,-0.08500732654054574,0.8197166506179592,0.12210778916750743
15649,-1.3997602664083613,-1.2930836996234374,1.522964880140209,-0.22492864972000592
6809,0.7926345249960138,-1.466996564566256,1.6170239542304217,-0.354245841765721
20169,0.7658708734736034,-0.5656195926295781,1.0519919592180718,-0.14742575631463797
18129,-1.0186895328793117,-1.102848642620741,0.15304503866027397,-0.3310187548106205
4729,-0.38476345523238287,-0.5499764625512997,0.31954649821933256,-0.42892618313711717
26329,0.2157755292961745,0.39026235090184935,0.23035501922520119,-0.4176471678272584
7969,2.3502536904178526,-0.35621592995950013,0.4443051507553687,-1.7587337686699778
12129,-1.500869738926441,-0.2662429716131786,0.04223395061430473,-0.9218218889381166
14049,-2.780108225352365,0.1425062530582052,0.30782196544105045,-0.14736945786207406
14769,-1.6940877570019457,0.8572306736260807,-0.22594743653157406,-1.9538872704392305
9169,1.758359078377246,-0.6508020799251006,1.031623981516382,1.6248647007164896
22249,-1.822473407400179,1.094549704955358,0.4796604376723824,1.2111433106659235
25529,-0.15277132141045477,0.5360049169549888,1.0572285829937045,0.041685296840307424
809,0.5213324564816955,0.09850784289588946,-0.6099221092100633,0.6882296192375665
4969,1.2261247432193563,0.36160219147601574,-1.013369373659189,0.05536436163783522
9969,-0.43232907904991896,-1.8027486240167394,-1.2214843694110593,-1.7208919943314014
13289,-0.7568288094887705,0.08940406148885835,-0.19987859024166812,0.9825750589813705
3369,0.5229271956754382,0.5316787322903261,0.6484696763768435,-0.8173647257473172
28409,1.5794926340038542,-0.18597247499737157,-0.6620639437033542,0.2728409408693613
29929,-0.9662374615264367,-0.5609434983589747,-1.0064825135852455,0.4659921213106535
26369,-0.7156029565496739,0.43275514816122446,0.7220328582172725,-1.3298965445441073
6129,1.4876920659346142,0.20203689464992447,-1.4835662978647393,-0.8788435836571655
18049,-0.9475991183075934,-0.10690092731378063,1.2123395198409248,0.9476928406865844
24329,-0.2804241111440897,1.2329267868974716,-0.46921434104421805,0.2551001074883207
22769,-0.11855541935439351,-1.1408842299083202,0.3533420570739189,-1.1779519210398677
26929,-0.598117997013056,-0.32785685281970833,-0.1537921448344095,-0.5653530468174315
31089,-0.6606425513963122,1.1444491210354086,0.8533553654327989,-0.04070123619819965
32529,0.17850516623725635,0.8282702936701037,1.005322740489955,0.015210305870162007
3129,0.6013180924069126,-1.1140219409700112,0.08234685493930156,-0.33101413345207276
2009,-0.6580138970709667,1.1897239372397657,0.11543730678159482,1.1725949423120159
10009,-0.9858669649583988,-0.010810548859238614,-1.0845918323281034,-0.7193426050786691
15609,0.6895731587411265,0.6173871388160554,2.640132983127357,0.20426678843952834
31409,1.2379203914442707,-1.9401286684855887,-1.1418275090346957,0.5984648911910708
19769,0.8241845402706852,-1.4080664733297446,0.7364196127220156,-0.1722281655650547
18209,-0.09474224289592348,0.11883680613727177,1.8961040363873125,0.09007576433934134
1969,-0.5750589732341448,1.1204261259299861,-0.6329558334539417,0.5668297870317767
29809,-1.4446384884861339,-0.01567725936630232,0.6609977894800416,0.16115918508998348
6449,0.5011323689899305,-0.07606480877706422,0.06725937427268205,1.9002229342235204
26409,-1.6001022491037267,-0.10111630486998761,0.6301360725233235,1.0350506345349817
8449,-1.1587589768354312,-0.704235791706211,0.5073142311338555,-0.6071376723377615
7609,-1.9196058432837628,-1.1516782902162883,-3.141374046294988,1.6153543537535917
20409,0.3586728491674969,0.051695489936166066,0.2751991199595215,-0.9172401609990997
16769,0.40037874576174254,2.465704433551924,-0.8250807455704876,0.9895427800874237
14129,0.14379171590222292,-0.33432709298043956,-0.2759756842833248,-0.6860165785105693
5769,-0.3559122452246848,-0.41454873350246096,0.41516798124631493,-0.16012160974804854
12089,0.2668902334597291,0.4351272158909703,0.9988696667624054,-0.30814946438828916
1289,1.300532841586106,1.6623590306477871,0.25919394905365845,0.35731135710619577
5449,0.8543925640517643,1.4340314278916955,-1.1439506332439386,1.9287036624769212
30529,-0.847270528469886,0.17037771891875486,0.2657970149153096,-1.4004763867088688
13769,0.5439947470969353,0.3987260978803814,1.0220620500928226,1.2746359397518647
17929,-2.505341516770151,0.5223037747147493,-0.43618339465866224,0.3888050423448783
22089,-0.7930026249286705,-1.5939745024606156,-0.46238532284897876,-0.04921007433405211
20449,-0.21829547406954888,1.246315291404638,-0.7434269259769333,-1.319534828153252
26249,-0.281698905847606,1.287426289252935,-0.2655187151211733,0.7146062304505156
8009,-0.2763749774544614,0.015967683236429008,0.7379506317646389,-1.1450703778247262
30409,0.38055215452796914,1.844390464779701,0.27311673929713715,0.9146109377662301
11169,-1.1971521908528149,0.048016567510386354,0.27486617174522293,1.5007087133509314
16209,0.5204043294875111,-0.6823922971971579,-1.5874328513229479,-0.7642071010980603
10769,1.0723982354737993,2.0203497596933278,0.6975347642288497,-0.483112615502249
1649,-0.5111396009021318,1.715360657425439,0.3520148848106462,-0.7775829710974197
24889,0.7998828975431888,1.7286919690212554,-0.3902531558469949,0.4763310672091916
19089,-1.6150243590371993,0.3315674981773606,0.07304526987846185,0.8678718893455881
3929,0.001015103398866523,0.6473058572605357,-0.08065767860375093,0.6869442441918795
23249,-0.31201975838768764,0.24381143852582896,0.0035415930358226287,0.328531954612759
31569,-0.16505243867010833,-2.128732540370503,0.37771485284938133,-1.7157100029521726
32609,0.5346936478175526,0.9782429685634733,-0.841636230522214,-1.5818531073806956
5809,-0.3926415937822181,-0.48169162486664857,-0.3346956004832948,-0.4189052104377011
3609,-0.4783978880600708,0.24857905858991045,-0.8123149801823285,0.830159057007542
24209,0.5274080976493237,-0.43020671597691207,1.3570435003418027,0.3558485663857343
30569,0.023621736425985976,1.5288355546750854,-1.1796000026790339,1.034548486851456
16089,0.4060087129128871,-0.6323640955965675,1.4769462076111954,1.4573843470839085
20249,-0.40240086895561317,-0.6316202000072818,-0.9830196175312059,0.7650931602537452
24409,0.7409731534333687,0.42924940753324387,0.16936421512695463,0.787025058882007
28569,0.6354250324221365,1.3580018025912943,-0.9836929379062854,-1.2674162578434602
28529,0.07659976533790179,0.5609893621000659,-1.1695619468784915,-0.7683776895965753
18409,-1.3520566086046666,-1.6200903564750895,-1.7485871112183784,-0.5824398432801636
4769,1.7322009240694016,-0.16903615756844995,0.6360006713501622,-0.1993125554712274
23649,-0.22231915126082075,0.028294821777101357,-2.402565256845211,0.7733762103947238
13089,-0.19077459411910658,0.28973841468732625,-1.2507981145648166,-1.907813455749634
17249,-1.2357952196245214,1.392399191364643,1.0786714635033816,-0.4513190130425001
24449,0.9369122388332757,1.3918488693369335,-0.9844117308642382,0.06963139817749328
20089,-0.5716123568701631,0.9238877823192557,2.2239786509281108,-0.03566159026257647
12609,-0.1723280327043632,-0.08922526646143031,-0.06206133865131837,-0.13008416406965645
32649,-0.3074264673555886,0.9982547960731588,1.9811581528397681,-0.03555877883240727
1769,0.34144505957888976,0.3933032621837388,-0.9273155464645889,0.34007230218304313
10089,-1.935407358169305,-0.381516678077083,1.5908743907353595,-1.8995227818315141
30609,0.5492728612612435,-0.636860143308428,0.8395318831710359,0.8274000848012173
22569,-0.4239687471699745,1.5559005887821995,0.1269335185991552,1.583839177283603
11929,0.4799445160417212,0.6481047800173048,-1.5393790700875343,-0.9542839315034318
18329,0.858693294135004,-1.7335707866050345,0.20928804089335273,0.6753487859101915
22449,0.44402615795929107,-0.760426308672354,0.7483644448455667,-0.5106643675973394
2929,2.240837253772365,0.35451324544896706,-1.9206000702701032,0.7028302001965936
16289,-1.2269055749378328,1.1703289275040087,-1.063501995082188,-0.4316315304076059
11249,0.7686925594964761,-0.9285023173283535,-0.15305736062950218,0.3171757243724173
15409,-0.3186697062928648,-0.17370654423309242,0.35371279908840786,0.6709080300835779
21489,-1.0448283094223332,-1.2232565366086376,1.900058668653831,1.3300651965781973
14249,2.0420817087611125,-1.078973521219438,0.3201388649700805,-1.4803756982786873
27889,-0.44794095359435737,0.023784820288414773,0.2978400260720106,0.07576310032057089
32049,-0.13603986757924938,-0.7886342652697488,-0.6473474837088765,0.33262509412796154
21089,0.8478482018235551,-0.35411692950589024,0.7634680468084843,-0.6858290084794425
12209,1.1742680842017532,0.6426050205558819,-0.5544896351819107,0.8223787327369955
19569,-0.9346915121599542,0.8328726350907336,0.14879385556184566,1.1187128228550036
8249,-0.010958731364693561,1.3374094703389092,-1.3116059953537071,-0.8761917656624872
20809,0.2942175606629766,0.048618696964838996,0.8479646191679806,-0.46424630711094955
30649,-0.9492117776860781,1.567351355681038,-0.34411737076029975,0.19294143776538789
20729,1.0413074555242126,0.4111347905062545,2.9183625364663435,1.647111573736621
28609,0.7252441690170351,-1.584393015588423,0.21532202325726096,1.0278353404490426
25249,1.291321035351551,0.31968911472408673,1.226019394068603,-0.6310962864417013
26569,-1.0524997705764687,-0.5138958510777595,0.5279016711757788,0.6156982715441705
9409,-0.7688584533185968,0.6781026010873945,0.4443837106391878,-0.9696963409560215
17729,1.3912442756199193,-0.9017584262833568,1.536824527853617,0.4808453680709004
2209,-0.18442919144546654,0.14953258394374241,-0.9521408603772675,-0.9790382830479998
4049,1.9709196853949817,-0.5212790036028692,0.14335375208482298,-0.8068752904028481
26049,-0.4129847573271408,-0.018449270538224528,-0.6385741463663018,0.7429534009637951
9209,-0.7792778540011355,-0.8322341832018845,0.4858910025261078,-0.11692637778709351
32729,-0.7126704733858603,0.7523663530867909,-1.7218146884640773,-1.3831576337865488
30689,-0.5671023573858878,0.6999851310695053,-0.8389864162152739,0.556365196006869
18889,-1.8731683043016931,0.8516365376832055,1.4017659630512989,-0.9916461688824437
15289,-0.5457029905833553,-1.1638185809904467,0.33807115460698584,0.10394686521869989
18769,-2.158143588636496,1.0613669770724634,-0.07732478602051024,0.6278185760731044
31369,-1.2877485886502906,-0.9386554546861196,0.9253761081683803,1.1915958149711197
8169,0.053679423894899395,0.08153036741225961,-0.0034870749989732164,-0.12836377152518627
3409,-0.9377994675014538,0.6382406791514961,-0.3398736066201456,1.661397168513496
7569,-0.30451169041385995,1.0856938778399972,1.1742551582808678,-0.32412178918168194
26609,-0.47451789003882605,-1.1269498756658756,2.0212600172936637,1.3145401212911667
8929,0.01413088750889639,1.048735248376219,-1.1219046706051319,0.17683532258945903
7849,0.8891811906260711,-0.4697412200889455,-0.4036020909750957,-1.0059355320787289
4089,-2.177159293774417,1.4674704085663348,-0.7802054072897082,-1.2565175959580417
28369,-0.5169364521985313,0.40816143044725395,-0.11488950877431128,-0.5197569800873703
