18432,1.200283275860447,0.9200672690246172,1.53646362238374,-0.6889399130803564
13312,1.6601653960503613,-1.0631406466822961,0.2611773985936071,-1.2432709330312997
6152,-0.2728801568038383,-0.34773206164610354,0.16209727167985413,-1.360957058433415
18072,1.056749996941775,1.3818373644078659,-0.1727350555132524,1.9747227198931014
22232,0.13850373778399244,-1.182161703253799,-0.8994455462765778,-0.8861739114352255
14352,-0.11625629493906249,-0.8158347491388306,0.8951455926988902,-0.4147235122930575
12632,-0.37416383242664064,1.2414119431026547,-0.27077106397989714,-1.8626833896486663
2592,0.9686480013394363,0.209128147949893,-1.3398372538612937,0.8240525381730119
12312,-0.34921201856410433,-0.49274008189757873,1.1958156681889687,0.49310775244803273
10912,0.5842576249484452,0.805195749193477,-1.0176652774220027,1.4099278268406945
10272,-0.9619000559573697,0.6202246170917539,1.8283205207797948,-0.15719505065022346
6832,-0.21765363854523706,1.0674829344945798,0.5494048581067661,1.1598845181603519
27552,-0.6934329421354061,-1.3854656565771055,1.214657596808745,-0.7101725227252178
31712,-0.4356212066412373,0.8266480750585068,-2.0948869312029705,1.4346930556913127
8232,1.0709208531201886,-0.3277146839375886,0.3752518068543738,-0.5365227118646657
12072,1.0103669667909942,0.09510798872188894,-1.5659805663241348,-0.6289652654799539
26672,0.10201302558418623,0.5638265942467093,0.6204268958259085,0.26114464357455897
16232,-0.8502283399661987,-0.9796014867527868,0.42809430077543426,1.617273551720805
20392,2.1796489794891056,-2.2021164400109297,1.4083103805221808,0.004292225632763237
24552,-0.1196703410849972,0.4861540449508248,0.7055452229740946,0.7394290500965187
14392,0.39313578311544606,-0.03960461894427561,0.016865508657276013,1.1285916999410763
32872,1.250316886101661,0.8510771049064292,1.1409373363701825,-0.008068554710972913
4912,-0.2913259537649299,0.8403040718200306,0.2028396428109688,1.345361654679057
12352,-0.005134269641889578,1.616045720991134,-0.017154893105042396,0.669966989689958
25952,-0.6189822559573595,0.24462457820474073,-0.5890835297350537,-0.03514697973839548
30792,-0.5466729419967752,0.4429424174188643,0.35671007603109667,0.097439419537496
25712,-0.9887101130426132,1.48850482604222,0.30236889604109846,1.2957214637807621
29872,-0.6201106373593207,0.5221200165033747,0.7028525437456186,0.43437954488157354
8552,0.7316101668400864,1.957005139500346,-0.5891498692769835,0.02727276656595852
8272,2.1664809034289068,-0.5909005411528006,0.08356260360498777,0.24405606092944415
30392,-1.0482249168316207,-1.4264511089146639,-0.17163243129328812,-1.560756253800229
6072,0.25163218802884946,1.5552788228596452,2.1443185542398537,0.19229746099169753
6232,-0.5712675650933365,-0.659092095390643,-0.16298276007938536,-0.32194614643541547
18552,-2.611296089205869,1.0900073497622482,1.0977477484449014,0.22696438778610484
17472,0.6064175457765533,-1.1816315259857295,0.8866846187825548,-1.5335828594374588
22712,0.3366328936487043,0.7962498136030912,0.05351633841874166,0.6191150462855339
4192,-1.1861173882967224,-1.9920288336363654,-0.1473275254515634,-1.0303092764005983
19472,0.5335663447791323,-0.8121424791908293,-2.2031960314944348,0.49145817544078507
2152,-1.5050659659118535,0.013959731390492345,-0.31830677614632663,0.03751789640754932
24392,0.9236028516488981,-0.6189732529439957,-1.0047777602414796,1.9351995351343287
11392,-0.33208133278065405,-0.20221808184805648,2.3928053917598744,0.016594233289830704
12112,0.5566844756995887,-1.9450518169902138,2.0446738577587076,0.1009611328031521
30552,-0.1375198338434137,1.0740481927691652,-1.5366413213842784,-0.10248463648795869
10352,1.1731234016685461,-0.12725775103480902,2.083478894575689,0.367353888455872
13672,0.9829396554782976,0.6360922233473405,-1.074633516285355,-0.2657300439056053
28032,0.753330019170879,0.4592604968790973,0.4587402194874004,-1.222370640151698
28792,0.7696124539629438,1.1102470087414258,0.6307132649385833,-0.16431453067583243
11072,0.4163437103165129,-0.07742135610611943,-0.8264882845852697,1.98511634785284
4232,-0.819902747473406,1.7264294356620211,0.1728237706077538,1.6421615954042366
26752,-0.7400573192509221,-0.8299467656669999,0.7319648012742884,-0.9949271547260162
28352,-0.9417583749854828,0.12501034805539157,-1.0126527326797174,-0.8104304670616926
20872,0.4455818272921147,0.38116107886241835,-0.44687194706922556,0.19107330716486207
25032,-0.5012061366029754,0.6328658094051802,1.8115331872556015,1.46696496657892
14472,0.015365438945188301,0.7197949740284986,-0.8184603757339374,1.6397054793493409
1232,0.05178835709530222,0.5259491426179804,0.35704907797143526,-0.9268998707953507
2192,0.09001077360525928,0.04159468101458242,0.9707633407977714,-0.09861308584586698
2072,0.43968131800379545,-1.610146067456436,1.7118388517630927,0.7205842634626957
13712,0.2525719801245983,0.323945702190161,-0.9365592330338331,-0.09245735018685293
1392,1.2672268856379212,-0.5092726307195272,-0.26648904220016834,-0.1610044985491948
152,0.13069109050278505,0.9222002696153243,-0.15789007931028595,1.6354614496875481
30352,-0.14526700663882958,1.5553613984299823,1.259308310837568,-0.5674972710637292
28832,-0.4516942650388814,-0.1338704579125467,-1.0019048212737274,-0.05493880752534311
32112,-0.6299921912063902,-0.7853998180606003,0.29222687563331184,0.6858106598741068
10312,-1.1711879832176622,-1.2521387188198239,0.41449739630121013,-0.08358052029263059
6312,-0.3878219395806645,-1.9253277182325892,0.23633736068968053,1.3376985546319737
31512,-0.4420739566935004,-0.9673755375320782,0.07958941261471789,0.20339048169955293
24752,0.1730929477989864,0.5357261094028115,0.22379814621474814,1.7878283491326508
26312,2.02087123073607,1.643256474928505,1.1779107128084805,-1.3724264834784579
4952,0.18967257354244788,-0.5892727783862605,0.51452906143167,0.4556888371158916
2232,0.7043495195336671,1.8079522028182622,-1.948064913288512,1.346473913043416
11872,2.182399132608709,0.48052866097880204,0.3293569211611626,-0.7791055076379003
20192,2.286291671650951,0.17165843862621713,0.22911095149676247,-1.1940822473436266
192,-1.50706578783584,0.5673240523700004,-2.03726354789635,0.8155132433497435
30752,1.7672769384100744,-1.9542272341236728,0.6501628959342636,-0.8121325582638238
552,0.5845331102324104,-0.4074231608914187,1.3429524827526422,0.4112225582379115
8392,-1.4381162761487547,1.3386356030955415,1.1129510017738655,-0.08641821460252591
8872,0.9506873728765252,1.1766862289841973,-0.5678181046239038,1.1215178180282739
13032,0.312790741873343,-0.40716347050897594,0.12088040025996823,1.3045247746611954
26832,-0.8740717905900044,0.7924483820362553,-0.8417370278383626,0.3955194148338467
14712,0.7986539334245386,1.919017591964358,0.974202122793417,-0.5679675390783006
25512,-1.4527386165061384,-1.1318595176182231,0.39505750499845377,-0.31266077940779696
4312,-0.281695337965489,0.5415758680210158,1.0848337135862993,-1.0821765334545408
8512,0.8392997912377475,-0.12929459518805952,0.3796053215430012,-0.3886020275521315
26952,-1.3999238881385951,0.0008833264548547388,0.2306212554563766,-0.42066784279575464
22192,-1.789327387377725,0.34254491719871466,-1.8391932737126502,-0.5310988774288288
10032,0.7968713251225484,-0.1884642460129418,1.7843965689395733,0.6179973751443941
12512,-1.098731840757162,1.7461838749870404,0.6452067920600205,-1.16459484676297
29392,0.25215124503863806,-0.10103440115890511,0.6119597275846322,0.8802895771601277
232,0.20803317827849033,1.144290391140258,0.08208234912562493,0.5148122908068568
21592,0.8998986528945557,-1.5368586545255085,-1.3033036200542953,-0.4948882632983727
2872,1.301414995031301,-2.1732394788730227,-1.476031135675389,-0.16700334345299878
28912,-0.46390159131256997,0.25867532203171295,-0.1285447533445029,-1.53632631987815
3112,0.8443954199076067,-0.10120730388568777,-1.3626198631429844,1.018609761869063
11192,-0.623515336803154,-0.1753993931054499,0.1210378576391827,0.39137936769999976
19512,-0.5467203401189777,-1.0996125630957279,-1.8140696232129025,0.2722159236688361
26872,1.161028270044777,-1.3443447076208739,0.46815490779310226,0.05154752794245092
18792,1.9701010400961474,-0.7545215086813567,0.46219452408468,-1.534227574133069
27832,0.625010701642119,-0.05201268376739969,-0.3552900875863387,-0.8113343197359586
31992,-0.8091090623023751,0.19194120502125578,0.28082166930038605,-0.4231281496669428
4352,-0.14318784402713314,-0.010309354556365414,0.8363292805424114,-0.8539649678013675
7552,-0.10368789664649418,-0.2438012014804038,1.0629480627035912,-0.0071081305574559606
4032,-0.32721616022053235,-1.095558209753438,-1.4711819710172713,-0.8477203977966516
12552,-0.3853623477878008,0.20735007820523166,-1.0477514890370752,-1.1482544159264632
20672,-0.3027786440710917,0.82737766736957,0.21867017006259692,-0.025513082432118334
24832,-0.5950279703813235,-0.5019221952808546,-0.6693673840055593,0.9177784719110885
272,1.9767438956334569,-0.9149308621506056,1.0094869867184142,-0.0036222173001647278
27352,1.5395614419164165,0.09787763842011023,-0.8354842988571843,1.9172907004051671
1032,-1.2537778683018659,0.21233373444219453,0.5128378396408534,0.344036689236991
28952,0.2762453670573517,-0.6744403311050797,-0.7001806162157901,0.18510634480414373
13512,-0.08197670525015546,1.4772533665309295,-0.6616472432906153,-0.03306192625545421
17672,-0.9624512450977214,-1.369873329369716,0.8510511433435142,0.36190165491343307
16672,-0.26039656809854883,0.6231608650436287,-0.4604852229335826,-0.1042461448758574
11312,-0.6945869115235012,0.8355067371384588,0.36767485143899525,-0.8320141862462322
25992,-0.9960213396670362,1.7124791755027924,-0.9006649717874247,0.34546902344819863
19792,1.7115280207989993,-0.7430443563828226,-1.9318038736630263,-2.9186425777814615
14632,0.6373102518794922,0.9292708904821532,0.28042466018844703,0.6049648080108201
6352,-0.3143284134875995,0.37722994288132505,-1.0122250663905565,0.6841629212917472
10512,-1.7925334832385178,1.3096130394587047,1.4989459791524498,-0.4372074773781928
17232,-0.026651623520599375,-1.935326790360325,0.33788329826823804,-1.4150204532186752
12592,0.16861438995745648,0.4303270056578932,0.5076113674982449,-0.9091082978365383
31112,-0.409385635121185,1.6497976384767596,2.0348542952670616,-0.43376565708705556
19272,0.7964453210245764,-0.27824094857375686,1.8107559373293514,-1.8004606925550735
312,0.18860423945174132,0.9649955167973955,-0.5738575485070223,-0.29705920645456496
3352,1.7591571540401751,-0.009764606861774782,0.5537824847499334,-0.4097046128361103
18752,-0.5604628177309311,-0.09316896522542115,0.5442019614306146,0.19301420836475647
25312,-0.1317204508111568,0.5940568837066136,0.9763421690619006,-0.17048550223687794
11672,-0.23196355013615017,0.7678852153600119,-0.5412661174664282,-0.3043730081970326
15832,-1.2021556336821275,0.665316043752935,0.3704498282564591,-0.02703661423418227
19992,0.28235616721901696,-0.5681011889169518,1.2115748208297321,-0.7355322912295037
16712,-1.01913479948445,-1.1037403339694787,1.172416411065332,-1.5608933109575358
32472,0.06448590617866293,1.2409715670773678,-0.08927969455703037,0.14148001427743231
9072,-0.05517048129275974,-0.24413536650794238,0.7189828340845852,0.20780044471692005
14672,0.026932894617699044,1.0589321458554475,0.442995596672647,-0.4520483760090513
9272,0.46883321260242095,-1.8573899401564369,2.247866488384812,-0.509682736198885
4512,0.22212396993619785,-0.2634079918644964,0.7805285565392199,-0.22792400722286923
22872,1.453393601967745,-0.28008622107110215,-0.8523415606743975,-0.5791348965487939
16992,2.1700781152591673,-1.053289214294615,0.16071471300593296,0.9247252858774079
17992,-0.07739052582343162,-0.41612552261967495,0.7078919595135159,0.8468737703834454
352,0.6399558507268407,1.3813057716086181,-0.3900238558541462,-0.7446372673151916
23952,0.6581154030085302,0.9175994806088987,0.7878199927087525,-0.9940111432746768
29032,0.9405144455229942,-0.49127094311325625,-0.6184566269686266,1.1912152868073704
13992,-0.08828419430997739,-0.8380424445547137,0.24124381150864355,-1.218605554342609
18152,-0.14788459461412973,0.3363214472162581,-1.2503171676538436,-0.8006181707109109
22312,-0.9264516441189794,-0.03581422054954523,-0.33118854533541475,-1.3788827756019926
6512,-0.7173821940785591,0.592966610488837,-1.1968223456218805,0.9295015333064611
26472,0.7625682266531146,0.17021420846756186,0.501545871237246,0.9467265413650775
30632,0.2013012716557718,-1.2315627874439248,-0.5170868799485168,-0.31304964644342087
24952,-0.27802068917733547,0.033923731829869914,-0.10052261285538294,-0.12533874575602033
2672,-1.9272090484598916,-0.3237531307211842,-0.6634612744487083,-0.9150743134753737
10992,-0.37078486358780366,-0.5067572960408262,0.5308611861881737,0.9369952844983929
2432,1.2092382785233498,0.5668516898370137,-0.7309238442102107,-0.543510510124018
2112,0.20834822086126584,-1.0449692253218876,-0.7552301619085728,-0.656030528593393
2512,0.8835468433306461,-0.05642945589755785,0.35468009630277514,-0.8126400007092472
10632,-0.15174860436011958,-0.7408664021827062,-0.32735715621321854,0.04136686965917225
3832,-1.6781218948332255,-0.6148690514202286,-0.6384150925087816,-0.7609290332853976
29072,-1.0986985912027905,0.3691318482272685,-0.22034240643277636,0.830162359473594
21912,-0.18974567829181269,0.34842003212863476,-1.129582644778499,0.9154522978782517
16312,0.6996662119314202,-0.019235137434934133,-0.24225040518678873,-0.59011379014461
24632,1.1164112305376248,-0.08644035880963107,0.47860101348165823,-0.4768069481401887
6552,0.9372670880485199,1.0044672419931209,-0.5018646118225492,0.31688956522636597
24992,-0.010917467381383491,0.3369105647977696,0.7071332154343993,-0.22258185946492126
31472,0.1264698705346982,0.6287205018287525,1.2791018247516142,2.0415005011980965
9152,-0.3912391606459596,-0.5879224722518858,1.3350087200158631,0.35336757847227884
29272,-1.7738125790072168,0.7276313938682687,-0.587212523047591,-1.3556876169287626
12712,0.9343749945656855,0.1767010235834597,-0.25376151652712364,0.24255610508342937
25792,-0.8626406013523632,-0.6635592976347457,-0.4903398588226629,-0.6387459592377914
29952,1.47389236160858,0.12058972376241546,-0.061793174774392896,-1.1980357788935767
432,0.39649996406576365,0.24775850401415359,0.003143640730986213,0.14241119596078833
15432,1.613801009244185,-0.3260969822371224,0.9683153016523888,2.167970973474757
1992,0.0464016381572637,1.008753251072849,0.44936192904395794,0.8699639574655306
29112,-1.1004693210673135,-0.19399470965512122,-0.7041378349861028,-0.7625757236508376
5472,2.1881953996815917,0.09203860697220222,-0.31824484494450045,-1.7122937435579582
18632,-0.7828109914769275,-0.11206404419506553,-1.1994577134486872,0.026602683062137526
23912,0.3873121850659127,1.2570995450196294,0.9991447735559181,-1.1468470128874715
22792,-0.9577485685273822,0.6923700144378939,1.4530300660837323,-0.3237058157783565
6592,-0.5059600930246697,-0.21339274126663374,-0.7540014084479968,0.33051431417615723
19872,-0.5008426185573778,0.734043314274605,-1.9101643840299003,-0.44574376340681426
4552,0.4357503269389563,1.4734876414631415,1.5494449537314838,-0.700836745517226
7312,-1.100240695764533,-0.3189489476237233,1.2932234850688986,-0.39484567973120976
15632,-1.3835351490414427,1.0462137929202586,0.03171473123429514,-0.21167130341800866
22992,-1.4739242847809928,-1.2581664250097935,-0.8753889002702507,-1.4378636584401998
8952,-0.04301395454919076,0.689052201518874,-0.08789579032125289,-1.1523084381499475
28112,0.45238468847817054,-1.4590429541880732,0.3418544042375521,0.09222396698901682
32272,0.5513446100339163,-1.711693486324651,0.03743173717708253,-0.02034870198968027
10712,-2.0212939352973818,1.368096195858825,0.5764508144977939,0.588367904509014
8472,-0.1736833818863348,-1.1724728228000871,0.3995354538700767,-0.5019113356445777
29152,0.4459729630434649,0.6174137669277084,-0.46205442717766826,0.23011556567705524
28752,-1.1493944394577955,-0.8564140047191612,-0.19407012567509432,1.2730456090211968
16792,1.4190339331724402,-1.7962086968488409,-1.2157985355668706,-0.434860886298521
10592,-0.9385419582940724,-0.9630593785309399,-1.2792163418565394,-0.15823223708481132
6632,0.13749018202742636,1.6142568023394224,-0.771558920812131,-0.3282589952240152
3672,-0.04997519991727361,0.3276021004484713,0.39891840612591867,0.2333886489136829
1312,-1.462882586855991,2.071501057428464,-1.1320300635588667,-0.4503512504262491
25072,2.4389557426444815,-0.800607623572496,-1.1682252613878399,-0.5625166960032151
17832,0.02474497104588657,1.2498519529095717,-0.337360947546692,0.09643323962450884
9632,-1.278855565595059,0.15279045231255342,-0.9776270130830115,1.7548030374584176
17952,-0.37411344267500096,0.4054254182398745,-0.3959179004395114,0.7372564321126561
2552,-0.5319958235633591,-0.11118189770942856,-0.4580515894718778,-2.110305874913238
22112,1.3912959565931076,1.5452491921682243,0.15715706646038058,-0.5335330237119743
26272,-1.2271149171452802,0.46379900686883435,0.24215706901546005,-0.5781274335730813
30432,0.5173396262496188,-1.18200079819528,-0.3480109791760845,-0.08368135519022396
10752,0.5253588364750982,0.47838478076779073,0.328343611282883,0.1363375574690857
6912,0.5004590918568558,-1.497593183861233,1.6428295002481406,-0.22842894358998123
2472,-0.025219495683629155,-2.0593052782696515,1.1427577549027677,-0.7615124548012839
16752,0.23099984011525815,-1.3944246199568402,0.8993946080053473,0.718143755363251
29192,0.06766286939575292,-1.1936527477682806,-1.3517087349597894,-0.5624943899024923
14952,-0.18212640468266128,0.18840629658294353,0.6217194027755134,-0.05589634901438663
19112,0.16704518886284572,0.1169243807810595,0.06021804086243794,1.6000873649950889
27432,0.7535959314657745,1.3760493805720004,-2.0109239567760646,0.07213373933650262
6672,-0.3879976213494109,0.36923608774181604,-0.26183082700343296,-0.0003405623513626178
1112,-0.848018487068686,-0.46855722731213956,0.08078108919633757,-0.10049313402880017
25672,0.645186596688684,-0.9070172780166493,-1.1281346182365266,-1.1875884285157057
3632,-0.11615505116512755,-0.9151579873320005,1.0922552274015354,-1.171993192500749
14872,-0.9494114008063563,-0.6171201589278457,0.5230287634556717,-0.2675457391333601
11952,0.25006871818423987,0.9507246785772274,0.05083404585890111,-0.025369470676519238
16112,-0.9998196966175265,-0.3072846690434608,-1.2739728318367227,-0.36379685527531486
12832,-0.9590063922960547,-0.9265253553624974,-0.7693820941717047,-0.7334065315283373
24432,1.681489163350671,0.29504100937746974,-1.2802806494698142,1.8113800958296262
28592,0.7378274133736711,-0.9354960065225293,0.11207544441869888,-1.1336041158780084
32752,-0.752233268757307,-1.573559296664961,-0.7746735905269548,-0.1591744174294587
10792,0.060723157998768935,-0.9037683283227858,-1.589027104275013,0.17136426219820453
13112,1.206228005774355,-1.1377450365080826,-0.22646091599400925,-0.09089758595578439
8752,-0.08882041087220084,-1.0408065152842954,0.7369058589850868,0.9409010355694057
30472,-1.354411077230545,-0.2942693199768374,0.6480687495305415,0.64255862525888
25592,-0.006137585650327902,1.0924793770887413,-1.4270404399393537,0.4780404881019449
16952,0.053981496978519054,-0.22823098227375777,0.040055311868895084,1.7746943849333212
25152,-0.44471003284231114,-0.7757283071776435,1.4758882321699085,0.1326876523502291
29792,0.7050754706453585,0.2835525446602656,0.5421411135153945,-0.4057440335354868
2632,-0.4154385046939823,-0.3375544845114961,0.6752564982277529,1.3006656675133792
30912,-1.773252183219284,-0.12767285961708183,0.20448045137438406,-0.139370726186819
10832,-1.2479518555851972,-0.8671610466150361,-1.0531354566620392,-0.3795727897354331
13752,1.5091685894459599,-1.2869359879264235,0.38191511750066093,-1.245440392983741
2952,-0.5777703034413667,0.13152362334211476,-0.8007656325700414,-1.210029450516731
7112,-0.6289908964144753,0.7310644321596624,0.455645063702597,-0.8280719485659442
11272,-0.7162109692629635,-0.19513882323869097,0.3315959501805945,0.2553634776645735
8792,-1.187388291491808,-1.1894998515267678,0.7106849969018736,1.4437802128240171
18512,0.78107250035994,-0.4512402738661375,0.8251452885282581,-0.018104089747229272
6752,1.9528135063062666,-2.549299185868502,-0.2633013579394021,0.7216380568154587
18192,-0.5656350127912337,0.10663013403208951,0.0869109405720921,-1.0355134111575428
6992,2.3268256410761157,-0.8288127033715766,-0.5041248528906808,-1.0608458254439443
4112,0.9506579612757995,-0.8814398891528531,-1.0464920967728721,1.2312381860250357
4712,-1.164674419329547,0.054848046656379504,-0.6369028431236269,-1.4784100091082828
12432,0.5484241976598818,-1.8141414578504134,-1.2145074360903718,1.4785695231916827
20752,-0.31152324300550094,0.31476780401260523,-0.0049123161389850725,1.0089443446933932
12912,-0.3540747120791765,-1.266571843141645,0.5801131841347051,1.9951263148924907
22632,-1.0366518945573773,-0.2172320435066093,-0.6089241596352984,0.06298211068655989
632,-0.5114637042819334,-0.7262404103666332,0.5318826205630689,-0.24118107984364656
22072,-0.18170706793805963,-1.972943195962853,-0.7491738202964586,0.561186580406301
9432,-2.093024148054161,0.8466561238860775,0.8414833550539742,0.6604904198027508
8832,-0.4143435273012723,1.2027228373463794,-1.3196419218948139,0.6757327833420277
11712,-1.4336975444458213,-0.9782838002371393,0.41472941389847856,0.26463161621575526
26072,-1.0888308940559654,-0.8858755975793697,0.9165008585553178,-1.3596847959105225
30232,0.3037659327759161,2.0007024266648346,-1.9238502116717988,0.7414213636073169
17032,0.03834486582430317,0.04546346021788401,-0.5358869265709645,0.4846936092538867
2272,1.0268274554409527,0.14860270644200912,0.3359043618230989,0.5493946563931937
6432,0.3746030381444511,0.03231989014315988,1.0819973472145616,0.22979641203595305
14992,0.45817274793255686,-1.837819451849759,-0.32863577340037553,0.7406038726891836
16152,-0.8612573794620942,-1.0101944079378549,0.4917896654559575,-1.05209412332344
14752,-0.6243916548141318,-0.13618533411994857,0.16900470883280347,0.24686741068153614
18912,0.9717501450008904,-0.009024831433933792,0.1407629319460389,0.4437240027865928
23072,-0.9805894636882267,1.267839033437946,1.6180386492523826,-0.1674942858522628
23192,0.04467546994102167,0.6094313309926512,-0.03856455412887282,-0.9598688962697646
27232,0.8065247799526679,0.26858470247110905,-1.6217994548254613,0.24817429374976238
31392,2.1617621977641766,1.9281781917219738,0.010057412733230232,1.013165226573517
30832,-0.5970540445350455,0.3365092678813711,1.1859086964855896,-0.18710330764290337
11352,-0.7012451269997527,-0.37789045849044456,1.4480331579508026,0.6128247629591044
11752,-0.06950413455319013,0.5618084772835613,-0.7104614646906795,1.1700781961035336
15912,0.2681293735164421,0.368818260862467,0.2706823110362267,2.23263600068231
29352,1.2433297943328903,-0.6638907389960016,1.0005326467545088,0.08045122054353034
28392,-0.9218058175414775,0.011600697984135398,1.3965621561135817,-1.0694971337134958
17072,-0.12780583269039403,-1.6109476296798342,-0.1033629713033874,-0.11318209607659277
14792,0.7352011393556256,0.9534680984074555,-0.5834578926741407,-0.34456865416198224
4592,-1.185791493110193,-0.5582354601127408,1.1102781361200136,-1.8177749805092058
4792,-0.018677435652735976,2.3412527075092973,-0.21315809814041706,1.0049536400698773
12992,0.2415290967143497,-0.0468775949285726,-0.22134869110984245,0.049216930954005186
29472,0.45556124663745895,-1.478779213213853,-1.0324204968653963,0.07479894955153898
31432,-0.6940389573199555,-0.11968579963094338,1.6711693017001146,0.05065328327183207
5752,-0.47155719450176614,1.2537069426073064,0.9356043032448482,-1.4174455199564528
9912,1.8729834455632768,0.46712970780492447,-0.43860192674924847,0.17128088423950508
8912,0.2754090781091524,0.25454939398282944,-1.662525582663265,1.032270826711857
23672,-0.5495582888372325,0.2422562046806164,1.555046547086118,0.39988196972928375
30712,-0.7790768607985697,-1.1521014958686202,-0.8625978530793935,0.8654391961124869
17112,1.3148846621138195,-2.1394190380720732,-1.3877351365331536,-1.5198074570128308
15072,0.12047678235219694,-0.9113817202662842,0.8478576686767808,-0.33260033026144764
17872,-0.5697913377548627,0.5517291910352956,0.9406795195598227,-1.2867051219398005
15232,0.8331484780559878,2.4405587815238916,0.5925341842892322,-0.29656503106841636
23552,-0.047185816848579115,1.9273035839228976,0.026914686604286527,0.5166849465530328
23272,0.3889972574619584,0.15210298770540634,-1.1954535824202406,1.2481009407260177
31872,-1.1321349281487614,0.9631049782114698,-0.49797135160123873,0.8360917564255462
752,-0.5659355389271342,-0.12829929957776262,-1.2047765428475534,-0.8473648278483926
6952,-0.300451083501125,0.3090817988375196,0.5473496247553438,1.0177529320585907
29432,-0.27911152823408714,0.6979605754447775,0.5201920718942102,-0.517839026438161
24712,-1.1748141315490512,-1.0141431819967548,-0.5339291176266991,0.7448266819068964
28872,-0.18680090144408956,-0.8968239363447342,-0.3546594349264397,0.4673425961589673
17152,-0.05682499512078015,-0.36858183185079874,-1.0206658460337767,-0.06583612110705535
1152,-1.442082688038047,-0.5883800885438719,0.10930649409883991,1.951922776084069
5072,-1.1186417991920408,-0.6478744079204378,1.1909865602234944,0.4959483771874066
17272,0.44861350401323724,1.4332277197854129,0.6083245436151316,-0.5834462653195643
4872,-0.11730907700214743,1.9157186216468052,0.19958741489171575,-0.2511698003866673
21712,-0.32020437560431114,-0.06401124559782351,-0.6503935517259918,-0.4421619378366266
13072,0.288757754567696,-0.7179074939242593,-0.6683092612234666,-0.46671642097135857
472,-0.02013436734060851,-1.5463809372355537,-1.5419302447482504,0.45535426226218967
26192,-0.48842334574995194,-0.5119826774615084,1.5327553704616312,0.7814950533803164
792,-0.1497506398910271,-0.30459018620100203,-0.6582107559769271,0.8283007244699809
10392,-0.7603040161155845,-1.6490819225563842,0.12231483340915443,0.7988287169038836
18712,0.9857736555763618,-0.4331725083020971,0.07209206960004651,-0.48122711845366845
19232,-0.9104312914194145,-0.33525286822217937,0.6147327482933443,-0.6534222677066633
25392,1.2046918067707806,-2.563050404998946,1.3015832857766294,1.9002730161610584
27032,0.17702374114871616,-0.48658905305643285,0.7394793411102705,0.9045523692549913
2392,-0.006364224725172271,-1.5569669861446274,1.4589836454580758,-2.002722411532089
31192,-1.016416729670964,-0.21747247041127585,-0.15089518662239887,0.18803312753111948
17192,-0.27760532437705254,-1.0759235638941265,-0.5641104596488264,0.12112757452371442
20832,2.478261408992599,0.5841872028222584,-1.0116904833749765,0.532788824958239
11552,-0.38666786035164513,0.37992722391663036,0.10615252362752114,0.42985562823197665
15152,-0.6289773257033806,-0.09070082330815864,-0.02802837545187587,-0.47382795419335605
9352,-0.8201557443931057,0.10899955683766792,-1.230379135442102,0.5612066802972624
23352,-1.6024034076586926,-0.15225889946233775,0.522184977627523,-0.603094127201976
4392,2.1302671095545134,-0.9795029570596471,-0.04186369840304167,-0.08548718903892588
31552,-0.7243044932370006,-1.1962575585911615,-2.4533327110441974,-0.21966205366665684
24032,-1.9546586699569175,-0.2631197148319256,-0.6493501632080398,-0.9602553780671713
16872,-1.7846674174471597,-0.6336683729205996,0.29926126698502825,1.001897342149249
21032,0.29432949062700137,-0.8545735729110391,1.1854532732504977,0.5856581318040956
29512,1.4103796886947448,0.2584259952263686,1.6494480352738259,0.9067941182286158
27472,0.2777875382100067,-0.8506231768945545,-1.231823828288903,0.453408765530659
18232,-1.0565595214600978,1.1636424453370513,0.8032591207559091,-1.5219039263151979
25432,-2.7787859073935777,0.8949468763253047,0.08000603374601027,-0.7968878211191558
19032,0.2993259478250918,-0.9094695059368887,-0.20036025811283278,1.6197716572411252
26352,0.5831483841403236,-0.19983644761271796,-0.6390730647816701,-1.0038091390207016
30512,-1.7890933981758195,0.6860226916776093,0.37862246940763955,0.1496521457275792
13152,-0.6329298724368002,0.6996981050510201,-0.28428018349258244,1.7296432085068512
22672,-1.464849493864541,-0.23341983456948703,0.4062011237746795,0.011509792659862465
6712,-0.013228084589603424,-0.36985001666778305,-0.32746580125606967,0.4364170123430274
21352,-0.2394695822553722,-0.4468444828253836,1.821594249360379,1.3529823747327194
10872,-1.5067585062589486,-0.39214086785973984,-0.557906758066011,-0.5299678366288744
15032,-1.294695795495649,0.8653800465600342,-0.2510379217202295,-0.9015815169497716
19192,-0.9344886235195708,-1.3817270695818868,0.948711342573344,-0.4492826388358345
19312,0.5948641224140334,0.9750424104975596,0.3265117324334465,-0.82410852817594
27112,-0.9060283530589025,-0.17894023109751914,-0.33938387217423416,0.6811673735566712
7032,0.1253470651164119,-0.4702413290550736,-0.5887244142871406,-1.2329975810110674
22592,-1.8062456304466228,1.9080684867767042,0.6919731531292889,-0.46459169372485215
4992,-0.7748418009711224,1.271233088384981,-0.518299369278256,0.21870733095421194
26432,1.7216615277162166,-0.46830309036039236,-0.6916226023851163,1.6900715305109162
24512,-0.86273756519292,1.0996721819586808,-1.3317207344799158,0.06531433714977623
28672,1.1999391924645622,1.0144586039093102,2.117107074346399,0.08463469252025342
32832,-0.46636832885692453,-1.9035240838516494,0.6745488647528113,1.2981854357008205
3552,-0.925686378232107,-1.0755221842732234,-0.9235836737492705,-1.2478100441748106
912,-0.029844674533777843,-0.15626649924668248,1.3613720460674459,0.7710818291926107
15512,-0.7672033653169286,0.4648657336286291,-0.21966689740221743,-0.3327339059647735
13192,2.0801826944073185,0.4415169080188276,-1.0457135203506087,2.3885170163784246
7232,-1.054610266256139,0.7693811947094531,-0.9317439450923923,-0.5639400645612364
19352,0.24516464645710506,-1.2304636175176902,0.6261473646170489,1.3002641128718755
7072,1.4286453445160023,0.5290666129787642,0.6519254254094091,1.1516390994909995
9712,0.10814177693395813,-1.7855475051998275,0.7591803748407566,-0.15201373815511177
6032,-0.3894825479414838,-0.30076897081626297,0.8383185604553434,-0.8801643714981997
5032,-1.1440912871818616,-0.7604705630390339,0.6136286835651078,0.43202677558002056
23472,0.7278348108385602,-0.7978881166453388,0.2999895038423581,-1.4682364143075997
9032,0.06565098427559599,0.16955111246543245,0.059837859315697926,-0.46364499066565257
7192,-1.6317252172009007,-0.08140270595409192,1.0284235236017523,0.06820285049475347
21432,-0.5297937310882076,0.3459085211931516,1.0310678863071,1.9639277009588976
19672,-0.47124507612886474,0.7043026736744749,-1.352862777012734,0.03694971424722649
19392,0.9619919680480541,0.47504311642899855,0.9293178077636927,-0.817787965464112
8352,-1.1786391903845592,-0.6813518052086648,-1.0971118080022746,-0.3433076151497066
32152,0.31406274132442386,-1.6471231081462963,1.7214983095271312,-2.6533465005001693
32,0.3361398604392787,0.29935977906289246,1.1006642345109714,0.25599790404040706
17352,-0.47742725501815725,-0.7208281695358766,0.8448307265294325,-1.4955747557227996
9232,-1.3693071147339946,-0.7540282420591188,-0.21952107415704056,-1.386341113684139
15312,0.07488520694005082,0.7730837665167014,-0.1294463961675642,0.3211253584958727
17912,0.4794394233423389,-1.8071322648404489,0.11857267700364567,0.4586308899098617
23512,0.7239462719113351,-1.5151979078988345,-0.17443474596111927,0.4239824947852945
10072,0.2253527945556465,0.08989090816603404,0.5379941665626906,-1.1800200944448094
1192,0.5084037833875285,1.3147687617395902,1.2704139515119897,-0.31448042218065747
9512,-0.9328223285838598,-1.127835464021508,-0.6361610603170698,0.07163207916658222
992,0.30167728831270124,2.541853346230102,2.4174799737417327,-0.18876162705974384
1872,3.343813127072764,0.11309051773848622,-0.20200757215998993,0.7626926398286462
26152,0.19828633064795592,-1.1151934321781845,0.6485112166214495,-0.8172784386761527
29672,-0.13189389092732912,0.2769035468591274,0.027594615399456596,0.2027129635817116
2352,-0.21076909293414434,0.8412145373318056,-1.0668273893962732,-0.5443739901466494
17392,0.11246511566612122,-0.2841163250191118,1.506493875215283,0.18165807022844557
11432,0.9340286428393307,-0.3008948050011438,0.015311942349271503,-0.05008687378265332
10672,0.34647617405592035,-0.3015230800694271,1.1960197608789387,1.534387061806571
14832,1.2752459461685954,-0.3741497708442071,0.47155414109786337,0.4191168273960579
18992,0.14186147511685931,-0.008227777803508902,1.4793790429256926,0.03425350364228865
15352,-0.44453326085671047,-0.12570678385672573,1.0187006463579245,-0.17921679755373238
23152,1.3265974289931972,-1.0709810748940638,1.3898419464525904,1.5874562477355718
27312,0.6664784160551401,0.8906640869573358,0.2269635855213686,0.3534848756060212
3072,0.1945066574010937,-0.9584093199189309,0.8977919486190176,0.5142936504228631
31232,-0.2002225409191066,0.2851986659774262,-0.6587210688863759,-0.8934579961896111
3512,0.32216014437391466,-0.5442156022404158,1.9624468497310628,-1.0154965694560292
7672,-1.4165973246207777,-0.8747974751012633,-0.6017683090682368,-0.10735486866830989
31752,0.6119707388068436,-0.7720617704889208,1.40585504425697,0.8662084724124446
24312,-0.32639008431299815,-0.5611353529778393,-0.06475999316388119,0.8642078967897063
28472,0.5283898599424841,-0.21317545515330014,-0.6950260822786907,1.0452659127214194
29712,-2.1487731232657215,1.250372380759497,-1.2677549481623869,0.24798379127145326
15192,0.6942950128026206,0.22695617908827026,-0.7409960472054942,-0.9274478658090796
26712,-1.7360769582142943,-1.5138127280129536,0.2639842811432719,2.461938168249982
512,0.7245895739960199,0.2889505979688195,1.4305595363495855,-0.3280102476289326
27672,1.6392685823121291,-0.18886003157596615,1.554547593198766,0.5085870256043347
5152,-0.3612887322073521,0.15429948793006987,0.3717208681646925,-0.09875472857176817
4272,1.266698605891466,0.7869007434738798,-0.2067301295837439,1.0354214317276118
25472,0.4565748297456857,-3.4039865282704227,1.0935789335079376,-0.2639345201394244
13352,0.8712854036775326,-0.49096247905252155,-0.8305819101392026,0.21347679119887394
1672,-0.3870566014047181,-0.2923206117087619,-0.17596342999443443,0.8915237321117016
21552,-0.24541741389465138,-0.8122724288056477,0.7862330785370525,-1.1142232638296854
18952,-0.8253769999634171,-0.4814948202965455,-0.2596928152299525,-0.4903346037497892
26632,-0.9606596905338048,-0.21927620508251297,-0.05711512189843605,-1.5614867755057396
29752,2.335222058173552,0.5261332560895012,2.182786488061059,-1.2070135192329383
2832,-0.031119939135108417,-1.0110767094621607,0.7086441149640219,1.2802005163844252
27712,-0.12129182603289991,1.3841828568540697,1.0602434827304061,-0.13128290243526364
23392,0.19798855748736854,0.6334881735550721,0.79986442846295,0.25751598868748815
11152,1.4678427625528305,-0.7665461981165964,-1.0114119170464153,0.8275993612790904
6472,1.1570364627903773,0.6851107611585825,-1.2332024376528836,-0.12284606569203554
5192,0.963506209968194,-1.0111709225929164,0.5419682020355799,0.6041073972730931
24912,0.10168884735347133,0.525673592841444,0.7910146432213152,0.7565000295585129
27792,-0.7636053780707236,-0.1823445948181272,-0.32919832358444256,-1.0014151522624108
13392,1.6551484827257197,-0.3166945586138211,-1.425191934824851,0.10692978913613692
3152,-0.8088784472976583,0.35415037660470094,0.37391066400431827,0.4575539312363468
7352,-0.8299145289082369,0.5914787459624051,0.4624833683085079,-0.2210849779393474
3992,-0.36092622640790567,-2.427875052794695,1.3052949838107488,1.0926925469830926
8152,-0.20983703666181344,-0.32711450579572926,0.17956537485994586,3.3526351173243754
31832,-1.425383721507405,1.8801637913479285,-1.036670328068663,-0.20339984786276252
20632,-0.33120385061751145,-0.39964079596370844,-1.0221287683262388,-0.06666528031907713
24792,-0.8177672848852585,0.13371825839880086,-0.994915561899872,2.1300679430932505
9312,0.3729584382948013,-0.14211872550105173,0.007734241135612265,1.1495510000508367
27152,0.5428284203675682,-0.07383100246701356,0.29212233355782524,-0.9549524974229177
7272,0.35972572297558253,0.2190020435140474,-0.007801099529449602,0.05227950662916332
13472,-1.3343584446260888,-0.1561768035724714,-0.7625799780545552,1.4491312586772984
17632,-0.6211239616030346,-3.353423863028132,-1.5271665914446058,0.012668172073400914
5232,-0.3407280388625176,0.48214441648920753,-0.5883277553780387,0.6316982145176034
31592,0.03553804862563311,-0.7573929311449089,1.149852121567537,1.9213950708172987
32632,0.04088733376964553,0.025073463166055448,0.755855773728603,-0.003973651301868484
3192,-0.29197123020319754,2.1048697650346635,1.5700267382679194,0.2267847345578132
4672,0.5558550673155005,0.12810003091220826,0.9837348601786942,0.11591586056439274
21632,0.6048730257219737,-0.8318859192386401,-1.2303181284659448,1.3656082833212941
5312,1.5648436960564749,1.4238343821284216,0.8130878732836517,-1.3330429233894214
22952,0.22984962648537546,0.9337696714487066,-0.0032687272048435804,-1.822062676024638
19592,-0.04525597314685932,0.6421259782580546,-0.5503441062148133,-0.4398868977292521
3312,1.4652336635262873,-0.16651653108488984,0.41319800328853035,0.007332457240270065
17552,0.5587288206365697,0.6973178437026627,-0.013411984876527583,-0.995823982995852
25112,0.8297679890779907,-0.21046616136415597,-0.9710088228317256,0.8319933465643846
15792,0.14402590400137408,0.8513016804041686,0.4799025570989931,-0.013528222458229358
19952,0.14807788653197387,0.897388632937479,0.5518096565989294,0.3323453004925862
5272,0.08444443049286741,-0.11142521358097188,0.6159004033089034,-1.284857447904431
32432,-1.2474790183629494,-0.18735869298148958,-2.249129017179361,0.46132767465276303
3232,0.3059981217169582,-0.8163932159998708,0.1592605311860288,0.228791240507454
3952,0.14695889478046462,0.5415616802470391,-1.0742367739268386,-0.6960475639785483
8632,-0.8421087760550194,-0.4459386639040325,1.5905008106227225,0.15961623501881175
12792,0.9584486481938957,-1.479657813597243,-0.31245714430797716,0.7755690193700878
21672,-0.08860810968363043,1.172693465698053,0.4889141806554762,1.1388231197230516
21112,-1.1171796714994184,1.9796902426190877,0.976044446117632,0.4494081549482857
9392,-1.0765428150427883,-0.008085267725721367,1.4747226463614251,-1.1894523252720015
3272,0.6203168088032974,0.46798825919771553,1.9584656103307558,-0.6559797970651741
1472,1.0164400217383498,-1.125027326943216,-1.4666469088426068,-0.6230044869323852
21312,1.9547839736638106,0.111233933924246,1.0391486478888579,-0.3445242292476853
5632,1.1953120642590565,1.315754941871511,0.07380592313798272,0.9681286074733776
9792,-0.38024329578081767,0.028546195016000562,-0.8749177510157615,1.3285407623391203
22272,0.07762697201068121,1.9858070500661793,-0.1172132977595874,0.6285363210119244
15552,-0.20279941742781996,0.6058559635453086,-0.5372688629531571,-0.40779100362305093
28192,0.08654523265117736,0.7213641919737243,2.1639077348374136,0.26576645384968256
30592,-2.0361211894519147,-1.2903401659578546,-0.056185805045750985,0.17854901767565912
23752,-0.7332425495220316,-0.10851679558500234,0.775333357409147,0.1170188074929899
10952,0.1667106429491096,0.3853401289333353,0.9024942455017235,-0.444031289623479
15112,1.5474244845370342,0.01562904123333473,0.6647647573464489,-0.10068242443512725
11472,0.14878150469596568,0.16011176681311684,-2.5775631977367786,-1.5747158873341192
27512,-0.7532660588904261,-0.4764130354230382,-0.7487990727300075,-2.525980699259388
23432,0.026719449653196573,1.465262512693555,1.009027541924217,-1.011602529251303
27592,-0.392750552811796,-1.3904749436987456,0.3876751635897311,-0.6741750771650447
29912,2.477000469136388,-2.1071028746423113,-0.9885121842841164,0.40125856448469627
7952,0.540056979798794,1.052354039616814,0.3702417706311447,-2.0855377645584183
7392,0.6883995967387772,-1.7348863990263823,0.18972401683704215,0.7793789620858037
16592,-0.0978428981638785,-1.2247883416932441,-0.4043445788255279,-0.28275222861546717
20432,0.41076379729709694,-0.7284697601117366,-0.7958498950047511,-0.5990697297273861
24592,0.757552185276591,-0.5758906473481576,0.17093584433261202,1.8028247234535233
5352,-0.05240566481306502,-0.5600380558686923,0.4444411107070905,-0.7949543878776557
13552,1.3614817788018176,0.2266025730961796,0.7171122894678048,-0.43647560744367675
31272,0.3791068450907915,-0.720468468287505,-0.26106284286564685,0.40050487655694034
9112,-1.260963064439376,-0.8591381620672051,0.17070286864889814,-1.196154731246771
17432,0.5134326427045599,0.9392020192746393,-1.1062214203653493,-0.7054405085179608
1272,-0.03544483993867416,-0.8482728472704403,0.07145140525236822,0.07507335633389255
25752,-0.19204976734311557,-1.8664793014526568,-1.0408847290404954,-0.9454575212956101
19712,-1.1580019962845387,1.5110825782066541,-2.8877391396330716,0.6127182187937996
20352,-0.05177202351342761,-0.5380945504143886,-2.263100930784102,-0.013892303329228958
4632,-0.3038616281048132,-0.6788833958491056,0.6669569535516114,0.9188393804677338
27912,0.3162496876873242,-2.4419291772515326,-0.31774750450056394,-1.30752909588681
14432,-1.5529995923357975,-0.06393182088926816,0.2633864242983502,-2.534128485445166
22752,0.9632792260454252,0.6654134853902054,-1.4771127125797903,-0.08735478271975629
25872,0.15554549582706978,-0.15680509286918887,-1.1997651365270023,1.668557102478425
14552,0.80727795680933,0.6293247881362217,-1.6189015247096818,3.2364288230602494
23832,-1.1196865460399308,0.9464759895539419,1.1670346438748387,1.274004616888625
15592,1.0023306535624021,-1.093249291515646,0.04326472214884989,-1.5656340106127098
21792,0.357098227257958,0.6154556132962109,-0.9913299163343436,-2.03837167425312
29232,0.1177013807651718,0.03940254380257334,0.25981917554093287,0.39831929212245365
28072,0.8915143672894624,-0.8034353857483386,-0.22509357083193918,-1.0922972959944395
32232,1.0949415967338556,0.8948717649168458,0.9025429413804901,-1.31850951035158
29992,-0.4276735301272707,-0.18056168867844097,-0.11315003773146143,-0.7236748891619799
112,0.0026068653965053996,0.17446695091255549,-0.6240039384306209,1.4288694234152635
21872,-1.8363984602665628,0.31931790309123426,-0.5309525900781515,-0.6199871215008907
8432,1.2054175071591204,0.26257247580263743,-0.22636448219772462,0.03574301976765597
7472,0.01198056038409082,0.13745850357914727,0.8996583552137309,-1.5015904699938618
18312,0.888848336101212,-1.2168473690290644,1.2868375421892309,-0.23034469107167924
15672,-0.20418689880093444,-1.015006051787667,-0.4816221454694656,-1.3986719825633966
5432,-0.7778149461362883,-0.2738161822240148,0.7509133625661173,-1.1173160265424524
3392,-1.561963387374917,0.7402722328332206,0.3178506549169987,-0.1016304102018635
9592,0.17831441154522118,0.15329869397895576,1.6780054892070047,-0.1484497689415413
23872,1.2205523110768646,-0.08885819531704774,-0.4289361934328032,0.11927633267436812
32072,0.8597968329047032,0.3789877940958423,-1.5469900147083613,1.1237703977404137
30032,1.6782452911918275,1.6152091003508355,0.18936846551403266,1.336499494560469
11832,0.996085798111694,0.05698810244931081,-1.3745871974423092,-0.9792491233462919
1952,0.10087570755972176,1.4614522285576634,0.4348742910608705,-1.7480307978036325
17752,-1.083452572805658,-0.7803981717402472,-0.26309916626137547,-0.20067051117644705
19072,1.83114027663292,2.0584152889662284,1.3249939810281843,-0.5455967389300718
27392,0.0789715504590478,-0.21379803726188423,0.339573996384876,0.5171917878881178
15712,0.7126847343081786,-1.6047411443573116,0.1904126116438973,-0.09868434480813798
16272,-1.9172740817777585,-0.9839188817754876,-1.8464245646834727,-0.7514994664182494
3592,0.4825899556921891,0.3322804919918056,1.7084291808654801,0.09515189031283586
3432,-0.2236102139627997,0.8111732278127229,-0.16554121069507977,0.8032399125934898
11912,-0.6029699654056013,0.4056398577754389,0.10373192158913648,0.09161756348064432
16072,-0.44430256627344455,0.2998045228126965,1.2767052443828837,-0.6226145656122252
20232,-1.3926885242127751,-1.1596698616316978,1.0422410090041978,0.287791286026793
11632,-1.9637945469455802,-1.0802853010406002,-0.300339343531124,1.1035681502933732
30952,-0.7591657074920559,-0.05366149153341447,0.8818684142128652,2.5697501615010196
28552,-1.584392000469316,-1.533014539692877,-0.24895017346547635,0.10464384817913162
32712,-1.0694823816663062,0.2917825498460085,0.22412867189602872,0.9976428106432866
19832,1.2006593639971617,0.2576868934736987,-1.472735152926513,-1.004949617469649
4752,-0.6621298140831866,1.3271693347483622,-0.03581867569625819,0.924022105309995
23632,0.5925197703768054,0.4277991942017211,-0.3501271130882704,-0.09820248924228336
20032,0.5260173529060954,0.5511810966986284,-0.48007772306746455,0.9208799529047152
21392,0.32866842430399246,0.7321680850684069,1.0010458041821875,1.098116915668126
25552,-0.681800113489151,0.3099436776296165,-1.776143288928084,1.506874058857472
5512,1.6169505129639963,-2.871706789858316,0.48348864497311045,0.2793153411106728
5912,2.8358279883704833,0.42755671239486887,1.0637093528826558,-0.5517464850236549
3472,-0.6382615873110922,0.14823751420249795,-0.06811353350165467,-1.4354988874492285
29592,1.5080929577039006,1.1799633635449434,-1.4692622422833646,-0.3730184528872466
18392,0.719951763891793,0.0444520194196994,-0.45597585933945,-0.8353747383929961
22552,-0.3497625415477276,0.08822076729984965,0.09239311645431532,0.0527015580492665
18272,-0.5742759439031182,0.6475145973977696,-1.3948291727056252,0.5859561303128163
1432,0.2994968402561928,0.0295737190344151,0.7893040955563793,-0.6973225426441348
30872,-1.146595302837785,-1.3315821045300917,-0.3465901315245438,-0.1687756569890449
30112,0.5085153571262202,0.9713881874458316,-0.118282287581286,-0.07639950070973704
2912,0.4085661028908436,-0.580379085056216,-0.36371141915316774,-1.9766836776245773
11232,-0.3280035873514404,-0.2913153530914149,1.3565995210460777,-0.5022169195290487
15392,0.35312203277147625,-1.9218844333193628,-1.7968422192615598,2.3515284727842114
7592,2.880296408198714,-1.157246507145879,0.9204992968622308,-0.5907670591429883
19552,-0.7113492730714759,-0.48561443426248824,0.16890601493638366,-0.18831296150119778
23712,-1.599089066929571,-1.3245861152023821,-0.039166297748757434,0.58016470828886
27872,-0.2213185676946934,0.34649411078097425,-0.530044950244458,-0.07208343502053037
32032,0.3447698228829861,0.10346666363601101,-0.9099132946933113,4.549174747521664e-05
5552,0.8572997604644967,0.021741970086901534,1.6826386532525521,-0.3040072106300588
23112,-0.6995516977739803,0.2420586877066119,0.035242691689202826,-1.694715576632814
4072,-0.5434863776535844,-0.437045589191358,-2.710488951526427,0.1463368989225559
21832,-0.4433571946307487,-0.8239001955005323,0.8131436290288601,-0.6448497171521126
23992,-0.23285410419914618,-0.4766852451209581,0.3438357690666579,-0.6023268778435701
12392,-0.5749725079124374,0.7018797281922794,0.20143464036065337,1.063427598750459
20712,-0.7933494410168322,0.4754395353881843,-0.6091451194001445,-1.0160169934256162
24872,0.5337087119724486,-2.1178405390839017,0.4168141600051802,0.7021725399993499
32192,0.0005118175591784142,-0.09612743952399153,0.6607457402599154,-0.2918464096593459
22432,-0.6947920010651991,0.09302683146012446,0.06233656530538824,0.37606290432455475
1072,-1.3644497516811134,-0.008661268166460307,0.3031213601342761,1.0618586599820545
30152,2.3027256786989954,1.1128354627683494,-0.993036411056096,-1.1852452517187761
16472,1.9284487825031662,-0.06306847230425748,1.2318906580121058,-0.1881684673310086
7632,-0.5552515776869638,-0.9548405999535724,0.5212655972769189,-0.14509669752516988
6392,-0.6788242086672799,-1.9233981867173704,-0.1562503266315612,0.007173920610958448
26032,-0.029376172253136146,-0.7464446880972806,-1.6993644395662024,0.6072138803509654
5592,-0.019416291602837345,-1.1672037915583349,1.071719745660393,-0.8493038924085519
13792,-0.1097865015041507,-0.8051700837454179,0.16213948906704514,-0.35940025105052065
592,0.9202860020078467,0.7253119521657831,-2.2496779857289395,0.9508782239271492
29552,0.5852084160856664,0.1604337216425979,2.0041922032479174,0.2552725129994584
18872,0.2608523000308689,-0.4331997079527231,-0.49259879224310127,0.6050940995649365
23032,1.2983743346603627,2.7192391606378004,-1.303974325074863,0.1329569498293573
27192,-1.3070496614655998,-0.3024716661089823,0.9287965617811448,1.7085954212461807
1512,-1.7832069264037156,-0.9831105696075649,-0.50027368429576,0.019396023849025966
31352,-0.22902839301615377,-0.26667874737711084,-0.9443866179076381,-0.1532501286071246
30192,-0.2177203604379627,0.17251655277870429,0.5150511044965862,-0.6119514261021659
15272,-0.7485695000758671,1.1229550008944442,-0.44687383016568705,-0.10631956700981827
28152,-2.0079760904844446,0.47423492502686015,-0.6850664540398366,-0.5750909567367617
32512,0.30004209436929613,-2.2474950871185047,-0.2277116989294959,-1.3045158715760103
15872,-0.3561225471395769,0.8851000189211387,-1.5555384217705004,0.889203704593842
9472,-0.1919520362908428,1.5754687126898448,-0.5529176318384378,1.1092275561446634
392,-0.3735721092506245,0.42562364127964386,0.18291664112216502,0.15348634623906965
8712,-1.3132245072317665,0.6332055687723412,2.1948761409855644,0.31945751268193445
24072,0.3116343092339975,-0.7926715396485634,0.7468871758675936,-0.6775385272127185
21192,0.1313230201848849,-1.481800083636305,-0.8442580473453382,0.22899889616572686
22032,-0.11923458816149886,0.06505782742805347,0.07035575225521555,0.129889779628922
24152,-0.5359757346622315,-0.7509259927270794,-0.0935703286058929,0.20972079761213733
1552,1.0672799035473175,1.0921910147528946,0.5521110634987262,0.6594493179841849
9752,0.3462669312291336,-0.5455519506116614,0.5604775331833305,0.8797391010684656
14032,-0.05994390270668514,-0.4566876361337896,0.7281361080051868,-0.14954046199643042
7712,1.2603568014160274,-0.2404067165380213,-1.1137822296127278,1.7394311956851025
18352,-0.24882622157376508,0.6641580869956324,-0.35031123662801544,1.9985684775055468
5672,-1.1024911570776033,-0.7485798313047174,1.741137007812861,1.025173292958242
2712,-1.3625130176803566,0.31876111017606934,0.10959629908596269,-0.05589161836720048
6872,0.08356661072867813,-0.5625022436134265,-0.6727232401013049,-0.37636167516202135
11032,-0.8824248465468967,-1.5590995370543792,1.2523728032708412,0.0013349625300713508
13872,-0.09209636532263257,-0.17440586303565908,-0.6497997117908026,-1.8759458626855754
2312,0.5762726664544854,1.81184744980531,-0.11040680032532642,-0.19689162728349713
31312,-1.1921780240310715,0.4024969591919707,1.2258634608415047,1.3470318009092028
1592,0.5987323387852655,0.5343409300841054,-2.5959882877672107,0.6732858634797423
3872,-0.5947767911313044,0.7193596547898413,0.5128753189298972,-0.2993909341518069
30272,1.437255989377165,1.0607682713719202,0.06903454721576731,-1.1646865337073675
32352,1.0613878248490813,-0.5726230970561877,0.9909163765630795,-0.9803796673993559
20512,1.2707297312327894,0.37675741058245693,-0.9804364698019837,0.714029853763542
28232,-0.744232918610496,-1.1698671675302712,0.685995052888433,0.043842764573943836
24672,-1.2231823657349832,0.8667154191626453,0.5378693981205058,0.8097962840035456
5712,0.21975031582692695,-0.030999609313749704,-2.3412538400071865,0.11021480069392854
31672,0.28021417467095255,0.1095864355111058,-0.3177993256216183,0.0714318609676349
13912,-0.04747004995313676,-0.7835869713933679,1.4318552705041476,1.1047905752494733
17512,-1.8638508641244917,1.4551965496903299,0.7641919087525348,0.5239650828120108
25832,0.7417411735002477,-0.9818878616077034,-1.4865426802781234,0.37818905115898344
1632,0.030820883688196285,-0.5691145555812076,-1.7007437056792742,-2.070907976760313
5392,0.40850984263701884,1.4160656799021307,1.778649345537471,-1.1185874515353422
6192,-1.546807718276858,-1.428441275063733,0.5582064540436478,0.42493869402270223
20072,0.5933599659453833,0.4537718880232508,1.3989855566807763,-0.027615857879921372
14512,1.2511653414893646,1.7714057876039166,-2.119001157222853,1.389254234558521
18672,-1.938838689870831,0.830333462984286,0.3426305632401514,-0.22911001620136698
22832,2.067870814732009,-0.20558834595140213,-1.9139571144895215,-0.5534115252185322
28272,-0.5939263489236215,0.44882135143512175,0.30271154911763065,-0.2951150649591748
30312,-0.9726329005334603,0.46794093230012473,-0.8698613861383127,0.2059088754027721
31152,-1.9342292336877955,-0.3412169120902672,0.40298844472465845,2.047552740136006
26232,0.0895023380550788,0.1437476477838046,0.6485490918898377,0.7855629685771797
10472,-1.2436926042928511,1.7364005065618449,0.920851229124732,-0.8634518792836501
11512,1.2777397381864521,0.06367850505397352,-0.5800315606379773,-0.43119895629223787
24192,-1.4756435421709801,1.0546062041163733,0.2729219731110503,0.89920111433172
29632,-1.2382357857042594,-0.7748643786010383,-0.8070933731286801,-1.1629456557784497
17312,-0.37258485541030667,-1.5855251870767935,0.8237498683027895,0.4886859085371135
32392,-0.015920765129976228,0.01790211856299377,-0.051730887528153226,-0.022907464280348008
9872,0.527459187126493,-0.03097277393303086,0.5663810365796526,-0.8542185019296066
13592,-0.33314967364891696,0.056678403581447115,-0.4926775060823768,-1.1693434972987047
12672,0.8201181389332695,-0.7952850324310663,-1.1000540489766677,0.22192373618510555
20992,0.07942547745209182,-0.5082402932845413,0.484052964955059,0.8833667653886587
7832,0.14680265062060446,-0.25722254440396985,1.3684586941503945,-1.6011588212517993
29312,0.4110400877265337,-0.6962057359879082,0.21205263737244526,2.2333174756492182
16032,1.167900017575363,-1.2707570678593514,-1.551955769576873,1.0274172649030675
18032,-0.771644368719481,0.5165535072512404,0.3601747433195456,-1.210564701521024
9672,-0.6572869665696524,-1.8752554622262185,0.8004752987471345,0.4812459554284697
13832,-0.4761807890314033,-1.3628995642351762,1.0841738097560119,-0.5321240700751535
24232,2.2254707555275677,-1.5695422119123652,0.28665287258912375,0.9827688696752372
22152,-0.9954996046111527,0.35611839232234704,-0.9222128231386545,-0.30100120973303124
1712,0.3919126109155589,-1.0182214461272008,-0.4870250258268544,0.3641963138586147
12232,0.39344938878588076,0.13431151803117353,-0.3966889463945541,0.6862980139946623
3912,-0.804467320441261,-0.3432223956689047,1.2680436765498857,-0.5713270582804482
20152,0.14164223886235058,-3.2849855931883867,-0.2620787409369981,0.4368586848789005
19152,0.4738510933998972,0.9392636415689366,1.1835824561882624,1.6474560799629798
23312,-0.136163043202065,-1.097278992147356,2.0335148484749883,-1.4409991394590878
7872,0.49407909380168313,0.6962436528083599,-0.4998107054501933,-0.14018969226448963
26912,0.8975108460040567,0.26003502213046925,1.1332669610741626,-1.2022030739925285
31632,0.5547830560218823,0.007004169272953163,-1.491270242867884,-1.8705808096016538
5832,0.20077893423348883,0.23815680874934023,-1.417711307905872,0.5809427174231467
11992,0.4159698756662162,0.1644067861180567,-0.9131837471253595,-0.6648648690349876
3792,0.37135942930970006,0.09190361997666979,0.62214830102617,1.2879555635253548
15992,2.205452996650202,0.6114647165963114,2.3690139444391494,0.3796311291215519
24472,1.984755639331223,-1.1670231333364665,0.6081061775300022,0.01550093507563843
32792,-0.9472745062430835,0.48784058461790136,-0.029780485338268627,1.870123457929468
1752,-0.20835257274736524,-0.06844907032348768,0.13642290158827503,0.0780320366099426
672,-0.12304593632650793,-0.22211679753737795,-0.6264142022837198,-1.435080974369943
4832,-0.5393277778314173,-1.582209172957842,-0.2636361530618532,0.17827600427847007
8992,1.9109372479427196,-0.1908533180172229,0.36881464579687484,-0.23877902654536418
9952,-0.5176495278255782,-0.5305150703386946,2.162737569524537,1.3208576011440634
10192,-0.23688561619483417,0.6041393851766427,1.7251607915875145,0.7891229981704193
30072,1.387780239137843,0.039834178243490274,-0.4995165902272865,0.10149072137019712
21472,-0.030582723679495907,-0.3334383172180909,1.1906353848625595,0.8698686018079128
25632,1.5142142500751474,-2.7469075495578616,-0.49008696014698316,-1.0876144032469723
7912,1.1399393238230386,-0.7372919936097482,1.336443637758829,0.481466444927492
20552,0.24487706523848896,-0.5268547702095607,0.19808975469976262,-1.3411595351258028
1832,-0.3553096777321555,0.24514146111649857,-1.6464819198094098,-0.9571772405795873
5872,-1.6313224904070556,-0.17984424863886073,0.21155913627365802,0.7371320566824978
19752,0.5727675702058018,-0.31528295429350217,-0.2118279826437882,-1.2662735024732
18472,-0.29558712328548703,-0.009877235567734148,-0.48157436202712756,-3.1330844025503772
14072,-0.5687946775961734,-0.5342332582695232,0.1455222948530685,-1.785953986780274
26792,0.7730634904744428,-0.9681636998590399,-0.08890423903276826,-0.467347716703552
1792,1.1937691225498375,-0.5561833479754748,-0.13002723123518373,0.19418689919455304
13952,0.0014093423363367922,0.0403668906470342,1.453931353571669,2.382625016979198
2992,-1.3959850239317062,1.6105072629631216,1.29893546953614,0.26372892253141916
7152,-1.2814731493697191,1.113271644316715,0.2764988859021574,0.3502661739714982
9992,-1.8468096020509526,-1.4551228535636929,0.5377102348546192,-0.49533766048029837
15472,-0.9689647345727082,0.9943255001965478,-0.7812597114835904,0.24728732689235566
23792,-0.365647468788745,-0.3148433501617122,-0.2994165145593803,1.4736185259858288
27952,1.3297473064641094,0.5949134827293943,0.3688479996452504,1.5647807843536543
28432,0.6454724905491881,-0.37366090159147547,-0.4479094240331551,-0.11569457125033149
3032,-2.190343620431033,0.7795102232037099,0.5711160448409367,0.557706991901875
16192,-0.8118631515270209,0.1842604657735568,-1.1731915407651783,-0.11368331459390812
4152,0.6987580296584341,0.9889064533582259,-1.019600763695267,0.7532639389424826
26392,-0.6056740823229104,1.5255979206856116,0.1262844455697571,0.5997782321931505
8312,1.5098563236128062,1.1052126656638928,0.11963532503589104,-0.8591032103438937
16632,-0.9086565310513235,0.08111247714357864,0.9618681218034185,-0.6936559928377032
20792,0.7360126010033783,1.0889199797766467,0.17061022608436557,-0.8509797424003509
24352,0.8306782329340223,0.27310873082816656,1.203906040263988,0.839464459218853
17712,-0.36395642436627323,1.7212836050141498,-1.2833337126792381,0.07217276316160812
32552,0.8745496433509837,-0.00935228759062786,0.842821598399239,0.20214246938542765
4472,0.11093304533352395,1.4332485614035548,0.9529752949445763,-0.9518546583844486
20272,-0.2846013866235084,0.28734193618540593,0.9616999692678189,-0.7420229582334558
6792,-0.4962781654969465,-1.2904386100257843,0.25919047279077145,1.3082086553773524
17792,-0.42497516264855995,-1.1803403353161959,0.6803866408099081,1.0036123643807953
21952,0.7807339501010422,0.5006917697143133,-1.677442687924636,0.3694768605039341
26112,0.6127137734366946,-0.5331640873276772,-0.9557554708671456,-1.4447244051248678
7992,-0.012401837212128682,0.35021003104939286,-1.2128300089514492,0.06240751510938604
5952,-0.15454608118497404,1.5185480125191704,-0.2165172552880404,-1.8411451112088497
6112,-0.23274356765826404,0.04402188928820422,-0.05342898048204049,0.13268710588970717
14152,0.7997913770639538,-0.7503654698366836,-0.5100100371648429,0.8862631059146133
27272,-0.39320670466038987,1.3973753660336192,0.1333543134691872,1.6726788161095132
32592,1.4061952410339034,-0.47560695574169254,0.1968112861639909,1.4126172309855758
10552,-1.0101059339933869,0.3919167213522987,0.6724756697129121,0.16935587719911527
11792,-0.36682289216831365,1.6462019913317951,-0.5721608522096271,-0.11971840631910757
20312,2.502298973225249,1.9356836750829067,0.959672999160196,0.37770827145689245
24272,1.1707043579953404,-0.16093966892776568,0.6116002462392707,-1.6433252184846288
8032,-0.3793144615939894,0.6280408281699178,0.06144959587862335,-0.7781620745728124
20112,-0.36800860888563947,0.06704679930294846,-0.039541145120910434,2.029909129541933
12152,1.2984258664368677,1.0033715344791492,-0.1189119578875622,3.3865472721168275
5992,0.8099477894341656,-1.3343931247121814,0.9685758969943001,-1.5755856898775213
7512,0.9585629163109745,-0.4344769236589969,1.272476672749679,-1.8075180800484438
12952,-1.5453817999648154,-1.6564743633621248,-0.07928392602219668,-1.0118156553630655
11592,1.0922512817564847,0.684104754644127,-0.4739217653567786,0.2038801595022576
21272,-0.6956191100725705,0.9250550517243487,-1.1866884845741286,-0.6750782911628256
14192,0.18075296938764202,-0.7766263431975673,0.412329955651834,0.34863041553064966
9192,0.8172628963553521,-0.7057674307938592,-0.179914005956486,1.295583730757574
22392,-1.0352167345870629,-0.4981570733974562,0.5603929607834386,1.0301442959123488
5792,-0.9001392472143342,-1.9788193204100262,0.6667825477879038,-0.8608650887314016
14112,-1.055380263318559,-0.8370036129448898,1.0589138156512274,0.6152610119627663
10112,-1.3870437877723354,-1.0095391642418405,-0.6827153161370337,-0.4674753745834788
28992,0.8676215488675878,-0.8009031487641893,-0.5339501817889855,1.119156397689758
26592,0.7964336591637585,-0.3319781582459499,-0.662522978659492,-1.0812322771049279
8072,1.1400823693515263,-0.03423242137168864,-0.2873508730644083,-1.1592752481415185
2792,2.1419996563753436,-2.56151122193802,-0.8596022911582556,0.06704035206188358
26512,-0.1390609919672825,-0.3246735209376577,0.42262944034266825,-0.18157467125741755
11112,-0.8471758087452681,0.44752257454506134,0.4694892522243189,-0.010638558455933395
19432,-1.8449304022873192,0.8437467860115132,-0.9353214727369928,-0.12351857979423732
872,-0.053594995174045194,0.26192703065582607,-0.309647492183506,-0.62047541096332
23592,0.5095490787902293,1.0630247525998504,1.03241304055786,1.1590453904558289
14232,0.5828073753459541,-1.3325967400232306,0.4283201268641474,-0.8984921754484138
27752,-0.6023404990572243,1.023336029068323,-1.6906110630701594,-0.948173192001351
31912,0.45503320393640206,-1.2043275369803552,-1.3224721366849275,0.2963117477119123
32672,0.998454716181478,1.010983098203884,1.4782197819083396,-1.4277678648770482
27632,0.07906647760946253,-3.039268438519142,-1.0695747410450107,0.29258792394006
12272,0.024058221430769668,0.9773893691518859,0.04619134387981928,-0.010444642515941257
16432,0.5093005889169813,-0.11193683186782354,0.15528645233734417,-0.7075648294351091
10152,0.9501106809442388,0.9836803641777525,-0.05361787142670554,-1.1659116735598276
20592,0.4505106198216715,1.0186079272349218,-1.2977438602040499,-0.3799545751695816
8112,-0.6754427956531514,-0.1423233236681439,-1.6024744490014335,0.022893770826818104
1352,-0.5725461267807589,-1.2395425578073314,-1.1999638919982736,0.8566689121639302
952,0.32172521983325597,-1.6711371835421607,0.017882846967007197,0.2408556421115804
5112,2.126295269226171,-1.0716133272183017,1.6295786548476074,-1.2537197306511587
26552,-0.7091197586717369,0.13634930297831313,-0.4070439364417693,0.9439391448940869
13432,-1.6304444027679308,1.7433549297783406,0.36590856802320415,0.48122342744581004
21752,-1.1699831019889657,-1.2731693386648852,-0.3844080893617787,-0.4788875039722165
25912,-0.9202667984773437,-0.3478437791977891,-0.40004002223358986,0.41670454407547186
14272,-0.7933370976283899,0.22291953663047603,0.036061102745859844,-0.48899021818365707
21152,0.044022352179574765,-0.1858199308198213,0.6291999675393288,0.40250397914862984
31792,-0.6587328336459884,1.9529703407203083,-0.8035631403057601,0.10193687342112608
22472,-0.849049808928754,1.1192975409130013,-0.9042765091666759,0.020016899110618804
6272,-0.6217621698420743,0.06651761938615856,0.8994900970406966,1.3587261313326693
10432,-1.313770664854477,0.13550313193062302,-1.4717846285915808,1.004828254690273
30672,-0.8248591959220829,-0.03864537374479647,-0.7236692218663899,0.6127827192002473
10232,0.43627069378975125,0.6108547033999092,-1.2066175255844875,1.440491330347822
22912,-1.7670747296127245,-1.2377958799184638,0.42312942454331537,-0.1958976687649195
27072,-1.6404398586336457,-0.45463057234693544,-1.6153473536230842,1.4949668977373707
26992,1.1819478134180756,0.7404769325375617,1.1145468693814373,0.5737555233876904
28632,-0.43065392322850204,-0.30423628571432476,-0.044509741469238764,-1.2118138518428476
7432,0.5425043664921226,-0.15355200289242135,1.3611724904343865,-0.47074444089355194
16352,-0.5394409589528728,0.6654361114087028,-0.9663077549150472,-0.37863209610914156
4432,-0.4366526228166681,-0.9421284228762652,-0.846547598863681,2.621989879496022
15752,0.5233052619263981,0.7824051213583975,1.1108866604970487,-1.2546756680011
19912,0.7775372030039954,-0.4840064354828083,0.3047916632726691,-0.3455052246421393
14312,-1.6129982045834304,-1.857083332878087,-0.7713344794700143,0.987390741491909
15952,-1.8680470840882188,-0.2765527655073453,-1.263745815714633,-2.0008342092609874
21072,0.16511013537769878,-0.40861619403952965,-0.5225929859051964,-0.09889105225764158
22512,0.3235548087702339,0.8401757975750241,-0.2484844329906455,-0.8083115238599827
3752,-0.7815215354878746,0.01569541206810033,0.3506286398193982,-0.6605822539529458
1912,0.2229717106270731,0.7094947999034421,0.07344581122385427,0.5304430192571545
16912,-0.8812578612197273,1.1908989376808174,0.07927701987119011,0.11599227988863088
20472,-0.31466879879851617,0.6322943360391422,0.49987222380207663,0.40091353084946474
25232,-0.08039187653100463,0.22381403089062427,1.161410189344513,-0.3193158675921421
