25164,-1.330122548497803,0.31859116482849337,-0.10491485793241133,-0.14415955694120236
29324,0.20295570270470167,-1.8223349531347348,1.463379472799964,1.0121540502532993
30724,-1.0936438197256908,1.502651026507218,0.8175359846488163,-1.099949698278447
684,-0.6861728547179702,-0.6039898053128657,-0.18196309952735654,-1.233779014020844
5524,0.133583230468654,0.20298024224149283,0.7888479377573199,0.09230364842430748
8204,-1.4770419022011942,0.6581489535576691,-0.8436027142634658,0.731777018043297
16244,-0.021937548420829914,-1.116617251038981,0.10149640055075984,-1.143468337048084
11484,2.690714798691989,1.2481560466168882,1.6728730388521982,1.0037656556229981
22164,0.5439011972952243,-1.5091675464652752,-0.8628923288746558,1.2634438136835726
26644,-0.1867735708389824,1.7648910505571689,-0.19816456351351955,-0.4991363624596611
15364,0.6779893519311895,-0.5446017249010439,-0.3891285235261588,1.7642995239514225
4124,-0.31576456895926014,-0.8633385663210377,-0.3242175669110384,0.122734457782052
6684,-1.156708056752382,-0.620910572705169,-0.4475409736848144,-0.4344181336963149
10844,-0.41254186155684425,0.39658731919456597,-0.41833327890838967,1.6463491318401597
32804,0.7014765351449426,-0.08581633232609132,-1.2313797914025915,-0.49298906462858744
27484,0.7202177366636312,-1.6494274095330415,0.45100448004902255,-0.3875024251146627
9564,1.2637255661619848,-0.5143558538661256,-1.0504643529240436,-0.7920572726113291
30764,0.9240303822047969,-0.8569613829967873,-0.5992678155062382,1.2073612678142107
3684,-1.4251158387888383,0.9745833175367806,1.0984491048794909,0.2879428725004177
28724,-1.0156352315809878,0.01985363298774246,-0.24239213384878505,-1.022861390728211
12004,-2.250792120530142,-0.3313374724501337,-0.5814241855639631,0.6924560639642806
20324,-0.533545494290493,-1.7089874595362413,-0.21130494474903744,-0.8353713950330831
16444,1.9367068762203643,-0.7346405753628363,0.22709087981911835,-1.4480786733125113
4164,-0.6069558609879281,-0.6322081856005569,-1.0565786401825528,-0.5217519213414452
4844,-1.1105674297593213,-1.7180938208605763,1.1128296713971757,1.0160831918708244
9004,0.1199105103805,-1.1827413342916873,0.8540481667175155,0.23872168653369438
28684,2.227571115081589,-0.02021567539990386,0.28961537212247346,-0.05570414832360114
12364,-1.3845974639137313,0.5068431472967551,-1.0906161522306808,0.010656160764378045
20564,0.11005862483962861,-0.07681685586392031,0.11165879902955876,0.29366764702339765
9084,-0.38035630040650686,-0.7021164806456652,-0.9133168698881176,0.6501876462100382
28004,0.032309686622772615,0.47965109351352503,-1.1947629406605544,-0.3814967397618091
10164,1.2394540381079147,-0.7655526663484623,0.5012548516971228,1.2745094678088322
18524,-0.23605143015797714,0.4715750758696101,0.04754989677481433,-0.5052444501523314
14324,-0.7549094108738302,1.3471098084971895,-0.6099048747933666,1.0096118445389133
18484,-0.16917153286546963,-0.9226741689514872,0.7294198172244643,0.027614850642693315
26804,0.23618843487394287,1.9185738143186706,-0.39836836840859197,0.3259092528623392
6244,-1.3065697116437622,0.22922574275937851,-0.49482707914426627,-0.980041028284961
11964,-0.8517039896245079,0.8220767168796704,0.1906633886758081,0.7490949852766652
31684,0.70562830656796,-1.4468614529225805,-0.3549905371276283,0.6210369096555265
4204,0.011306911166263216,0.6636012281427506,-0.5232696934353279,0.4656544800740148
11324,-2.400447269575721,1.443267827857569,-1.0208511898244395,1.0829146858739436
22644,0.7604918336046632,-0.19438055214788072,0.8510675142046015,0.7283625524286751
23804,0.6929411176878674,2.0352452740853173,-0.8024747473766244,-0.6986138991936128
11364,0.8004303805931658,0.45967889329202577,-0.4381641789623649,1.0345924353541809
31764,-1.1383581531548064,-0.6715107282435508,-1.023905406599317,0.7965712866191251
12644,1.0241238150490652,-1.916350627421842,-0.22022110182425156,-0.6204261605132689
124,-0.3112733077927957,-0.03751863596366964,-0.6003585843751262,-1.2283816095181193
4,-0.831134036422189,0.10956937194787908,0.007507179913407042,-0.9209373822064225
8324,-0.5222447066035973,-0.17935466506598102,-0.4209960917042344,-0.6199328195158276
18564,1.1523964643777371,0.03843648355038264,1.6477842969001733,1.0086416552728128
16644,1.8619511198373508,0.7856179981860847,1.1658871061459264,-0.272742106260794
25964,-1.7074254748143238,1.0648033950373306,0.5148993446716517,-0.9315672474389702
24964,0.5410728042860685,1.1317153515216432,0.9168897926645138,0.15680393299980916
16524,0.4791815685156733,1.8518557944292746,1.3571620889310105,0.10010631713953551
2524,-0.2678027187596748,2.653186866910595,-0.1521594357507687,-0.2805181112372113
24724,-1.5556238278619425,0.931653509626363,0.9492947024176389,0.09416229029946513
13644,0.12911435129501758,-1.938286068859052,-0.7840623549987369,-2.0062365202240118
25284,0.14146484694186995,0.41762588238547765,-0.28614551039808905,0.7647571326712861
17804,-2.140924843247117,-1.9474606514873685,0.39752779379277536,0.9184091085987436
12444,-1.6983373925530822,-0.4971870023920039,0.7277945676466983,0.5489857438046064
26124,-1.312201107735634,-0.7665982346407092,-0.13826296874441144,-0.8805231794158235
30884,-1.7583811825176565,-0.7324900742906241,-1.1118895614998947,1.193948222422153
2324,0.09592268782943807,0.9009690464258449,0.16636735966799354,2.6739655518638337
29724,0.9640648356488704,0.05284646543150202,0.3983023881337033,-1.4400684977288065
10644,-0.42650226067244146,-1.5292235180974192,-1.175105753779201,-0.0145064225182691
18604,-0.34591566439119203,-0.09183796624333672,1.0564999198474152,0.06438989335745779
18964,0.3546843564454648,-1.9228123066150844,1.2012831485367073,-0.22053890854612979
23124,-0.07602582014068826,1.964472005544194,-1.3232008861958209,-0.9448246875813225
27284,-1.3373161412563055,-1.6915960731835546,1.1137724699990725,-0.2833842288998263
16564,-0.43332567086941465,-0.3007114163671844,-0.4554235614235136,0.733003647404425
3444,1.3635419827563975,0.023179290584627824,-0.06005100103727318,0.010408547297289237
3484,0.10175915570232995,0.7655552219940298,-0.7189474705050676,0.48046281681955066
14524,-0.023849431788976236,-0.11909708577093155,1.3819662763692602,1.4561572448527431
11804,0.5909376607473259,0.8724128566242348,0.9620562237081213,-0.027508631580291817
20124,2.282930350039575,0.030648858962247973,-0.22483912218477847,1.4272026391023513
22724,-1.8543548073401666,0.2998800967622962,-0.5897149097665331,0.2140665124002928
724,0.05454702629721142,0.6392981687049546,2.06152351620767,-0.17892210718530374
28444,1.0084838366257203,-0.4822534469091168,0.16282791973802632,0.020484731807318947
1484,0.7844721034131454,2.5707931548561263,0.055979934303107194,1.0154389090563387
28364,1.028671552846161,-1.053063767561449,1.1114473453551117,-0.40739134552696815
30924,-0.26444441185612794,0.05084370972883308,-1.2465873930797948,-0.15808351921185107
484,0.9063870017256809,0.5865207852591032,0.06267534436681448,2.3866883910423327
4644,-0.48228669131607727,0.3123331563237404,0.03587773906279389,1.893419941462468
12964,1.1821853247764764,1.96428102675288,-0.8666389206160482,-0.45574878303311644
28884,-0.01954835130815148,-0.3333216161006238,-0.049966739590932875,0.2283568030898035
17124,0.7804398483185557,-0.1181114058973999,0.9849140874463568,0.7834610247200761
21284,-0.8249865001154412,-0.7281160832793273,-0.6963594648248563,-0.5994997256449043
12324,1.4802931743883208,0.46480984227414046,-0.005590360037312781,-0.3383584088965437
6364,1.545104517052528,-1.8707471726335752,-0.5506071198360023,-0.8053635665260039
14564,-0.085506648024179,0.1459299650198482,-1.5674195567179317,-1.1291290516112276
9964,0.06897892802582307,0.9419102010843856,-0.0688559965742993,0.46113180759454986
14124,0.7201056337091448,1.6383702274498189,-1.3368562954864676,1.038952083468858
21884,-0.0728928175916668,0.22137747804225946,-0.9532378324470169,1.4582146273355259
22444,1.172670109882838,-1.1210427693577818,0.2638980983957156,-0.9720799716664882
12524,-0.39095861608513505,0.8633115830658941,-1.1763783950138942,0.5261355237697629
30964,-0.9120990923394643,1.20562954047335,-0.8516315331711413,-0.9571668397557767
6964,-0.707155109238874,1.6242635078397218,0.2051635511868116,0.14713252139614597
26324,-0.12489302765076234,0.6403394095519868,-0.16793144135399796,1.0938205974881547
28924,-0.30603685836691236,0.4246086452993766,-0.4266124491584175,0.3345365422169008
27764,-0.5943350858331606,2.32851660727856,-0.647768850282225,0.6028554063743978
6404,0.011282405772679013,-0.12430763068723288,0.36520068111546106,0.17825488360702163
25644,-1.0103985488087082,1.6389129238505553,-2.2375626906721413,-0.12607651247106663
8124,-0.16533260309879616,-0.6368050125103264,0.9330635350905115,1.1585169262339732
24844,-1.946885089084434,0.4271678108833293,-0.23771656451449408,0.5761475188216807
12284,-0.24043205865979797,0.904750049113471,1.7408892970755097,-0.6581490119011187
16764,1.4287029406554521,0.5984574916823255,0.7380132584445397,0.11091355699099667
24764,0.9519795530603056,0.46552777076376634,0.07297015325757526,0.2002641128305654
12564,0.28930245260823145,0.4215797388242524,-0.08631097408799747,0.13396710987333216
4484,-0.4757947751041415,0.5185252642209123,0.8775855661380936,-0.9657738738424542
27524,0.2804837398159934,1.006252706756697,1.4024668299555132,-0.051471141841839395
31004,0.9282342184252106,1.102249959487678,0.7328811929499931,-0.6117820123565237
8484,0.5242419732490632,0.8940087221048791,-0.861928936055753,-0.9508049873404324
21764,0.8316495376789457,-1.3467500075240209,0.47803807855463193,-2.1683568796998975
24284,-1.2358602533858654,0.38040486361461806,-0.45506018187733643,-1.6158617538043938
26924,1.0225499835361647,-0.41344919583353157,0.10040484117708867,-0.6049237931668096
2124,0.2602955533178984,-0.1816512248403049,0.37474345367327155,-2.414174326502353
6284,-0.7842823057350172,0.3041460223186323,0.8260186133583957,0.21980858856998756
15564,1.2167934681910622,0.430231433358355,1.3961666862871034,0.6055915389861588
3124,0.6796032326431996,-0.580125505671081,-0.7663788349053798,0.7355590746309582
22924,0.1737203362364765,-0.7265760373015032,-0.6129365351999968,-0.1008671139835227
12604,0.2933148440392161,-1.0252459456431422,0.13938689282673744,0.08309796252390905
31244,0.10231324628010974,-0.15152019303162095,0.7960781749621421,-0.08550047464095177
20804,1.132098307780154,0.4402171812492261,-0.9259505879919432,0.5517972558451404
7444,1.2522528267691926,0.40449711232026325,-1.2381310356205568,1.214810703395034
12684,-1.560511201413585,0.08151586360154416,1.0726469002295491,-1.6362146151959651
15764,1.0565429232173356,0.7041430892075339,-1.0222284414293525,1.3374718858667867
29004,0.5078831271301635,0.2786807328552478,0.9728952583573329,0.6874469283779253
28244,1.2481509444127967,-2.4674111497434854,0.4101238189858665,1.9429580622085352
32404,1.4541279902200648,0.16819820798608465,-0.8089466050468066,0.10296584662674915
6484,-0.8348996773147569,1.2604773352489747,-1.3139805595992902,-0.4989878092644028
22244,-1.5611554523640903,0.5176936265711585,-0.25155636648768037,0.4959324713596834
24924,0.24199041194217985,-0.4413874318568922,-0.6481912049962227,-1.8788662706156163
21084,-1.9364756859132408,-1.4180152209563017,-0.43569496875836333,-0.7997505125328498
22884,-0.18659694255635279,0.36817332406135816,-0.536965882971832,0.4372719677772929
6204,-0.2431161999999694,0.493358661424984,0.9091790872663037,-1.2509412078550168
1444,-1.1588001035534423,1.3737489584922096,-0.1373818956225584,-1.685110672354916
10604,0.36988469273010677,0.7093418258172265,0.43938381981735086,0.5462740464562877
18084,0.905280593864035,-0.20551693542008692,0.0953999004725791,-0.2514203703968962
8564,1.7800338961380406,-0.1213375968779941,-0.7050732330928752,1.275065811435446
31124,0.1615902859096112,0.12019317100626228,0.4209663306098288,-0.0379980304550383
27004,1.1853329617111659,0.13313276894534828,0.07233698080616709,-1.4370066079205137
8404,-0.1321525660383947,0.02601186864141722,-0.0913193520522121,0.10841829841558093
26844,-2.197964589091656,1.0323197866612621,1.656603863392422,0.878081996819202
6764,-0.32670333843880606,-0.8790518689668774,0.6365208975026735,0.44804777294498344
10924,0.3944145355149488,-0.5431580899290336,-0.6417149149894609,-0.35999605818720165
14724,-0.07963585416735897,0.4303159007451398,-0.02990329360062767,0.7576296584834228
20204,1.377127207707009,0.4078489069632685,-0.4096547767464379,0.6474803225562398
2444,0.6974332991417976,-1.0841506536246455,-0.40390615273663055,0.9708445122518429
31724,1.9914307317298292,0.41663347375718096,-0.834016846251638,0.5653338240400885
4804,0.718573439552422,0.29739546607105766,-0.3626270337572768,-1.119403245365257
3764,0.7076669145855875,1.3846373586241016,-0.6587121949573165,-0.3173907210888347
20884,-0.5360233460395369,-0.24368249169879155,-0.2827822280735195,-0.08169405223952177
12084,2.492770331036031,-0.7346439919830532,-0.7476483670731353,0.8241663946653012
24644,1.4032372199035854,-0.24170697748750022,0.9140179059757668,1.4693831726527693
20404,0.22696020004932058,-0.1459420426787129,1.1117913266346477,0.5278603683217611
8604,0.061556630473133936,-0.19241664086685167,0.36552534019221505,-0.9056004883725219
30404,1.926044692642646,1.149583715264489,-0.20194906669841825,0.08667275437533885
27044,-0.6143411091412333,0.8733683260683365,0.3397828288742807,1.5026702681905129
764,-0.14638892422465655,0.8654322372944327,0.8968931484930477,-0.6879532475788771
4924,0.8361671189904545,-1.9846574965868171,-0.15990196789684602,-0.03651426890919831
29084,1.2383202236596043,-0.9114783275564275,1.4458661744453982,0.2675108913432483
13244,0.5416312899279416,-1.749282750529441,-1.031331367493976,1.6455339478401914
4524,-0.3330336138177104,0.6740744337803783,-2.101141149663145,-0.4228721815428302
21564,0.32789650061486225,-0.17869730649834034,-0.025084708158488286,-0.2424483769399974
25724,0.5998685283908007,-0.0747435027448164,-0.0028181240528496743,0.2501007737732598
29884,-0.5558455091669797,0.31021125633840047,2.204247652648853,-0.9257796637416738
2484,0.1647049609983436,-0.20524877515632148,0.383470711352574,0.23492062040743034
7924,0.7149678470393944,1.1371730567741078,-1.521487309489709,-1.6636029793717058
444,0.6305790534707717,1.3188455114087587,-1.5304201679969798,-0.1248850834378757
10244,-0.5344113810369098,0.7864510677920266,0.2602939299430833,-0.24671968712215786
14404,1.0055819967942081,0.7738283135192817,1.3339307220923968,0.11820594418630981
6004,1.23291330821432,0.839602511436135,-0.4358386259267934,0.024651800548040646
18884,-1.5917790239505194,-0.5224508896585623,2.2711270257013907,0.8184293173253093
31044,1.0379147663713337,0.2636750936095343,0.07190971766201151,-1.9803824605879587
17484,-0.8116463516178124,-1.0144857877058828,0.08660499213439099,0.3569563959185617
27084,-1.3864223265536866,-0.17941466322152436,0.12553328665655608,-0.10565007114706729
7244,0.1745133044643584,-0.9333359316227589,0.1461564876827887,-0.46921763419008006
11404,-0.22941973537737204,-0.11354601058063106,-0.8996843398087875,-0.456441675579836
25044,-0.3226134548226919,1.3078099854271876,0.8724458737697776,0.5792589407071975
19724,0.983334858438554,2.136530989315851,-0.414830323061949,-0.4499927606278062
21924,0.05219180859739799,0.08289708550266837,-0.13110117033209082,-0.16620908030282908
28044,0.15066149635318007,0.09161006541071526,0.2706390805935404,0.26132535238087606
23004,-1.700061397323103,0.6226858188940556,0.4211900587463212,1.2131128307874937
4244,-1.1727127054865263,1.5344020971486558,0.7863962435340746,1.577871627635084
31204,-1.0352435466434193,-2.101328921558524,-0.6047727209107437,-2.157397884283152
16724,0.08374616180075979,0.1771200658594297,0.08629371809980887,-0.9118358292629637
21244,0.7446552998993123,-0.7018517432551218,1.459232525755087,0.39957050478298584
29164,0.5624043253486695,1.3143582108324707,-0.15404678290648113,-0.5303740857267724
29204,0.7430464705272055,-0.517947326445367,1.26299616496123,-0.4833302880008564
16884,0.8244631119684112,-0.2302528950929568,-0.681161770455395,-1.6139750492556666
5404,-1.084375157222041,1.1311717023952157,0.3962941111130848,0.4421975361029003
84,-0.9405942953942175,-0.14182863307730925,0.07224522839168337,0.9916869067720117
13724,0.432911529219119,0.23823638449653045,0.26364926496173785,0.18464948958639915
17884,0.9269799988337826,2.0302352709426907,-1.2670428720102571,-0.08274541062128647
26204,-1.4891914886961368,-1.3536912096595686,-0.052450902181720355,0.6242363839742192
30364,-2.0106726240520323,0.1961682092649098,0.519958291264179,0.9781000443989998
12804,-1.5914211252277626,-0.816406200724404,-1.5132153105958253,0.5009212180936635
25004,0.32617232749058284,-0.08263785787317264,0.7821575442303933,0.42305383463790175
6564,0.3842459010907833,1.625998750267808,-2.739887680489025,-0.4205633938056147
524,-0.04332616939711955,0.8193973205753049,1.075583879922008,-0.8688629162250865
10724,-0.03485113490152491,1.3241360879281912,0.42817723684289466,-0.22570016876814614
19044,2.015595776343535,0.22771188675081963,-0.046856330720307864,-0.6788429188722641
8724,-1.551063846995368,-0.0478017062667905,0.462698352001858,0.33702404252794005
14084,0.1131817169258768,-0.9814793716565215,-0.21671555553176353,-0.9208655441413347
27164,0.5759709521423921,0.6056147232631868,0.919979556078005,-0.4324180146274603
21444,-0.3155350934133536,0.47134048258357525,-0.2919352617620586,0.6342329233974369
16044,0.7967630787446531,-0.6627941909022831,-0.5477106239498571,0.3125384360244574
14884,1.51817872866399,-0.026267435630414976,0.35132779222994986,1.1718669751022723
13404,-0.697872489676152,-0.4307731720530969,-1.2101394188092416,-0.03530210256997315
2604,0.8395729271416442,2.42014134807743,-0.733625810404779,0.8845087484917802
564,-1.519502006178454,-0.9752224908716318,-0.4861350956487811,1.795172767368603
2404,-2.2157693408457977,1.265805585852052,-2.094637437374592,1.4642612459121718
20844,-0.24924309712825918,0.36208251957909654,0.3570363349162114,0.6953949037592129
21044,0.2201199981887899,0.03282895020582845,-0.18940323808599155,0.2208486145629749
28084,0.7068319973602806,0.165495399133221,-1.6128926193004651,0.7672968038768376
29244,2.2967624363380086,-1.0071045865883577,-1.3215488351739777,-0.8702758524250899
29684,-0.5406357125486424,0.36246598482878484,-1.801100141313391,-0.8339364438864987
12764,0.9035649603061116,-1.9560473500412223,-0.24913847936639044,-0.2214964216044942
6724,0.27156959669072006,-0.666187208999216,0.8100150955222081,1.5928487394525541
1804,0.034367754463255774,-0.11238652599078913,-0.013262490549105846,0.11547910752003002
4684,0.7199260355353774,1.1771235801028574,1.5153472763445393,0.3319896673009028
26684,0.29191796088087335,2.289321955429822,-2.197724301863323,-0.9699897224769463
30844,-0.24506462814126942,-0.7722225208175891,0.6100191848324326,0.8499694106722365
2644,-0.07894689641886891,-1.1860809976555409,-1.3789731988355498,-1.2608308355296853
2884,-1.868730771317375,0.5419783216985357,-2.8002723813029764,0.15793660028651565
26724,0.19050955209740172,-0.45536968952217033,-1.290083151818508,2.158505528191484
604,0.09887991147842806,1.6165801753944946,-1.2057005523117221,-0.570265214305324
19524,-0.9271942172100911,-0.7566656034775711,-0.577230249181562,0.6839709827474281
23684,1.0467885659795364,-1.5658487130061125,1.7444741842264198,-0.20674011813411047
8804,-0.2801391660521667,0.18868125227124521,0.5908477288735438,-0.3760414524931489
32004,-1.287913345981139,0.3555116865956001,-0.8677800266394918,-0.46110325296051385
5564,-0.023018047540977225,-0.04399078484265204,-0.37257191735123024,-1.9008775589101492
14284,0.39473357336212095,0.8736480513493178,2.684799490922376,-1.1839882315643027
17004,-0.8442099743394998,-0.404589739486207,-1.1813758367086846,1.5821112742257253
31084,-0.061907628932789435,-0.7600700896502597,0.7477461352247372,2.5237075771971997
4724,1.105578755561615,0.34623965245525334,-1.770986624813659,-0.3409099270681466
18644,0.36234297196731546,-0.3112149830482898,-0.9780838681457169,-0.1607327056404043
4884,-0.3852172794880073,0.029797791665688904,-0.0876177522383075,0.2944851633309343
2684,-0.8578692353513969,0.010785758238502021,1.693863176095746,-0.7510518056027635
21124,0.3461826264084317,-0.2717741008970871,-0.9162793002005207,0.13169391674380562
24684,-0.9492744717934207,0.6534907872242806,-0.7600472738637521,-0.7184411193917112
8844,-1.7564324852461206,-0.2273925457585642,-0.5352256236494426,2.2277350591904073
17044,-0.40001847299561594,-0.448386074838435,0.06617055393488133,0.3254026017493059
10524,-0.5463316541960938,0.6499237837119402,0.1637993122704215,-1.4776705540463335
14684,0.29648663681096016,-0.7196042554631747,0.8500233480576489,-0.3417631238151338
13764,-1.5420861375569497,-0.8009618454616566,-0.7703042921369311,0.02205221257336992
18844,0.06271433202142934,-0.828878398504385,0.8676557789670145,1.3406984082010824
15004,-1.441137951307591,-0.5664276099532818,-1.3725794131875397,0.5637750731602046
23204,1.1689387300249634,1.8677975023047368,-1.4955573173322032,0.7250591620562961
3364,-0.505469980690531,-1.5539251293398435,-0.26514753217899417,2.0719925345002737
2844,0.4615317808589352,-0.06462121245979677,0.420445011756673,-0.5581759772317061
31404,-0.9592141366916442,0.6803304725143401,1.098370243835144,0.32399386154698157
15844,0.7303359776998554,1.2799135920686533,-0.2855257854275646,1.5958333871343628
28324,0.26179914064508525,0.844424381754044,1.5872994385349886,0.38452793962725046
8884,0.891003890179832,-1.2325385029826534,-0.09321816672816266,0.3362609709875649
25564,-1.058880152562066,-0.458427074152661,-1.258950622129329,1.8281232729890087
32884,-1.1413006997882438,-0.7893000090436945,0.6622073052172844,0.016231070274440675
27324,-1.2298537859026646,2.2860478657519647,-0.3820789308583517,1.8773736193713189
12844,-1.535364554075116,0.011839366875334286,-0.04171001260977842,0.42635951204400824
21164,0.29952051045447925,-0.5397197205680354,0.6475296323560219,-0.15120932747966517
15044,0.7033300084139589,1.074874924758508,1.5195871228547186,0.7742144141874213
25324,0.3841608306609907,0.11150970072210248,-0.48544400373864294,0.19330096076770156
29484,-1.1721507184020648,1.0605335409529006,-0.2623747558469517,-0.8876789364949312
6604,1.503164835254158,1.2186453443295628,0.5181620837634532,0.2530771259903917
23244,-0.03877705425467775,-0.7826670290472026,1.1318377744118973,0.28753832428629156
1524,-0.8538274432373227,-0.7770448855206613,-0.5968249885790874,-0.5177388159708017
5684,-1.901451932033546,-0.33115521489616817,0.5109957528984167,-0.05120775266197124
10964,1.1909919043476669,0.9108180848273573,-0.45458192564123656,-2.9286321346525637
31524,0.10647792496512408,0.4469213470843665,0.3002469535143845,0.27927238966088436
8924,-1.0206160829760351,-2.1524579805595456,-0.5899576523825464,-0.6838119030889473
6844,0.6726187352645345,1.021669981594277,-2.7577184262024255,-0.5875657644536687
27364,-0.48403353654188674,1.5732773167179674,0.5160015411372157,-0.041174893526885796
20604,-1.178093296446404,-0.6438031905500362,-0.6539727880601834,-0.6097013578640746
15084,-2.176706530788161,0.03228318641731785,0.9499974048404578,-0.1720831689110598
27644,-0.3597193305314751,0.9016333741006513,0.23186601650256056,-0.3897339281651709
13044,0.29076142896686086,0.47753601294674775,-0.7218597011054995,0.19123682027165395
8004,-0.7170162832105823,0.2967261556470084,0.020622805484770693,0.333099702648538
14804,-0.14206919596805517,0.6087053516329852,-1.2424870834815969,-0.7047457101131618
12164,0.36650812793919535,0.5113646401750029,0.2375903931990324,-0.7326027896873971
11004,0.3728077495724357,0.05124947355218096,2.2739138660774945,0.8843788193391373
20484,0.2523967773437278,0.9972930279763158,-1.6157081229595815,-2.451012138879989
28804,0.8820074787673252,0.22483134112782532,0.2988851680160431,-0.22051807309405963
8964,-0.14557290656750663,0.6550434049883999,-0.08059260405560585,1.0545147085736113
24364,0.9359565717316497,0.977657824316028,0.9044145429949911,0.5065813824404732
5004,-0.5733083396021412,1.615897380332813,-2.15827209512752,1.537522790988727
6924,0.35453558448241895,-0.4349734846983366,0.2573253242941295,0.8685167308512893
13324,1.1786451536515654,-0.23049027059867427,1.261976402762731,-0.27941659939410646
21644,-0.5789895590967674,1.1553397926839608,1.7642657811499012,-0.5258757731758217
15124,0.1428852188180152,-0.9797564705192161,-0.6543679990556979,0.38321512041208095
13444,0.6473666069090234,-0.33679744223462993,-0.9885628274436756,-0.15945357123347897
23324,-0.5478162410081395,-0.5186079012948179,1.4287915411093197,-1.0661287659555285
6164,-0.2487828439878198,-0.8551764991302767,0.22406323546982307,-0.4880603091508791
10324,-1.0878057271467616,-2.1397601292191526,0.7381146695309904,-0.39878894311754315
21964,-1.3498178708820687,0.10349660003724814,1.2271322256334463,0.45407347997812114
804,0.7580426125895138,-0.1909024865841557,-0.17086217146568353,0.3118517155049909
22804,0.7893630293255838,-1.0781848154406215,-1.2557495590546806,-0.743302679692365
26964,-0.47807962244483626,0.10274563446659885,0.6199246999465268,0.840383076968582
28124,0.6372749273653594,-1.7904124067039262,-1.4810721912827682,-0.9641724073048009
19244,-0.8685852581062878,-0.14556089521921217,-1.0892662332522298,-0.12531244986833007
7324,-0.39575879946580167,0.02481052474486402,0.20205901328550877,1.0459840942885448
17204,-0.5064591267624767,-0.6864193529256237,-0.8564841745438155,0.9162385914672203
16604,-0.9121502322294163,-1.0920195346185841,-1.2747969350353396,-0.4288292353164903
22324,-0.8676705372496665,1.2088212186656182,2.536546932618812,0.15342733645970927
25404,-1.0746718762741627,0.5388256660688087,1.0849128572649775,-2.4027242320170537
32284,0.9201499926521777,1.4100663327382734,0.5275115836503412,1.0763215020982535
164,-0.7669399039819098,-0.25554493898082703,-0.027334632187910442,0.7971132787805931
23364,0.7047980820564997,0.7430251305364088,0.1863064875721461,-0.40373510874845037
4324,-0.2598373034113736,-2.219803008499646,1.2376577467742969,-1.4269122379453196
1164,0.4498309812267877,-0.4609901007706554,-2.7635680515121255,0.25448012608711723
16804,-1.3790746700173977,-0.5216216448153786,2.394427450127815,-2.0015499290261167
11084,-0.2625083020223487,0.7265954292992669,0.4694721284592801,-0.5506870012056
25124,-1.451485505308098,0.15238679846035483,0.23639012825839328,1.2806028632834143
29284,-0.8307811610684701,-1.7316441529373983,-0.7802748052636251,3.052810712315732
19284,-0.2741865407230243,0.8991114600707611,0.5071090556258904,-1.7826542976617077
29404,1.2497575504407716,-1.035515302404233,-0.3402778246865494,-0.21179821825626366
20164,1.1419506512926678,-0.8685636106683641,0.07765715505052326,-0.9702029151816666
20964,-0.14373608865240517,-0.6954579251533562,0.21994886879828185,0.0012437653510966673
7004,0.2243687998426148,-0.3315184613427684,-0.3751271662986121,0.51297007679165
22124,-1.4442290742787192,-0.1832444413659126,-0.15137360786389953,0.29510864492890754
26284,0.45063719109795497,0.0632062435137472,1.8869912107974054,-0.1896445554945392
25444,1.9615705399259198,-0.6483042348673899,-0.8641598747034199,-0.09064633094663051
15164,0.9657698544158385,1.909811471240861,-0.0016845372164426054,0.013024420640172903
13164,2.135381551654102,-0.8921969657789122,-0.16267232443840504,0.6096187790132948
10804,1.0452842553394146,-1.224674638196143,1.0320413765669765,-0.7515383269381566
14964,0.5109655083736353,0.29439502035099774,0.06404895898078622,-0.5105403232782161
884,-0.22532204227662916,-1.2435349800186455,-1.8492212706045883,1.0577888597463636
23284,0.2071490648397757,-1.6579935224289601,0.8777088887601648,-0.14927372843061087
27444,0.5965723108031861,0.5279014255366657,0.15813369552500944,0.24757537507461405
14484,-0.2670400470981214,0.7160859484791998,-1.1500970296763147,-1.5601511414947553
6084,-1.2946317553951938,1.985429733679936,-1.3436276345335372,-0.8934718381212738
29564,0.8095669867991037,-0.10304379006724253,-0.7857981425655776,1.70771921185351
17284,0.28500780012918375,-0.06419439294232542,0.7140067450142659,-0.6724031740677935
16124,-0.5254495413726064,0.20575967966625613,-0.8151350326901811,1.835171043909136
20284,-0.9237318468776472,0.6813626062369506,-0.723883196797678,0.3487765167578169
8684,-0.4717126141263897,-0.6304387607916296,1.1838868138458325,-0.7581578702355651
15244,1.3150521061415459,-1.4955329542060343,0.016751490836976666,-1.8582025591985785
32764,-0.8681208918849284,-0.12002047980995934,-0.9622487368577766,0.25771264306413555
644,0.7583878187791362,0.31056232725370037,1.2863727029998175,-0.43891837176315623
29044,-0.4716674847815987,0.02611854823005521,-0.10347019089645944,-0.6006985278361665
23444,0.6393562196985386,-0.4183333348799265,-0.8584025246464283,-0.4331756748627098
13124,-0.8638014860648282,1.0801616746962193,0.4069916236523983,-1.1279462363411052
28484,-0.2899554811385463,1.0108165017563358,-0.00935105473410645,0.20089289070407954
11164,-0.509668504503635,-0.0688448564695383,0.06036276445345488,-0.5027051606193089
25604,-0.08276571503786703,0.26801224232202336,0.49956922106381907,0.42875078838797553
17764,1.822989159314683,-0.9943764866282472,-0.5492016485320022,-0.933513324161956
29764,-0.8320656512799852,-2.548840019286258,1.3082575904711111,-0.3722814451007702
13004,-0.36978134734664764,1.2319001167014514,-1.382095780590638,-0.7968318161051894
31444,-0.6481381676995187,0.5104073236941234,0.7327970929614093,-2.4734695426237914
29604,0.7823661898817462,1.5623553751044033,1.062393359507424,0.020651112942593988
5964,-0.7866352789614186,0.9603947160058106,0.049656888611182386,-1.436754813177168
2204,0.48909050973975526,0.059537131070718896,1.1117712204745356,-1.9341089974745689
10124,-0.054884976413800045,-0.9900292568284534,1.691405303228579,0.3341828566280238
17324,0.13703477440194858,-1.1997748668444592,0.15086172105434562,-0.7704252038309881
18444,0.23208232899925074,1.2568238785488623,0.8935799150545535,0.9026925916298193
22604,-0.9812130337592105,-0.38172708167143254,-1.3698995694379288,1.3608141593472924
26764,0.2933880562693089,0.9152227392051869,0.0017337090705855946,0.774317519392899
25524,0.004055617083120238,-0.5494050377924733,1.9189210374551147,-0.06691210155118699
6644,0.5272872383043693,0.7049841657849996,-0.47292985218067857,-1.7466066305726569
2964,-0.0144644051660654,-0.749647788216505,-1.1022462829808561,-1.6347035757832005
3004,0.4710463480809632,2.162582707632923,-1.1221502497037896,1.4314190306786656
11284,0.2251054923913873,1.4910159474881917,-0.03409801962854771,0.8603312863188207
15444,-2.235878159272117,0.599822261456927,0.16605726582844246,-0.49137146442307517
19604,-0.09301447328103861,1.3813174707793223,-1.1237481223111532,-0.3103549356906048
964,0.8041468607619234,-1.022816114634206,-0.6786884201728054,-0.42099624605808794
32084,0.40292517283232354,0.7633148049044715,-0.05700107660947851,-0.05245859203679844
844,1.1648185221223597,0.5224084509782569,0.9137631768494614,-0.7418027074836394
9164,0.17159356091584904,-1.8571353964806272,0.38983909371318465,0.4821723843648038
17364,-0.15967970424111796,-0.886133469698514,-0.7119186165271634,0.4428659448050023
20764,-0.13687614722058633,0.8079979147607876,0.5648592526714337,0.8715773989581284
15524,-1.3419822279974705,-0.21204364337179904,0.7765659706580859,0.562391438226833
23924,-0.08641270318539647,0.9391105407937729,0.7517390264314421,-0.15812756024785474
5084,0.8307056342624639,-0.2461783134689186,0.6011212453034359,0.36800503399036716
1124,0.05814030393662643,-1.5813548678285194,-0.06763894055033318,0.4172609097877867
5284,-1.1438982513446365,0.8412745604992977,0.19577438698701688,0.9769455668414693
23524,-0.4928279876289773,0.3830233673498546,-0.45336795292994997,1.1615738832720581
9444,1.2294075814198602,1.5978772892580786,0.40673025493176923,0.4288598283804174
25084,0.2199400265951211,0.05049339643334173,-1.4356600959044388,-2.0050938488293615
5844,0.4472359835813711,-0.5211556978705496,0.34671418578176705,0.4975060477651676
11244,-0.010164545164455592,0.437000029182657,-0.4942583653871838,0.13774503203356928
26084,-0.47160603174518295,-0.22890228231567566,0.37669985638615594,-0.7531946531271582
30244,0.2970324223635406,-2.809768491637657,1.9875531683940855,0.5405039897525925
19444,0.3058308368837325,-0.4524493326287018,0.1292464842634609,-1.2279402820035479
6444,-0.3370256698664109,0.7308524334886818,-1.1365926961863009,1.786402713872738
14164,1.5156357769939954,0.9483184325981064,-0.19587947431728037,-0.500417985803384
14764,0.3035699450426199,2.0446901380224705,-0.05738415672027701,0.0128599582103122
7164,0.14752427945269847,2.1223064018484163,-1.2971272361926738,-0.1522323373263761
5124,2.1626606935700865,-0.31223172620002576,0.9464470385784821,-0.6123582808956879
8364,-0.7113694489568338,0.3261864330702968,0.36817076853631364,0.3501386514410952
3084,-0.28069762776790247,-2.2806958208861365,-1.127320244516568,0.4034890709448468
11764,1.0567260739103037,1.7491005421774426,1.1674735705653714,1.9369270557262994
20084,1.6417033371889067,0.8982142966510496,-0.3134378172924789,2.458365373622161
24244,-0.6300046988441768,1.5559037352828091,-1.6345169898242173,0.6507794866667282
1044,0.4186973990132862,-1.0026702224640587,-1.1208068796067825,0.28745815945158126
32564,2.066983095567865,-1.43388987216172,1.2810408039739312,0.8678537635580102
17924,1.2873396022362817,-0.02408767782429848,1.2304344674497678,-1.2659046030536312
19484,-0.2634409593091279,0.27584370233717304,0.2058154597172101,1.3341938070592347
4604,0.6101719381153705,-0.3824628521072391,-0.08633378950372513,-1.6825622958030026
8764,-0.5398679834402923,0.28743428930465337,-0.4631353417189551,-0.4631685379556028
12924,2.3416168106878876,0.8076914068600235,0.6494412561976073,1.1941697611494486
22484,-0.3138838757189424,0.21557354287383765,1.044026329882788,0.2821884533494768
17084,1.0275097113441325,0.8108741231467294,-0.42311792623989825,0.3124332148009458
17444,-0.8587020609155128,0.34737492227735056,0.733956933811483,-0.10547830761594752
1884,-0.29634481322680073,0.3751351412257342,0.2235831059140021,-0.15593926332745148
15404,-0.028878107665372743,0.8456919381464576,0.07444427251154187,0.1337835009255779
1604,-1.7039376303969067,-0.1239414994714776,1.134417682017515,-2.4220253041613677
5764,-0.46942586289592303,0.08096232007252156,0.8652391064683611,0.9500193129105944
23604,0.11538936716630238,-0.28442887416296037,0.02042660234107734,0.823074183024282
31924,1.6642473831971767,-1.1810710387514776,0.5005414989798235,0.9666009275582231
22404,0.3779908137900968,0.2726448566298514,0.578311554488279,-0.9122967225168032
31804,0.51943463903331,-0.3225327689826852,0.1476397513539131,0.14854515936382576
9284,0.1631192249097798,0.2104962298171288,0.9349046566587061,-1.7948247789345178
10764,-0.04255888932577892,0.42736706165913485,0.30011620434907066,0.11558261525864298
27724,-0.6408423798196802,1.2384604181466263,-1.90976876453276,0.2602659023961322
23564,0.6653519721495498,1.0924506445097655,-0.004096558598988679,0.9559564475933023
5204,-0.2925312929423536,0.3562301084584686,0.022661952815152247,0.43345026511071355
4964,-1.1579987126412492,0.4063069673973378,-0.23200689267639588,-1.534987269506213
8084,0.21796658488221568,-0.26434059396102605,-0.6165242495203538,0.15611071480628755
3164,-0.16938244949347947,0.9419727107476493,0.6945712811494428,-0.6648709241490094
21604,-0.33557520035958127,0.023650992159798538,0.2805873867679845,-0.21989522211952423
9404,0.05554053178403241,-0.2791545099097708,-0.6009194538161188,-1.8745161486774518
15324,0.9224093425719427,-0.0352362906074761,1.014411642711482,-0.29655440246034825
29804,-1.2510609496967586,0.2582572129391358,0.23352659282729588,1.5764718804778346
9244,-0.45838083900348836,-1.7204205613091943,0.6711776486868528,-0.9282479878184668
17564,0.3973511808368807,0.45477941358350626,-0.15664820516875325,-1.1518624111062445
17524,-0.09842845334804452,-0.30604106573531203,-1.745992850270358,-2.158807579457911
25884,-0.9089294278075495,0.0274942913945447,-0.07209528885317212,0.15335801700901816
30044,0.5001589281310512,-0.7379712089351623,0.3025185631566203,1.1165773082218011
13844,1.4928798113620796,-0.4486879212153764,0.612811308887868,0.8959641782761747
5244,-0.23216045538213792,1.0883889323158051,1.7871196497198503,-0.04623785859145726
2084,0.45916509910954456,-0.5313482835475356,1.1257674454472215,0.14741974102750335
10404,-0.7313826377378616,0.015009650948804323,-0.7706063507584539,-0.6249885307059869
3204,-0.2597610496495658,-1.6926242894142347,-0.2839369721746478,0.18101247134323445
2924,-1.8109798657015403,-0.2958035906253173,-0.759957052089436,0.8232157025134237
31884,0.9373958090417575,0.9113960789450908,0.689402689533877,0.154306333044228
32724,0.5576561069623883,1.3624705896696463,-0.6638615286814141,-0.13784911054100762
9364,-0.7454643102649343,2.108733769272037,-1.4514043479421177,-1.033197037577596
12484,0.38323197845455526,0.07437399469215866,0.631534285101499,-1.3492569332024478
19884,-0.4519889574577144,0.5819454135093759,0.7567539860818532,0.6052493654920607
27804,0.5824014579634338,0.9137254204159281,-0.25645479170513164,-0.38671720154088146
24044,1.128526673737577,-2.419832086638506,-0.5348057894044247,0.4816164695461516
18284,-0.401330095374192,1.9425786629806328,3.254803218514671,-0.7360849132178313
32364,1.5674466046443223,0.11109410850635928,1.6691752321711804,0.8943853272919107
25764,-1.541268183328307,0.19630446785476313,0.22209737444695504,0.31738594340141457
244,0.29008662647854866,0.2040329150256912,-1.5944870618300346,0.9319771251047021
16924,-0.7779576377083157,-0.6914790250352097,-0.57172312947274,-0.4477964263299076
12724,-0.5967607302838028,-0.18251234316992104,0.9663761809818555,-0.48485530649373765
3244,0.029404715812269763,-0.3175177118801353,-1.3236931593813392,2.0214533951270983
25204,0.11430408146565497,-1.2605716264998883,1.7045288937008285,-0.2366124383333759
29364,1.04713830966891,-2.5379647487316155,0.47765428710837265,-0.6955725417236259
11444,-0.8770772784947237,1.4817612001646407,-0.4172677579526563,1.8882730028880956
11124,0.03328722571260984,-1.0377327284854314,-1.1247598149037266,-0.5283730819928795
19644,-0.649478587518678,-2.4369654505810114,-2.2560258044638335,0.08843677106955293
9724,0.5409504869479078,0.6205128261491484,-0.052518950104413945,-0.23722908237775703
22204,1.6159479836676385,0.19220286704770914,-0.5541621440888651,0.6343769758373132
27844,0.47365645438426784,-1.3423444996138674,-1.0423454516301884,1.067845667583251
26364,0.727380390121659,1.9425153118410654,0.09563187734555231,0.7352375758114997
30524,-1.033051598645702,-1.0483269340369898,-0.6424672167146486,1.9274721904385237
204,1.006939649892734,-1.6550850462084852,-0.7674280376458031,0.7404116361634007
5324,0.6384607977445544,-1.2062948553794401,-0.6954320424267187,1.0419227670536126
2564,1.3880372318494758,0.9293663712905145,0.015524386183362987,1.528758512545189
10884,-0.3485301996169866,-1.3287342639033175,0.5027036554225601,-1.029110051762807
23764,-0.8548982632313107,0.18423473301896298,-1.0563714674950677,1.4821660636998437
19204,0.46939113150600087,-0.08816175029861678,0.9826405639515075,-0.9604882115786264
20004,-0.0999444257206467,0.13038166123241257,1.7861385425241174,0.06050613109331435
30164,0.7869572520982183,1.3061487167359322,0.7989822346628839,0.1482854538893457
31964,-0.4960166561316503,0.9555323581195935,-1.3819315366231884,0.62995693691368
3724,0.7172784107425921,-1.1390431848609586,-0.5970935007428664,0.12400867050914827
7884,-0.03204476158805957,-0.6404173003000688,1.579979464878441,1.5145673061229235
14204,0.7882977294787615,-1.399822571760853,-0.023053964660412984,-0.9655745221692072
17644,0.012877167547104149,1.2893557809194633,-0.5877609165427659,-1.062304381198683
32844,-0.3950215785247398,-0.15298110958475156,0.7153951618330128,-0.8451897745206771
15604,-1.3118683941359246,-0.08585808968845345,0.8601474755921168,-0.46154082239498845
9044,1.6988059216637483,0.1767249340030792,0.1871018116691746,1.8983886720936805
13524,0.6437042408357768,0.573617265436348,0.5130087877350975,1.150215888135498
13204,-0.726493114552241,-0.38214815237555866,2.06529101525507,0.44831098842224915
13564,-0.12205895540060052,-1.4438806197901506,-0.7663277408313967,1.0686494097778452
25684,-0.9939513137206513,-0.27527002565304315,0.7332892679058579,-0.6797691837547991
29844,0.7496453904336918,0.12370773065907444,0.45000043736067197,-0.3724329941801971
1284,0.5872070717489012,1.1670539064001255,0.8244380267255448,-0.8027389142619857
17964,1.0538843485276432,1.2003956599317414,-0.13537859855357529,-1.0925716739551283
29964,-0.5060006409691479,-1.1428436959164878,-1.314066296682531,-0.31409186988602594
22684,0.19931365126891917,-0.2579534349301523,0.006764564215534452,0.01761499564604737
17684,0.30114422178670813,0.14231993069209137,1.1334193210003753,-0.8997852720660717
1924,-0.6952350383739055,0.4485845406139447,-0.7336874863708929,-0.950617383459247
15644,-0.5813696651481669,-1.411021535389844,-0.7649197139086973,0.006757417714582339
3044,-1.0133507739062797,0.6810028467639547,-0.0897573885215939,0.35374074668892935
7204,-0.10586236175478841,1.1162689599919675,-1.7189825949632858,-0.38798414211884386
4564,-0.36247254838165,-0.6685437703666088,-0.32621365319894097,0.2722719724539479
13604,-0.698853485845856,-0.7519901181491081,-0.46684433789280244,-1.2222128732829318
19684,-0.4051595762835419,0.5004499541826609,-1.1946883005507802,0.7807092353080604
23844,1.371883230935028,-1.1094728927677384,0.5959653727793326,-0.6619527061933078
1244,-0.09792979473859412,-0.16568493509046606,0.3636717061327685,-0.24005934897762934
32164,-1.1470832857360322,-2.396088761212303,-1.2190084506902055,2.604860906744755
21804,1.4245424464982652,0.88313183931503,1.0345357654162586,1.531392012264284
44,0.004197964999691444,0.05729998102546148,1.3318729577790762,-1.5658968572096297
3964,0.7221163178322406,0.5602697432655014,0.5494527346068057,-0.23139965219530376
9524,-0.26087922284636145,-0.4399971970127884,-0.07230913953556223,-0.13200614804381303
31284,0.5535050309798626,-0.2558705685804964,-1.3279397718992383,-0.6350105852457203
27964,1.915942587926516,0.5614549301848093,0.8147252108773053,-0.24417866889163273
1204,-0.6886312561270627,0.4994813697504404,1.293437019880021,0.29012699661744157
25924,-0.5302085817718911,0.0675614760720076,0.9107777136978776,1.0072950606837447
5364,-0.7540476380287698,-0.17379865087360702,0.37612864063511786,1.0280940604348592
30604,-0.1911614489334085,1.2524888378905947,1.4609833121715674,0.6502338523930145
17844,-0.6470353354505926,-0.2266989911760836,-1.3456648968344385,0.29097047742007476
23884,0.2933534172136741,-1.0116695666948254,-0.5721664595395036,0.8062850155559037
26164,-0.4543449737928233,-2.1164527447787953,0.856009295721248,-0.22709789744870218
21844,-1.2057759553683691,0.059859444027901665,-0.45243381469211563,-0.6650658337969589
2764,0.2412951284065565,1.42127059141071,-0.16064552340826654,1.7513935016225772
24804,0.20592202147316024,-0.17028700085147477,0.6583714797545465,-0.3073365170292149
10684,0.022034340238334345,-0.34308801289097807,-1.973785165061091,0.8679779303675547
19804,1.5428497864903092,-1.11101377653262,1.6089009974314246,-0.8193218170157023
14844,-0.791773525116804,-0.8977586625342031,-0.7635318150827871,-0.4430921850934036
19004,0.6461817227218889,1.6208320853515548,0.5647875033315766,-0.37168859518994474
23164,-1.1737467845049263,-0.1983642569881709,-1.5023314221731514,-0.4609065344701797
7524,-0.3664711608929853,0.030974298049906264,-0.9192464319903022,0.24674785055019788
31484,-0.57991327102502,-0.9999259546677814,-0.41079904409530826,-0.20131229006812426
24124,1.5080188505691978,1.483039818243626,0.5506536352866652,-0.7336652370913769
5484,1.8408285913920275,-1.439351747852466,0.15055630353524407,0.08074768029066869
7364,1.1244680722139193,-0.5983982801233877,-0.5874885673322565,1.7195073854763117
16004,2.013056631026367,-1.5690465766369843,-0.0745374517533578,-1.065871883492252
13684,-0.8595067573600964,0.7252577110618514,-1.135218378095526,0.20855586113409866
24324,0.022793716780858328,-0.1958567174565493,0.12349411888580725,-1.1298450265665219
18324,1.4521925928234019,1.1857730913495386,0.11524028919181199,-1.044983645322367
32124,0.49973523900872496,-0.18111611134882194,-0.4465123747028113,-1.2382041927288392
7124,-0.4333922769081133,-1.2020723987517379,-1.3742385903659544,-0.8506454867880395
30084,0.3427919240387504,1.322750223455996,-0.46287575853024854,-0.07951960781217544
17164,-0.3810393518743784,-0.010010176812086203,0.2980635834168121,0.3813588542391121
21324,2.280790831467093,-0.2678703200800768,-0.7973962460978465,-0.27978591593886104
2284,1.2962621531066871,0.6979084836317888,-1.0325533020700675,0.034340891089341276
25484,0.613276296533355,0.6984884405793402,0.457258394595916,1.5527481030194006
29644,1.3080086352644886,-0.21622013045491237,1.608240842631578,-1.232086156571284
1684,0.2416138344452131,0.17487478557454128,1.5652685347889101,-0.6492366650574009
26004,-0.3978499012028527,-0.05345042422371627,-0.22629218498331977,-0.4696868471834255
10004,-0.06740052435443471,-0.8588619407583692,-1.9163053227329003,0.33574388017229145
32324,0.039826635931576995,0.06751184875914769,-0.5139593564860401,0.24672938241350287
23964,0.8943747726920844,0.5016614874652662,-1.1437745768596357,1.0057460739592026
30804,-0.3127098898162213,-0.6960390772111338,-0.20136820160500407,-0.2459163343675913
11684,0.43942123981034054,-0.25245347480240443,0.24103939192623094,0.5134149200570405
31644,-1.2249802501087486,0.025854654407442695,1.3501759515856309,0.21495383394161313
9644,-0.29970087726403627,0.604778490039968,-0.16296617122738477,-1.3949559368932185
7604,1.1346739638804697,0.6551497785398602,0.18622909458007816,-0.042674080496984824
25844,0.6311725859462037,-2.2959981332479105,-0.13442450848650297,0.49057292887884096
4004,-0.34887642133414565,-0.585245177937548,0.3317519802492083,0.25596711223722834
26044,0.33251510620182234,-1.2960926448308487,0.382771359581777,0.21727538587957698
8164,-0.14730602267027734,-0.8239996657756342,0.6465687226298282,0.8632628569049327
20684,-1.7632608717267466,1.6358794791912499,0.18512591579335477,1.8646076202386783
16484,-0.591551347020571,0.38862693225864064,-0.37176270428805147,0.04575937455419692
20644,-0.2889204647353608,-1.1907727573282292,-0.915664098801699,1.5457379210339188
3524,-0.7660345816975284,1.1688701242674508,0.15395014154135434,-0.3232313916299198
17604,0.19283687798275362,-0.6917080992289423,-0.40399229790224134,-1.5453772747162202
28964,-0.609066413051751,-0.2828832993812778,0.22032901430413634,0.216414150537778
30284,0.11654482875559248,-0.1398393082075333,0.7705968738631869,-1.5296067682215468
11724,-0.7576993592692046,-0.39327491841065715,-0.013653607821453978,-0.4688548260005964
5164,-0.9432930787639148,-0.023816162771469022,0.882550583925128,-1.3100322643391433
9324,1.9849508022567204,-1.0807170256226022,0.4452034060995618,-2.2018500726895
13484,0.6705236259669357,-1.7730300719438046,0.15131891030074374,1.9958503594130514
9684,0.0302935395645728,-1.0285632258052113,-0.6565886265072977,0.21027946418799268
6524,-0.8259724676495627,1.1502301630426648,1.1963267661918533,-1.2178942030731883
14244,-0.12633496190376123,0.40052489658577045,-0.8801053087538452,-0.39806505793053987
30124,0.06091818456280664,1.499271610719264,0.10818831989911676,1.2400975658470406
7644,0.5403340180441909,-0.38304768383473525,-1.9877009454672743,-0.6249377678841792
2164,0.623671559892486,-0.7494890137537074,0.6080138093371573,-1.1209726905196025
6324,0.6815010336728948,0.41067442474834437,-1.3743079071506743,-2.3824315785275223
5604,1.616603080041824,1.658921652899408,-2.443087463923383,1.507416753811637
10484,1.2671565050816969,1.6977224703899292,0.10252737842642981,-1.605896106287005
14644,0.1744761501050236,-0.8807737163856796,1.9648579053549735,-0.7835235125525698
18804,0.06335407365337252,0.1504759849701973,-2.698129235821225,0.59573397792802
22964,-0.12434910656920356,0.09895916603700657,0.7905369258034745,0.3271814974172841
3564,0.11918042280222836,1.2514061462875272,0.6517960031249541,0.053086438459389075
22004,0.3581585082777473,-0.9137483302869095,1.9987832912158032,1.2182541522138965
3324,0.22833122883163975,0.27211543156132006,-0.4548743830473079,-2.067467147802901
7484,0.15401276991149732,0.7454553633246535,0.1418822383534563,1.2114268602852944
11644,1.1046736520219684,0.8887764256155946,0.11041793909726866,0.03310515049466494
15804,-1.4193558816963388,3.475365843044352,0.01983834288141087,-0.24901265597674502
30204,0.030580152573948964,-0.38536257310874455,0.2350989500011392,-2.9852016949666043
19964,0.21778622372592657,0.0313738241629838,-0.4250404959408132,-2.4815823912015045
28284,-0.4189615619277148,1.2796601616406098,-1.2301831612160985,1.0234150461657825
32444,0.46149228828384586,0.364181499302792,0.8469419678931905,1.002059341884567
7684,-0.5191557710523019,0.3448178768627025,-0.6265914062103174,-0.9560626155067908
324,2.1134039170730405,1.8374850577923818,0.9834417219524066,0.1798814820449404
27564,-0.28142160797582694,0.42384274267490174,0.5149503868368166,1.878527409710389
5644,-0.25058941309316785,0.020414560021559253,-0.017039371790793206,-0.45955239191687053
10444,-1.2792296410363915,0.24186246383835608,0.7139107546788179,-0.02022545733567276
16964,0.5213229378542483,0.6588174149865139,0.8474694278144181,0.3283923334994117
3604,1.7320882264085053,-0.15848157911368788,-1.0128409114139243,-1.1852237177028446
29444,0.2086316886088414,-0.45066842505013266,0.4106801492986309,0.08520442507506219
26884,-0.4027067866235882,1.1382921152569974,0.8681900990790214,-1.397447454274851
22044,-1.4635963386387898,-1.3816341591224435,-0.09715669434684644,0.047104495314427064
9764,0.0554504841634403,-0.5233152897146413,0.39743654408220047,0.5318758233092081
22284,0.24569933981914752,0.2611633278749977,-0.17311091372564502,0.507910508239113
26444,-0.31831841202319355,0.7356923394607152,0.5188550191113135,-0.5424458966885067
31324,0.9317550083564178,-1.5682987977004437,0.05344582979052384,-1.4617823483609742
7724,-1.5818840168384303,-0.2880211798691712,-0.38532118801506904,-1.1488317937410653
15924,1.113700418301285,-0.16221194973477124,0.1659707586425083,-1.522645010434542
5044,-0.22740677165521328,-0.45262197463217846,-0.22793504156334024,-0.9586626725181397
3644,-0.09815291472244841,-0.09421199472526415,0.1180600847739772,0.12465142527427459
15204,-0.6978663347268494,0.017016239426347602,1.0810577441819824,0.6698726174046262
29124,-0.3756044836484832,-1.0928653817795249,0.9779327068576746,2.0344790075387333
11844,-2.1248727703891217,-0.084516539282871,-0.980481701920202,1.2585330548498155
8644,0.5522398799170014,-0.6150217434348398,-0.3757712840274598,-1.827125019978085
7964,-1.7045889513794088,-1.3936409520967517,0.4994938026422582,0.9604595008944693
12124,0.2729014148091216,-0.520789346667003,-0.5514828887513522,1.3740810870200546
14604,1.09611886732906,-0.5541454560282351,0.030473636174673187,-1.1334301746692612
9804,0.9914739910048814,-0.3334498346012699,-0.07129483207989226,-0.17520896751969053
24604,-0.9034987826789531,0.06757355524279576,-0.4137487033061637,0.5095100095643887
28764,-1.171112720969534,-1.3858271233621067,1.0706538618140404,0.26766057826221085
18004,1.5297104123177403,0.8622203639738697,-0.840590367337154,0.3833207962811463
3284,-0.6936530757790305,0.08955434910930508,-0.39189647044356923,0.10864566363919902
13924,0.06352441931249449,-0.14634642674580475,0.678233569805329,-0.39613753438199695
21724,0.11400263411804143,-1.3664104057841606,-0.29186447521306974,-0.389044627431782
9124,0.3518249255579929,0.9879674295625518,0.47094985656045896,-2.2471659121692307
15964,1.5062259196974481,0.3029736642993473,1.5085806339199674,0.7938268445827817
13284,-0.7005164629418112,-0.08789398787827019,-0.43915676194810693,2.0977749412964473
24164,0.7261206943391646,-0.5755862202652683,0.44220265032355516,0.6060477286162086
29924,-1.9342277226592866,-0.545915191355611,-0.006268142482092846,-1.3672695443704395
23484,-0.1369246933806661,-0.028964170340319437,-2.323905913822189,0.3558634919474556
1964,-0.5179714827862928,1.402245913664067,1.315658125511487,0.3353538035439278
1644,0.011491834536643139,1.1363613890366062,-1.148889284662048,0.19333611596244987
14444,0.43270041420427147,2.871410993075061,-0.016324191928229273,1.8791956438844943
19164,0.3933797049311055,0.40729882955890667,0.40255057933109734,1.4764057910115678
9844,-0.05968033256711711,0.14084428810112307,0.021191165444415832,-1.3924125128811016
22764,-0.30777968436827374,2.16759053444658,0.8280463136073355,-1.7587047752379317
27924,0.29370251426313865,0.07928409766193216,-0.7194366236941555,0.2653578672494501
7804,-0.609032551854896,0.3176743111256484,-0.2558111447284181,-0.861301532380637
7284,0.18891670228341934,1.1961802819236822,2.978977342700365,0.7983661228029313
26244,0.4270106171096907,-0.9341760753478733,-1.115707971150461,0.5791702289378842
24004,-0.5791206924932807,2.61654520326645,1.009959980555479,-0.5415224361561243
11884,0.08149385156473907,-0.16401090723222278,0.1455184107059101,-0.6086331221047152
13964,-0.5504031877994219,1.0424917049579883,1.5903843319892803,1.4545770016930704
32244,0.5711502967502651,0.6664147050241019,0.8873831991484625,-0.19706867589160096
28524,0.3170744897510558,-0.4236180190590213,0.02232332539989744,0.3991358569047549
19924,0.40769940870503135,-1.038231653524929,1.5585139892007256,0.984173916625075
4284,0.05693610644044591,0.06037027790961095,-1.6233736432480088,-1.2810357581770146
11924,1.0387791436401699,-1.5545172371825267,-0.2442243119832096,-0.25208287987516087
8444,-0.8113519847666935,1.4698690574863253,1.3438569673401723,1.6185252302907969
11204,0.6925080839761747,-0.3794235529073729,-0.47136094603952183,-0.8367940951072989
20924,1.039153867151482,-0.9637387100287859,0.40748098588225223,0.5856323233109009
9884,-1.2168642635356637,-0.21197670409020533,-1.076935655115525,-1.0903034325787633
19324,-0.28216590730829305,0.8090974903861087,0.8353113245129427,0.04707239586037579
16324,1.2462431311279312,-0.22234100371663132,-1.1296472741112675,0.20639791314833342
7844,-1.2861201314062025,0.5650422033891266,0.5521413420088265,-0.28703643165175935
284,0.4580634351386962,1.4286548101605134,-1.254276675734899,-0.48644232140407784
9604,1.6857542897869529,-0.8221096464243695,-0.5293474626660742,-0.8765341185855039
5804,-0.30358646545672024,1.310838537253455,-1.4009745753684488,1.4901987412491369
22084,-0.5735090937290149,-0.7958546124586633,1.0390104402081872,-0.2092959009000106
14004,0.25803692383895577,-1.4394312573161396,0.6943931242160583,1.274778182520539
30324,1.6244191706524274,-0.8664344526575147,1.1560839797380027,1.6003816416456917
1724,0.3159610427266411,-0.13748906507743422,0.2502255288460261,0.18341863596172464
14924,0.82113186662844,-0.8361957573778711,0.1511606630210699,0.6236526323626986
9924,1.0687825956869932,-0.43167039699148746,-0.8777735411126623,0.8735299660534527
27404,0.4505638841082301,0.9306214946011473,0.18199780109484454,-0.7195047733035641
19404,0.10396006242306557,-0.42125530426150176,0.0696932762469423,-0.1882618160665247
18124,1.5779353627602797,-0.1434972741117971,-1.2866963832130303,1.3701388261605107
7764,0.8206614393648579,1.0165155388730889,-0.4235125078109032,0.3477919266040145
16084,-0.5515818193441956,0.22864481228727596,0.5940983814744544,-0.4792996822106177
20244,-0.8433683212387585,0.7617602278679795,-1.3294501482392556,-1.517364705413469
24404,-0.22857425651387472,-0.023618336363117644,0.04862061632258305,0.5962169909218707
18724,1.482823135066679,-0.4678655616107093,-0.8973723982447943,-1.6762631144439883
14044,-0.7557793964658588,0.13690941653359728,0.29323957482488966,-1.428393359306937
4764,1.3295865799480047,1.545544073160502,-1.524791851068187,2.5544160121287365
32484,-0.5545712652272092,-0.7626765737970529,2.074157650866059,-0.3788865944503314
13084,2.3099846074732917,-1.0331229837357887,-3.3026548714831745,1.8914276673437518
17244,0.5979444731631662,-2.0916962606973883,-1.8404223591424909,0.3789410958778608
18044,1.236533788095209,1.073796355811597,-0.41692671322139135,-0.7322643457807114
21404,-0.852096930415163,1.7167781829082625,0.48441354789274027,1.4812131735908185
30444,0.45538979353675807,-0.021182458475766247,1.0002470522572466,1.3821568310241648
28404,0.007498780326107322,0.9857252724303189,-0.7191724206779938,-0.03304569942796175
2004,0.04379110274668364,-0.177825139818591,0.44737158123721216,-0.9099986372762072
5884,-0.2961482491365679,0.3985867152725845,-0.4155077084710026,-0.25078281230641847
22564,-2.980986503540176,-0.9694081939541889,-0.8584805964460979,-0.9139397016977502
3844,-1.7535134559397523,-2.25663524524068,-1.0474014715611972,0.5347590049924018
11564,0.10256980850640139,0.8525858917087971,1.0882724083147066,-0.9773232126349732
7084,2.635421693943894,-0.9707102442967032,-0.34376238806764203,-0.5201514496794439
12044,0.1750706312095782,0.1865893269798616,0.5349706332389139,0.05258880297307466
15724,0.39879933292831127,-0.34225642861307465,-0.5252823211297974,1.5168199239533933
19564,0.2941045691346242,1.0246011697681003,-0.7003519634138209,0.9189651208241839
30484,1.653747912361498,0.9144660453880709,-1.9602507074680922,1.0659448761372101
27884,-0.5190308528725465,-1.4010497983129686,0.5828283116223233,-0.7582396161270978
32044,0.23034192375349732,-0.9397630507650492,-0.859765223742848,0.49574368775950667
31364,0.5322378028061052,-0.2887461082685102,-0.27795722075144835,1.5507234287616407
18204,1.388928289874786,-0.10542175830171688,0.21182903362098468,1.1682368933095284
8244,0.20410884819067893,1.6271118438795973,-0.17690433915041234,0.2382508215995459
12404,0.3155349802788806,0.6699272520906084,1.595429055699681,-1.9213592770038252
16164,0.504296057563643,-0.7418436141480363,-1.3469920232173807,-2.4660718865682902
20724,-0.7479345437287764,-2.231045973596822,0.06410701230241436,-0.23457429365325774
24884,-0.7342189847193247,-0.3330575424032674,0.10810383217774701,-0.15750807668655273
10204,0.3492053695283292,1.2300748429851185,0.7427144623412365,-0.15805173106163362
3884,-0.41506160844267675,-0.3086611309227058,-0.06733229737310223,-1.7237822762090158
1084,-0.6476179690237028,0.8443329987958996,1.6389911360586056,-0.8705042694813165
1844,0.39467710678941953,0.2600764680904926,-0.1346251850254912,2.7835480003577997
28204,0.3450959326289979,1.6234226603106368,0.5906715810849925,-1.1193769816424364
19764,-0.5733639101605931,-1.6716841290048718,1.1008197430327056,-0.21061551365930142
10044,1.0020717153958003,0.7916734263196384,1.1619282826768316,-1.3145867899962858
18244,-0.7740108242634515,-0.1516276429475062,0.5274363314459617,0.26669831868590105
10564,0.13593132351593593,-0.744998307086979,0.542923782405807,0.9129909020155562
19084,0.43668073172130945,1.0531597385732736,1.0507615217806867,-0.4274420336186203
16204,0.8268293734210781,-0.05673887139235659,1.1033984687041842,-1.7709107761660048
23044,-0.20275930298848613,-1.1131901874794712,-1.0650143925988687,-0.3389168612087053
27204,0.1648490950897309,0.6172467005108849,-0.1864733375198956,0.7518297479320953
3924,-0.17340238929780372,0.9244317434574137,-0.32814961248982094,-1.035525675941088
3804,0.4070552509537807,-1.078047426802499,0.9390960730076542,-0.03347052880241633
18404,0.07940802814333082,0.5589825987082804,1.500101250469277,0.005940547480861334
32604,0.2360323634423413,-0.10669647674585742,-1.1590968875633667,0.777133959883389
15884,0.7904519096046336,-1.1396504208784006,-0.892639100762495,0.949488310911862
20044,-0.19606704656430612,1.3856514527059551,0.9143337107085984,1.1729654224297676
24204,2.0708690360655693,-0.48262831959517927,0.6544535185572173,-1.235899855598836
10084,0.009036323707355345,0.132286644523307,0.9268639977992605,-0.2123826128120905
32524,-0.40397647788385277,0.9302388619806724,-0.7572881903789531,0.7388144540699537
2364,-0.02954549700111003,-1.0915013660907256,-1.3347817261930355,1.2054903253368179
8044,0.33185720881375774,-1.1203645378482718,1.2323258320250765,0.8371534682256817
31604,0.3191631110423071,-0.5374145733894355,-1.4757831674028692,-1.8718820390291315
12884,0.6971696794375409,0.06926416176709989,0.08543036467390026,1.7744278407733296
26484,0.17787833722991866,1.2879344080697284,0.8484926079357452,-0.010694864553997709
29524,0.7546258598543514,1.0846760515210891,-0.7418362123419372,1.3401186393911988
6804,-0.07261292897654854,-0.008097875631526152,-0.765904109835276,-0.07785860168444725
30564,-0.1749116875742864,0.5691780816463344,-0.48140245471012716,0.399476313441943
24444,-0.5466033177994982,-0.879804135074799,-0.30858343482583195,0.7653728358287012
1564,-0.7854895263523358,-0.9973362543676417,-0.8132158922651458,-1.9641957708462987
5724,-0.3404621258585704,-0.516248237495104,-0.8095712024439445,0.35304628717314446
32644,0.28485160250267666,0.7141290468729145,-0.43236848235517905,-0.3093467216503274
22364,0.5817509141488205,1.258890733462149,2.582981633739709,-0.7107016365433755
26604,0.6046836403257873,-0.4851730915946225,-0.5410860004726977,-0.8376596180472817
20364,0.48238378862545606,-1.2476529941913561,0.9622627840332332,1.081300740646586
28564,1.224231324393831,0.7058712383025373,-1.2972433031530035,-1.00971998262123
11044,0.34951292728407407,1.0832826355319427,0.2846611280476437,0.778238541280135
5444,0.31269495924969337,-0.08401292754812761,1.1930485274892861,0.25743855908142055
19364,0.5590929801633371,-0.24863423817685587,0.11524955536389744,-0.012376459475842937
6044,-0.09263694629433719,0.8744209163248896,-0.042787016045708094,0.8790875305516606
1404,0.5050040052315679,0.5454208045502993,0.29957627673679604,0.764063672621245
31844,0.3388693902311798,0.9329701273141184,-0.4895651841629095,-0.2634177185610086
24484,-1.034212092622903,-0.12490995853246278,-0.23713238397699873,-2.177695471210237
25244,-0.035992338051799855,1.1544422519213702,-0.9171176109821185,0.44819731845536187
12204,0.6598810198530121,-0.24955287088700454,-0.10023358788909864,0.5519097398278044
32684,0.24970111563597708,0.8655332484617057,-1.4319878603897702,-1.2145725637590759
16364,0.5635770752111665,-0.03282809820021065,0.7381844508799902,-0.033308962989403126
20524,-0.6130191825945156,-0.17542537672620886,0.3805248742541938,0.23028055950283682
30644,-0.6159042581676506,-0.49751036281966465,2.0520335630248483,-1.46274393317158
9204,0.1822523560240269,1.5543079064813305,-0.06113816412575846,0.7984420234951645
28604,-0.7117315670498255,-0.40156454383719786,1.6811399723950156,2.4114311559965054
13364,0.7073536432025345,0.6858965355396837,-0.8878167857759363,-0.26084338136500024
21684,0.12764754411742485,-0.6630084897597566,-1.0615810989329295,1.3006776184654842
26564,-0.20031385518027378,2.0218917504271774,-0.7046543003872984,-0.028353526569144697
30004,-0.752156411312869,-0.5079189062022529,0.4836923525365186,0.09648687813630817
18764,-0.033188244956842465,0.15428009945764468,0.2132665796729236,-1.042800592152491
4044,-0.7500561764647831,0.6448084258136839,2.5445526218118064,0.5063718772285827
2044,-0.03361784002639178,0.484082373038633,-0.3124579922372522,1.0467450758793548
10364,1.4840163459577587,-2.202060740169518,-1.0502864543991564,0.5324159098721376
12244,-0.409185496193848,0.8262733078703483,0.0590648142903561,0.5335264844231756
18684,-1.0461454178860259,0.09232634606460867,-1.514849457796503,0.8661429047204351
22844,1.520319682676419,0.5849451268888163,0.16438038033291152,-0.08983225267371829
2724,0.44093805665225655,-0.4457827585295775,0.0014369641266590133,1.2193968806507025
31164,-1.5524953965896526,1.1261641310630268,-0.1648477528648173,-0.30581160373431376
20444,-0.5558051829934557,-0.6845758460107016,-0.19581667459746885,0.43855623334798655
28644,0.45876035813447247,-0.8099958538439339,-0.27628977771859925,0.14503484183499588
11524,2.082332571657084,-0.2683602370687606,-1.1832517125534383,1.3738553868857695
15684,0.3879078558917555,-0.332358086792691,0.3231778102797363,-0.509965992947765
17404,-0.25310341104541334,-0.3025517056512211,-0.22235050809925744,1.004966903404403
19844,-2.18185040194776,-1.5108579952672,-0.806212889391076,1.3534487210018207
6124,0.8436048152378824,1.1867013798562474,-1.959847627366016,-0.17887117515792827
28164,1.0138640433072106,0.08983214497378984,0.11557320706127651,-2.315735993781673
4084,0.8662250214292867,1.2759666947770296,-0.486629862527148,-1.1882470335620943
4364,-0.6111296400196786,-0.7958805162104204,-0.16197748336410772,-0.5307851226057466
8524,0.7118064863718859,-1.3524248154081324,-2.292188070048316,0.24396308742281908
11604,-0.25136756401338567,1.3817354479542576,-1.3882581009737023,0.651374307818343
21364,-1.4066349765022574,0.27948298990337916,2.8926085733221663,-0.7236365263638969
22524,0.37929298016461754,-1.578767255846831,-0.23153791653960906,0.8290478093924092
16844,0.918745960873592,-0.5345864917571123,-1.1478524179879919,2.4094863753462237
21004,-0.9571711205268953,-0.2329045123239609,0.08748437313656067,-1.2684168343345081
