12957,-0.8147020884626952,0.8497245018046351,-1.024806276423307,2.0964850972186073
28677,-0.38228717991141764,0.3529336013236198,-0.4166475329562204,1.3436241675130767
27237,-0.3450014780457743,1.7271026382745982,1.5391239268327421,1.1014863076435253
6157,-0.47838212068148783,0.610728857090768,0.3725984905401295,0.6731320861556899
24237,-0.5585683202863558,-0.3678156684484148,-0.18688414380818918,0.08181475197590785
14357,1.0914539596970372,-0.4770269479892922,-1.0602636172969633,-2.2847596912208816
22437,0.059510330267652026,-1.4985263537147722,0.7641323594523803,-0.43435293969479444
2077,-0.9349525935133868,1.0485362751130698,-0.20035443601288191,0.02829090072300383
18437,-0.7138208528054331,0.12931760016033766,-0.4850421437327062,-1.2521562429378896
10277,0.5988255062378389,0.01817551785702288,0.8947228036481146,-0.09136122578854348
11117,0.3796324176693611,0.056772865851479615,0.983093729668433,-0.4426318446190734
19437,0.17569572083348672,1.1685677761968136,0.7035315260307995,-0.666473652296972
8237,0.9531390982826206,-0.6621122057150867,-0.006813300155492367,1.2959948445753946
27997,-0.5369380950533102,0.9497293642689724,0.5497578914804939,0.2769267796434309
31917,0.670533768506831,-0.01759523362517108,-1.1713491466813326,-0.5908493848934484
26677,-0.7394703919074571,0.15891718864044851,-0.2952539220597714,-0.937585812404138
8117,1.0780651065026887,1.1594102397182364,1.4564684394461234,-0.6287123730637325
12277,1.8063405614241623,0.7146106117442745,0.1282021203225466,-0.01888237672795364
14397,0.2644233124910678,-0.7505170322283917,0.22774082808563623,-0.9082589469751307
6837,-0.6841040357573487,0.5169893855452395,-0.7825375247856047,-0.32462470503233576
28917,0.02294955837189202,1.116869568571874,0.9291008260350307,-1.8675699369921162
32837,0.10301945795418518,-0.14927886858976408,-0.42534904743793095,0.594577783524541
30797,-0.0024661084370285946,0.570667147069432,-0.7651598005181358,-0.3287185060953141
16397,1.5838094987226443,1.441038472238091,-0.630358657339154,-1.6927172005273017
17597,-0.08367679902864199,1.1883881840688681,1.7874338382544783,2.139653683612611
21757,-0.5340695105899042,-0.25112942549369355,-0.3556457283277532,-0.8178549828103545
18517,1.5673724081545857,1.1906350380153106,0.6912633936005264,-0.41624691607754943
26717,-0.3799504545312851,0.03522053531624149,-0.1461178545618486,1.5225352238188965
2117,1.9494608215852138,-0.5080104679221935,1.1938055409118224,1.3548992711006569
5477,0.49208421595415275,0.11871121813401445,-1.3885505103947393,0.5998609671740778
14437,-0.20268482140582636,-0.19313863292352085,-0.12071991010030554,0.15107539480925816
27077,0.43293029367833047,-0.3093137023873774,-0.027545776252934157,0.37810434724586856
32877,-0.6795713373328492,1.391086305220919,0.9509173705541781,-0.8613415478166387
15037,0.5613937609477622,0.2862021202084232,0.6615371648883941,0.7466788815408573
20597,0.15719077703678896,-0.2501297557833692,0.13966812912060061,0.07830074976545716
11597,-0.5171640103427184,-0.7428655981509031,1.215210299072735,0.0219840277401232
14117,0.10278039871992314,-0.4677787543850019,-0.11988038747753453,1.2355830586789556
32557,-0.6152311854732423,-0.37381620460542764,-0.403897869431187,1.6947458049494828
19917,-0.7248974067031633,0.4411996734042999,0.10475415451111296,1.87179211251592
24077,-0.7477065455117075,-0.3412096559035017,-0.6171151887819396,1.4446893440575033
18557,-0.9843054226797189,0.339867791504713,2.6650553905904175,-1.11603292490259
28237,-0.881157897024698,1.228720576142447,0.45026138096641166,-0.3043753093197569
4117,0.8096912295236134,1.2112947613684208,-1.0384734208879718,-0.22309185012060276
32397,0.29503135255551916,1.1318580566995253,0.6944895806355524,-0.3512204578048543
6277,-1.250829484355152,0.8277345722232812,-0.7652209162701069,1.2995178279067185
4437,-0.8675761696864106,1.9908637622868104,-0.15230298843820786,0.8755628211396805
8597,-0.7924495746706149,-1.2814086472748938,-0.29254776737888144,-1.11657662125075
8757,0.7851313546850565,-1.4436430340897308,1.0582763817371494,1.0992253250273236
3997,0.24912226962154452,1.4856631936537015,-0.9266541311450679,0.9500753194328261
4237,-0.9080107535717664,0.5389799545659346,1.2984156505759348,0.10236476857610012
18797,-0.2667903577163134,1.7791102609872986,-1.004293866676341,1.0319529134213736
22677,-0.133822974120643,0.7801713208559452,0.8449347118319294,-0.5094813362046976
5597,0.42673137837587505,0.6193012543793671,0.5655763887954497,-1.0391510055901243
157,1.7241748121330445,0.5524636266760736,0.02427366249851017,-1.155476662255927
2757,0.38060983370972534,0.8162829039779844,0.28227666959724806,-0.14764022335552135
18077,-0.25508174379418325,0.13610178901110354,1.0726512233618568,-0.5470784236536348
22237,0.07118728351537087,0.2111136371047385,-0.9147456223277247,0.2394293473528667
26397,0.09389170992878479,0.5008289648088176,-0.25203905594644493,0.173281796513535
18597,-0.6533070848553844,0.028025353472726378,-1.4570556172999587,0.7345009019461639
30557,-0.8509196845837476,-0.29155867794223617,0.9758245352521857,-0.22630808738269956
16557,0.6769979028162685,1.3681782261553226,-1.2159950768221544,-2.9192903603570244
32797,-0.04429940510059674,-0.4031115192129575,0.8727338231004383,0.3264847483118312
30757,-0.27110697309334497,0.19111713312189663,1.4016858631545688,-0.37194373948272436
24757,0.8636826452498785,1.0628299395973029,-0.44673675820535586,-0.2577577940979728
2237,-0.8679717558010199,0.5279174325152444,-0.164147043646685,0.389322937740449
11637,1.0813204794311644,1.308103947264623,-1.3523991199623617,0.6491009894490896
25397,-0.886781360263771,1.1182686162057192,0.8077663092655127,-0.4940347297816426
30917,-1.4568459443336985,-0.42687910064324214,-0.2963945628416844,0.9305980862855519
20397,-0.37490737599978446,-0.4869585276580773,-0.6442918171927356,-1.0489254115009312
24557,-0.2826366962272901,-0.5829747061710406,-0.20069311375212256,-0.4878223015832763
28877,-0.6186831952463151,1.303053350035042,-0.5082015313488676,-0.2478519527244566
21197,1.1964252614184456,0.442919198090156,0.9444708726971597,0.7018934577599242
757,0.6419287813281828,0.10224974796995337,-0.6141453427206768,0.18757676828556957
16597,-0.18530631540504428,0.025974149956142868,-0.8220114120376916,0.5098030752261568
21557,1.3459320228168261,-0.4472447805068883,-0.23490933464874747,-1.0596380724803922
20517,0.530378434829957,-0.6166661108959858,-0.04755104364757971,-0.4728925094559572
29877,0.2723007169178923,0.40769143773781735,-0.667064702400108,0.7696392687045184
2277,0.266017559840385,-0.2909870723451746,-0.7783022301108117,0.17986735961725037
6077,0.528209903622862,1.5056530900241747,0.1701303719128535,-0.656719262350345
10237,0.2979915879073521,2.092905480586839,-0.009605135505274419,-0.8869466677248544
30957,0.5965504377986746,0.8498192752542411,-0.26730808992315597,0.01257723248202144
19837,0.21329643288497868,-1.063365541508869,1.1933388424818352,-0.5446545140646596
18677,-0.7513740747990603,0.2987197711527097,0.9624622348456756,-1.2840389694525656
5157,-0.1283897886912765,-0.741013396270874,-1.1266071349445441,0.8621666849399863
3077,1.5546882466537024,-0.47212480519880523,1.8147448384987066,-0.5198508518098831
26877,-1.0450382076608629,-0.06238375160891258,1.1103018225379955,-1.7392033103022775
7237,-1.3646173986069152,2.5487524242645883,0.2674018058424127,0.07153541341194564
24277,-1.0827604877001693,0.7252572698784379,0.3622360299663005,-0.7120998685287009
11397,-0.9384890478074123,0.26875757935191247,-1.1169332464399864,0.03006752240499152
15557,-0.6852310256267367,-0.22335119961097724,-0.6746506068108608,-0.2577458931908691
14597,1.8608280489483333,-0.2749303635771369,-1.4675233696365206,-0.05494893729160424
27757,-0.14104298123388295,0.2247092482013814,1.2741377888090875,1.1115862973179413
18237,-0.9393168463364167,-0.5388982019565085,-0.0807237457406454,0.42825224552528185
12557,-0.6286705758975135,0.39572100569847335,-1.9989229140031997,-2.020157881821672
77,-0.3330682212065967,1.0563601532194216,-1.1741086864868246,-0.4064247933358395
18477,-0.08207547754392108,-1.118996093857193,1.782303648076907,-7.121749710308867e-05
30997,-0.0919802976743469,-0.1745586244248548,-0.6823703273548023,0.6337408346064534
16717,1.274981354842249,-1.061691449144233,-1.7055618890380866,1.0504738851186797
20877,1.0896192950609929,-0.06354185981325307,-1.0341929128641663,-0.45433174845743324
8477,2.3497066307274377,-0.6312296227723032,-0.5344543822577171,0.03466597370870589
28037,0.7223391603700423,-1.3960852979062668,0.7353005836498108,0.5797975621738669
1237,0.07906451278151563,-2.4979285122755894,0.6411146711179813,1.473781769335113
5397,1.8801529169072286,0.7286897213467567,-1.1320760911251944,-0.20006715985586282
16677,-0.19012158794072684,1.550995544479873,-0.24122568660883423,-0.4398726231057671
9557,1.0654511657193535,-0.33879420558782963,-0.16224524189178935,-1.1364784361237166
13717,0.3148278057480897,-0.8523437275987258,0.377433756699079,-0.25988360601470123
22037,0.5005030789847443,-0.9724977614070094,-0.6292862556476647,0.5096635676795346
24877,-0.7214628012420268,1.8489567403222797,0.4427448172320905,0.031961582382711476
11997,1.7012020483418195,-0.797105554001989,-0.2868378832680227,-0.06630381672083852
30357,-2.187144972289798,-1.0361041488431169,1.061006963360897,0.13267957139766212
2357,0.19533118310342662,-0.2761562912330927,-0.10260299028594942,-1.186521088758741
6557,0.25050136452854355,0.09686883402214067,0.6176322065079565,-0.7911749681365048
10717,0.30476415834956494,-0.10511562846989046,0.11034379711376716,-0.1889165640047765
14877,0.7192773636689279,0.35752539201277167,-1.6386372136867002,-0.8629067151052383
20797,-0.2819319366788494,2.3019270195930583,-0.5926458773712611,-2.262739727968415
6197,-0.27461455725853784,2.0983796020345316,-0.41679395039555767,0.5776700440716124
27357,0.48890637918396884,-0.6780359518897853,-0.5040607268639788,-0.02613276151134059
31517,0.6870295997919256,-0.5717959825769517,-0.4174921134162812,-2.152283207819428
8517,-0.35562267959628613,-1.303400067342465,0.49232620207920924,-0.5666543752242242
3557,0.7315548991437915,-1.6891845762010858,-0.20499909061776805,-0.6199069328400248
26957,1.5098547153319462,2.0774664807592877,1.1913291776177017,-0.5434961058399121
2157,1.4904532703007505,1.0755581758463286,1.7684607656883815,0.1468038561407392
10637,0.4741856339291117,-0.2875422883721054,1.9368911606809147,-0.45603380871793486
16037,0.6184938448169377,-0.17152811293992143,0.7780075323101682,1.5844456594270455
24917,2.707084322860931,0.44511585681397575,-1.9243359699084557,-1.22059725747071
28517,1.3676281776734927,0.15709936365106542,-0.29077405932122086,-1.458235838526813
557,-0.3563324540793308,-1.1604643704011655,-0.24931510585907662,-0.7315245442494318
20197,1.8298564005004991,0.5091190315656547,0.621916631073159,1.173498390688512
8877,-0.8318911534289608,0.5182092561167286,1.371383652070523,0.3500027597010842
10597,0.79556815426507,-0.8686841680302739,-0.16356392206971182,0.9609616636692045
21357,-0.4852483058667373,0.7940825470548107,0.2786449224920499,-0.5160742343566332
29677,-0.051959946456402416,-0.9525166599593999,0.9081183268277685,0.1558384573892162
8557,0.6559925213514598,0.5579173235283917,-1.515753811127799,-0.6594283649461967
19517,0.3024745454669641,-1.4553337864079277,0.6060134538307888,0.34945516786470615
16757,-0.7095200901653301,1.7692349742081923,-0.6142047019551833,0.7145859449642141
14197,0.38095021818429137,1.4288112220515854,-0.31669593361071563,-1.063795564650751
14637,0.39861192152412717,1.3558938060174142,0.5281908416688564,-0.2597286229771159
14717,1.068864779149745,0.6532418336782585,-0.4838124035496616,-0.2721977678025334
29077,-0.24475124664999562,-1.6273053892425162,-0.10346813794887041,0.5584331032953876
22917,-0.4004951136018222,1.3727168186302126,0.9355907450210323,-1.0324531297581139
11197,-1.110316097902072,-0.016000996352236938,1.2864176438285901,-1.5145373210806912
31117,-1.6754467256907501,1.691288978023573,0.7994597995675828,0.501116910066307
13037,1.7969179574180927,0.11411322699342466,-0.7492235631422521,0.024160384932159655
31997,0.3229088248798464,-1.0182573062409574,0.8831935667286855,-0.7151488136843007
18837,-0.8001164367480739,-0.9517738755041536,-0.9361164692786811,0.7990972525487838
13437,-0.3720082415452509,0.1323255995395581,0.9917896764333437,0.7154756713037433
1397,-0.017891237801437164,-0.7091327813858903,-0.3994433227039311,-1.712356023170594
8197,-0.30752842399007363,-0.5267664491403836,-0.5612499719255377,-0.8140773565435495
27037,1.063108047449875,0.2625595585674457,-0.15049021721354694,1.0537250754776353
12357,-1.7415796690450378,0.07534672767332916,-0.016652393524049625,1.7537241363797782
16517,0.9477253913350117,0.7766687654683718,-2.387901772989407,-0.39861236111960896
24837,-0.10649077501128386,1.1697846086385415,1.0796125644439662,1.3353051273326253
14757,1.453090874185003,-0.7359769711719133,1.2721753473859654,-0.07133094127792852
28997,-1.4926154355268813,0.5089443521694228,-0.8554657438253148,0.24701641595176066
1037,-0.7226193964384455,-1.8208979801532401,0.4534356641171149,1.0707428815202495
22957,-0.8154752345822074,-0.5332098063207319,-1.234166596871446,-0.7432864888589429
12837,-0.2605943862597981,-0.9125427021771705,-0.2620049430989408,-0.3172722509989781
11677,0.8029534519240153,-0.561499228225361,-1.211359226663761,-1.2313219110884295
9357,-1.3334713649194998,-0.9185051279978425,0.9072619515014357,2.20572885218525
17677,1.0087521950323521,1.0630245363723156,0.5298594020348314,-1.837285194840889
31157,1.0174875512985695,-0.5200900488679989,-0.2947858899891756,1.2084981408219058
25997,0.7553167315238254,-0.42775136968865274,-2.427819588173243,0.8580738701678449
18877,-0.13484458824154988,-0.9451966390608189,0.4719860675089476,0.09704327889226556
31477,-1.5117881965352709,-0.44902886773056994,0.03977933760931829,-0.25157805753724205
2197,-1.2613167444544104,0.17219253817188918,-0.9308767750104816,0.23349137221557678
7477,1.8673728817736643,-0.24913073953946369,-1.0377979753543238,-0.7340123621738139
6357,0.48335357591290184,-1.2144023980432108,-1.294797228397694,-0.02707728864320107
10517,-0.040459235211328444,-0.3403710153797478,1.3332092833261462,-0.620311382708332
6597,-0.29535995655470876,0.024843155937656142,0.07610638083255362,0.96639284996222
4557,0.4241869569653253,-0.017313364357470058,-2.011766323052543,1.348581221731892
31317,0.1458071883657416,-0.6541372882874815,-0.2586312648007122,-1.8975597895871787
15437,-0.8892821530944015,1.1252446483999556,-0.6909587833564393,1.0482560251790705
3357,-1.1166322202745664,0.2670128769211373,1.0179628080827896,0.18673150895448323
22997,0.8608588243898018,-0.3478741960184339,0.14460492759724977,2.2008150020672987
20957,0.6092970205432295,2.432113705994643,-0.7732975703302972,0.8454583682968131
4517,-0.72357757021499,2.40128571886758,-0.7085131962236461,0.118428313009407
32477,1.2361398412739135,0.5303986810134782,-0.33505305357882437,1.480770886134703
29157,-0.2187644397011617,0.3595898766915346,0.03669232719278303,-0.8415727197936695
357,0.003185853184605714,-0.5487935885348394,1.6043956385328508,0.9367412857478588
8677,-1.3214756562157497,-0.07400390001267651,-0.831222555091494,-0.5241640878796384
6637,-0.2712895247191454,0.2246445984043456,0.5906785675768034,-0.9870451858072968
24317,-0.11379334295063741,-1.1631798649795801,0.6198469327374088,0.25342897915125756
21157,0.5725059441497014,-0.6428831379378157,1.157018252492642,1.7920564837172939
14837,-0.9079336875414936,1.7633246191388492,0.9593610859781904,0.672842837800849
5677,-1.1738969824768752,-1.349109144063384,1.2439487484260505,-0.04025092817643243
24117,-0.3522384961844736,1.032807416436802,-0.8455628685040238,-1.4320780124781816
1517,0.8105322988172341,-0.42954747146594474,0.11090000115304192,-0.945487804016151
2557,-0.11030746493614366,0.9797708328609835,-1.1578563915816311,0.406399659692257
8277,-0.5491096233764653,0.034752491649156524,1.3721214877397458,1.145905204839051
13997,-0.13653949592366818,1.2608219941220797,-0.35739130031571836,1.2444377197111884
18157,0.104740107933784,-2.4815564848795355,-0.5827133217740122,2.8490020804176273
10757,-0.36716519122561,-0.24202980221752246,-1.0249517660757919,-0.20358559570611312
30637,-1.0871933163243406,-0.3523259956744061,0.7118829808061589,-1.2749268219127614
317,1.6394014732143267,-0.32901311338008365,-0.07579063233576588,-0.5640304467295667
8717,0.3986780816494021,-0.4974480515044008,-0.17510407704800363,1.3512769308409744
7597,-0.16429343835534058,1.0765958967185418,1.0468656821050633,0.929795382068616
27157,1.0624198473138815,0.6936498147638299,0.9901917118350139,-0.09021862075047983
19317,0.2414860707799942,0.26093106846199277,0.7147142664778721,0.5290908201977753
14477,-0.7242669794064355,1.6729007959425326,-0.6818852934476727,0.09496620819139916
4637,-1.5957132038216615,0.4265401013911808,0.6492961704094785,-0.16137921152081441
32517,1.1152648554052154,-0.5469546478129581,-2.314314313353239,0.7164831578831263
23077,0.2014654679238345,0.45224096872930947,0.19590604434058476,0.870634985988026
12157,-1.5480836102827236,-0.468808160755249,-0.8755271077519898,-0.014988861628174945
10797,0.8031036704995136,-0.07719879927538134,1.041651415275007,-0.8115566948625255
6237,0.11207178340843106,0.9654131478323654,-0.39034239032533374,0.5900683306407277
29237,-1.0174248500029377,1.3294772313782908,-2.3535337890754002,0.8056527931906087
837,0.3483658488422034,1.289394178619293,-0.8541329110889482,-1.7253075587536328
9157,-0.8438421107890874,0.6125122417690461,0.9307345759752107,1.1045972228908203
13317,0.49734078946648635,-1.1792766587441768,-0.7446617421210366,-0.4528153318947355
27197,-0.555409323774992,-0.6408392698549341,0.3266881018001482,-0.8835325456760116
17477,-1.2241560843088903,1.3845817220361183,-0.7902777412834939,0.9569388861976608
20917,0.6453113079998258,-0.4962267823887313,-0.692147893406485,-0.0023228341973597338
19237,-0.6595129253962115,0.4968818124091703,-1.6949187792181957,-1.4811348862974976
29957,1.630522579064756,1.369083823243438,-0.6439382336990154,-0.9568247270980762
25157,0.6286438533847024,-0.857220397054818,-0.15286568271418893,1.3443736541364528
1997,0.7509096612008436,0.29077329196996893,-0.02461375419308567,-0.2227083308301207
2637,0.42606113033593096,1.0759940082877841,-1.915617965630282,-0.5399377327231525
2677,-0.7020504632344615,0.43756769762184755,-0.6733663854401379,0.01066590922897327
30477,0.0015491239338977275,0.3020913033723213,0.30831214978534854,-0.03882639398109803
21117,-0.08000751702261853,1.3964129316152651,-0.08671928398355236,-0.5298229757662246
18637,-1.8601569193846395,-0.4132229769448402,2.2623400414813277,-0.1527158476121988
22797,0.43824084743231206,0.5842859555987101,-0.027985282737829274,2.1138260989072415
21077,0.07311389592249155,0.12323616502368562,0.25533357695379066,-0.4888281705707217
19037,0.11288681132844541,-1.6909612902409557,-0.5735665779526862,-0.032290838512686215
3157,0.34540894964826,-0.34761736081993455,-0.7762242083314895,-0.4809758008853165
24677,-1.9134268559558794,1.0735452499390508,-0.25392097761233495,-0.2600646677179238
7317,-0.3071185880603609,-0.7004118462000842,0.7571020638636201,1.9104435807120679
16997,1.6750137829710408,-1.5170303406565302,-1.2071606725574795,1.0565501228944567
19797,0.9531077274994151,-1.3625486887839418,-1.2893333561529985,0.8057218678765822
23957,0.27345380985655315,0.6743832156598004,0.16786038469863515,-0.16936610009068767
28117,0.5176083585173924,0.10184466560039855,0.3897547802779892,0.15059639664033028
25197,-0.5938150528666191,-0.7883882951393216,0.1777851307499382,0.47570433103660714
8637,0.1299129135190006,-0.9772501588894996,0.11852621791541504,-0.07452266471554303
4317,-0.48035553528624053,-0.8185417414521373,1.8873015994375857,-0.8359972767281806
12917,0.697130422087793,-0.7018410019576062,0.9605674530324202,-0.4435714181829866
12637,-0.5657683571751558,0.09298977551633364,-1.565810741739941,0.6001010139759564
16797,0.5150614222399182,-0.3831465582461387,0.2837779801149826,0.3439463126022859
25117,-0.21517446035378926,-2.145663349730951,-0.04090745932259179,-2.3565695088685037
31357,-0.06019369949416632,0.05535078828619743,-0.08175059240651045,-0.3913845823580815
29277,-0.8980473806688204,-0.3764698803840307,0.09330033007397652,0.3218617498234352
28437,0.5522652277399506,-0.32874641125477644,-0.8194848256532635,-0.15908754002641198
29317,-2.1411856273471273,1.0935339183908863,0.009219027083980624,0.9438845022686597
17037,-0.5276039000239605,1.4421166282947566,-0.8633707847021768,-0.40684063794657116
12397,0.7681639885098289,-0.5870663314633715,0.08204986681933683,0.6718988381868223
30437,-0.4516077693300099,-0.7488583901801337,-1.5845895307560873,-0.6746006653110733
25237,0.49753987046484033,-1.1832694234048304,-0.05929266483779703,1.2383528652565807
2477,0.6675026756935374,-0.32289826153464685,0.4917403228111068,2.838765050840237
2717,1.404566122132085,0.13446602080175285,-0.009115547592957837,0.6513628441269614
1477,2.21512219551633,-0.16172048866241495,0.7697930681276964,-0.2759470894766407
23277,-0.04241249218739347,1.546252669292349,0.5724588254821443,0.8899828643952252
10917,0.4953066411315358,-0.2768019882908412,1.306336396124216,-1.382653719377159
19117,2.356109274609323,-0.36937720719624784,0.04243523353934682,-0.02043973099153952
11037,0.7104718372814477,-1.5725234121883507,-0.9055600442961321,1.770831887646074
31797,2.1114392752464104,-1.18071967450511,-1.4032166052368646,-1.8735560617460074
18037,0.865592119822909,2.0299859506349365,1.0499710314447996,-0.5252918066821995
27317,0.2673685191892835,0.3301546251321659,1.2997116502638828,1.2540805081263449
24437,1.4610035477786034,-1.4091072400285283,0.6750142803545728,1.2508512485455778
28597,0.13416226716997978,-1.423922708167721,1.0425030537020592,0.3167076290515022
32757,-0.9535091129563477,-1.0899540336830684,-1.0432639310904697,0.735331173390085
4797,1.051069061080905,0.8223216448826461,2.0714800197907386,0.7379662625967711
10357,-0.3390244033915976,0.24985174350362738,0.4336965234468097,0.011113923206823091
7997,-0.3910442843378165,-1.777249613322877,-0.9613978925899589,-1.5722438558471232
8957,-0.7816474084636762,0.6487068858815901,-0.09336882491390414,2.233047704275793
12997,-0.5586586220617289,0.8760081309686754,0.5340573691014521,-0.5212137175783698
17277,1.1449043960380028,0.46930669276794346,0.9596256644284709,0.831591375655344
21437,0.6303153635325525,0.24374041313547015,0.3726331192814087,1.2360627048944925
25597,-0.16087186104795792,-0.4137466303098104,0.1464209781034827,-0.8001624462559741
717,-0.18851768184707982,0.6251281634359231,-0.6422104729888659,1.5967769128199178
30157,-0.10451062031007025,0.5760232790280728,-0.12101478711779769,-0.020175251358391672
1797,0.2592069245035265,0.35890063748951523,0.1717718763408639,-1.9937748308378302
29397,-2.2564786620204673,-0.11604261843913329,-0.08667593636621274,0.3930787118885817
14277,-0.08011831742757297,-1.3324869129054742,0.5214799386999481,1.2399156177372739
17117,0.7104615124845923,-0.8951541809591095,1.0675703890399577,0.6955630592435287
22597,0.18739765852450635,-1.4207262567565517,-0.8729892766723891,-1.6553566197241314
29477,-0.29590815013711064,0.10687434154634454,-0.2332497097069655,0.6018635055683793
26757,-0.9841686228615965,0.8733423883781485,0.4248537222710386,0.5363213129439768
15077,-0.8212763609001877,1.3558987548656594,-0.3033979256609587,0.5311843723028701
11277,-0.48777450919668264,-1.8586989262260343,-0.12570236860275,-2.0743585640930338
2797,-2.1355110890196967,-0.24402889150624366,1.6468941853196446,3.0975602263586897
23677,-0.509337756783704,0.894919328370362,-1.0002532240909807,0.1997897405420016
23757,-0.6523076213347136,-1.83387949018204,-0.24277744051674105,-1.3219417526706436
27917,-1.4683378022327251,2.141286750521468,1.0573715262415322,-0.017911836376624905
10997,0.44265950659901565,-0.5229900468951837,0.8054684918873736,0.5807177267429271
32077,-0.9864856030091071,0.9537918250564876,-0.7675923451671506,0.7770055675688294
24637,0.8993879333360665,0.7712407518667074,-1.0979455481523654,-1.1526565224091199
29437,0.6335403591097628,0.13276671668651152,1.4674497230300028,0.558190901495627
17877,-0.5909286933777745,-0.22199322688297018,-0.6755043712209563,0.8819146076435735
20757,-0.6937634871197013,-1.643917211357753,-0.13729219871125461,-0.3792524464961793
17157,1.7842196164071393,0.9162810815030182,-0.6804188846421029,0.6814683940421382
28797,0.43788204164575106,0.6301501412605636,-0.48429768187878663,0.23682519306269195
4877,-0.2789972009626354,1.0163680581849726,0.7238167689446098,-0.8106714239619718
1117,-1.598237598257963,-1.5478580685637635,0.5606703727969786,-1.3566670095192026
1837,-0.6001212210501837,-1.0477360619247724,0.5672662387274757,-0.31884244975341763
5277,0.11858257532594217,-0.044754046095194164,-1.9587363890782012,-0.7095560450654314
9437,0.38581524999141037,-1.0021998860250423,-1.8061239846421069,-0.6115152854149671
23317,-1.1723515127548454,-0.04426872995815332,-0.023029722704406726,-0.0330422812530945
17757,-2.2308133306740903,0.13909488780488816,0.5259470153681468,-0.28862588533948147
21917,0.8146139461919814,1.0707062513905101,0.6450098443494415,1.1577572410418242
26077,1.150488814807319,0.4926490230500958,0.7928270937698451,-0.4370102345924729
21277,0.8843056962937373,-1.0337523694619626,0.10681174048061343,-0.2998300291180797
1157,-0.00194218235163002,-0.7409607454590456,0.21223928732302424,-0.8226540958493239
8997,0.41039349237551365,-0.7426068317141946,-0.2693406197759505,0.2385681472295014
18917,0.6532780622060852,0.725478629212314,-1.2141863273793172,1.8913289232756871
6957,-1.260899747307721,0.9554937765610456,-0.2698603231290197,0.3922489873172438
31197,-1.5776196528588329,-0.5119142133349809,2.196088401172035,-0.40024268829827103
22837,-0.6358159504116301,0.6089873413402638,0.5634528903978273,0.708348198203754
15157,0.9519938851082066,-1.862273819195702,-2.350659272821551,-0.32916930578379894
11757,0.5012507771783438,1.1163922346369815,-1.9310125648397098,-0.35702700789871766
23357,-0.6497188881645286,0.5422626791807047,1.6621528302852708,1.6201575828871138
4917,0.4013340302799241,0.9322870096143606,0.1735274138945522,1.991127048914333
28397,-2.0219217500028637,-1.1634542023302537,-0.4980427949652854,0.943663269727283
21317,0.6416701321875569,0.4742703782131082,-0.8302955306119755,0.6245461497604783
437,0.540632870457219,0.66976609171823,-0.5293251653530746,0.7535970256096981
4597,-0.9203620675576868,1.1963724977565509,0.4989177954300556,0.28056361734889995
29517,-0.5443900739542669,0.5775569132400884,0.8420422621915155,-1.210823098910467
19597,-0.055853953342814934,1.3038538970738114,-0.14418667389896173,-1.9794633071618688
17077,0.7329630983040445,2.276795457033028,0.643657519994403,0.061377141662960585
6997,-0.09603421316358582,0.1883824193279559,-1.6853248306648005,0.9770473123924043
15197,0.11487508694126541,0.6016952117973956,0.32227805855660213,0.08265313292183812
5757,0.7384083508110313,-0.45214112723947436,1.5465501278841685,0.8911049905652273
9917,-0.9059075466438065,0.6298880304063228,0.5594416253824224,0.16285547311741022
14077,0.6859902078146212,-2.1871218458023827,-0.1332178004463142,1.4153157974192325
2917,-0.27769399848395915,-0.37541221536065117,-0.3190777946189764,0.47670957843497436
22397,2.1608410851882938,0.4525033936956418,-1.491529781288565,0.21598319235918642
26557,-0.12955374441412057,1.704852212870672,-0.9699546192369676,-0.6192999418377539
30717,-0.35038144098492763,0.05115659530540355,0.32671527566265623,1.6848541518362252
31597,-1.2460090334096239,0.18447834474754085,1.2877400724096408,0.16866108726018633
2877,0.6849899322548663,-0.8677528348364615,0.5800639218575131,0.3548768761209094
6757,1.1514473394458515,0.12293240347389463,0.12355754722934938,-0.5518466668803672
6917,0.5876380504289481,-1.0328767152609333,0.09940855637823469,0.9730187842137997
29557,1.3408674913712637,0.7319872618255778,-0.6726756032600761,-0.12971219036810572
11077,0.19451180669204332,1.7445057467991016,1.5772803685050243,-0.5755300911020262
15237,1.424619839320942,-0.7587947721103486,0.8474482749854302,-0.20064818069196055
12077,-0.26279193562867514,-0.6554189582334333,-2.2030008503234444,1.0270339548453187
27517,-0.7533494842016615,-0.059728180567641724,-0.16888557193848894,2.046676898574695
12437,-0.40677537637888106,-0.1642014762433817,-0.018069124743910016,-0.7447064489341538
31877,-0.8888878215171065,0.5542413945148624,1.657909314851345,-2.1043566216951124
25477,0.049184104227642106,0.45837608150206277,2.720151322176128,-1.7266307295465535
3917,0.25128588813378405,0.18317012971048033,-0.5942043700788924,-1.341036918922644
8077,-0.38355004295969686,0.46334206756708973,2.23470843313143,0.25039210443778975
2957,-1.29770808459139,-1.2032292606405655,0.39893372536419236,-1.6976557907534173
20557,-1.5223243032024525,-0.46836368027396597,0.6830027692884282,1.8846790807798441
32237,-2.3188229902205753,-0.28116859217051615,0.47830376002550834,-0.5967542196841595
24717,1.11057429460422,0.507490036169513,-0.3995386271147176,-1.0191744201093451
21397,0.041356943332208435,1.4648668035463228,-0.4497826179213196,0.025161751181972176
917,1.4179208072763914,-1.2299794247155877,1.3006808492818358,0.29278965376902016
5077,0.37989769715328175,-1.7723028215246517,1.1164628274583002,0.9001762907028169
9237,-2.042815856517057,1.1858725294698182,1.0171900085361942,1.8562838526921226
29597,0.008745784196698315,0.10128725974431765,1.5248100656611518,0.34640310577927536
26437,0.4653369651639496,-0.3004163594960251,0.04963695843353964,-0.1222947489966746
17557,-0.6527008189168934,-0.8868935959058801,0.654789820497875,-0.19287510170587954
25877,-0.9309230896482019,-0.48714904892658517,-0.3514777917274843,-1.4067368762826675
7077,-0.174068947198914,1.3412290693225257,1.3988648146648472,-1.3018851188007206
15277,1.479778887703498,-0.8306782293501015,-0.995116766800291,-2.1926887257504473
20637,-0.5192527670858199,-1.3191449644601763,0.5640906538222141,0.2760825051937457
10397,-0.23192454912165864,0.25592949733778,-0.1268330373986502,-2.2406948020299176
32317,-0.6346708723883423,-0.9045666351278338,0.5212882477096007,-0.7034436017431316
14557,1.1032795765205532,0.08671930276551497,-0.06830216864383502,-1.5469478870262245
18717,-0.7884873911039515,2.2561243484005966,0.24461421525153634,-0.5175948584514323
23477,-0.8681486959198073,0.8173899257125841,-0.5492045347970376,0.6948961285134501
22877,-1.140217420421221,0.35294220623648553,-1.965274334742477,-0.0006937965431339703
31677,0.8821338944856701,-0.5605513065714596,-1.3863275826036416,0.2598429687178611
9717,0.8386198069210974,0.10630615151445394,0.10215641677634908,0.42619066964776403
19397,0.0176578408389946,2.018535293683939,-1.0382235421619972,0.9806776753543102
15717,-0.1246923765913803,1.4067381062913982,-1.7869648106834994,-0.10569083995231296
19877,-0.9351785823295836,0.0591807750214632,-0.6153851930868073,-0.6891390012349549
24037,1.220674549874344,-0.8775535372776875,-0.6603316102866859,-1.672896733234036
17357,0.2980470182872844,-1.4280024355862966,-1.4087404290291727,-0.3644340058717289
19277,0.16910840721161863,-1.134014834113563,-2.9435237231312574,0.7064377688416058
237,-1.7067976286193576,0.8281026935639593,1.8830329174832172,1.966409791165034
25557,1.7181345046806094,0.6029347767019333,-0.22637748778666533,-1.4183946880885558
12717,-0.04281943375948387,-1.3544353579694126,0.2296963132043169,0.11501530285372329
16877,0.38804219364203585,0.8464027275012719,0.11273642022380873,0.8715747005360871
23517,1.5561393666367618,0.18395694040490515,0.0717649861844659,-0.22415870582454822
3237,-0.3351023388977133,0.96204458150715,-0.39185054434266176,0.41131006363057293
29357,-0.9109581983987318,-0.4399322114805956,0.044236022480186446,-0.24086764355179824
31717,-0.2972257567750526,0.1931360277145669,1.3930298301347175,0.27196155037129466
30517,-0.03677597683469914,-2.1650828094632475,-0.5350349534428307,-0.8040676679939661
5557,-0.47312938839137897,-1.7065031169870677,-1.2206846184292817,-1.3432139652965818
9197,-0.546745290410679,0.24860997339348165,0.49895324560589277,-1.6458316379143767
28157,-0.9273163041315492,0.5434194937243448,0.661174659317523,-0.35412944389342466
22197,-1.7296318451463322,-0.08006102328353817,0.9159494239673106,0.07076579979144759
26357,0.24588031957270368,-0.5713351303844088,-0.6247790403287868,1.0289936323304814
17397,1.4840143537130097,0.2222044068893883,-0.047862646441801396,-0.775478235778893
6717,0.061948169906096494,0.13727151203778604,-0.9797204965845561,0.4806112103498179
5117,-1.7575912251189347,-0.555907151959439,0.6843591237619686,-0.5492284723817725
29797,0.8488486303869439,0.372560398860273,1.8188318795695884,1.1379885502905756
27477,1.2561515081522743,1.8491770238696892,0.46744333353696477,0.20848353761350497
19197,1.2316462134039765,0.4070906951269623,-0.23364526666385935,0.37326741361459675
23557,-0.4128661076982113,0.7848886775389174,2.9550221185854824,-2.3371852080149007
10877,-0.4601469256048956,0.7230302845898511,0.6925444237411188,0.058657654815763655
31757,1.5154028825062016,0.3448353243235439,0.17905257799841726,0.32195115575986494
1197,-0.5652348283536841,0.6374115803039099,-0.16682208381656943,-1.3547715315549742
7877,0.2955788966625891,-0.09093301070887376,-0.22609513887452104,0.15582320463419483
12037,-0.36006729874034915,-0.08893760244037302,0.05658558785343823,-0.6647064924362518
19477,0.8332411881848639,-0.2731151378129113,-1.9601063582791975,-1.767351148674273
16197,0.1898618195520065,0.5002074075405756,0.1210313766427681,0.3651871173661585
20357,0.10663259309642356,0.07252647028704372,1.3619137708754732,-0.39033977304525236
27677,0.15600036005696333,0.33838654744294505,1.4236764000791644,1.311168899589935
28717,-0.012371091001385833,-0.25479942151643764,0.06836973219257925,-2.2558606910719656
31237,-0.1671850328916558,0.4396876967658809,0.07939927453576617,-0.9468414185839902
25637,-0.48374431735336987,0.6556315074494263,0.2811253190060803,0.16534940968268813
9037,-0.21365368273846436,-0.9811908548498086,-0.054744636153246144,0.270375357802624
13197,-0.43817609879669134,-0.09404656006240704,1.2169088592545103,-1.2724608269327367
21517,1.79566574315753,-0.3944029830698374,-0.826573950745821,-0.2247043894879055
23597,-0.5028905260538427,0.19465631379918988,1.5756610247827039,-1.482755533128938
25677,1.7748900842599142,1.5502483994533833,-0.3434608637001384,1.3408995677167828
25437,0.4002568761541891,0.410187492295743,0.054133819747020535,-0.4591818948851242
1077,-0.16052925941758323,0.28461683273246,0.7188164562016857,-0.8346405500120573
1877,-0.43819472947172255,1.8016774657260395,0.2728386837616614,-0.13844460778214646
10197,-1.9877965348159938,-1.087276419891053,-0.5204463381530247,0.45718413698431576
9277,1.1523805186702278,-0.799034132882558,-0.251137904941727,-0.07188206420145928
19637,-1.2050594305886493,-0.38732849050094653,0.41303329120375937,-1.0263971247288846
26837,-2.207117985571478,0.7193702187348912,-0.7383117490582553,1.0884715055293777
27717,1.0919451528836719,1.3959665375420969,-0.8304583092582231,-1.3084578906094597
3037,0.4455988087439016,-0.773233823343337,1.3321384983854647,0.41661493850356585
7197,0.3110849229178022,-1.1019467845338728,0.8363126755685613,0.37519859128882843
5197,0.658863782093515,-0.22361054770575967,0.09292807509594286,-1.3275967468536407
29197,1.7248367154121373,1.0112361598135244,-0.42359529624161607,-0.9592628442865189
19677,2.012912863565537,-0.812909441577309,1.186612489634472,-1.4886229008342726
26917,-0.11302098866880171,-0.01937127494759501,-1.2952304630370617,1.1415650820475536
13397,-0.6083541986968244,-0.06841353458054115,0.2855318522765985,0.6772492526360726
11357,-1.2080664015917526,1.34306477248291,1.4683528199637632,-0.1458211589486048
23397,-1.0327054119221533,1.460379259474704,-0.2909133797066902,0.8465011833056139
8357,-0.4602279774565503,-1.4408680453643326,-0.4059187644360523,-0.05073822211234059
12517,1.4531489791019043,0.23515352547019774,-0.006516834853433681,1.3922076135650026
9317,1.4226750773281847,0.3275610328955619,1.0724301528519258,-0.5573264167369367
20837,-0.49342172458943345,-0.7938293817370764,0.10251952293063397,0.27002195455538336
7277,-1.4130739485377994,-0.9948767316859641,-0.1112487588694111,0.14934555545804606
7357,-0.1362765145642115,-1.0996824762454014,-0.47479583155595134,0.8040537220053166
25717,0.029162700337690087,0.023452442346128095,-0.3340991733611867,0.013851260383903668
13677,0.5296457952111743,0.299620448846289,0.20426130469790957,0.6054477858945949
17837,-1.5569575811812815,0.1515355564587855,-0.4985494106373992,-1.2758712682196345
3197,0.6271837633704694,1.761064551494711,-0.9792660289778373,-0.1524032004399732
32277,-0.9183218490528803,-0.47699011630461774,0.17042351370504286,0.19832700591937388
21637,-0.0416931006104855,1.491858237483605,0.7282303021888555,-0.23649877828818838
6517,0.11386550934913725,0.12055965836349056,0.7145427241649712,-1.228517268716322
10677,-1.8048655806922864,-0.027281456857486824,1.4817203456997965,0.17411645509275428
19557,-0.5561663626494202,0.6410752020006433,1.741915240740375,0.854191031079298
29837,-2.1685083008418777,-0.3916747602292212,-1.1315856574241432,3.3183628560259297
26477,0.4012475003398848,0.4718585768142886,2.0153090644608294,-0.06848917026136726
27797,1.1346537167972794,-0.8691625570637981,1.3480835704185872,-0.8835013088685303
3517,0.6605859096204767,-0.6807111902665874,1.0971572653345727,0.33344976164945916
15517,-0.9039462952715095,0.05971786981641232,-1.3067824321499948,-0.801449315177516
10437,0.3590330281937513,0.14502694361435692,-0.2291815181122045,2.05838736150118
23717,1.244514446584323,-1.3601960456225881,1.744621579219804,0.19738284274479262
32637,0.35695413857260344,-0.24421534759686328,0.35742935271101295,-1.3036311918996666
517,0.06985325438067005,-2.2743598540015273,0.4657729169364503,-0.7814428118812305
11437,-1.1447269057000398,0.8285499285823638,-0.7230769869360266,-0.7592549292658685
30237,0.21321059121355793,2.013246873442227,0.0954290549102845,0.5027524944190133
8837,-1.0259494017234647,0.24869111580710176,-1.6019441254638864,0.3085842645207232
9397,0.14617450545592114,-0.2116064581110639,0.2110773913082397,0.7551550507952197
117,-0.8676706964544371,-1.1345326501477173,-1.5610883667092588,0.614251268340759
27837,-0.43413195625262113,2.578039052577582,0.7836645763551561,-1.1633798302387803
9077,0.7727652799678905,0.916913510956365,0.16546984627741168,-2.284501563610219
25797,0.622271133551696,-0.028454930293369086,0.4009434769799513,0.5465560075827895
22477,-0.7000459446984418,-0.34299729538809387,0.04455052449135342,0.5378821618701866
26637,-1.5105660393796392,-0.819747610141286,0.7680664930834609,-0.6680188916308064
13517,1.3215855875666265,-1.1931960605899303,0.702146157445204,-1.1539899841780767
8397,0.6410554454502513,-0.46996223746116067,-1.0078121745953608,-0.3725609171025229
2837,1.0705134978374977,-2.029911460578695,-0.6275635182659794,0.8488756520604217
11477,-0.12697952317245845,-1.6302238583075825,1.684741854809893,-0.539271488278217
11157,-0.5784676424139057,1.746943388236672,0.41350197341945377,0.3945216657233851
15317,0.7640775532226394,0.8324044770200435,1.0867492319955812,-0.49697540276846874
29917,0.19175740177747072,-0.14579964309627141,1.0673947860735282,-1.6653295682635767
23637,0.8916369611441161,0.5607527775580208,0.7109503775188942,0.3951677039180661
7717,0.7277718778192177,1.8167088221633347,1.8500986768148069,-1.9662288140715967
22117,0.47829177678526497,-0.6693712515711115,0.5332682325726341,-0.42893752273077723
31957,-0.14859328250888265,-0.010515775590294874,-0.36089844843476454,-0.9780060372091242
27877,0.08451663751921223,-0.2895580606332043,-0.05108657929950247,0.9242374827310808
12597,0.8373801862519327,-0.2273336474853452,-2.27640222576963,1.1347184867037086
31037,-1.7659395671204359,0.28131146175616567,-1.3416171938721555,0.7428494301749781
12317,1.2550567759024858,0.437229801406247,-0.3372589344051574,2.043679194143989
5357,0.5278733522533772,2.5486255415187973,0.27998174876522813,0.524506557990912
16477,0.062225929591526306,-0.02589619397305544,0.5689873712671191,-0.13315046644282114
7037,-2.3025487496983676,1.7354895044761836,0.8302873668167376,-0.8628213421165685
24797,-0.2286743376326658,-1.1584847624904098,-0.4045787308359147,0.15527803036070978
28957,0.7099483978654414,-0.1750557176614651,-1.631473234859918,0.11760119410228473
23797,-0.46022837904612496,-0.6454821120684229,-0.16251812227689577,-0.1862898762445681
997,0.22171755950125624,-0.8225364871097398,-0.8729456785206644,-1.9352967018337957
11517,-1.3426798774399324,0.4356383463076267,-0.5815690308034455,1.9804293953627252
21717,0.03221140042369758,0.7824939791398327,-0.7379009155460559,0.3296330727566854
13477,-0.5768321959707365,-1.1720279287471327,-0.6787557052678838,0.6631359203396369
17637,0.10043309816853122,-2.3963606670364355,1.4414819068559526,1.1634970734600392
19717,0.8970891517648912,-1.0772355552491344,0.7371759614112836,-1.2502676523974408
30117,-0.8039043848117581,0.1237114459926706,0.48298788826101496,-1.0648759986562737
7437,-0.7967449119463317,-0.7155562195751499,-1.4366488814894698,-0.015251162493635013
21037,-1.7481122345216022,-0.1655672094508892,-0.5602663906358535,0.9780645249781197
6317,0.8720286533318107,-1.2289269990185145,-0.005227143246918784,1.1572525348189195
15637,-0.8417767093235341,-1.9662795302636238,1.277172292957795,1.4607724424386972
27117,0.5529923264098587,-0.14468839525509608,-0.2573455235775732,0.11937104401260377
13597,0.2610279647629291,0.014060554431777837,0.548968269458231,-0.41838792508275957
4997,-0.9412231021688521,0.287588091816663,1.9021932749562427,-0.06507709137668993
1317,-0.5559568335509283,0.4223355999106725,-0.13407276468492135,0.4397281630749556
15797,0.6784181125972157,0.8260441146933638,0.7809989651269417,0.02476835939921546
14957,-1.126728087243986,-0.003984259934428964,0.7657015470575502,-0.28749668351767593
19757,-0.9216004342825482,-0.009016101439518094,0.4951831012461566,-0.37058849939409466
28277,-0.663459901646032,-1.2518231709882122,-0.6799175319960211,-1.336659975908372
32437,-0.9898961856657935,0.5795049411527631,-1.159543824862394,-0.1878279696595347
27957,-0.5651130023271678,2.0305166755360453,1.0121030850047277,-1.586334810839416
4477,0.21412051373165905,-0.09770049785897772,-0.1667029307992733,-2.2275451275264033
12797,0.30897262763437144,0.930781884491268,0.9801672475809114,1.1963603244787009
16957,0.6911936647467087,-0.7715382025277828,-0.5480731865538198,1.7082081172579335
3637,0.1100078789744063,0.2774804555702535,0.7107193745168517,0.7340602103755548
25277,0.3893362385105336,-0.6891601148545732,-2.2345156038603293,0.8657121739827801
23877,1.152928644094352,0.943473979345714,0.06325950491888979,0.17737460426317936
5637,0.3519499176373077,-0.008192218451562254,-0.8997918567021013,0.9839572551543103
1357,-1.2064083141712945,-1.4419295462543522,0.4601707317377471,1.097617683400194
18317,-0.003017393593706518,1.427856246298002,-1.8564066625060371,0.14231530198179754
18117,2.2611357879033074,-0.9063856124543112,-0.9325047916907712,0.6426361961233611
27437,1.3955600837157907,3.02715345410862,-0.33148505878971996,-0.17490055254944448
30037,-0.5731277480564462,-1.3961414522159745,0.019305129015639032,0.5568727022518557
7517,-0.3223034324804394,-0.958536021811555,0.7415039404107807,0.7143267005138618
32037,-0.43479639327963465,0.27168274399448616,-0.5109206680919942,0.6974632699820176
7397,0.5372918089560436,-1.148508786575177,1.3026086677876068,-0.03532962182010637
6797,0.968484569456286,-0.19118902206192734,-0.580652792986591,-1.0558141309615225
10957,0.13257571295234713,-0.6530895418165521,1.6495889795897574,0.9723410353172925
25957,-0.4206981614848524,0.656918902906296,0.4685485966135485,0.7551363812514991
22077,1.605425789699912,-0.0861621008075012,0.017165992457021603,0.708438888704893
23437,-0.6201639508485802,-2.483023543892177,-0.7986631582320259,-0.5595744408296596
27597,0.3956018143264954,0.09064423593726105,1.388490197425359,-0.47104108863177535
3437,0.44323014862464694,-0.5497694116453704,-2.14649404524928,-0.9269971656318666
11837,-0.6523859305038858,0.08768711957810776,-0.9351990170744978,0.5215347603841283
3797,-0.12702821629359934,0.8105044952315442,1.5145332441089239,0.2612126728862427
7957,-1.2325143732608068,0.6123190983618845,-0.15722112621287837,0.9067971743666727
21877,0.8064615884877137,-0.11594325951355322,-0.7001046224181329,0.349103743052114
12117,-0.14481862895609476,0.21400598207619542,2.283227380231745,0.3778282750334124
16277,-0.7530992001941813,1.248130077571028,-0.6200698139679747,0.65948629527369
24597,-0.3334135238188362,0.2869367631914234,-2.0275956029741593,-0.3314585461412592
30077,0.8312495257985691,-0.5278561276336649,0.06779279475039447,-1.7287093695407307
28757,1.136047953331876,-0.19106469558151032,0.3490171731678899,-1.1643393024509328
26517,-1.8468875951205592,-0.10619472724853857,-1.093994077090687,-1.1999169418011788
11957,1.7340315374589286,-2.434204898320324,0.1271183511733893,-0.528087246173387
797,-0.8128292248177964,0.4188489539553813,0.29232457304247783,-0.555349305060153
17797,-0.11262891054371423,0.4696816769331406,-0.7582376289291911,-1.987387828115291
4957,0.010631643201855842,0.16459029021769073,0.384944184052892,2.0160337084596263
17437,-0.5496724318934552,-0.6689527493699864,-0.6843887799119976,-0.5596154186345209
15757,0.7915123017207981,-0.5841081414149369,1.4658728808696773,0.7254175402718362
21597,0.2855640232661855,0.29730313768338756,-1.990263142091167,0.933939847791548
10477,1.2395083386325263,-1.7857835298632183,-0.0878563753850152,-0.7660720838044484
25757,-0.4373241347195986,0.7866839316745969,-2.6540834637963044,-1.5906170377692919
3477,-0.010520318904196812,1.9337789009382673,0.6491124920143128,0.41383770633567607
1957,-0.8237384807793553,0.1547636978250668,-0.4005177601735148,-0.5697535337079522
6117,-0.029159435074974954,-0.47968757215512814,-0.09013583145945288,-1.1101469167066194
1437,-0.36399820938227967,-1.3105266767947485,-0.22548085380767877,1.4716284303394553
4677,0.048506571087230464,0.6825169740268144,0.07537248050064585,0.3965816485814041
22757,0.21413042150896558,0.039071600526396334,-0.7750981536717789,-0.9871023662525549
9637,0.9039108850068351,-1.202928389684508,-0.1251678069004933,-2.7475001544562137
31077,-0.9342268923777344,-0.012536738398528532,0.46741290737562075,-0.08013376961674147
28077,-1.5133710555521616,-0.5967768593377855,0.4604737237923544,-0.8650797363672491
9117,0.28297813970043945,-1.5051207923217693,1.3982275715021182,0.006298630199071496
15597,-0.7484194116749642,0.6244334139157807,-0.21115859145971003,1.274819314742415
26037,-0.09257009953950042,-2.1153111177638833,-0.34689206928862204,1.2715665885313936
12757,-1.6993509626229872,0.2035875233572989,-0.3520683467449365,1.3637038543155815
13757,-0.7210096395308276,0.9563501315450149,0.5354769288187006,-1.458079008398642
3317,-1.3285279529617224,1.4423595122608217,0.0611262528330928,-0.3057882749470321
32197,-1.475313090255724,-0.24455251616245527,1.1852654250774006,-1.5149642255164943
25077,-0.5640389869718703,-1.578456674124639,-2.8646758592238535,-0.40592057428384726
9677,1.6871717037491611,1.2128628755048587,-0.3126795400706221,0.6430195945593679
7757,-0.10733790610678587,-1.2683361450624042,0.8387953459552611,0.2631416710560831
1277,-0.9862633640273603,-0.22915450256320688,0.8824843123032353,0.07973576539010899
5437,1.3752480917942183,-0.7933911129482224,0.6611000663207797,0.27238744818442157
9597,0.8890405507062331,1.083255606417854,0.555352590339181,0.6500715015512242
17917,0.356669094752168,0.03255964598977116,0.6244132486112974,-0.15441652234682027
15837,-0.19876796176001835,-0.3167689361086529,0.14619852461726887,1.2866719372061142
32677,-1.3287124398094519,0.37553161072504054,0.8195926560773555,-0.20715512687632992
4197,0.5838798066237842,0.45629084629973987,-0.0012675753724466414,-0.5504258634750036
30397,-1.7183008131647237,-0.8249863261861505,0.9833089163381944,1.2003067202254136
22637,1.0917261890885002,-0.34414312820125464,0.22878186543231743,0.10071128936070929
13797,1.4932727862896165,0.3127896999172999,-0.7815137063785264,-0.9153728054012257
13117,2.1237785225744488,-0.1779036591311875,1.3679240376969353,1.771063705484141
2437,-0.5525167493938313,0.8377927481148304,0.5292526065258879,0.21898191192327446
21797,0.042574577531441546,-0.516571771475437,-0.7612320621272618,-0.4516938956112338
21997,0.795669544181565,0.22907572197681253,0.6492357227696599,0.1294667668406157
14917,-0.5596527572563682,-1.0620097907156958,-0.17527469727984005,1.3414266659417697
16637,1.3674432381938937,1.0030771500210691,0.5052095724497192,2.439732474620375
19077,0.9452621844327045,-1.8857045841451454,-0.39992204182614527,-0.046849372615089376
27397,0.9187709092286754,-0.7729435130637663,-3.490422505478004,1.4798104368294889
19957,0.579502095019604,1.5195613216592543,-0.07214531437648457,0.3586580145712365
31557,-0.45571129050799114,-1.3453275040669135,2.6503798632475557,0.2466871621559253
3117,0.14818149467231367,0.08167395413184954,-0.5897832365487733,0.6560645931432769
7677,-0.028146370383299035,0.5878541211888199,-1.9665025728537906,-0.41340270539161506
5717,-0.5676262402697088,-0.13998542450757087,-0.8324047794485574,0.45614254793529235
16077,1.578302915019056,-0.21658268571976644,-0.6300895753185057,-0.9043663907387098
15877,-0.47810723729704385,-1.1188945735307299,-1.527573152322795,0.23213667603886048
24397,0.7172719947973666,-0.4452517189505833,1.961081435781488,0.6476838214274663
16917,-1.0815817998040613,0.20025461079503484,1.6857268001194763,0.9416368899686114
3597,-0.536328507684138,0.8403565476067311,-1.44288990905364,-0.3016922044822496
597,0.10083802106140427,1.6003838178821574,2.101423424146149,1.8556003540714823
25517,1.0165370375449654,2.215793952658983,0.7618184045353211,0.6658463018072128
8917,1.400942713319782,0.5111821811646631,0.09264008834485872,0.7213029499282094
13077,-0.6157941990013444,0.1340287561440291,-0.02592893223876671,1.1601521393159409
1557,1.7363682190281138,0.2559464417848267,-0.46749626426048674,0.6566505157014468
17237,-0.06323000621481424,-0.46798419039664274,2.7315756539096965,0.5207527532680764
29717,0.5075595637058448,-0.20653031661005447,-2.2779370873195126,0.7869738524709902
9757,1.3629613037278778,-0.86295034039735,0.19096486576903907,0.023918674839247
4357,-0.962289821117744,1.4117765439817298,1.167388167617002,-0.08297756003041215
17957,-0.9792223611403394,0.9060783875872057,0.04670977271404799,0.703813132602205
10077,0.3402027455396758,-0.38480793572539684,-0.4672158563397692,-0.763494331797275
18397,-0.9034173689362425,-0.18220016797653976,0.8926865768004051,0.17484963405673326
15477,1.0172267073334345,-0.24376612551190954,0.06529657524260712,-0.30795666435841557
22557,-0.9242443941581592,-0.08108297190095738,0.061748295906452165,1.9089815708404125
15917,-0.03035990142506468,-1.1421945850178112,0.4021946582954266,-0.48192801280835607
24157,-0.4581857482394304,-1.0780107791210995,-0.9250035589330824,0.9689835343379414
13877,0.2812151991782851,1.0595117270042862,0.6305195945377542,-0.41627301180437515
11237,0.3940872542823072,1.7179603589433594,-0.24328872204479302,-0.6706103245913836
1597,-1.0791877876958045,0.21722136227684138,-0.04673600193727568,1.3045096874553694
13237,0.7243495340385946,0.16100252416696187,-1.5820572289781918,0.6989225651142007
9797,1.9269142497983835,-0.18173814649880554,0.42548415773069087,1.5251113994898322
16437,0.7646021838188921,-0.6417422803931594,-0.17710327312452537,-0.8476750244243374
17997,-0.8875539759398959,-1.4041343755859974,0.587135368458883,0.7626095221686977
2317,-0.14554912410858023,-0.18379287476576284,0.6730203274130238,1.0556509692149556
9517,1.2155251728237866,0.6066557874666536,-0.878713007817191,1.2187193735515462
26197,0.8387492004405432,0.9199388496710909,-0.2627978755128283,0.3623999045449984
29037,-1.3067547105508734,-1.0402427225748967,-0.059054222727770826,0.6558250555826486
13917,1.1622900532612555,-0.4771151251141339,-0.445740553810274,0.06976412754015736
32357,-0.16479008829389735,0.2770453302005611,-1.089045558895258,0.793124266258165
13557,-1.1043364843890997,0.05882259127488225,0.6382178271869114,-1.5304997239410418
1637,-0.3015561295825409,-0.49216307495507705,1.0524691157389385,1.2801037846612986
30197,0.7450262792942195,0.06300318569509486,-0.7490721573883635,0.44881614377968876
9837,-0.9592973427520916,0.1630903575576139,0.8713485539587806,-1.8623853536275343
957,1.5112520686090993,-0.3848393711064262,0.02787041288379618,2.279570740019122
8317,-0.0010172261027545358,1.7851610106723357,1.7717140774609534,-0.3591145249733065
7797,2.551461662757436,-0.6765686195883426,1.2652195068542675,0.565421032452942
11557,0.8664072403243698,0.1320480118316631,-2.115791367968702,2.9928200311323074
23037,0.3131933011128042,-0.6087036307763529,0.37006372341315696,-0.1561885071410156
26237,1.8437525030377637,-0.8537823222489743,0.18614250003923835,-0.5292977564607048
277,0.46986679039732465,1.606958663876759,-0.05856296275795417,0.9091230058547795
3717,-0.24043365941322545,-1.6119827848396235,0.07286248321934337,-0.4063093765164962
3397,-0.14192237736043717,-1.406472927431286,-1.5618830275390927,1.617725934552152
11717,1.2969499783891232,0.7241413794638981,-1.6769243637090008,1.4944066555239188
26157,-0.6645464555004625,-0.3967056994987342,1.8095512337631359,0.5113688620173549
11917,1.4253197339111479,-0.5378043648081898,0.7404745438001551,0.06348412315870916
20037,0.4837010249211387,1.072244502005476,0.4974741118383166,0.20960342773228918
20077,0.48703591556947384,-1.290991020270787,-0.9886881362626805,0.45870750330859605
11317,-1.508324324478671,-0.6146060496837239,-1.6590025632613281,-0.012008947177833598
9877,-0.6128289002945141,-0.4389555375812435,0.4587150957821624,1.2010108322964832
11877,0.7441697362908641,0.21047594761404576,1.1744586856777164,-0.4345781872766177
397,-0.2935996681351842,1.083511250498812,1.9320323000883244,-0.6757522011541155
30317,0.6778289391126527,0.9092057449576965,0.7706278755717529,-0.8066002020734281
29757,0.4623465087473112,-0.06369431630715881,-0.7222661555700497,-2.224063144947664
7837,-0.3076978581592214,0.17726646798818987,-1.298066188958878,-0.06222171872597296
12877,0.7918306891045657,1.4349406175572574,-1.5052364422341031,-0.425408567121827
4037,-0.7281360927215985,0.3881701556755912,-0.8132630316506717,-0.45429305903338923
25357,1.3806735431650683,0.7095879364012396,-1.2429341671921148,-0.8263303927099749
5797,-0.24617733191528612,-1.5808058789612376,0.4111917352041308,0.02353828166037424
3757,0.33114987887747793,-0.08093422460523968,-0.2277252986299171,0.20953369927929988
23837,-0.28836693932611895,-0.5441040935694416,-0.8028796270723134,-0.0902952960996021
1717,1.1044008504541873,1.4327749063437025,1.1699988339381104,-0.7283376303927851
22357,0.6626892809325697,2.1423915551232517,0.8475797786647237,-0.5060631138253144
20157,-1.196781864576287,-0.9839069626520234,-0.40735947817216445,1.4498074217890577
23157,-1.5339719130840819,-0.2985959087352614,0.7544750716248076,0.1678847167256385
24357,0.7988606452862516,-0.18232463083026254,-0.9432093685767045,-0.1887812345286555
28357,-0.8581495087290882,0.6445217979180787,-0.47273568147742934,-0.4679572581209453
19357,0.5776936047932637,0.7833132944112756,-0.657175621078741,0.8213899488317509
5837,-0.9932244899099912,-0.512195189256032,1.3383020343986745,-2.1973269446881973
7117,-0.10916503431829111,0.3645390259128704,0.610795056901629,0.9328026744687142
18997,1.2797135880582693,-1.3450904547998621,-0.9202317766351048,-0.058983184657080974
14037,-0.5679137301275865,-1.548727903653188,0.5106665645829649,0.11454498046346234
8037,-0.019671812709817885,0.5972527729570546,1.6889898513571906,-1.7202875093537549
1757,0.4550015161287964,0.8287592532835053,-0.4439737769231056,0.7168228298556613
6437,0.16023421533063772,-0.6952288310776397,-0.22926595290545768,0.26409931351424926
4717,1.1033292272861808,1.9259404237576838,0.024505101239785332,-0.5160838824007479
28837,-1.9642157065825423,0.27439432417863474,-0.5129023937542069,-0.33063183721367095
9957,0.2449311658711889,2.203391282278034,1.740651821939697,-0.5354756139529315
877,-0.49030354637997786,1.097093941134321,-2.098561526710656,1.2020065762761838
5037,1.458616820294045,0.8368311098891914,0.12671933209058514,-1.7265081432032843
7917,0.9532809782495648,1.039096640270693,0.15504899406396555,-0.27686967827211195
17517,0.2163825646685115,-0.6202497617086588,-0.36261941289042365,-0.546492381662686
21677,2.0690254124718295,1.6552282498532271,1.2622474946585722,-0.078936036470075
25837,0.026660944334845196,1.2791308382500646,0.4808249079861756,-0.1900665324975443
16117,0.3638097729253729,-0.04811585470480007,-0.23594936405074662,1.6763092490895741
3837,0.7598346172901739,1.1671824784741927,0.21380315360289945,1.76600980347512
30677,0.5385365997122326,0.9292967679531301,-0.18315971610075651,-0.49872722696327165
14517,1.3533560609599729,-0.2962065613231831,0.7028879685082542,-0.9898762683253423
22277,-1.412003582323393,-0.12649631768090386,0.03563340258835542,0.06617162072071017
26997,-1.43353334107102,-1.7682039484625036,-0.9017912805693883,0.8043450771471776
17197,-2.5163986979958683,-0.8601192973767745,0.4782520337361062,-0.7113692916224186
9997,0.8452359206557671,-0.5838017895386998,-0.38068089387567106,0.5138593627041805
29997,-1.8963267632323777,-0.9978684897160197,2.010054396097702,1.0162069197939998
18197,-0.40788614098197323,-1.2052829960516003,-1.185769142546177,-0.6201324471280467
23997,-0.7175936693344019,-2.123787445068267,-0.2110505225331868,-0.3835007643417053
5917,-1.1514463094702645,-2.0321470957700662,0.5250246660360941,-0.7182444519749475
24197,-1.340414427008143,1.2899038277680839,0.4656739589231125,0.7202371428913037
197,-0.45011519733378935,0.7834470623123632,-0.8650889255877188,0.972212867382613
3877,-0.5582698242077893,-0.1264452811357338,0.00512393833333305,-0.6805753613508093
12677,0.056419801009226195,0.48612281161255444,-0.5089562515641614,-0.36496529629576124
15997,-0.021369123584504116,0.5758598197895479,0.10040047400594233,0.3561982484636995
20997,1.484218897627379,-1.1033616251960314,-0.6266505173691135,-0.012122076704368765
22317,0.14468765364046712,1.6151455620853448,-1.7252133180759182,-1.2749773246155194
13277,1.5141973288561263,1.5050626077419613,-0.614028336404833,1.27343104527241
20277,1.6625392340749396,2.006854675280098,-1.9942593012543286,0.14251204143482943
5517,1.9819807340687745,1.3716472294112778,0.6442191848977252,1.7504347701264493
13837,-0.6470128628795899,0.4913381664206453,0.132249758544264,1.5947267795718103
28477,0.3192687970040732,0.19494242396319028,2.881262950411339,-0.46302749023320805
17717,-0.46565686111747057,-0.1345910399639439,-1.2117876740469287,0.8563101279090223
22157,-1.9980478990382815,0.06683193241013635,-0.8747089564135732,-1.1071731089673857
15397,-0.5755762812258726,-0.622654700478868,-2.4777010223380826,-0.6318717948219553
26317,-0.4994772174334765,1.1769236530848475,0.930506530711136,-0.5276979841130727
5957,0.8240431512178994,-1.2090699373862999,0.44874076800058377,-1.3838449206982055
2517,-0.05154703077831806,-0.4286571436780974,-0.10446623074386305,1.21800962879655
14157,0.6999353251497333,-0.6069105652072859,-0.17648851632520293,0.7914972314706986
10837,0.4184915747636766,1.060416296304493,0.3288237809257929,-1.7186699459821295
1677,-0.41832649739115346,1.023986632571282,0.4788381147104707,0.6959388605019703
14997,1.6336798301876951,-0.15179173961386058,1.7179286251406398,-0.6242735790597278
19157,2.395552150054169,-1.158036625043623,-1.3954668264457615,0.261750279371265
32597,-0.35084935444653753,-0.5091845484284049,1.2694549746570691,-0.770131047664337
31637,-0.6817059014373452,0.16596940814958233,0.5824976640003855,-2.1146283133357686
20317,1.5912248281643473,-1.1827122494866975,0.9391566026492644,1.2074897166830327
3677,0.7039113550688064,-0.46448326374882504,0.062002991824182445,1.0397775431337672
16357,1.2451912148171156,0.5611261647789304,0.35456374408837227,-0.6714685953294229
637,0.5708465377810457,0.691031677478644,-1.1530356599192857,0.32224328671181374
16157,0.12248286217023475,-0.8222875327904685,-0.0631573834552426,0.1392066530096617
18277,1.277245567508102,0.876790145592567,1.9448413546250802,-0.12885205687536602
16237,0.4165706281189587,0.810031820026846,1.6665636650839055,-0.6452038950263209
10557,0.6737880500832207,-0.518270081385814,-1.317875428465043,0.08386966380097483
677,0.5124125366434331,-0.9561098192670112,-0.2174786416955148,0.544081509233578
4837,0.8302151537114045,0.4918986559219421,-0.23118274836901834,-1.991251397087221
3957,-0.36759439618053386,0.803857109348052,-0.3176812707014724,1.1184119012834843
13157,0.4080693892883825,-1.8446499741507807,-0.26319930214591186,-0.3411127623018952
17317,0.7879645801404518,0.22130933861875457,0.657329905702978,-0.15741205364135374
21477,2.392607434478277,1.4349129983517648,0.539912906026879,0.9142978030356439
1917,0.3633967159634642,-0.0787857437127935,0.9062065402101397,0.41571522179634945
4757,-0.9518206554328433,1.289474509187706,-0.31982661699313375,1.2809941868952177
10117,-0.20302259909600964,-0.5082030210028089,0.4831691829684551,1.4076647771593402
5997,-0.5805620600831539,-0.3268269841521198,-1.5306165767568745,-0.7377961431571147
28557,1.251162389880947,0.20780572936667008,-1.4433122044335696,1.3441647599198805
14317,-0.15887557094401933,0.3927604781002025,-1.924271826375231,0.23796439205548184
28197,-0.2116990805382278,0.06184533989324486,0.09120674133688782,-0.0024463914018944335
6037,0.13996355827171336,-0.8793363925264023,0.2854733232322383,-0.9210923539591237
2997,0.9858694640070943,0.23544520958874368,1.2787763843546176,0.20891046433829316
30837,0.4313752999806368,1.296303601291599,0.12534348929928568,-1.3721780581254976
7157,-0.8234391548497184,1.8034036736489945,-0.35971212715511447,-0.024430664636694924
24477,0.530681886178324,-0.6303865377859212,-0.08769671706563585,-0.5879416868602602
13637,0.7261658678275104,0.32775131602420254,-0.5481622822215932,-1.3490103770461908
12197,0.913716278035535,-0.23213935796197202,-0.743644302074988,0.8119178018636418
10157,-1.2971527136332246,0.0003558339799189028,0.6027159459435881,0.39569286754341826
23197,-0.49155714576416776,0.5764022549793127,1.3153634593839987,-0.3755759975204787
12477,0.24082669562671472,0.3530105456943147,0.6398831526563109,-1.1567531656597707
20717,0.1678834305093615,-0.44756291477192484,0.029630754260663215,-0.8778616499592904
18357,0.2588423038484497,-0.0001213677037678676,0.25659616595604795,-0.0802358088406018
24957,0.7518336638774488,0.8547767494339982,-0.3679047544652092,1.183517078612241
29117,-1.3724788863541306,0.5292128064719327,0.2877596861784173,-1.244699718505615
16317,-1.0859251479789749,0.20250742482964876,-0.46199033781182475,-1.8498119192518945
22517,-0.13184369001634627,-0.37338822895990054,-0.8977252928643408,-0.6621688767927475
5317,-2.503454104196236,-0.7833975637031952,-0.08314758909132004,0.19307844198787283
9477,1.0366989735986543,0.13069387974329313,0.30627470991614536,0.22956961462207176
24517,-1.0133576286413657,-0.9354560662468228,-0.19564278881280775,1.2243513141339402
21957,0.5206839133009105,0.3881682488346444,-2.3495420145304076,-0.11259618195161232
26117,-0.11763137143312714,0.1009387396256445,0.6545166865920323,0.009951957794944951
32717,-0.4498095759172783,-0.7402420457956466,0.8114048669025247,-0.6586002600659332
30277,-0.9141335326945323,0.1909350899924197,0.7033791263690804,0.7034004333150647
21837,-0.30469018377404417,0.30660397044580895,-1.197565904683703,-0.3095153709857085
20437,0.33342422381237763,-0.018431483779919603,-1.0417803455801697,0.4806450801415958
6477,-2.102591629300782,1.4471714447319994,0.01964024598611019,0.5362858473930787
14797,2.4872602819763334,0.5181595355313394,-0.496925684539474,0.13598542356179252
28637,-1.0231040080163651,0.8013262022243566,0.04126557662691939,0.7593282433846377
23117,-0.6503396647159403,-1.0554376071552303,1.1513942965327435,-0.06286658364080527
31397,0.2465735121456869,-0.639363884404855,0.6974577355978588,0.16317400560619574
27277,-1.073755042177454,-0.19193798361697836,0.5886313259131459,0.24197473189338833
5237,0.3925548997320602,-2.438792657039938,0.5558710881555107,-0.2565998731578997
31437,-0.15140011617421922,0.5639866280252552,0.08387510586258468,0.5158293547565747
26597,-1.7169745705572643,-0.054691610802516166,0.48307429258347967,-0.4255407728561334
7637,0.976635341595905,1.4998358443821957,-0.9991262529425207,1.3708704331913188
11797,-0.8772193070376462,-0.6530235362591954,0.24477890257793938,0.11060834704083793
4077,-1.0754242046014972,-0.3572162253603524,1.1073547234383831,-0.44334419554792265
15957,1.1500156664330368,0.27526746290731907,-1.9241780288395303,1.2224425094015492
15357,0.30630234672581846,0.9361158689300829,0.8560815839157353,-0.29566597988328985
20117,0.29991184709282226,-0.7978762921220012,-0.05756037782909071,-1.1556072904596275
2037,-0.3005311568238474,-1.0186351412181147,-0.21274817951068864,0.9786648234224053
477,-0.6070224650791557,1.3570495068172845,0.4695437444560156,-0.9218354657821723
20477,-0.3805317981091277,-1.2330206306037224,-0.29632536709560386,1.306414175032624
14677,-0.8034403438450358,1.0284773758010572,-1.5422640152741047,0.09301581121024137
