18436,0.1485030006892385,1.3925625399810746,0.5302118126926277,-0.26843563200661047
3756,-0.8748963729579378,0.7835986476340799,0.4050103399437045,0.2629613456956283
26636,0.6856979933426108,0.89737463689788,-0.05400255859570179,-0.5976204290096682
27756,-1.066498512272845,-0.6444008757400403,0.7507725733538942,-2.060567705173796
24596,-1.0116017944423124,-1.1155513374429578,0.9457868107313918,1.30119455852875
3076,1.5678942758045764,-1.3302848028866505,-0.46391937567321345,-0.07865865758136906
8116,1.1082944809768347,-0.9410274180978101,-0.06283959949643497,0.6043581984489386
2076,-0.24539662858600328,0.05586615474276767,0.28432446421325086,0.11369163414986469
12276,-1.402940346099438,0.6438830152272648,0.0410010853733369,-0.805327058659757
24756,0.05077484927516523,-0.9059352789313364,-0.10478677580246909,0.19527485465989458
10276,-0.1264935775776317,-0.2445027126085078,-0.19390255318777028,-1.0397603786080465
11716,-0.48452776889888227,0.6787894170923274,-0.4229293034604858,-0.8055858021935883
17756,-0.025080076872490552,0.042401225156891695,-0.3619692443040261,0.2909632162367189
956,0.24294014257660992,0.6189501795133591,-0.1953447329847391,0.9919545257826521
28716,-0.44398848983362893,-0.04409010729725123,-0.4402332846840214,0.18021848647199057
5116,0.8875367865631164,0.7194958072428952,-0.09413042062062887,0.06979467442932161
17596,0.8990275739926697,0.7226556081443151,0.6806392550346811,0.1670704812328023
16436,1.2315039383779143,1.1313924161247098,-0.3987499227762023,-1.743830662252339
25916,-0.04672708790898139,1.0910056537596626,-1.0621182136765652,2.130169284276738
11116,0.3240176146751365,0.6547090988892831,-0.8342604822396585,-0.3923683240252278
11956,-0.428484966729916,-0.6211480544989756,-1.3793387567751638,-0.9317896911829945
29556,1.0535468786801059,1.7690377672256723,0.14413491936908351,-0.4053923095686769
6356,-1.4329669098522333,0.6305273598837955,0.04909898293170602,-0.2709029200828436
14396,1.7829345173086324,1.6976291962323822,0.7550760265693356,-0.648155486253252
2116,-0.6090651709003051,-1.022509881236167,0.7362444379564497,1.0412530770105517
6276,2.777628730039766,-0.501416794318929,0.48156593623304356,1.2191842882269581
22596,-1.487306188347623,0.6451648760969663,-1.1854068596731728,0.9959448000058958
14596,-2.247512209409777,1.3436443772941626,-0.582264041929181,-1.464513120388186
6156,-0.038891542811012376,-0.6341161928188792,-0.4361105430120606,0.2388674843848835
10316,0.21526210318146566,0.45072671314278395,0.5669718581183467,0.9312391853609249
21716,-1.58606382360289,-0.7529093940013913,0.9439517584014387,-0.396197018795934
18516,-1.0517333737329835,-0.1804874830325562,0.24480674073818243,0.5312727286112806
7436,-0.9426181069705566,-0.730535488082634,0.25952487912061156,0.5921475214095138
11596,0.07672556800269069,0.8631656745729513,0.4769096731611723,0.19803829737338974
31076,1.1468808657034801,0.19133960313443615,1.0683088352817707,1.6434776120011583
16476,-0.5037658153662027,0.43531380410757464,0.10058915181625472,-0.23958071954368215
28236,-1.3606605313173752,1.424659568625249,-1.5964548331658026,2.433023664240736
32396,0.14774895334369142,0.4416083876763396,1.2328162247844354,2.1831272767003913
24676,0.9505890816531645,0.3844688243904601,0.8890710188511116,-1.808961872402391
4436,-1.6120727079295882,-2.7777016782521753,0.15527844821797937,0.005036424589301644
9916,0.18850386446618617,-0.12126322081420429,0.973639450307376,1.155974567099161
8596,-0.22649023261718737,-1.1511377594622796,2.1830811165975836,0.014497710169382318
2156,-0.1988924580505649,2.564538852054176,-0.4418049170767762,-0.06513025606968137
4556,-1.5315904971641046,-2.544516209783544,0.42927533949530333,-0.9241957937818069
25236,0.006503268605336596,-0.6110897650601179,1.0338888947031273,-0.25081626609978164
20596,-0.8150014224805958,-0.32544095069116713,0.46428661166202057,-0.821485369019523
19476,1.010335590715673,-0.021750722557236937,0.4201116483341636,0.45690055717239814
1436,0.2923033897078589,-1.03489819210267,-1.1130332227760193,0.5717627660009841
8316,-1.3475914041397603,1.1980668050922838,2.015086267694869,-0.9268594178066939
2916,-2.250951380306469,-0.1587966152462309,0.013443857843711087,-0.20417772079276697
26756,-1.0135879320019998,-0.6122549234292549,-0.6680988653331771,-2.1804558509782033
30556,0.13133267277905453,-1.2206747381094771,-0.16762510548690554,0.05022968442531811
8556,0.07222200224204699,1.1234481315029672,0.45584460258443615,2.650860594135519
24716,0.2537083470557185,0.7209181429137891,-1.0031317761751373,1.0624778107446347
2596,0.7199710561269324,0.4960871846992637,0.8782897072459498,0.15077006754109482
6756,-0.094605272498349,0.15163719717804372,-0.24020560369252303,0.5461165956865266
12436,-0.9324023355415232,0.13372910886244743,0.18580315345072693,-0.7350506580643786
12996,-0.05230075983529732,0.4415637199545921,-0.8226920225983947,-0.7688565889274307
10396,0.6686059567972074,-0.794714376314989,-0.8506138724725477,-0.10393151220229244
30716,0.028070571514884846,-0.6451780981630042,-0.11257901457031444,-0.5836290363515352
18596,0.5093282302110349,-0.17943413760910673,0.1195966887876508,-0.4258691622489413
7916,0.13288745071031516,-0.6460573495485471,-0.9367813982738267,0.43655091341533486
12076,-0.3126897162641202,0.9490559372162207,-0.6300355422348304,0.9033220709340294
32796,1.4025579846814036,0.46181633902726377,0.15971158881766961,1.1708576336739869
20396,-0.3500303165183737,0.8720362864170694,1.890989407916754,0.1683384575551995
6316,-0.4416659631519291,-1.551605505170195,-0.4524841891395458,-0.4106404353848211
24556,-0.3072625622402206,-0.2642414079553773,0.3999252317919461,0.42571777421342527
32876,0.8967321260293287,0.18876750309034637,-1.5553455106646532,0.18886134834384447
4276,-1.1582498990113521,-1.0066839275789172,-2.0288279394029023,1.1560797144608084
16756,0.3799738598832641,-2.318827005354768,1.3785077981346938,2.537739923034768
13236,0.48994738258328846,0.20171809208409014,1.6963824130224938,-0.1530195874478825
2236,0.4507252809338481,0.8371133225301746,2.1791739739617833,1.5817169883946551
17396,-0.046522668042253246,-0.5077559006897715,-0.48884013599452814,-1.1305974228336573
21556,-0.5428152046614306,-0.06329737465129086,0.5231620902595734,0.6295177149283722
29876,-0.778400629510258,-1.0014725554864232,-0.6602334467858785,-0.1905401557435801
196,-0.03108343518654813,-1.1503648687511487,0.5061109195168512,1.3082549933725207
27596,1.5021031482861338,-0.49497980517475737,-0.8178394684322955,0.17541412191361358
26316,0.7011244977433433,0.18687684788731135,-0.7537041515358188,1.2897533044771936
6076,2.068811906888331,-0.23477823859648075,0.659239888060448,1.04044089173278
18636,0.16944437232761708,-0.3735564310886147,0.5361954792744084,0.9652202228207815
18556,0.068383479181413,-0.25841173235075415,-1.2993851828232352,0.7887769273295585
22716,0.4775183345982065,-1.315020659916614,-0.17952459813613927,0.5141953462913312
26836,-0.8033819574570455,0.08700000146764103,0.8775958435688458,0.04122800286376101
36,1.1312189636021586,-1.33393901770538,1.225143151851166,-0.21883559592948987
24796,-0.16552888957350687,-1.041721033738544,-1.4341099509975728,-0.9600720843418973
16116,0.8214356913205813,0.3419343540045144,0.8481449883855341,1.4458668201186287
19396,-2.100751763861323,1.104654546407841,-0.36057149669154154,0.7490258401355488
11396,1.5295792237783097,-0.12946418468639348,-0.29299531086196423,0.6772801451158998
12516,0.14824193310638564,-0.9190095280461219,0.6901320510219424,0.43136453333779445
19716,-1.2891453582594978,-0.4861456569205973,0.6155632837874511,-0.8984538497753867
9596,-0.9401364659605839,0.11932112661395639,1.7179319627642275,-0.47168775253743245
10476,-0.13892706868262195,1.7672089458333629,-1.2683364519880576,-1.2660433619800462
356,0.8596931521525886,-0.788587005270657,-0.042518134806266664,-0.3485842335996205
76,1.105739644021521,0.3169922676106661,0.042467937900722334,1.2367280571466222
4236,-0.4690286551812175,0.2615518950518389,-0.10372710594768848,-0.8563702159234928
28916,-0.4116646685954733,0.44351032007486235,0.285094477877982,0.1456311718713956
29396,-1.3550715855425723,-0.8343358320727589,1.3511894202427,0.6923108034937899
20876,2.620565468586675,0.4133249724613922,0.04813296104066524,0.06947504724356349
6396,-0.023198646311441917,-0.15925730656817924,0.25445598702943517,0.13598739554635778
29196,-0.7370024888521426,0.9836534014474902,-0.01840348719183693,-1.0025375543690316
4356,-0.9227481835634292,-1.0222669948984233,0.6339579287997518,1.43006634592598
5396,-1.0174108651869,-0.028077485014970486,-0.04122386565317623,0.07002279151352594
9556,0.3255763176715819,0.03374892316828635,1.1400507138323828,0.4731945270676102
3116,-0.9837298473567885,0.7469001071833911,0.6454751578980203,0.3871963577041424
13716,-0.15203221444178433,1.0817341770295614,0.17753677754047845,0.768587795163178
12556,2.0452619811538097,1.5811335639252393,-0.12862365631838962,0.020251510943308917
26196,-0.8153033707409059,1.0004453766799235,-0.8102869935297035,-0.026888608283977263
276,-0.5601827706552173,0.3752359424608929,0.9210798203122,0.00640772382477299
2396,0.3034441245855391,-0.9601333905580308,1.5335914112217501,1.013760622200336
28036,0.693310989132453,0.2563847294465973,-1.343838059191084,-1.1980861628099158
6556,-0.5509361284087126,-0.8544722902342646,-0.6822480968650279,1.6093319523994416
28956,-0.33565233304982206,-0.6371264008399278,0.42355643852756936,-0.16431330179836529
3316,-0.5078275243079309,-0.8581136058968764,1.0713214985640753,0.49778737599356593
6436,-0.8443842361058168,1.018136378131054,1.2249072245363852,-0.4867876138570549
32476,-1.5057091793083608,0.5560652517689456,0.37783083343050233,-0.9908885252749711
14636,-0.2093810991849126,0.3272764263450458,-0.7107443762039899,-1.294742401890753
7716,-0.5444856023204291,-0.7652542796926066,-0.388170005893814,-0.12930861792063092
10876,1.4400929141857977,-0.5933958935374025,-0.18814007181344017,0.33538650211252286
22836,0.14666168526789602,0.21527058207040717,0.9255468351826535,0.7474571447629698
24356,0.6018854348120571,-0.4907723857727164,-0.9229399597646799,0.33527458918137515
1076,-0.343804933942726,-0.9618783474766979,-0.7659873801143343,0.23618268705379175
20796,-0.99870257176301,-1.2461582662622062,0.14289765499172585,0.3954994946850289
4716,-0.13868608788502282,1.1127059612820176,1.1480516292453529,-1.2718987434721054
8876,-1.5032974403764037,-0.2047079137390164,-0.8840272543118297,-1.2389173198076404
18756,-2.3677352058323127,-0.6624380711567777,-0.7049532306232996,-0.4285886780027496
396,1.5399346540731882,0.6793442131377174,-1.4247021646992952,1.1507001235032086
16716,0.0810506677609563,-0.9014783119593819,-2.8596070468079637,1.2489822876217191
24916,-0.1398458043787362,1.01256941794091,-2.009149172365263,-0.7914923120177868
4836,0.13801875556394028,-1.2063071672720933,1.1326353257009647,-0.4792899852354362
12636,2.4027899482116126,0.1787737238515774,-0.4318580811094589,0.8852758555654633
22516,0.38298588334079214,-1.240226577705555,0.41920058455988063,-0.208520666893929
26676,0.4378636182917375,-2.035142187598605,-1.633649117727855,1.8781780733230466
28876,-1.800287534297558,0.3301277081891015,-0.0663011920492108,0.7828009860567975
10596,0.7146070392441103,-0.7710604821069855,-0.689348386424607,-1.0958734981102458
28356,1.3357066737951955,0.3227679655513137,0.16298992036626395,0.9637596316689215
29756,1.0196681062805106,-0.5509408725296252,-0.27845043207117093,0.20346911704624718
18796,-0.21512510832551213,1.7880131924149913,1.1501071482288898,-1.4341847236895748
15356,0.2556085361708814,-2.5471479086218882,-1.8956502938122828,0.43819052418102145
19516,-0.7123828486056313,0.32561605427338874,0.6038351367414388,0.37410100235137933
5076,-0.9882409478582301,-0.46850818474132394,-0.956943343521254,0.3788246506344302
26996,-0.13669100455717023,0.003965000640818927,-0.12675689963916892,-0.6029125498173985
31996,0.4658746993406081,-1.67836901784991,-0.44347899959731724,0.31155781532694465
3476,-1.8006084583471813,-0.7967144220336965,-0.822220621450741,0.5379422707292573
4476,0.9385483663386159,0.9610168401593594,-1.4460119536610205,-1.864400769576576
8196,0.29094259895615215,0.9925582296784882,-0.16796188181231778,-0.5487923452351784
32436,-0.33868006269861484,0.3667035085756846,0.11244239091019159,-0.2278592439062683
12356,-0.6373469693604411,-2.6624964431257414,-0.13743201955780932,0.5022746111883017
16516,-0.6089596474173302,-0.19953128812037535,-0.2723380908129029,1.0866696427230906
22916,0.2717482304327754,0.8164144818161901,0.2042852032434189,1.3208733175620646
28996,0.35023294279745193,-0.07553493306679172,-0.3328477774570138,-1.1589979199939175
18156,-1.0384976906631826,0.7590253970197819,1.3260750553196008,2.337023773712101
31116,-1.7817772656750788,-0.82117469986643,1.0665486556818624,0.04112095574944499
9356,-2.52911747809027,-1.5758861237156325,-0.508139883327813,-0.9097146449600589
13516,0.5719205225884628,0.8991387238022814,-0.27436703800714224,-0.07061626647954057
7236,0.9340762980469535,-2.051407862186782,0.5366105555895693,0.35864654693461184
16796,-0.44723578541375386,0.14558880963165538,0.44612941035873294,-1.622449047817409
2196,1.4719670334762673,0.625652040156772,0.9557936177104266,-0.9697050622764771
24996,-0.8718454731814418,0.3985516828967597,-0.41650916191212234,-0.6187078484727009
8036,0.988792374366108,-1.2650993794337095,-1.5368558557677092,-0.16148425213962786
10516,0.20532827222717315,1.0183830411042563,1.4203725465890786,-0.9043091723343741
11676,0.8108487373527602,0.9016891558387771,-0.5395980496693429,-0.7053259745807535
18836,0.12128350536551065,1.4346141351842003,0.9511276184219986,-0.4380035650678507
22956,-0.16970221201476085,0.28870625328319727,0.6190663413559578,-0.03403651257569473
27156,0.7714596853121146,1.5666809947960258,0.03564826985610308,-1.0086301424601878
31316,1.665298957398511,-0.916179284704473,0.20137757964447617,1.4476205226938677
31156,-0.9208660271767556,-0.29739806867804053,0.8341051218889707,-0.6907110194063262
756,-0.9318878586200108,0.6953922710536116,1.2478781054724308,-0.9117758384203984
8636,0.005477399149037901,-0.2999429521522861,-1.1958694464769453,-0.06714929694873074
19996,0.3979228582534966,0.3407933924249261,-0.2526955571341548,-0.18403815756358566
28316,-0.8017861216796698,-0.6378823602559229,-0.8079473740293398,-0.6835394930467054
27076,-2.2141141242735465,0.16607558822994226,0.619258207979966,-0.5244602324090555
30796,1.1944730085147934,-0.7639199524092095,-0.06453627683692036,-0.6056638249699795
14796,-0.3920566531969448,0.3477576766771534,0.1025050217087273,0.9859373323246989
8676,-0.2875518961013971,-0.4148110994017909,1.977387952588421,0.24657009401582028
22996,0.5781245929865586,0.05976552951341521,1.0420583743757208,-0.07654235380198317
25316,0.17029624569252078,-0.8180494830605013,-0.78580117587085,-0.49252431130629815
29476,-0.10703601404427061,-0.6089368876781178,-0.9080592349097509,0.13393732472052788
4516,1.3803962053267065,-0.7629912380230621,-1.1690328217288792,1.4489066586892094
476,1.073851381099088,-0.3381123563918404,-1.451647478520219,1.3782624222608921
1476,0.4442438369388026,-0.529528332364916,-2.3634253561835656,0.8255860399975684
19916,-0.6115132145178249,-1.4846191394686736,0.5596623487859568,0.8929003759937548
9836,-1.0986268959236947,0.02034128661362989,1.185824230619139,0.19133502076576855
29156,-0.19596490335456787,-0.18638456282965185,0.02671434094569031,0.08723396585177949
22316,1.2011076067150575,0.7945115762836418,1.322371896438064,-0.5817818115521838
8956,-0.6217301140042646,0.3858109425824908,1.6555002431214962,1.276570939731899
16876,0.45493286648272147,0.36319863968168214,-0.055339591739330334,0.6604147558693458
19316,-0.32344271553492093,-0.7213959140357675,0.10130992111527778,0.07894211646947544
6836,0.06584173027454726,0.6088417713886405,-2.0189580532233,-1.1602264083364555
4596,-0.5592679186071977,-0.004994389342355118,-0.6671506135185796,1.9674993839284078
10996,0.24082218771766314,0.7208183577823888,1.3686792172355071,-1.4888211256592339
15156,0.5252885877277886,-0.287399877087232,-1.4066381243047668,1.0519515764644298
28756,-1.0438947567924457,-0.6741760457856936,0.16275949452805089,0.45426195876884945
12796,-0.9890433291678369,1.0242037351202433,1.1853757201839044,-1.160965310129397
31796,-0.16368223650400174,1.5186653025156074,-0.586484895051681,0.5569282722761003
516,-1.0575313298326137,-0.1740861912228168,0.04318118980816364,0.9237964457634126
7996,-1.0712035551242949,2.299207880837118,0.1747584482839188,0.10129161576254182
28076,0.27690827240026955,-0.187054841146885,0.28246517299886387,0.8488196870893419
18956,-0.15267155257531959,-1.6120233483376687,0.3436928996639476,-0.18216225955154447
16916,0.7302371858574508,-0.7021507668746991,-0.19870895356945217,-1.5112727315242973
18116,0.8109687240758047,-0.7658094231890086,-0.02720004548864684,-0.45755934485809124
836,1.9975119966908184,-2.3972359463230974,0.8663326808521137,-0.8155265297652219
6916,-1.553573548742648,0.5669551629729522,-1.8810459482858344,0.8939788430034754
4996,0.3934958025946021,-2.066585588044369,-1.3495231478705065,-1.303441879501267
4636,1.760959699262023,-0.6936007433454195,0.27790236222603976,-2.0208523925430573
21636,0.9836057621111424,-0.3781277610901156,1.4311965294631095,1.2359649810078703
23076,-0.0450138866843485,-0.651154550767013,1.8613167452164316,-2.272404231143914
11356,-0.025465718055210647,-1.3796488657263841,-0.21042661628888992,0.7613927757257185
31196,-0.1873780377789807,-0.24230931514017184,-2.862755521554357,-1.6246301714476752
556,0.41411221622739447,-0.5902182817406807,-1.249006395480545,-0.312700266449314
18996,-0.011721387510969926,-0.9615562194203856,1.8401156795655387,2.2152809745470394
22796,0.7108466513976152,-1.0758854091036225,-1.3564034689467372,0.26399418456808355
26956,0.3498071803544672,-0.5069335178407858,-0.8950926241719005,-1.0415312089344806
436,0.2238427447214269,-0.8861125353745923,-0.23068418406591135,0.3084780348823896
16956,0.09546172099018797,0.5256872263532745,0.8703836750238304,0.59632380723448
4676,0.13380442002745463,0.04327330022749648,0.29896044111089654,0.9203942529844685
15636,-1.1855508925000748,1.1738931232282819,-0.16061321200751577,-0.5200577227422386
25356,0.12437117995619548,-1.176881067079683,1.6738737811208035,0.6461442564835206
2636,-0.21238975277660574,1.0933327604407035,1.3315974684980365,0.3672216647791198
32276,0.7221393766160799,1.2899602016220646,-0.832584533877949,0.02837518739192437
156,-2.0573488893641194,-0.6299843004197886,-1.566113641169191,-1.234759847863153
21076,-0.5745944130275796,-0.08783575772777122,-1.3650977869739669,0.021722367861682947
8476,0.5405511109338149,-0.16147811472676477,-1.7257189716563963,-1.1331646012180476
19556,2.7512378109835995,0.4959826068911841,1.8307476901926532,0.4457669243364057
19036,-0.7378133855601667,-0.035239427942424004,1.0333837678522693,-0.6849110052515982
25116,0.853396570700198,-0.5500295648355762,-1.8845511028900548,-0.5955998686871402
27236,0.22256918850319324,0.3316821438435467,1.3668703847247534,-1.4289471207826125
29116,-1.6437397249598653,0.05873498961361273,0.22035118927249095,-0.2863969129357724
9636,1.3374382017909046,-0.4361663306415444,0.16784945056445333,0.11897207972653386
14956,1.4422575063183753,1.2071078362566996,-1.4585905570264248,-0.7253157661945805
13796,0.5861968181440448,-0.8179265704936223,1.9488805177885753,-0.3177844977682806
17956,-1.1167669468242039,-0.8077562763957393,-0.17426776733261032,-0.889161883089122
22116,-1.4209655404071573,1.81932951880915,-2.1723505649304307,-0.661394904951394
26276,-0.4012083314533659,-0.7018696381342484,-1.1462506882692098,-0.3261665275856765
2676,-0.20563749183108584,-0.9888084237875353,-0.6930985563074397,0.5797956681738935
30436,-1.2401419914375384,-0.5610205840975973,0.9934313089523477,0.804481395516049
28436,-0.5874797071560329,-0.5148865457226883,-1.3279184071297017,1.8123388473594022
2476,-0.7243510266570017,0.07254362647479361,-1.7525691133105232,-0.5861862698774795
636,-0.21072167314383064,0.5081227669871965,-0.739064532431917,0.2899652368506414
6636,-0.44772093473745395,-1.0180024571182476,0.446774383668862,1.4940270183922562
10796,-0.2911646401503224,-0.9284151308883665,-1.356968282012397,-0.9262369638674298
19116,-0.7402764720470799,0.3509599257412496,0.8984327137358823,-0.2776467075251439
19076,0.29657785519964475,-1.3132851051821943,-0.5796569198238419,0.8922382394362148
23276,-0.8641601931470503,0.4426923568946244,-0.5194213292696123,-0.5334634122656882
27436,-1.3309818826023496,-0.1549275066216171,-1.6647041512359606,1.266225617256728
12396,-0.7470982071482198,1.5780043544421631,-0.6424134246469339,1.546710027288333
27276,0.19798816346097353,-0.008208716598457849,-0.8891671621677397,-1.6531424420567502
3636,-0.7035249818041984,-1.0543382001877681,1.105889944902715,-0.9733010910429203
4756,-0.34228488307540816,-0.05471076367239187,0.21626828124500963,1.3994070486270502
9156,-0.5475253046058024,0.33873323405725025,0.2819973855680681,-0.8616640255270531
20276,0.5803342596807051,2.3889142138946866,0.12557793847946278,0.43731111929845684
6596,-0.7429998838570077,-0.0696964419054672,0.6577226212213004,0.36365449502193553
2716,0.7296971583263272,0.19756795114423756,-0.39268258587960997,-0.8571634537862444
4796,0.7513510327157643,0.6734642109013556,1.4694480091448823,0.39926784137025617
21156,1.5267265705484119,-0.973933437348652,-0.8772734194010849,0.3200068509606363
13116,0.21079695320236852,-0.4952517585664096,-0.3661011655911203,-1.5255855397254066
796,-1.0252407671543802,-0.20896055673871225,-1.0519664401995912,2.4334748237656583
22236,-0.12127285435451184,-0.7989825550337437,1.5761735117035494,-0.6314320266277174
21436,-1.4758403254493553,1.295306774170643,-0.7020927663731613,0.7999551950656962
29356,-0.2513804242557723,0.3292916161366376,0.03226014288649793,-0.2275514925276304
27316,1.0713400575423715,-0.3262453647013188,-0.23970067334509776,1.6117766463465584
1796,-0.7869943706090906,0.8383846059287632,-0.4660214938432695,-0.847591906720223
5236,0.6395065257521645,-0.3490981583677715,-0.3994132970654658,-0.28544327622761795
15036,-1.4846085829062252,1.091270179892165,0.5250246530581596,-0.8419531111207279
2756,0.869855962085791,0.04879517136121774,-0.37300248106632783,0.5414798383285396
30156,-0.13424190169542025,0.3024152955552541,1.014573782237829,0.1853529072167757
10956,0.5520444521836125,0.27039315189644897,-0.9684299144122446,-0.2416489854572401
25796,-0.5280654010637318,0.1931300536649757,-1.2552495684459337,0.5358210781137805
8916,-0.5810448569126222,0.21281274363111413,-0.7959445901059692,0.33040503748294336
27916,-1.0491446888330513,-0.4043243689749592,-1.4548733696246121,1.5090168521638319
32076,0.05366365656716371,-0.20655428121709474,-2.5646899672615144,0.5879765148616217
19236,1.779094815157131,-0.6064659836604038,0.3360052949970356,-1.4348879216464117
17116,-0.6664404237557697,-0.3889169395298812,0.4203534362784635,0.5305164139611734
8276,1.218128015255528,0.7914883921782091,1.7933516302172396,2.069989298637328
15076,-0.3936438890293758,1.4524258066554654,0.2745158150129309,-1.447849984685266
28796,0.37061985253796254,-0.6635655827188646,-0.5903957966083982,-0.7438111110588361
29076,0.5839409810005093,0.7893584500496534,0.11433131318069559,-0.14140467447703386
2796,-0.2541559540251848,-0.23695938400741418,0.025780463080521322,1.088124785952383
1116,1.3388309691522935,0.18668169837889392,0.8810711641970042,-0.35887942712097265
19836,0.2475800310465731,0.12477771120899937,0.9596420392156643,0.6449093550876046
5276,0.5109416960841797,-0.6975920777609524,-0.6560309447512348,0.8017272274272628
31476,0.5451158467132181,-0.2956274239186955,0.37581842386714637,-0.2025543963396598
28116,0.9303415875755084,-0.8678834657323691,-0.06369833099334561,-0.7504552721546696
21916,-1.1903075133078236,1.3478062619539224,0.8507694217693302,3.09196216019532
19196,-1.956183585515159,1.4473668144909733,-0.8121761351904621,-0.11974388553205348
30236,-2.0670494145876055,0.4645746738389099,-0.7809989820874512,0.6192702595479921
27396,-0.5803332500792683,0.05793654815098069,-0.1195145376389016,0.32775908899139494
2276,-0.7755462539828546,0.597496249225506,0.46311714382365743,0.20532666334796387
17196,0.35755367379304637,0.26273422256370504,0.49950234298208623,-0.24376999373482144
14756,0.6783371544188666,1.0857470481650762,-1.188353844038225,0.6963156803994555
4876,-0.4729010990100196,0.8516418839565016,0.9701077282263246,-0.034633781207195034
31396,0.7334214948857172,1.0851626888125625,-1.4495901143981011,0.29566815114249384
23316,-1.1087225806488596,0.3072435179317784,-0.9817332650050303,0.25910621784507926
7636,-0.4668177866064744,-1.110700195527817,-0.6170462930128608,-1.0561026809292409
1156,-1.4171193269338223,-0.7977046927833895,-0.0728326971525848,0.4029348299690958
11036,1.2753309626033913,-0.17634011422008358,0.02417663193268685,-0.20850377780275514
11756,2.0249327990762755,-0.3036113040412264,0.10687266464656761,0.39531508244351177
12156,-1.2579055934020318,-0.6039640656487536,0.7034383410552625,1.3766321904866763
15916,0.19785879311566856,1.9935184227129743,-0.03492491624143429,-0.49240677577545183
8996,-0.2978401401230387,0.640657548274994,0.38121373231681804,0.736504680795909
32556,0.854270361172793,0.7531969692935694,-0.331022837982463,1.742260772455844
10716,-0.47857539557198286,0.8129084233074212,1.5765892466170612,0.9716912742319638
6956,0.4988372714877609,-2.6121138456827566,-0.8766021130586277,-0.10495436200471636
17076,0.10682892872425911,0.3758909991821705,0.6495244392466029,0.4980307157264872
4916,0.05785374462797105,0.41534886061122367,0.24461921597877473,0.2617963853907752
21236,-1.5563113256542966,1.106744061077904,-1.9042797228213535,0.003375146863309477
30516,1.701929699246328,1.2595114143964112,2.3351422620876705,-1.1101535032026952
2876,-0.3495530958779827,-1.1149090730595046,0.23030437039731042,1.6546302988953339
5756,0.46744851607164617,-1.4471626268245779,0.7730191399847621,1.2976384033623223
21316,-1.4584459782731338,-0.039299917022124556,0.20064790196002438,0.053681434602191755
14476,0.2022758795597078,0.2473347286737529,0.8423641562162236,-0.03532960448361868
26556,1.0502917544967396,-0.5253870182232045,-0.4729042283864431,-0.9156611251709452
19276,0.1791666921339232,-1.0823909610100595,0.2343955874484226,-0.1077673640862717
16836,-0.36645015201723935,-0.475493777794071,-0.027376602083217353,1.3538636796084575
21196,-1.3731982231821966,-0.40350498386396605,0.36572293776280296,1.7630500876844681
27476,-0.08168802865248426,0.0036279391116378623,0.38577518670142086,1.4081831092483579
11076,0.20434142731870517,-1.3123957273847184,-0.10264072138984634,-0.7738942341337893
18916,1.5222663674688883,-2.5948161242808387,1.6253475183416979,-1.012109654885745
15236,0.9124065014895011,0.5756392649783919,0.12663870998899449,-0.632439487685661
15196,0.9724711326959249,1.2246229486748779,-0.9491105138904581,1.0425659575914032
16236,0.40330116099930213,-1.746314997417627,-1.4043097859387177,0.2901722337661386
23556,-0.5724300092234275,0.2437548056092042,1.4532391879015252,1.6139484491001406
27716,-0.05386479216186867,0.674182413964226,-1.2343192375290755,0.43151118562171176
29916,-0.23219882471327788,-0.7786102481615238,1.6222481720836777,-0.4450568732264162
13156,-0.01877699427814676,-0.7786695308618906,-0.2917375877249342,1.2121040155184841
3916,-0.16317144277230047,-0.6929587033704013,0.9302414993896008,0.006778439270907746
18236,1.5359862806043345,-0.11910977836211985,0.2817960975198184,-0.6820027115046179
8076,-0.9935186155872474,-0.5335469504654897,-1.498345388767728,-0.03715238433310477
21356,-1.300255102627166,-0.3460797336568908,2.1038302863457323,-1.3818952509107487
16396,-0.7350013886829653,0.7911480316261666,-0.40806604755143777,0.5761900682605168
20556,1.3706256781597652,0.5311371597161416,1.3155230642510496,-0.4136106898225471
9076,1.5411175965980124,-1.3741865523387236,0.7114568860921673,-1.3750253397418832
27796,1.4109578583309628,-0.252329561379165,-0.74193044972841,-0.5124263780228342
7036,-1.369582494344116,-0.49077950866056086,1.3010108385944903,-0.17227975390363728
13396,-0.4742382280753712,0.08813879613857735,-1.0815881674701413,1.677740789279319
17556,-1.4249086068544843,0.7041961578888712,-0.25264332996279,-0.07214503834722126
25476,-1.955472899294381,-0.37657502788365216,1.3404977910019487,-0.0023656942245259115
4316,0.8013931426335402,0.8219108892013276,-0.28673329494728433,0.7589396724416755
30036,-0.827399021181025,-1.1772765319204097,-0.2906490561439586,-0.12363682629590693
1516,-0.7897356761924802,1.623593438367873,-1.8862028381510814,-0.03143236129107986
23436,-0.4248260040980132,0.3869174695339251,-0.7049922736846418,0.09688046395272962
6236,-0.9173025708391258,0.6997361019290862,0.6550409901269211,-0.4916689223361129
11156,1.226248583061179,-1.1447957301848677,-1.2736532939382395,-0.8173279487637993
18716,-0.9388804956114036,-2.639162408118719,-0.5660756374499176,-0.08545518933758847
22876,-0.739055553813455,0.35089824202025627,0.6357417047974833,0.4115468826711435
5956,-0.9773874739293518,-0.21986016858043894,0.44405889643654306,1.8652388564173334
9116,-0.13455132500385222,0.9284823075094913,-0.44145460391027397,0.9225161785910008
17316,0.25130862332343745,-0.8459029500512304,0.2870039885746422,-0.15282963183149753
7396,-0.15739941039013142,0.017639189654247767,-1.0680732607949193,-1.7412726965424261
11556,0.17795684195168382,0.2247281383640582,1.2762585231048467,0.888320944752417
27516,0.5661851942922584,-0.6779155185234871,-0.3121401971472122,0.5015612479143229
30876,0.09415366888384322,-1.3669508848280973,1.063474787942457,0.6637039748785344
15276,-0.6876030717207807,0.7168507509537979,0.7487121960206555,0.208631884382851
23476,-0.837840647399668,0.09900392566687992,-1.1718097375789778,-1.8668316231865159
9716,-1.521484393303218,0.8467697142946847,2.367921552694953,0.3988020437860756
11196,-0.08995522369040342,0.359696102035472,0.265370790986296,-0.9418919061233065
21036,1.4709249689086166,-0.0031161587655381172,0.5722662627874745,-0.46746900598043317
29636,0.035042133735717046,0.7651844303557134,-0.039571106756926586,-1.8658403352938682
24396,2.408232701262908,0.18192148333175912,-0.03238278952114076,-0.9957985981178584
5556,-0.07728794010290249,0.08015973578369265,-0.0236513080690305,-0.4376621854093012
17356,0.2652253092728958,-0.2867761469316513,0.646424871780348,0.6494611898525291
22196,0.44593011151935874,0.14923046775351537,0.8863098352168823,0.6721570415562118
25556,-0.30029867818037664,0.4244521157365371,0.46069643220384315,0.0570670275298502
26356,-2.9870532858965038,-1.0661153256307125,1.077258332504273,-0.07650209697349573
3236,1.029712650783841,-0.5237139025918476,-1.0581739453316226,-0.6523996696473847
23516,2.2841088865862154,-0.8447305789189686,0.6345845325566437,-0.7501865942477429
2556,-0.2525982412641021,0.7365710401044174,-1.3127401812941055,-0.5052055411905855
2516,0.009522472491781472,0.5595328585709715,-0.18584887128751126,-1.608065457247372
20956,0.9144792503730617,0.2133095909059519,0.9938277039725962,0.5766438078716549
31716,0.1685502482746065,-0.9289428812196481,1.3841987462164491,1.3905239006768073
23356,-1.3876878997171844,-0.7549012536409688,-2.139715843695595,-2.2727658263847554
23036,-0.049110542830869824,0.7551246675059751,0.8127264940563144,0.4585961771559792
19436,0.2866108761114682,0.005027277600360874,0.7939928897770847,0.8112844238138323
3716,1.197133775394302,0.6238864058739483,0.8784544005614213,-0.5473249275791916
27636,1.787387133772968,1.1045795861027676,-1.458214092263718,1.3799226821408517
16196,-1.8965272362107057,0.2246992898031553,-0.8762749820689639,0.6537358850089658
6996,-0.3407298031024338,0.7118554284893444,1.3626336311876222,0.9237457689298124
25596,0.30027625410351133,-0.9398441741639462,-0.44268043994882106,-0.9596346141056108
28676,0.3038311794155618,-1.7480128268271127,-0.6948493901446309,-1.6350495314986822
13316,-0.7599715756295059,0.25903850410169665,-0.6973664319545363,-0.1512216228722767
9036,-0.6007530984678138,-0.09394320577353475,-2.267003201231421,-2.024100666660744
11436,-0.14608359508144947,-0.2522597291086757,1.375527638120072,-0.22435642949149423
11276,0.16430094013378016,-0.17207441734319523,-1.5505610219534236,1.0445020695440879
21516,0.4500130727517182,0.6084147434144695,0.6625639047974328,2.334255724001354
25676,0.870131890633112,1.297491220543884,-1.0534007314222962,0.7818065500913745
29836,-0.06064269355562533,-1.291132545453446,-0.14642925046097663,0.8878827446873985
5476,-1.2354687812718395,-0.5510216332029,0.2642964854049459,-0.5613045993618162
9236,-0.9360706805896672,-0.6789144888549082,-0.7184039507682248,-1.766105716326011
19156,-0.7487632270728429,1.1614824395539387,1.2105155716987046,1.8507589757966356
1876,-0.27400558376992257,-0.000736622362501319,0.04868500525919778,-0.6291686707037519
15876,2.245079320290808,-0.6919624734273578,0.5126383671831384,-0.9626959613296323
7196,1.1908291626195613,-1.6541408644124893,0.2860832419311768,0.6318881923433879
14356,0.7028925434295715,0.3780158598779838,-0.9742571311967542,-1.7532626722271154
22676,1.2302621650419723,0.5976295984378764,-1.0129058188101168,-0.304391988244162
25636,-0.5566008947828283,0.6772285948162037,-0.40118731013330705,0.9637745858945745
30996,-2.0211119661109254,-1.8824602492254423,-0.7018485262005844,-0.46232665400710893
20316,-0.8373103057688629,0.7767081558489823,1.1756541435735763,0.04671395287802589
23596,-0.1745431310097798,0.3327809407927019,-0.18018148026771844,-0.5169976685631421
24276,-0.9429969994854237,0.29486191267934136,-0.6470840221996963,-1.6208428441793248
15516,-0.3611210037526446,-0.05550783987945991,1.5824813380850014,0.07751755620904692
11316,-0.41833108912188005,-0.32230386893061097,-0.8011322127704323,0.6533967720497857
23836,-0.1419362191278061,1.7359824721511488,-1.698483054786359,-0.004168971223843924
27996,0.8697231153212321,-1.0456530368868329,-2.0446810831649906,-1.7576937684561567
19636,-0.9023352599262987,-0.24314084750106316,0.02823542044040479,-0.21406057914503943
9276,-0.2511759632052866,-0.12366860837489285,0.5759378599188549,-0.41471564526263016
31636,-0.9210110337605255,-0.26293136962754743,0.013876954017759643,0.23570214220050614
17476,-0.09902951829136851,1.2370734336208231,0.2955933342521504,0.1768576598073797
24076,-0.22124017844020283,0.121848778864143,0.5869707549037582,0.6532198471903264
15436,-0.8133811830397911,0.12792906268487134,1.0221834666903695,-0.6263810130345847
1196,0.721471616196319,-0.5816986875255262,2.2992613010928147,-0.09583318664890948
3156,0.1978653666785728,-0.31976184663206825,-0.6917122117460388,-2.2400576233133154
23396,-0.2598527537028031,-0.6774411259807616,-0.21588839208793137,0.8987025403941554
17836,-0.37229329985859433,1.391999372840982,1.7987081129006752,0.584869863918086
21596,0.8648264237000888,1.3959001695840032,1.2008392917017412,-0.2783666777611891
9316,-0.12926840533619652,-0.07219297827450716,1.1870125649957752,1.4073460661113297
2356,-1.1840953622883612,0.04471673620790854,0.051968201360416834,0.21028602925910195
12476,0.7097649039269782,0.02797029690925169,1.3090196842034105,0.17830893588174623
10676,-1.5144158069828455,0.08021842583575653,1.65756803812391,-1.9047435981680862
17516,1.06220091957679,-1.528071438106451,1.3620897812630879,1.1108821056961786
14836,-0.8482703909012118,-0.5003761856890951,1.5826805696690749,0.5963462111675629
23156,-0.424317596695689,2.0634211788834382,0.16149590994509272,-0.3902551649934984
25716,-1.365144869851944,0.942793169417556,0.00290854710636785,-2.64467496982204
22036,-0.15482919817239127,-1.1409801245410807,0.023225907431945685,-0.11977141136986968
3196,1.2347533848280177,-0.6013970529778507,-0.9384560055762401,0.30800202389925885
7676,0.16472993654916007,0.2527733108892547,0.7250614683798786,1.1335835029740093
31876,1.1211816605505114,0.5310477522791466,1.9770266105303316,0.8666535749018794
24316,-1.0311632390257726,-1.1715632604452966,0.49824239678048604,-0.7826667848748036
876,-0.10479171889029677,-0.17099143988793328,0.06088939976107238,-0.5274216970434068
19596,-0.7488920229471046,0.42110976346514645,0.8346179633576737,0.5673740968722469
8836,0.971986366927989,-0.9806636155918562,-1.0660275908832864,-0.30365925321563275
7316,0.6425352472862703,0.23678497979490837,-0.8668250570969859,0.6399401046631906
17156,1.2714624528178269,-0.37311985329296016,0.3864136329811165,0.03769879168780333
30916,0.09995746023846068,0.2362485046418312,0.8693741451375867,-0.3037022617029499
25756,1.5385905310299628,-0.4727276267952176,1.0574341817728943,-0.3373877973900303
13476,0.30372283606959855,0.2069015339589781,0.10442836809837797,0.4957967019040001
14156,-0.7085405289600178,0.3521875455559204,-1.237741894340698,1.0774040366033952
14876,-1.01404722073035,0.14038492631987406,0.9129182759637661,-0.13724851997253398
18316,2.103649491610956,1.1115377383465044,-1.5458254799596844,0.28468215601586366
31916,0.5817909288130086,0.1815302457826092,0.6531553930490147,0.5588749250964699
32716,-1.1739822830752018,0.28136835653915804,-0.5373878813414175,1.5495386810764966
9396,-2.122135810071251,-0.6381933613676535,0.3808613633128081,1.188116763973834
2836,-0.09767724882680051,-0.2314864353060038,-1.9945311026801775,-1.1238520927561884
3956,-0.3496694035244086,1.8068107003688474,0.5275463702478458,-1.1540977603851654
14036,-0.2798701627813884,-0.22789432803819232,0.3166508919890957,0.8481002894081966
7356,0.8203098786952082,1.429943485494633,-0.3636976960854742,-1.2376185559420005
15556,0.952450637439952,0.4951968309856897,0.5925812999060232,0.13436859192612752
23756,0.314518321015675,-0.9743776738279775,1.945251076188996,2.066444306221089
3276,0.8457488119390907,-0.7028208508745712,-0.5399481399971415,-0.8963200046565983
20636,0.7771068047922616,-0.8597203055524447,0.4180358613021347,-1.6398176207818758
31956,-0.022178503275901824,-0.750861699780494,0.5817449110264655,0.10576062227162356
12836,0.024477723293940726,1.3150820538329433,-0.09822581497466432,-1.0304654659658639
9436,1.3616591021282802,1.8561074477521997,0.25830847794114403,0.04761864286086415
996,1.1784929597215144,0.8256292565924387,0.8501454151050614,-1.959882864058581
5156,-0.4947441863939707,0.1147641507478181,0.34975277285534717,-0.6198447710296762
27876,-1.5056126472915916,-2.6357767350961856,-1.3408541302680703,-0.7636628812270891
32636,0.4233021662958956,-1.9261927743029126,-0.8274893130251693,-0.6999082060527883
30116,-0.7611045017594096,-0.10081290400297045,-2.007819779108096,-1.4314518811649786
5356,0.32915647029878303,1.368524267134546,-0.6627905819127403,1.699827019654187
13556,-0.9501492799024193,-0.8539109981933345,-0.6801722013002154,-0.8797730385368231
1236,0.21184166923017383,-1.8778430537830768,-0.15584053745558504,0.48725449150628214
21756,0.08730911844487815,-0.7143632553624337,0.6555497607972534,-0.7354210694737336
27116,1.1025964201368246,1.775308064889724,0.9945671040979004,0.9156035370441081
31276,-2.578770009923485,-2.1229420992559898,-0.11378224686728383,0.6871027452655428
29956,-0.051761431917185415,0.7833732508369565,0.7611301618043206,1.0639749713533464
25036,0.37789369431160996,-0.08980305292662363,-2.2549360447509903,-0.7738519215361243
5676,-0.4016019747553424,0.3740926912714634,1.1543780734449025,-0.7779522906986541
15796,1.9154195182918266,-0.12529177334464064,-1.9709328923872196,1.2128886968893093
17676,0.3785343771671831,0.052619562015609245,0.29542825156859637,-0.2723246482887445
24116,1.0432975377709997,0.5986649746193049,-1.3348937690375067,0.2170940133085177
28276,-0.2214459719558581,-0.017263266802696676,-1.1146870067544512,0.5869074986174455
5996,-0.8062570737863642,0.4264613232847476,0.6161178229156643,1.6534960987500984
25876,-0.3172774683783737,0.1799376123284676,0.20439545668225295,-1.386856062965015
19676,0.7768289089990901,0.12036115396873336,1.3253946715476852,-1.3921554656729374
20356,-0.32892696256673754,2.475872046895222,-1.146737231385218,0.9259461412331252
13596,0.7332307282406351,0.07747114295653447,-1.3492966810012152,1.069331489225289
25276,-0.5026791001673946,0.4665203878795552,0.0912567154703763,0.6309366536069182
1316,-0.8660917410328569,-1.5015848053501084,-0.2040400297333935,-0.7083218220497917
29436,-1.6389114876323159,0.8335884049774366,0.22233935854614384,0.3053289003413861
14556,-1.2308328560266362,1.3287859255288625,0.443689605784639,-0.1257831325745068
9516,0.18608901729138333,-0.2636681136528431,-1.0979428407556302,-0.9033059129472596
9796,0.23530997080171326,0.7477098611294557,0.8935374171510031,-1.8120075122649308
13956,0.758541059206004,-0.5839813994577625,-1.0261507441581486,0.4382174018270209
7476,-1.0317724565505204,1.3647024585350038,0.8883829040121772,2.566364716242881
22276,1.63234858510644,0.13317396520902675,0.2581226318062859,0.21397173237075853
8756,-0.71148265141674,-1.0248665024697237,-0.34188437618414214,-0.188520228878864
30596,1.0184505814176215,1.5154794274681505,-0.6832927244287854,1.341069167198597
23236,-0.006572104689691638,0.19492392554448415,-0.3756836999729901,-0.8197837719907144
15676,-0.7103757214765067,0.647788552929533,1.6792230071719425,-1.874038086872151
6796,0.10014479037184885,-2.341015891411251,-0.3326466519068472,1.569851146603512
23876,0.746459370156611,-0.1916271784144486,0.9868121430242683,-1.1992312022718155
15116,0.26442989274156886,-1.1329502085968806,-0.3356337317417363,1.4812317858841946
2956,-0.26889885984871037,-0.01062598730403752,0.0026730199217196837,-0.8309389439795608
4196,-0.8866892333005834,0.6119840645621403,0.24995329143268746,1.0820841393718574
21836,-1.7508203186971338,2.6303550552269277,0.007753254833660685,0.6479365901193603
31756,-2.1271102902561148,-0.24441752916155504,0.905807065347506,-1.1826102118661874
19796,0.00020419215243554743,0.007964079086605434,0.7598614481774515,-0.3226335574617019
17636,0.9318878267511979,-0.6206214075817782,0.3045590120786629,-0.06994236211203396
16276,-0.32658088363805443,0.11085717039853049,-0.5635040690936419,0.5705607086046983
7516,-1.4830527646707943,0.39569881599865964,-1.210095854234412,-1.232088659856535
17276,-0.969955325756765,0.17273623999211787,1.1859592160699373,-0.43331406980916665
25956,-2.13321291041005,1.4169227530944684,-0.19941986985310925,-0.029740995234587432
4956,0.9772411786715436,-0.7533406555931431,0.926444009951467,0.19869342152393316
6716,-0.39809086038052316,-0.18547391017844464,0.10792449150565493,0.07695677334546583
23916,-0.9649301104557072,1.8611740223389648,0.9916710226557104,-0.7888365504091057
17436,0.24607094647931135,-0.7842614267727008,-0.5946814666711581,-0.9466739583807334
1396,1.317234948773236,-0.49038748704590723,0.019223138997209094,0.9404575267516024
916,-0.11378490452715113,0.009765375319934572,0.12931169704973386,0.12393798688118579
1956,1.6832018811939877,-1.0596719960226757,1.1222918978295275,0.48645990732326844
30076,-0.01055113062918056,0.38555495863493205,-0.015450862935671654,1.1022886891330932
6116,0.8105751284097157,-0.035482028890673985,0.17459418155263104,-0.15908991057027855
14436,1.4157562745116519,-0.22958560572892983,0.7939879758597663,-0.9521714799527894
20836,-0.9506784517437644,-0.6407276300565726,0.013604749793653443,-0.23790932130163284
7556,2.662656345403182,0.88383745137336,0.5929279045172702,-0.22698549797211878
22756,-0.7235060518419725,1.5882012837514383,1.234249286944017,2.6932722631647206
26916,-0.3966014177036901,-0.7101176507761445,-0.07646760135638388,-1.0557289736829576
236,-1.127412341818618,-0.20062966617644007,0.23329161208250218,2.5361566983846475
25996,-0.9426757515290033,-0.9245562915112767,2.2163792719542337,0.0857575620674765
7276,-1.1436148364097214,-0.5029232303305499,1.7550696222888853,0.2402768663785252
23956,-1.4188778906492023,0.5099080531436178,1.7211794320214933,0.4788491789741883
15476,0.44532384077757287,-0.01619229076589047,0.23573876874261795,-2.0433180473118213
20036,-0.8330234220318126,0.6895072827847862,0.7537829031381836,0.7655123177744003
32156,0.6116568080751915,1.2238803285260604,-2.40107445623189,0.5897568464962971
32236,-0.5509398008980243,-0.7415719859364802,0.1947979050363018,0.7664110520849664
116,0.452400408560528,-0.28857925038207993,-0.2649606411967042,0.2209156224243801
19876,-0.3396737209802382,-1.1759083559700094,1.3142721592630542,0.19175384972742338
12596,-1.5445422315249218,-0.5296057347935175,-0.18273885627683165,1.168939465191695
3996,-0.4135915188147598,-1.7865964365928368,0.6101273552010694,0.6889936873304514
20916,-0.749219503610559,0.8844283628437632,-1.4300916287507648,0.5022838878614246
7596,-1.0416448446381885,-0.11559010318389809,1.0397748024714493,0.16620786800888232
25076,0.38781540750244076,-2.245217850359146,0.43081183377239146,0.20739443544403022
29236,-0.3909890724066929,0.726373992024801,-0.034869802697623214,-1.9790434986608145
26036,-0.310069230132771,-0.8056739351761114,1.1678707596321087,0.38477990785094285
1276,-0.27075333397797136,-1.0380197327319918,-1.0252737020026552,1.353056594468073
5436,0.4847688569141488,0.15554573519438725,-0.7165969982147407,-2.8482654761569965
8436,0.6234093309864778,-0.3392677984432015,0.7665608905357129,0.8146141679716487
14276,-0.35223554815743985,0.57163318370656,0.5191421287780669,1.128282360703368
13756,1.4654908379399736,-0.10906486540442456,-1.3509591511044388,-0.7781136467834643
3516,-0.9886916810250895,-1.1316531810643884,-0.002122769445106115,-0.15668371276487084
17916,0.8313862194985066,0.5152414618133876,-0.9398028335447965,0.17606481704438387
22076,-2.0823251366411206,1.0087154567036392,1.1804286536168087,-0.7399959833917781
26236,-0.8944126825490801,-0.16289882316456153,0.7358681727848582,0.3366141794747473
30396,-0.955767352087112,0.41184187624143964,0.45044684002584684,0.35402877462755517
32196,1.8574449813986802,-0.12906146121205592,-1.1278485750525522,0.6622043864900252
23116,-1.2716492208929313,0.07944796110579752,1.0544658484397327,-1.001902689794845
2436,0.14276797193185145,0.8615745607912108,-0.04703606743516269,0.09899977284521558
13676,1.2025020824517545,0.008531636759674676,-0.0690743915945489,-2.3036449300627186
9676,-1.0780346627819828,0.5326807854751716,0.32250371508772396,0.30164988831445444
32116,-0.6729299688683118,1.053764956909522,1.0308424753482193,1.0210713198326602
27356,0.20567634861815817,-2.209838475064611,-0.7057111974775785,-0.27530058977076644
14916,-1.0383809047974626,-0.597466238205739,0.3357696951463312,0.9771696430846244
17876,-0.25190640229005884,0.15377294670341415,-0.18262049830644592,0.07211721150722417
31556,1.601276646157457,-0.9240809227796027,-0.01868257534913347,-0.5935906244729775
22436,0.9585966851402902,0.20309496632726226,-0.5436313301422622,-0.3291572479527634
5596,-0.2766162368881816,1.0983963438471782,-0.8254462283075281,0.7922270608260019
3596,2.081816822107827,0.3483554316360396,0.9842318911335541,-0.5484626026346044
7756,0.5858706919545427,0.6924813686262457,-1.2725661132093813,-0.07860680771081094
3556,0.3073764392995146,-0.5070850534575586,-1.1862693253409802,-0.33883896206629766
20236,0.16708573893122058,0.15298490266831447,0.16508761902229527,0.4439926037921472
26876,-0.9887404485812883,0.4188605963226678,-0.6811659524854948,-1.671336862591549
21996,-0.599258386005447,-0.20231665665366946,-1.4310806063397743,-1.1495376965995068
19956,0.4944084802276691,1.190978310667187,0.708482614871115,0.6475771111387144
17236,0.41198532790383924,-0.0913016416218991,-0.8550468462206555,0.22663452204961504
596,-1.0512806003233996,1.139432606511399,0.0910840556926882,-0.5891277286789266
21396,0.4019692518195086,-0.5133170798353978,0.333525918767668,-1.0947918481042331
28156,0.37612747529645246,-0.9735064990575394,0.111250112639584,1.360499816324953
29716,0.39637642269651124,-0.46752337596836663,-0.4333915728440806,-0.5999988389726676
7116,0.6368623823937881,0.5272199917415693,0.8911215191736734,-0.25800955225005917
5636,-0.08693627428169348,1.5568931883824286,-1.795859207704807,-0.46383432038544364
5916,-0.06688406257442735,-1.2860368976680983,0.1696074010019193,1.9682752598437172
12756,0.9802855081243158,0.3297353193078045,1.4645262416894533,0.06111981781485964
25516,0.6265568814827595,0.6192431827339242,-1.6170144785260139,-0.4887813777466965
13836,-0.35889235404756686,0.8023322100489867,-0.05907208788284753,0.0012056503900344344
22556,0.8095715555074102,0.6786232436508115,-0.21298741366204993,-1.0403817292282422
26716,1.2238276725899855,-0.925495523767624,-0.7095392406656901,-0.1329033279066892
11796,0.025636483877942644,-0.08150521425841117,1.1111699987217953,0.770217053548175
1756,-0.1364751490007661,-0.9734621927787126,-0.607171396225947,0.9465091732594754
9476,0.35042345450669554,0.6115520642957385,-0.5821600705617692,1.6641690077875162
7076,-0.8022716652369639,0.996494007351364,0.43139646175335405,-1.2462793367864318
9756,0.5385187742063423,0.05782000623596988,-0.3603091324742565,1.292347728773372
11236,0.6936190867203349,0.1832532813033283,0.6069308188307115,0.2307365473293298
11636,0.8414608666580081,-1.3372642781061457,-0.04338405770769552,0.3820190433609944
15396,0.5980589639367241,-0.8132408747701175,-0.004398373629217166,-1.2498466616005997
23716,-1.9484519387498187,0.3448820988287018,1.5645864336040283,0.31212156207611763
28196,-0.08196699319244519,-0.01096088229675897,0.415570476399217,-0.32315999357072034
32036,0.9287198424065999,1.742665627532833,1.3578752513625243,-0.21642416032092238
8796,-2.1688965088235728,0.25710517498801627,2.2404748176821254,-1.1576729530260206
26156,0.5485891333154176,0.4251015178760395,0.5042831656638376,0.09956359258214481
8236,-0.8969427684471399,1.0798548205305156,1.6246024117374829,0.3778740012022446
16556,0.6409273890698007,1.3914164634972934,-2.256170847388049,0.9798639702024698
13876,-0.7325627311962735,-0.6309344515830669,-1.291243653566497,0.9443208698511942
20716,-0.10918250461810561,1.0335859412468325,-0.873096582313294,-0.5634251305924948
24876,-0.011726123454660195,-0.23295922969522642,-0.08239911325982352,0.25678694190140033
18356,-1.3923790480777012,0.42875803391213885,0.4247354468600555,0.2109658555965629
5316,0.48526036526439237,-1.747121486044622,-0.0857168655174131,-2.8409961574593994
1596,0.5821628928084158,0.29929449092353255,0.3286669903815963,0.09311635383413716
30276,-0.8218710710182539,0.30734240351402975,0.058831994026192096,-0.3249056885194678
21876,0.14843881060021719,-0.7804827053292888,-0.47747299957231987,0.30856666397705323
17996,-0.45876754529818287,-1.0965883441874231,0.48450930660013997,-0.7820824732137804
30196,-0.36644645956352295,-1.378569908658582,-0.7291209380882099,0.5657710206941227
20676,-0.690626134390004,0.7329945148692295,0.7280479294150014,1.3576707210284038
5716,-2.5338760431491214,0.3056875991453582,0.8535195359105879,-0.34353534844084804
10556,2.0529303633130973,0.32413202042234096,1.4020667568625997,0.04478851554209552
32356,0.7719923363792232,-0.7164486191521969,0.4507802770107255,1.4956242055867648
18876,-0.27322160246993504,0.9091904152271534,-0.6821888159583609,-1.0947633304461504
27196,-0.30661595766506883,0.17628804779505353,-1.2095097840310067,-1.3157417344154774
31356,-1.018945845688738,1.457749234498325,0.9897779300767151,1.0856177116102022
11876,0.014862103415619667,0.17012760477638544,-0.3506851935481037,-0.2105308789598099
6516,1.3304204810595528,-0.6647820589158829,0.3796586606199064,-0.86749016853142
3396,-0.5725106290565759,-0.060540696526260415,0.540689538595064,-0.421174028277153
31676,-0.4216205120258647,0.48837988414287525,-0.4320407988264174,-0.4514505689042085
30316,1.3911375185373662,0.27850961065554475,-0.0073728920575181454,-0.8624750100310857
24956,-0.2500094967127384,0.6213901396071947,1.511872056296854,-0.8354885972972793
21956,1.603675836244627,0.21072690663522742,-0.2865688815360261,0.3404126363235019
18036,0.7215617984412073,-0.8168624028684477,-0.3743273609586225,-0.15528048875793488
32516,-0.24668282673083775,-0.5145921844281324,1.4443738957869068,-0.21084900471547607
20756,0.4051473321176397,-0.07771742652496262,0.27548038936833646,0.2854473436834973
15996,0.33060651142576114,-0.09467739704955616,-0.21479271078662268,0.40166478922832566
8716,1.8802716231214265,1.1927255976792188,-1.3005699468551144,1.9045811852578711
12876,-0.349539048952315,0.5454823427348442,-0.8794949206563125,0.3963225067748704
24196,0.8164752040230838,-1.3051186021989543,-0.48056226150753956,1.8096787514419856
16596,0.9752871143745021,0.8021489397613759,0.25677784373239954,0.7382989349650414
20076,1.2911773189176357,-0.45746829117847304,0.2891011426993863,-0.19838994227986587
11916,-0.6136249402273244,-1.533948513435473,2.3553053517198417,0.06707486906782274
1556,1.6100693605587344,-0.04810575900639664,2.1494370685181043,2.05004347485672
9876,-1.7491699588276175,0.033717966092546015,-0.08595537152375157,-0.5709895457066488
20116,0.027931898271080884,-0.39477114801374535,0.40565966675867776,-1.9541432690468998
18196,-1.1395622535721097,0.42368234261003557,-0.3812830412723626,-0.41215304667285746
22356,1.0528474039362543,-0.7434694072058123,-1.273420850073977,0.6878744694630288
24516,-0.9045162371277587,0.7112532065021655,0.3380935747338609,1.1380108196903589
26516,0.11821696692852691,1.1946385036689833,1.6108973706994936,1.5793186586722605
18076,1.527789565235227,0.8911743641823474,-0.7912126204762618,-0.13762889452770888
16036,0.4761674483309264,0.7078563661740418,-0.11852351006874136,0.9430268721286624
3356,2.1266791168413217,1.2830317265865028,0.3345134147623956,-0.5146510706862515
19356,1.2646372014899916,-1.1209753632625932,0.07196612917666541,-0.19196110618065781
13996,0.4213977124116474,-0.8401255072317219,0.25447813393711094,-0.11192204659834927
27676,-0.2436691006476848,-1.0226440194263335,1.0678343178008536,0.24290771751762252
31836,-1.6470381410892823,-1.44965153542977,1.2372803829608485,0.8238800371627643
1716,0.12345814938305513,-0.0779813457491277,1.1870576233490993,0.5884672275854939
12916,0.23836405492999796,-0.46965031114921996,0.8179017202152006,0.7572154578394071
12196,-1.959146489675409,-0.05157153070343669,0.17937577038200556,0.867439787997377
20156,-0.5647913885394266,-0.4521884722069931,0.12945472294532925,0.12358762585795222
16356,-0.12320195162114256,-0.6018214909920819,-0.2173052154143438,-1.1747988985033793
20516,-1.499044639896294,-0.7376593463003609,1.3184078907893209,1.17612591881456
28836,-0.18951428075499901,-1.3149439888709364,0.8750316504105955,1.374337590213138
7876,0.9060652240055109,0.5178044041534424,0.5612694559845759,-0.11668377580712073
1996,0.36660558173603436,-0.0336195006083317,1.7297977208873219,-1.1842263854123707
5036,0.49754563432075016,-0.05487601752049835,0.82760934711726,0.8106058774926124
16076,0.4350468867238918,1.3067062754024803,1.0209022494069866,1.4405944709609984
9196,-1.4620343241221259,-0.48825013228108294,0.23016940791323312,-1.5171601247638282
13356,0.21665313455936547,1.0825247091738857,-0.7311647595612576,-0.24370055261947893
21676,0.08738215901430536,0.8247132447694283,0.05421361104312603,0.2590651519706368
3796,-1.078974285548303,-0.37230624274671476,-1.6854688616208628,0.06495168816032765
25836,0.21999862927860603,-1.0549300091167642,0.20693086883072365,-0.6044190975220838
29996,0.2296353031586372,0.03641427096427876,0.04432288633085875,-0.5307070991424342
21796,0.4211576887764434,0.5559257186987281,1.3288776025330846,1.6977993700310912
11996,-1.4760783017142338,0.8994867096304374,1.0339804690772718,-1.6405630265081754
6196,1.1034266197253708,-0.24968212849896565,1.2645448107610975,1.2171528635612734
10356,-1.1338895783730818,0.2710684109831185,-0.798770624719686,0.5151966279002942
14516,-0.7655593047713145,0.2752121342683454,1.1884044056532472,0.752063277249738
20196,-0.24449474920151815,-0.16983498365215524,0.22570170518862906,-1.116735113004819
18676,0.8058670260234813,0.24622372640905144,-0.1706357545899861,-0.6552286766981589
21116,0.02300754018856792,-0.03875892675102455,0.6506328525852841,-0.29625584911462777
28396,0.2526031191017767,-0.6754500296086544,-0.3691429835496807,-0.529424533679744
31436,-0.136850858037527,-2.760686390553165,-0.03328732469560124,-1.0594310602570856
5876,-0.7182542883020064,0.06748089226469581,0.6351835020206728,1.514852928485925
11516,0.7673477212763129,0.5275521157429817,-0.24014183062006966,1.9467086691630011
30676,-0.072220597940172,0.16796232280683127,1.092741831322992,-1.5296718875111766
14076,0.3627731651266134,1.1199726981609996,0.6813869151172866,0.3071581995767048
14716,0.7761318673188691,1.9034460106555031,0.6729052821399615,-0.6464240219098283
32316,-1.0451788039750656,1.637289539747036,-2.1945924149469795,-0.993256575926646
12036,0.3996557581888005,0.39694691289764567,-0.13757115902863842,0.401058405774416
4396,1.1477187055429496,0.44378805884008055,0.5896479869008137,-0.0865304817498065
12676,0.6057895174539144,0.9189280492455308,-1.376522079276164,-0.5014681270259916
9996,0.37487238510339405,-0.3139629021965297,0.8414615834555751,-0.3922696651130307
20996,0.7491126563894425,-1.7649914780697231,-0.5669937578252674,-0.5757782424706965
25156,0.3369503881433777,-0.5792619189177469,-1.959852322980223,-1.22223649155297
7956,-0.543405592222591,-1.863684626428769,-0.763454667477046,-1.0641559170934278
29316,-0.089179007621418,0.6808962802966618,-0.7371798175297972,-0.1631990321281457
5516,0.041397952396399894,-0.9557002852264764,0.5676237679674423,1.4124050266620596
26396,-0.8570051373844512,-0.23056756057034253,-1.176139751024212,-0.7441406491139005
22156,-1.5337911895084768,-0.37110807363485077,-1.2837168300708741,0.5158818376920773
3876,-1.01811704191279,-0.2632240882570381,0.665279783278404,1.4453632303921433
30476,1.3786122821762643,-0.03962912974754049,2.0971793115149273,0.3693113736003305
18396,0.15356714063029564,0.06894659236971698,1.6116142109078877,-1.1232172271409322
1836,-0.3179630983439946,2.618388605095662,-2.1339145077943678,-0.48285133208840963
6676,0.299658404865152,0.7928306208639133,-0.6967255380751705,0.02162135595610165
14996,-0.4137192646298145,-0.669545867409957,0.5804663155452899,0.3461324273163284
10036,0.32545247251226755,-0.9216403560327223,-0.36512184624912136,-0.6971943208612212
27956,0.08533536628292923,0.09450096801696163,-0.19734197058998895,-0.8259277749423246
5836,0.7325469607188307,-0.30970103116924425,-0.44960953283207844,-0.05997213796770021
28476,1.8098406402243445,0.17339818709157398,-1.060297874957106,0.24528615629611678
7836,-0.8131866029835576,0.002487076812296161,1.813145925964795,-0.7924668300592137
26436,-0.15820880288485126,0.8901000859356925,-0.93545563032166,0.3701819475292609
16156,-0.45790463563501427,2.030441585724624,-0.3113977430444603,0.7460050428052535
1676,0.037892829846235446,1.0390192287071307,0.7976708967427106,0.6036604323794796
24476,0.1454467022306215,0.7702521395000479,0.9762934141729834,0.18517899090673684
28636,-1.2736722168200596,0.5666593755643425,0.005297691984169498,0.26242944828056447
23676,-1.765531772526356,1.592927768927032,0.7207447342237336,0.19061093098853046
676,0.2867437647199666,0.6159703176145964,-0.6434648509979811,-1.3507070825412069
12116,-1.012418388533789,-0.7657702839556196,-1.6778421562665138,-0.21982389658054843
21476,0.0998455166068779,0.16712084399400712,1.8526751141664712,0.09535594932154742
10076,0.0012674976240648478,-0.3284302148276581,0.5055022269514662,-0.15277208318428365
18276,-1.1317163454620756,-1.6764228534387102,-0.30710287623731464,0.4985624123843284
31036,-0.35609649344154015,-0.7177600198362815,1.1973747400399368,0.5646832610928707
10156,0.4731940813644842,-1.7460607012113303,1.101502653944086,0.2147760830127668
26476,0.8555781711978016,2.0941750578482456,-0.10457840380527472,-0.44406470276107995
14316,-0.25182671547966046,-0.9670424596042444,0.9366900107766875,2.835536747214935
18476,-0.4735271642408226,-0.6444367094506053,0.446392198435028,0.07030676847671792
22636,-0.05720430266360363,-0.2918958585737881,-0.9671300861991419,0.7689262895451282
22476,0.20661925988057095,-1.5343839649329036,-1.4893909992563772,0.07025293220803334
26796,0.9811728564225802,0.9109333046320075,0.12173753282324025,1.3474435118418235
14196,-0.20103665169535753,0.28053927189887323,0.5559507944871386,-2.4589638570430665
30956,0.14544181212013266,0.05901512465253438,0.3394918428530259,-1.4077786704546458
30356,0.26763559231256256,0.9160006323343081,-1.7566875935641655,-1.416001505603959
2996,-1.1133557928796018,0.9169446976080947,1.6921138415636396,-1.9167084156879302
1916,-0.459860760850538,-0.21667796878773216,0.16391046294653946,1.2899654385023032
20436,0.6586773051581468,0.6323357260758804,-2.2494076006476624,-0.091038013765985
3436,0.009393202556849518,0.2753212494937761,-0.8045841748797607,0.5105426480804699
10116,0.18066772062607436,0.32904540127828874,1.2207743468554035,-1.758636470504362
29676,0.19060147641002018,-0.39536237796049944,-1.0481797845271896,1.424241110113046
28556,0.2153633062807149,1.1388099400599947,-0.784666521033181,-0.6038167111858361
4156,-0.11289394019867716,0.46480675912870484,-0.6262682992820522,0.2687067175053849
6036,-0.5972195970761484,-0.049866498142049506,0.44541708450269096,0.16860248153604565
8516,-0.03254619292516856,2.0319282434001096,1.3472197121133298,-1.1844483640010879
14236,-0.19914334828652971,-1.780191531553986,-0.6751240936597807,0.015564192316776347
32676,-0.3330846692155446,0.17119273254259879,0.07704312195470653,0.18371898599987044
13636,0.3901884389905247,1.7204337643015444,0.07720636239041695,-0.8945225094428044
23196,0.4140352332757653,0.05742352763306703,-2.0839173362896366,-1.0349765961855308
17796,2.5317253980154653,0.8770917625249152,0.32491903838885344,1.551538276160827
30636,0.5562081403051415,0.6233032860953572,1.5674217624285973,-1.2307857904400408
26116,1.2431959365968777,1.4389031746700294,-0.37915729629650763,0.024332501375118974
28596,-1.2950231927843832,-0.3278637110573609,1.0648680725424529,-0.06662155490406542
2316,-1.4071221537541054,-0.29035098237348067,0.3938204258307333,0.9588272335168587
32756,-0.542940221646057,-1.509695625819135,-0.3894769014690411,-0.08812056338180133
10636,-0.23559388755720556,0.9782775913606293,-0.0661833343754175,0.3430850991970595
15316,-2.7162431584367392,-0.7691360085583594,-0.4457749188621202,-0.4899590482346173
16316,2.5816623781329944,0.8892416888902841,0.4780858895831146,0.9326585317361585
4036,-0.08604436914907879,2.967813989237928,-1.2485859367627812,-0.03964546622946374
6476,1.3895959832326203,-0.4244874994363918,-0.1125002559833861,0.6807543431280568
12236,0.3072793175293747,0.6315115380034741,-0.7160813896165088,-0.5754697367918509
13276,0.1240907995791443,0.6908115449421479,0.874499213421721,-1.4262768007926185
10196,1.7238489669121846,0.9689756866014201,-0.7419329893389455,0.0752446183701066
32596,-0.4228398522919939,-0.23734863908412035,-0.3759246732524767,-0.7265474949695683
10916,0.23942880340142586,-0.45354858959102456,-0.2811005005880029,-0.4419822073486255
8156,0.23277932105787974,0.9047482783839249,-0.7987664196313903,-0.02297177162610818
12956,-0.25511097573551683,0.15062453343793883,-0.9535809066118688,1.7093581782307168
26596,2.5778957632576165,0.06053834027919424,0.36484980926191246,-0.3425407777386281
21276,0.5438218484928752,0.5105604005459788,-0.39272370841924154,-0.2705463746261143
25436,0.655718823922921,-1.4248963929654217,-1.05040532677509,0.873291843500511
10236,-1.0536576969791285,-0.49715975573124255,-1.2710137232813776,0.8800633178328814
29596,-0.13731749262008228,-0.9399297692675477,0.17566666104978226,0.7627749219232747
4076,0.9539060748369498,0.8711962398153468,0.39375386259637635,-0.2662474472101186
1636,-1.624714969675525,1.2740795431601863,0.5731756338167121,2.1618438048878916
5796,0.24576577408499203,-0.9745289572259317,-1.0213489763151513,0.08156414471112838
2036,0.015555417109564363,0.15768341484597287,0.035408446130683,0.9251763272365594
9956,-1.3551480285360258,0.8987963552805448,-0.5897728805696135,1.1038882317957979
14116,-0.960806560897095,-1.9688950879062426,-0.00036126006676771106,-0.046416687396094836
14676,-1.2923417054788617,0.09702021794668209,-1.8686628179128237,1.064506534044606
20476,-0.6026622187339378,-1.7926592977222053,0.29127259031947256,0.7063062841623253
31596,-0.7856216883235912,1.088361222829887,-0.855828734316614,0.14509763125106948
30756,-0.2269117120316129,-0.048697804773635375,-0.09082068616320306,-0.16256936920545953
