4098,-0.22864485430534062,-1.8891862911710675,-1.1387724904474403,-1.7165500305107986
17458,-0.49185635633787456,0.9820061956643453,0.7864075706163941,-0.5212964499865305
25778,0.1958663463722378,-0.11919349405731398,0.0342092525135405,-0.8072111728281628
29938,-0.6590604509050362,0.8681849356182665,0.7219125192431857,-0.21586652281187932
12298,-0.6378844736217402,1.0938374065349752,-1.134665889109601,0.7932589578099339
14338,-0.04131693670026589,-1.0242712769107583,-0.6262072437024556,0.3809285102378255
1978,0.9905867600311002,-0.5233501202036931,-2.102996053438372,2.1808678367975816
18,-1.2581087843051582,0.8224293973021651,-0.3839415462222636,0.9940173878731832
18458,0.07178072772068023,1.3095248699271727,-0.38118755066299426,0.1181304764344756
26938,-0.484790572112061,-0.8740294399804935,0.16017189505630633,-0.1695654393101886
18778,-0.027099120560301986,0.28179645565264994,0.4515203464580184,0.6265333065852822
16418,-1.0669433363313585,-2.267599605432962,1.2918289779311616,-0.05729645994268692
7298,-1.619519400541099,0.8983765353570473,-0.7758928569553252,1.9200843265534986
11458,0.852556651830416,0.055938412232993236,0.5522329023385756,1.9141827513006575
4138,1.1948341608445996,1.1940380860938107,0.02598507997523467,1.2351410211691054
19778,-0.7357194332839041,-0.3946341556399168,-0.5291551115023205,0.18704222854005337
23218,-0.0870819369532782,0.2701572365467606,0.409815766051534,0.36932581908599915
28098,-1.6622707470239706,1.3500395883355947,-0.5222348552642189,-0.7243249751889628
2098,0.3050520854443332,-0.8982979545850199,-0.06174503513831555,0.05789268944484215
138,1.1078269175380633,-0.32327112961120147,-2.0034805152508786,-0.33354585159066014
4298,-2.7800100395128644,-0.44716803665696114,-1.5451348011069599,1.3666483909820804
10298,-0.5302457691664744,1.1377571294105164,0.1463023070328904,-1.0043358003536649
2058,1.0286624986654953,-0.3775728973094938,-0.18814830058108106,-0.7043949830710715
16778,-1.4240666689511685,0.03789972584282479,-0.3225806319624792,-1.1888327944757493
21018,0.4146781208650438,-0.11663862356551687,-0.41478845978171275,-0.34206513064122207
20938,-0.8032715718141091,-0.1724655824579567,0.5817959243000793,-1.7247820736730597
18498,2.0076327847563964,-0.6187167488029649,0.3078220084560743,0.14008642484665498
29258,-0.8433872752773441,-1.011730555001894,0.03365333799128731,-1.392894960044266
28018,1.4270430188252545,0.15698792326034217,1.097384447336141,-1.6755115980911766
6218,-1.2840042138093448,-0.7973306400583422,-1.0589312928248613,-0.10931158839803289
6738,-0.36323659378878365,0.6987253754594602,1.2579935133218008,-0.05675647979512297
5458,-1.734484542642489,1.004971188091042,0.44944549757229724,-2.0165120127693084
26978,-0.7141130497323921,0.4155509006273282,-1.0145543305587132,-1.2835772122242977
13778,0.07324472852186215,2.2018938037477667,1.0157847701615486,-1.002219812072605
4178,0.4945342738366001,-1.1461229583923302,-0.5875661945284383,-1.0081705985747518
22098,0.6954390124551143,-0.48105841117048787,-0.7064624125811392,-0.17432068201111214
22618,2.4444581566475843,-1.0622599240217185,0.3858816840692433,0.4063608638790125
21178,-0.8003707701039103,1.4662223082451082,-0.7872523441550672,0.4743419621648405
6618,-0.5415050717473326,-0.6115271889378757,-1.0762513958943951,-0.30800437377302753
30818,-0.30874749130769763,0.08212883524472261,-0.20736224865773228,-0.6147191690215684
1378,-1.2144994863982441,-1.5796857366327057,1.0502550893508562,1.9081734167888322
8298,-0.12452175724072347,-0.6819649112257541,0.07817163151781079,1.0985081689356195
20498,-0.17968244493328042,-0.5138858809035938,0.33102115874684435,-2.086290868973931
26738,0.7289987755051678,0.9071605198834527,0.7297774292224303,0.0030745174615259075
778,0.1778674620767788,0.9681527222559025,-0.9067233696832954,0.220471530404876
19218,0.39859007134712404,1.255224435681346,1.913590842346902,-0.12604574333483043
24698,-0.5306343719628939,0.8618585446172567,0.9657708851856333,0.6990482346786924
11018,-0.5262703434737704,0.7052056583543886,0.17328072429575037,-2.454995182684935
4458,-1.182982226206058,-0.5090166095657902,-1.296788460504518,-2.039077969714584
24938,0.49621417618995856,-0.11092945240061455,-0.06972076311154535,0.2749744947321838
22658,-0.9940829157157329,0.85532679088219,1.068634020844803,2.5255841828234442e-05
4778,-0.9268426659575028,1.6496673065404135,-1.0995123173697725,-0.39217961595653944
20618,-0.9822603152923336,0.17226506781766104,-0.5466119251338114,0.7747263330312092
13098,-0.7751313086824945,0.6616570943648786,-0.24747093315358612,0.7527477085570322
3778,1.508210930450388,-0.15711243159260074,1.3542463913834926,0.6311865976416345
21418,-1.3422209477571463,-0.6246705219293933,0.9692177443605483,-1.437217803342673
25578,1.8984853720318315,-1.6457258568052275,0.6960478235826416,0.31075628230307745
18578,0.9046948867346508,-0.8067846820113322,-0.839821590875644,-0.33547611517893244
26778,1.5420242481246091,0.5542317187568591,-1.3736469931628452,0.7469629919668551
8218,-0.15696484542291259,0.762500244377638,0.09994328861980631,-1.1283814627625086
14258,1.6857372833886413,0.143536890963461,-0.26843286800825433,-0.4607154682572615
18418,1.2902862580388026,0.7382419213085296,-1.2760248495145259,1.0474370204889503
4258,0.43699687528980735,0.6196486361230146,0.23505396357164268,-1.526112783851217
22578,-0.8746304139552715,0.946707734698865,1.114381279245752,-0.6213730582927233
2218,1.1447853054464725,-1.4989214170055785,-2.3811307335906013,0.31674984832013153
17418,-0.10906731882445588,0.7772442317374111,-0.7603378014695735,1.6601569811180499
17778,1.687297271790089,-1.8139665966434615,-0.14821066287854506,-0.8324325766372791
12658,1.1441500008704648,-0.22978863683958398,-0.8001708645394159,-1.2195086820272942
11258,-2.250481475103069,-0.3301190366714398,-0.8351800613046865,-2.05776326362542
178,-1.555069030223726,-0.10806655758763656,0.6027453945006397,0.0946937267574536
19578,0.6166232941155327,-0.46479861218684976,-0.42462875017520824,1.2021555328768703
27898,1.6813705747286984,-0.8513885672764961,-1.53747446807655,-0.88669018122679
18618,-2.2867200538271266,0.13964634191985603,1.7741425903240051,-0.29882935117930537
32058,0.42511784844114386,-0.8985127601255424,-0.19806029746031623,0.24232558904870943
1738,-1.4139061850741406,0.09356169425816441,-1.6438302850028241,0.7239644210446001
6338,-0.1252408784130681,0.32058405714954047,-0.4845886307190007,1.9980497232687489
12418,0.2249276644266232,1.1861619691038958,0.3068280920351381,0.13155601508189957
16578,-0.1346315820009725,0.08941429729149208,-0.054879247184240254,0.21969236773665685
14538,-0.9867407703361875,0.9518404365107223,-0.11580985033256486,1.1089615006081963
6178,1.7570217690546848,-0.5634978492985813,0.5613007615908137,-0.8003934623759297
29058,1.3725048547837477,0.5604075015205562,-1.1938687952914664,-0.19075184240487333
2258,-0.6917130201522232,0.5519396526015348,0.15627458022251167,-0.14943984222910034
1098,-1.0891789692721423,-0.8117745981292734,0.9872201805288128,-0.6407245623393912
9418,-0.10640232461740338,-0.944040334946285,0.8228249339552209,-1.1378030044045047
218,-0.48408091376478896,1.108123012630205,0.3159099146986879,1.0319003484149099
20858,-0.2274641621563891,-1.234379852093599,0.12940163246945574,-1.4484809414423763
21898,1.3309681571815446,0.5685841257078471,-0.225918374792652,0.9750498405739988
28898,-0.5239107469954882,-0.06766441082275694,0.5165906285721855,-0.21343844147169982
6378,0.07781684193453524,-0.5651187208054218,1.9599702278909648,-0.35580547165852555
7698,0.2588828259874187,-2.0276980547345707,0.4342368944002735,-0.793674631930271
20178,1.6004343006714836,0.7651591830084465,1.1019223372847575,-1.2090036285917882
14738,-0.05543416134846019,-1.1384531880638822,-0.7894989273291365,-0.6482847332978088
18898,-0.7695873604275544,0.9837425496671085,-0.17218124679067678,-0.338669938990963
24818,-0.6243037613192561,-0.12899168427732835,0.052574326723935,0.5769181270288595
27218,-0.3406850655144154,0.9934262934336744,0.7865968822900511,-0.7455999310796905
10258,0.8516463236386618,-0.7134571146072652,-0.9175147607834588,1.218221360378555
28698,-0.5518394639196365,1.51317023604287,0.25049166865348543,-0.7599941021385751
22778,1.3242002309296381,1.8488686490706585,-0.6162923534870705,0.06804175006391215
29738,-0.30632417808017526,1.242430774371393,-0.33137170005008404,-0.39035199250215835
11738,-2.1625034509098575,2.1334348986955085,1.0696035499379744,0.7803632924788735
10498,1.1293781157343705,-0.08020057162435992,-0.2457125880468994,-1.2883848778500386
20058,-0.0010192911328800263,1.3002999629900478,-1.6603948490434883,-0.884841667603834
8458,-0.2960017314248263,0.9248908088545639,-1.3064155342489447,0.011698181993350307
13698,1.0935782057068861,0.9720020619283044,-1.082579575353706,0.17285231624760494
6418,0.7766719764096385,0.564419485759167,-0.0856327620990874,-0.3580220719167594
4378,1.2884787130831792,-0.10976260257616843,-0.49668675447940297,0.5663964441011423
25378,-0.6610224447453885,-0.9534740066893045,-0.12606498412612496,0.3264184115949054
27498,0.0687925083423234,0.12515005629080977,-0.48596598399263424,1.6504571606954275
28378,0.21702882415811692,-0.17664054253555359,0.6075855736676674,-1.6039568281058194
12578,0.36252865834300996,-0.5668920071999695,-0.4521398603889659,1.0194211649535414
1578,1.3535801746344787,0.5780630399920025,0.9551222444717065,-0.6412551920239742
14058,0.8276798380381474,-0.621715556259495,-0.5630351876949943,2.608623511071488
31018,0.006755745433692936,0.4728566995532263,0.5510915835324455,0.9777819975314381
18218,1.5675886773369838,-0.2106367602613277,1.3109908750742247,-1.9959369955843624
22378,0.24161271700596468,0.38274808359466417,0.6645587474318597,0.3672663156073834
26538,-0.1904638010259482,-0.041093216769717604,1.2341868013999717,0.46231279904806183
8498,0.4797725601646003,-0.32636299260305507,0.6776084920350458,0.6970464028028606
6898,-1.1307264526579126,1.7042297474207668,-0.38947002331746566,-0.42083910840472016
16698,-2.614870655439892,-1.2835016519349198,0.05696465308526154,1.2197656659941005
11058,-0.28277868192544503,1.007631848803398,-0.29639348410765815,-0.649042527303555
11658,-0.617099575314089,-0.1757549698193098,-0.9672415171166961,2.271876047390308
19378,0.46800913137572686,0.05723352946622666,-0.4543829337899707,-1.3806653934649138
24898,0.4406341597963546,0.5041090870494569,-1.1222155607407074,1.7301102027259705
31858,0.6996188781234838,-0.852650666759413,0.6774167570547236,-0.2087691842116825
12618,0.8489780217486081,-2.0466773206332065,-1.1491453536331142,-0.31214811061357717
31458,0.9155542490360115,-0.719757704047028,0.5939790683154065,0.4397357375861347
16378,-1.2080713088245536,2.2100940876964907,1.069832048905378,0.20100620338654232
10578,0.15553430786145356,-1.2185322915216368,-1.7033086150612615,0.09582843397063202
20538,0.2898816901157495,-0.5586200574698631,-0.5614090618433978,-1.0416337882637943
28858,0.6665844326150766,-0.5549268331473766,1.5645764126598636,0.36481310907939424
29018,-0.7106429489213775,-0.01664171765173794,0.12019896825386917,0.34357890257583434
25658,-2.313014350880336,-0.48831208445308966,-1.7741895690014768,-0.3654845548705686
6658,-1.7113589992930696,-0.17606404191345326,-0.8790419399146342,-0.5389531383029862
16738,1.1422840193677284,0.40907867722353114,-0.4495092686977727,-0.4885756107739255
13378,0.8348359623505935,-0.22045691551888572,0.3885094439720879,0.1475585633075857
20338,0.4406812738914928,1.6617931336239409,-0.7720348466257817,-0.9957321767837201
14698,-0.27847911034706363,-1.05816358122765,-0.15216096279681665,-0.8067565980083261
6858,-0.5827317678941012,0.8456883211036414,-0.7524219467477486,-1.726289646122297
4498,0.990627928258213,-0.6006558057724918,0.18346825019467433,-0.5904034140533356
22898,-0.26985650101497455,1.1589600865691332,-0.31755415117253233,0.8055584970763785
10378,-0.07033051679565096,0.6289871713954035,-0.8033079056393818,0.3351698241138931
31098,-0.7098316347386417,-0.11519330795828418,1.5456770544318885,3.2113510960371774
19178,-0.027929608854880893,-1.9821442258301876,-0.23288090963280406,0.29361527998469367
27018,1.5312755611031872,-0.2476373517015372,-0.6070857219987764,-0.3486133783113033
8578,-0.1451433234239009,1.1413985076549475,-1.685280021781856,0.7284223567688956
698,-0.20025544525399425,0.6156208732556803,0.5373140999719715,-0.44930951977982586
11538,-1.505630593806592,-0.9549614460699233,-1.0828769510336564,-1.2133008901120395
8258,0.5323179354477942,-0.28649712773183067,-0.5540263341211491,0.5032341666500361
19858,-0.6088066962450204,2.1907832065936237,1.0605586443003105,0.7119019069569515
24018,0.06340282958608591,-0.6468682654336636,1.0076836955175912,-0.3480993636103332
24978,0.04782896803835004,-0.9442635145658156,0.4557769524490715,0.4426735484405939
32338,-2.344450418565587,2.080337652144823,-0.26519934249120186,-0.6336792515193622
23298,0.4035395449231323,0.2694234370557973,-0.18102710281163453,1.021080500025044
2458,0.15763214949241625,0.9135081283461042,0.8351915169037794,0.549902844483197
8538,0.40390551355906273,-0.5664278600447229,-0.8241632356381815,-0.8419418197421226
17818,-0.5940784235988973,-0.8232533804352007,-0.5898998914668298,0.6703733568301584
12698,0.6638441785740247,0.8924488498141762,-0.9086458075821359,0.1310394271148126
418,-0.23926985742551155,1.0816453905501275,-0.33470988397668033,1.76394408769412
29338,0.034598408076378026,1.0265774552867615,-1.2121717921054624,2.568058362103459
6498,0.887374646024485,-0.16253101374247053,0.33116849599314124,0.32997843273027283
29098,0.32376164321477513,0.4370584639388925,1.5235968208838264,-1.1029760893665215
17938,-0.6964089371073826,1.0239307770520734,2.1716978958961244,-0.8564732334960374
22258,-0.7073558671313153,-0.5178513885424907,-1.47013218063511,0.3195458484917551
9698,-2.7552183075131804,0.5823606001456958,-0.5527137928660315,-0.8117912799971069
6578,-1.4660554264716184,-1.4200212437235038,-2.284861252210736,-1.3733010795383929
13858,-0.08162550174086203,-0.5936523278860676,-0.626744650114538,1.169670912010154
26338,-0.7594990768970054,0.41745599008923784,0.5912087864364888,-0.05987206525734136
14778,1.266126254292956,-0.5802881068269372,1.2008016478561787,1.1413511145223114
26698,-1.4645896097395161,-1.6981393851877544,-0.8606278294237458,-0.363157609007556
2538,-0.4722390722180682,-1.1929468454397922,-0.3110583879267539,-0.9948832886777337
22978,-0.9077584971306466,-1.400234334081644,-0.5450059645235068,0.2801392669620498
10698,-1.8281692780259267,-0.6034392836927188,1.2295357649608343,-0.004051535330089632
5538,-0.4138610923941491,-0.16783093482467554,0.33353644502573443,0.3781984029377008
8658,0.292697027672161,0.015219641854990897,-1.3359019950424758,0.22465479732907404
3698,-0.6681931602647381,-1.1539892810155892,-0.15490823695468464,-0.72634943849761
7858,-1.6565721113408176,-1.1837383403246289,0.47387814680431034,-1.0937799818241354
12018,0.5851914360613392,-0.8975430232338313,0.08538179503586107,-0.4296402704643876
16858,-0.9279904032596675,-1.6916109690165406,-0.3204141764848066,-0.2532831644013756
16178,-0.5512894189108121,-0.26026237350054215,0.01073401736619039,-0.09498534959829194
9978,0.10058589288818476,2.0843414966575815,1.113524155130358,-0.7611370305234397
28658,0.7917730947375954,-0.8202466865791977,-0.017529245512539045,0.13683023982397585
4578,-0.9159804135943302,1.3817974898865129,-1.3068150361508548,-0.17143071490871978
32818,-0.7161497422863273,0.4681369116534173,-1.8048882599752476,0.39182590982606996
29818,-0.12542370910376865,0.8636878847505808,-1.6181052794343993,-1.061308184037491
4858,0.26607542625337827,1.3392184683270336,-1.5365730879464976,0.9865819507420209
12778,0.04880710063611775,-1.6576857715332067,0.3489660253856483,-0.6664865040797401
14418,1.0534873169062744,0.1607953468232019,1.2371689246289757,-0.12222402571168317
30978,0.20042767643890375,0.12563695549171855,-0.516503785976668,-1.185746999613365
24578,-0.24704888628106436,-0.09991287289750701,1.6486142277671143,-0.590363928237322
31218,-1.1767446225316713,0.2602372751512698,-1.1755553857893306,1.6777981201061158
10778,-1.104114949076122,-0.1463842581254785,0.11745904312951871,-1.3018544902036095
8698,-0.9364923044505762,-1.497392329291735,-0.49275898291162024,0.13162710266835986
1858,0.02773564706465767,0.9428401011608025,-1.2056247180499606,-0.4756781557200693
18858,-0.4992531094485096,-0.37694908050629133,0.002728647621360461,0.8536167957981994
10178,-0.14179524914992594,-0.91776273439037,1.3984830262058816,-0.44829344027957835
27138,-0.9043938096002054,1.0473981636700365,-0.4556884379912432,0.6686901780783262
14858,0.7693520784271721,-0.2055279386552129,0.8342728443603654,0.7138332227483977
7938,-1.5876003283407027,-0.5803885144804023,1.2289226524777046,1.3589699540961442
2578,-0.3608485127762229,0.4799014146054799,-1.201527264583116,-0.7071208063579637
538,0.5301879081312731,1.6973984529020132,-0.06570516954089363,-0.48750741481811166
32778,0.13546890014300358,-1.038770909761919,1.4270820369494404,0.7055058850453253
27738,-0.09417120892198004,-0.4268034746886932,-0.010728789736759664,-1.0862015156703382
8738,2.102132539012636,-0.17377964243674873,-1.046199137762627,-0.5030551164781434
8338,0.7476282096000738,-0.3214141164148122,0.8230005705191943,-0.08589285342272196
6698,2.7349335920806097,-0.3267753600053165,-0.2456270341796098,1.2603828310143836
20818,0.4111627053457995,0.22388407036581642,1.014254319711099,0.13725512190514044
16818,-1.369598915481805,1.0228755641216782,-1.301915317416617,-0.5483962708558626
29138,0.6130136853348566,0.20204571853360626,0.18855645551590494,-1.0307254706891824
14898,-0.17696689494699455,0.8389844035254034,-1.039410316488015,0.6807653568521767
12858,-0.16157044244270252,0.1818412408586073,0.44974922885368795,0.2837446710014495
13658,0.23535164943007428,-1.4889641126646858,2.261381743135865,-1.1829393086168565
16138,-0.0004770162848744333,0.008524483801420487,-0.6665138688369275,-0.172287238895634
21058,0.4644726936879562,0.6717554439051382,-0.03961839895406658,0.21620501372646003
19018,-0.5635376972219358,1.166199088009351,0.040056749958675544,-0.5068325390873812
10338,0.5652442061344539,1.821672731971495,0.7359107091798128,-0.1112907220672081
10658,0.05312787968373385,0.12835909264821305,-1.7014631119352739,1.668034837751331
14818,-0.5784749872731144,1.2160210543860948,1.1313967204185238,0.5325989314144125
16978,-0.08620849389248941,-0.4498603025861466,0.5928844734368856,0.45342840205506185
18978,1.4531384110731378,-0.5782922568156194,0.2867048131260457,0.07677310388002845
23138,-0.21885859754798054,1.213948591085686,-0.018652040061740545,-0.2085868912226395
27298,1.0817195107183117,0.09936776344782139,-1.0610032535508178,-0.06869764901385204
14938,0.7614072046211285,1.7868418366948404,-0.5304338109958183,-0.20092856143717366
4538,2.3074805886281937,-0.3753656114675253,0.9412740995756376,-0.1448131294330726
7658,1.1891002399077188,0.9965184600062944,2.1337804910490235,1.0276056891570908
12898,-0.09947812929781312,-0.007451045275158204,-1.0529275411790777,0.9026119653684439
25618,0.7247095634693901,0.3105159544621013,0.2697337201473657,0.19935885490520472
15978,0.2874545821825375,-0.7884112987248519,-0.15760402042810076,-1.0975712409786589
20138,-0.6500471520840757,-0.5003327584115158,-0.6753584346410467,0.4009911861153802
618,-1.5778097631226067,-0.6034144781574764,0.28526145279107545,0.263183791259233
29458,3.2074649032348392,-0.09987765120782918,-0.49953472001535115,-0.7216937426417442
29298,-0.26805755633415085,0.5870919310717615,-0.558949178688135,-1.5259234040352
1818,-0.13374629412958622,1.200519702662849,1.4049957080325193,0.3485464348608254
8818,0.27572270293359497,-1.062827013143569,-0.8477236345573771,0.007166356370568494
12978,0.13221932407919706,0.4941794962736592,-1.8457765694422692,-2.006065004637945
17018,-0.43418977609093273,0.8081540730768575,-0.28071986277380706,-0.7248853766980747
21298,-0.0003679693655427747,-0.35109058957559663,-0.5850938430262511,0.8572959960109029
28778,-0.8267671644972862,1.0361366812427413,-0.1899606595279396,0.05508441934039483
29618,0.9438597007475914,-0.6065789103147106,2.0316889807271434,0.23256755723838984
4738,-0.8560319988684452,-1.1259641335491173,1.3719944102246115,-1.2059716606788102
1658,-0.18157715588645343,-0.5105018179096578,-0.4177062881385147,1.118461688057793
5818,1.5043497183140968,0.974188639951625,-0.41977097606510705,0.6976649529373398
9578,-1.0304855941458329,0.23593249603516753,0.015080969694681772,1.7814628850889505
24418,0.25451205396003607,0.3454547996200507,-2.72111647372639,0.27411216486472323
2698,-0.4368368172815907,-1.4298365521901903,0.07961018374606002,0.7680053330157592
14138,-0.7085549427328524,0.7125474949309913,-0.9125722357189464,-0.01940805999279271
17858,-1.229072089748542,0.5347511694037228,-0.2259085993506133,0.6984577093066081
22458,-0.6756216112137933,-0.9029455641672979,-0.7449505864345544,1.0716882151762557
26618,-1.3213521758764486,1.437106165908703,-0.9094087365190212,0.46537707048149635
10898,0.5640360416741209,-0.5973664194153107,0.2175450398022687,1.310731136569763
30778,0.9070937250667459,0.4859240345668429,-1.3189380477930885,0.8024303383983208
5378,-1.131891088135847,-0.22714338956434746,0.18237561260187718,1.207559047609619
8858,-0.36896966607234805,0.20445736004460108,-1.4818505274980953,-0.41602169257498245
32538,0.5511053037317841,-0.6060585523229839,0.1663892184907508,-0.1959419909038062
17178,-0.27566736422806687,0.1626054988000602,-1.155308007261109,0.46349366556567073
15298,-0.5271668417714355,-0.2826536756657813,0.443446785293369,-0.2344514164891156
17058,1.617601932511286,0.0843698810236117,-0.829304235261342,0.4194543982919196
23618,-0.5484139595287907,-1.275400166115804,0.08467999453546374,-0.5872985620366321
15018,0.1712343942347836,-0.42222033201640174,-1.2762350392464104,0.6094698876517916
6258,2.282712626414704,-0.8480753277875273,0.19493123784867533,0.9522503163850504
2738,-0.1988842490923361,1.293942424848971,0.8226548858516731,0.7138488735279117
16458,2.0987432871249574,0.8861960126751175,-0.04976469199983791,-0.9252061602963736
31418,-0.576314431141802,0.0676776185688436,-0.9030315870822645,0.5000529170543513
31178,-0.1294457173702816,-1.0577049697538858,-0.12921915075838605,-1.7141690084100127
29378,0.10996201512452632,0.5053514125974372,-0.04039558533723726,-0.15050479732098407
9218,0.06900851196122867,-1.417105028877535,-2.234404829137996,1.329695265149704
17098,-0.2780328338158769,-0.1794940760988881,0.0421782397021012,-0.9892771997865246
25938,0.43282756193762467,1.9283998594417129,-0.8362986341043275,-0.8929748719488223
30498,0.20841290380835692,0.8573247407447346,1.7857120963273356,-1.1924923566370902
22018,-0.43119728097068377,-1.8889395235692832,-1.2612959342859553,0.944282663132502
4818,0.019950393912585303,0.43889006652487134,0.9558588496678121,-0.714900369327956
2138,0.4995253655880215,-0.03935076425483391,0.10266087494314614,1.480619839697987
6298,-1.1682056728593462,0.003421707366512888,1.2736532721353642,1.6038455404863612
10458,-0.7120710390372637,0.534873929057764,1.3419280850363509,0.49234455225103785
23258,0.36528382317088776,1.1783739145326964,-0.9962046066973429,1.3219569785877336
4218,0.39127436868225934,0.14406129703899814,0.1670270875245182,1.8446068411228058
22938,-0.22690175035642085,0.9229328027408865,-0.08953588631259782,0.7688688006908172
27098,1.6270658519452386,-2.1097977240171693,-0.06891504289886728,0.12262020559084648
21218,-1.8628705258615714,-0.18761247624581645,0.21577046063562516,-2.1351671470930547
11898,0.6081805440606408,0.19995246317383075,-0.405624024536912,-0.2618665863922442
8938,-1.172398979166623,0.6347603434185599,0.5567377519314526,-1.3399118570311501
3538,0.1811598781991314,-0.00252339568704187,-1.055522819915297,1.1765346541918458
19938,0.33609119145052113,-0.4313122100656719,0.2768123165118009,-0.3552177244151546
17138,-0.5451080031613761,0.6471012366455354,0.5944649607541448,0.573531247794509
24098,-0.12557147023204912,-0.7512407144945835,0.08324483229158197,0.40997832003539375
15098,-0.8367482516470216,-0.8771608138637416,-0.8347286649832572,0.5908635520626232
298,0.8483443713272609,0.6542843210479653,-0.3530986407273996,-1.0603722090140097
7978,1.366255052457825,-0.7720080801539012,-0.33851434953904974,-0.4559686132941819
8618,0.8365111837228383,-0.3927275897041547,-0.4918474738528906,0.29255984329913
2818,1.3265695444028789,-1.302343390351076,0.5245918225614419,-0.9534785546088151
21098,0.9853777257364453,0.21873815565918214,0.17094560498487762,-1.121553977203095
25258,-0.29487026010048856,1.3800779497163695,0.695158759835898,1.8127005051772427
29418,-0.44961371805703787,-0.6823555897080512,-1.3792555454794466,0.8284716236109186
21258,-0.5258760677168668,0.08741204821483048,-0.13468780382220097,-0.1875585099494447
17538,0.3823317454159534,2.2699849810475907,-0.7032843503254554,2.670314577464592
1458,0.12925743078884966,0.19232017529632175,0.6778987812608516,0.8389252776881906
5618,0.47952569164950215,-0.4347325488941689,-1.3011627907374081,1.1757124271517674
8978,-0.4266634199323763,-0.16726580657780962,0.5342590319673715,-0.8767258414583609
18098,0.7347264321256298,-1.081266644824906,-0.1462758723669814,-0.45844297741467205
6938,-1.396148658593227,-3.088736626075425,-0.32669949997052744,-1.9527081265305763
30578,-0.6824489377626402,0.8061802292212423,0.5058601159424373,-0.818434621025752
4898,0.5711082664659342,0.25755315785750016,0.08162582562086093,-0.0704084632382634
6778,0.7834988521249997,2.1584706160088944,-0.031052582133086273,-0.7972821915580122
10938,-0.8968686321520916,-1.8499916096078917,-1.0277518172921785,-0.41861845631711364
22298,0.49393555684732543,-0.3982065608357457,-0.17285843132827372,-0.07211763270877766
23338,-1.210526652824795,1.3287783085703355,-0.42605920819557164,-0.5184640035720395
9498,-0.8683151571969338,0.4422702892307693,-2.0235912399531353,-1.8959355642398548
5938,-0.7085295614050223,-1.67597157828849,1.6188279773801282,0.8241532892702054
27578,0.69991171081416,0.535300633994375,-0.5962405182648595,-0.5738541933405978
31738,1.2399522711805355,-1.141447899964253,-0.19152133916707442,-1.5826803155393219
818,-2.0298417416837555,0.01831056028695626,0.6882161852358445,-0.8366659681785575
23178,0.7086562153729086,-1.2127042516458788,0.7689342122201364,-0.15718137917740152
9018,-1.2612341486396679,-2.2119099880376627,0.05410515325257238,0.8216681947413726
5258,-0.9145638016991693,-0.23720175411962477,-0.7148481867886263,-0.9430556992806498
32098,1.0317382002690962,0.5675974500972917,-0.09170477247892465,1.1224866747851414
6978,0.2501096096542927,-0.5712582382084802,0.12474793789116943,-1.7941995186073925
28738,-1.453879477187911,-0.7375929282539659,-0.6368397819052819,-1.2005593899534042
32898,-0.8542170299424027,-0.08253134013008773,-0.04111505289074357,1.4326500365585182
15178,-0.8132491458220686,-1.7423473094987565,1.1440949093869828,-1.6084254684724737
4938,-0.43408124477193716,0.66426306414496,-0.4682334018968542,-1.129921803615084
25058,-0.013124504897433043,-0.7007161860044334,-0.19766136054456696,1.8260954955955035
9098,-0.5396130852563236,-0.25362211311844834,-0.12214279143196988,1.4759641322265165
13058,0.05506578760620125,0.37594603806853466,-1.1887074224978147,-1.2424924570032125
13258,0.7281494116301278,0.25950965653063296,-2.1140480981661165,0.5177000179000704
31498,0.7619829432022861,0.5374720681621245,0.052764920592722864,-0.3189068325363367
23378,1.5744229458543244,0.4750103063578236,1.0982195378964696,-0.9570554569714499
21578,0.5160446843145449,-0.43916528668020016,1.1628514428069487,0.27403250105273436
25738,-0.7000362129109114,0.5170090843059029,-0.09199454851164329,1.547826295075677
858,-0.19698014968061198,0.6330057404035538,-0.5908253325932042,1.1402934055801113
19258,-1.041360092347197,-0.0742898298097837,-0.4753717304343696,0.5439253115266245
9058,0.20989000188861878,-1.7701835306136595,-0.05341788497068394,-0.19483033102164413
26138,-0.39168763094412423,-1.671978575258282,-1.626553816358739,-0.31145010219888675
22738,-0.27271925145262105,0.25483275543435635,-0.9910572851199221,-2.204831050778857
7018,-0.1574262252469593,0.00879010746158828,0.5451407141519071,0.5399689441177099
31058,1.378529902977615,0.5014408617172109,-1.1103661161571725,-0.4952560731654138
13458,-0.9971592727913242,-0.37573612876187884,-0.2380771842874688,-0.2729729992222401
15218,-0.4794607507191949,-1.385726312453969,-0.799666523915669,0.19862008719217553
15578,-0.0513524646594655,-0.20025034296514777,0.03193369646419227,1.526784937645769
13178,-0.46553348479552104,-0.7081422296569281,-0.41415536075548093,1.4784898362686412
23898,-0.969713750012817,0.3757867491838741,-0.02215065650216591,-0.7027996813684789
23018,-0.47069564054480606,0.5965970462153234,-1.2835953889222558,0.18585939908633542
32218,0.9451379061176359,2.105630107090079,0.6500983231758195,-0.08987303354689301
898,-1.6106462489661804,0.5342439235913156,-1.9509750757531745,1.8383073445206959
98,-1.4805473875585908,-0.8853054851053311,-0.01931041242243661,0.30157520415453964
29698,-0.39539024162775965,-0.7133184188711421,0.7934115348897881,-0.8288529302321344
8418,-0.7537566161894735,0.5721468503064572,-0.2740736559214953,1.5879007640281286
29578,0.8597304472178058,-0.7569254694379071,0.7360927108669655,-1.5459894746852083
12098,0.18112158590999036,-1.1537725576180582,0.47476818778122326,1.5222822462236187
20898,0.4982174105032263,2.370902299144756,-0.5938935975558163,0.5942976643182072
27538,0.4649293186588968,0.5433156595385632,-2.10342220703723,-0.7581078482689171
7778,-0.2375294305822502,0.9828719686324612,-0.6720254198408734,-0.2902896368592171
1258,-0.2813956758076802,-0.25023629964721655,0.43716457710747003,-1.4294177365479765
5018,0.9640144727495982,0.8969376908576517,0.03372478235865173,1.4596662911413463
11418,-2.233236568805547,0.10673333211581723,0.5111689214065561,-1.703841494276272
13738,-0.923647313796689,-0.715165626385161,1.864418423807717,1.4583823598014765
17898,0.20017266329979902,0.3230503703824705,0.4253533438114302,-0.4562147377006025
2978,-1.349516287918137,-2.6692458039968936,1.6980311389091123,-1.0830152895838545
22058,-1.2030706593978622,0.3154839760410006,-0.21225166120350428,0.2505823335929338
26218,1.2164408965198188,1.457850227954912,-1.5726549012241935,-0.9027480986235316
30378,-1.6239983746814863,0.5835127556778171,0.5597714209591589,-0.7579420295815487
31658,0.3305877028995733,1.131717211876227,0.2942234690932865,0.25955654621851065
498,0.5046314922697199,-1.3468673458828426,0.04700119908129483,1.2863222610925522
9138,-0.30288906191434667,-0.2720408830735148,-0.45189047895889056,0.645388571016189
27378,2.604390813722206,0.8532705269182901,-0.611564616940245,-2.7117495054058236
7098,0.760636071271494,-0.8099076169958991,-0.559280024878795,0.1843418940770531
31538,0.24375258779645165,-0.9552219024021548,1.723248649903306,-0.2503552650366064
30538,-0.7289378615495739,2.2547923905951697,0.8291403655905976,0.8824613054923254
3578,-0.6492802022683806,0.7900914062121066,-0.21692930882171194,0.1698799411999244
5058,0.3238486861235616,-0.29910252513327124,0.5841851239586123,0.6369884329038038
7738,0.2354145938279041,0.4733209415098475,-0.6331598392164853,-0.5921235641413654
13618,2.137828843287572,0.38460057550156435,0.4311529127958045,0.7121530429701717
23498,-1.190399360260885,0.078166363447289,-1.6936419058887007,-1.302209772647718
24378,0.8412756917694411,0.6014898368112432,-0.32686838401302387,0.2990130794504857
14498,0.8034834074702968,0.183908476840608,-0.1440394587525753,0.06105217487258416
32698,0.1542653531500108,2.2138812760429047,0.8443942626023764,0.2715894427767766
22538,0.5513955752921792,-1.8514401221864782,0.08996590454846548,1.0055526546868654
31698,0.31839474038784293,1.7947957490747999,0.5510905449409472,0.8593469524536695
8898,0.7339330723463595,-0.43520271111284564,0.7117773358354663,-0.02552873791532213
9178,0.9731080139497023,-2.4916305171340745,0.41856653888124395,0.040685665525417004
17218,0.021122912348020308,-1.422754974736547,1.203545447454064,0.27628255493043286
29178,0.8673389438181909,-1.0317381275008832,1.6511240973823376,-0.8288784945875763
21378,-0.24339400005758943,-0.4080410105430035,-0.9729364404549243,0.03537098615133392
25538,0.019260685336226928,0.8697333133384881,-1.2249307010671608,-1.2223652893263826
7138,1.1328374521072446,-2.2422689476332125,-0.3286898392688184,-1.435928116681851
5098,0.9992465811788337,0.5632474103097306,0.19498046430011495,-0.6390520749547527
7178,1.427522948028451,1.22811083479597,-0.6683945782896561,1.4005750695256853
2898,0.06994632988025357,-1.1168756726094433,-1.2709060095824978,-0.28255188722824803
14218,0.05129779064302742,-1.927325668297214,-1.4349369070080749,0.21502255944993126
18378,1.5453852897153717,-0.01801698824068125,-0.3686486775993766,1.1834477330800834
13298,0.5457306929094792,-0.9468431367293701,-0.9433847214418674,-0.01212112684312859
2418,1.240915798126413,-0.021013594502064692,0.20033361807986924,1.2741296031865015
30858,0.6932601641344891,0.9051608639684822,-0.506669127569232,-0.8729863855253556
1018,-0.005894167094593174,-0.31165222328385117,-0.34466509312696575,0.2777377793913017
12458,0.9752949449072114,0.07308012527689854,-1.4978755315861558,-0.11314471861458918
11218,1.6755742375117653,-0.092480698013661,0.9412368568014506,1.7499616768757509
19458,-0.09796221958525368,-0.24083122247790498,-0.9738591524349375,0.3252935414154913
19538,0.8001123170523482,0.8975332431342863,-0.4909072390517556,-0.8837407114941965
23698,0.09080379105507125,0.8699022326790384,-1.5442319997278702,-1.5325209827363113
20738,1.3925616949430197,-1.343367814526578,0.18935047124412208,0.045504269954302276
27858,1.6461848210036645,1.0038631179475483,2.0734011814159667,-0.2235167310547417
32018,-0.3066131518172433,0.8205930193316029,0.4886590494291854,-1.0256050824225798
1538,-1.4716976352056488,-0.307959096755751,0.85237644750476,1.3951541210991592
15378,0.35229217674998825,1.0028365010346718,1.0639652149335679,-0.19280907169439987
16538,-0.5860897899726801,0.5937675742245901,0.1582578155079893,-0.7043437992019778
20698,-0.5365067889528002,-0.2023361445712486,0.9230389542636447,0.6422361340563035
3098,-0.16326252494691665,0.23476988367191853,0.4691235401453967,0.5789383308762299
10618,1.0452443507038987,-1.203635035738349,0.23651007366176668,-0.6739206218225211
5978,0.9180233066559838,0.961657610508999,-0.2620520543190568,0.6372284213880548
1058,-1.3381292154099094,0.914956978656034,1.8138907759537968,1.5930079117033296
30018,-0.5411669996868876,-0.023479435159117573,-0.19959933637548266,0.7184362561334737
9378,-0.20934285608725586,0.0667331885217507,-0.04174238462479829,-0.33139271657432673
26378,0.27431605576089335,1.5947679524189973,-0.46152070556205904,1.067226579327988
9258,0.38939600119590406,1.2720298989444023,0.18113639312086596,-0.1964331498045531
17698,0.7014932757559635,0.34063375526684053,-0.753473801852198,-0.8238005902367376
30898,-1.920171391661179,-1.4351167696394493,0.19383826385252023,-0.6134061747544319
7218,-0.1645899246703135,0.8039687052825735,-0.24999303215028126,-0.07474363992784884
15418,0.19316152640730172,0.5465868560666832,0.6516723129015881,1.335992190172384
10538,0.9705153376085337,0.020688137789334857,0.9417064676406782,-0.7940983766576973
4618,-0.45173615681681417,0.671730617650651,-0.5932165592080199,1.6663230724336724
32618,0.11173520848257545,0.5004994610229199,-0.05006860111570748,-0.4139831799860503
3138,-0.8601447228707726,-0.6005065346884794,-0.7918613161985872,-2.1097071911511844
27178,-1.4163928468225984,0.6477333139961834,-1.3297809922788257,1.1395935152321905
31338,-0.5498627117643243,-0.1924396896660496,-0.5747575767891625,0.8905181672132437
11338,-0.17054547541619366,-0.8920635710779673,0.29540897436151975,-0.16473332546058073
3938,0.043487691854552986,0.05017021835584295,-0.22498040050466628,0.8950494212913328
13578,-1.6527074224208884,-1.5229896709791235,-0.21206962062764853,0.08319482799743319
9298,0.3386812454666117,-0.43997095718140694,0.21656679328523132,-0.27497743737662755
32498,0.5894995884586492,-0.5762684067693837,0.45440367408063304,-1.3280290699230903
7258,-0.9525686267044806,-0.1057917101291297,-0.7325926391627354,-0.43070807832433394
23738,0.816989825108933,0.22628704397095745,0.9923492559363444,-0.12008220982398317
25698,-0.9523176734742749,0.7978821761309884,-0.6536940808136691,1.3140819019322214
20258,0.33534668914062576,-0.9897837947699104,-0.9345971414785986,0.706402277670141
25338,-0.1540751772417421,-1.1098430974604958,0.10551648329521085,0.39852044680619764
13418,2.0486103889963068,0.37586854912038103,-1.9870982205242893,-0.9317795232161477
29498,-0.9108417024782501,-0.9925227152228441,0.7547914913724286,-0.7424451081368847
12818,-0.3957410268329759,-0.9165565993757616,-0.1814494740402071,1.985980054710236
21618,-1.062374039953858,-1.9979572415938955,-0.9871463086102802,-0.6638207699629755
9338,-1.0638307518605326,-1.7722392718826585,-1.2466979471252873,0.7002940498191902
22338,-0.6752211479658423,2.032647243618023,0.5912386200780417,0.01939042495779232
17258,-1.1032068377950484,-0.29974801681962404,-1.0642350676495478,-0.660728893791829
27778,0.6776838370905455,-0.9554778958512428,-1.4143688300733794,1.081615915145661
11778,0.18381127421594437,-0.25558732002502393,1.1927352919956233,-0.26790565275218453
30218,-2.220125322041417,1.4973689587057093,1.9316293434701097,-0.1007028550504406
15498,-0.45231438397973733,0.69102897515258,0.8762425589075218,-0.29463412983839743
21698,-0.7753069936846059,-1.340785115173378,0.17903146448762694,-0.4844760732145048
3218,-0.5647980305391072,0.7277986565180298,-0.10875134358212099,0.9906593099214432
31818,1.52508714736865,-0.6617753428681333,-0.40836855475911527,-1.45118280068817
1178,0.5165307736942386,-0.4503915090193645,-0.16200322684605886,0.8652151078781621
24858,0.5730580026216041,0.721881900591569,-0.1448471391207554,-1.2691581981460494
8018,-1.0642890826398455,-0.1950590096273081,0.39117474743967967,-1.1584730376450083
5658,1.3179029909595439,0.6042976015933346,1.4648186688752363,-0.984533829214279
16338,-1.9662548535180908,2.324755041588166,-0.3120008865554626,-0.6365373549587795
29858,-0.6583735547990934,-1.5048713705247185,-1.3010170626997144,0.4770483105078542
24658,-0.04836937670617263,-1.2237905197656538,-0.940515807309072,0.9062034751448567
28818,-0.7075250063817398,1.157301923134075,0.4303825275225924,-1.3190646621082307
7338,-1.650688979090497,-0.12445682906149469,-1.1756554176338092,-0.3173907523261734
25458,0.40326217612575305,0.25368791099274046,0.45792761478404664,1.0146869589698886
5298,0.36347683661440106,-0.14122068393732506,-0.4117840666434073,1.123787976463026
17498,0.3390832175564184,-0.22172338721704962,0.8187194194638787,-0.9434672791202693
13498,-0.5704481812460865,-0.42341182963817736,0.3774735828017678,0.49329596021120936
29898,-0.8577942072061157,1.2228881353412264,-0.3716859007406367,-1.914017035845176
31938,0.6044860524086528,-0.02369208136568924,0.791590823451196,0.4848004028471401
19658,1.517970980626988,-1.0068852026727575,-1.9878814455624556,1.807056727943971
22818,-0.5518777371458461,-0.49816155459653794,-0.5570270815882791,0.5832156861711106
29218,-0.49181459212344025,-0.757675164447828,-0.7712607781172908,-0.3147706872763174
31138,0.46012317280591236,-0.43144859094451626,-0.7551038470928502,-0.8465624570913427
23058,0.806314599672764,-0.9442863454126101,0.5455957960921212,0.8835158259346798
17618,1.4679002027439003,-0.1037030259236008,-1.1863952244387599,0.6674465958427771
3178,0.27179109403569607,-1.1188777052246688,1.6011124118189646,-0.4609467330792283
11498,-0.3098576074069334,-1.1214340462574208,-1.0459996690513735,-0.980947434510545
25818,-0.3389704001155452,2.0912431056857157,-0.4374845053853106,0.17379087316598216
13538,1.0407372704522835,0.49855153150115283,0.3849912274196071,-1.2564036311680142
2938,-0.15506304925035344,-1.547332293454475,0.9341885436426658,1.1028256827605403
23978,0.34173547352268774,-0.7641292230426107,0.35421644872122077,0.4215022521134042
3298,-1.1407633048025851,-2.0121298096277167,1.3800768311478349,0.1912531167289489
32298,0.9047093005089645,-1.0366116717564848,-0.5392943253090169,-0.7147595938045572
4338,0.9556230075975618,-0.8207161543471463,-0.36486017929191517,-0.41918411814323614
31978,0.842824694350283,-1.7686385362512813,0.638647641595691,-0.5222597811743187
7378,0.6269808243353939,0.5408730961609247,-0.10963175664896074,-0.1606843752859891
20978,-0.3095994045670424,0.8103641747035379,0.20990467236989338,0.8728868597041297
9458,-0.46717421160970823,-0.24743136902527044,2.1238242641077036,0.5078489594927795
25138,1.3345118406791836,0.1217924307849309,0.6173474551728386,-1.084367004626827
21858,-1.9110433709642873,0.34427728948084757,1.0893104086556973,-0.42144317459789044
17658,-0.9008342331080353,0.7199708969411782,-0.9186449661721785,0.23399242536726186
16938,0.6075714794737304,0.30299348406557675,-0.20553456181132962,-0.436971515760721
9658,-0.2937099967356113,-1.2713213679724762,0.9769307684844953,1.6823576440609302
13818,-1.97111263958661,0.5197114909377224,-0.39314258499786425,-0.26079097727842926
25858,1.1657296581086376,-0.9561816925213387,-0.11717674615119242,0.6327426723407916
26298,-0.8690423183256082,0.7894591034164268,-0.13201327172533062,-0.42211732210524044
30458,0.058552235366188726,0.5180588212077348,0.39300041017796794,0.20003750863590894
3338,-1.1041271587088624,0.4077549419326335,-0.5618377968396068,-0.8660310091822537
16258,0.9491631073004879,-0.3134255093236057,0.4533993878087417,1.5390607501760476
2498,-1.6430667440039173,-0.9054694707689188,-0.68535802301353,-2.6030026451335417
1298,0.35239369787774555,-1.5222444827544623,-0.3049018737638741,-0.1000150806384413
10818,1.022587371943882,-0.9042532676749564,1.143852489272415,1.8576057171079747
19138,0.22285419068097637,2.0894680879482164,0.48267132147114433,-2.621930061468933
19738,-1.2874609962174393,-0.5280439618432333,-0.7250749160455747,0.7255849889968223
378,0.7359390561738215,-0.49527786922416145,0.3730802709705494,1.561239701781841
27458,-0.6960661420838437,-0.4288196685041956,0.8532555137506309,-0.36612620762373105
5338,-1.0238720418313287,0.8020821455810135,-0.45943861993211854,-1.8719032219288447
31618,1.3136927209918172,-0.08449019819582446,0.012417129088464936,1.4140479601372977
7458,0.11079259163901058,-1.3171003628551454,1.944400311510001,-0.7580695361654015
25898,-0.40943921547910817,-0.5854252995655718,-0.2084694169893887,-0.488899437255062
20018,0.9341204548100916,2.1249645451505708,-0.680318050577255,-0.08074685248605026
28618,-1.0068383155433456,-0.44821077355538236,1.5105679595464885,-0.4910826762579698
3378,-0.41783372976879984,0.2560965904321596,-0.20845832257539718,-0.307761991373877
658,-0.29049890546939416,-0.9320141750033144,-0.6647672438321937,-0.7651696475513895
11578,0.33561973672249884,-1.2227546746568871,-0.39498856190692994,-0.736616809786519
13138,1.3712673479498483,-1.3242030166565042,0.7015327437092873,-0.7834847358022484
24458,-0.37254428388152844,-0.8771631283962613,-0.5767762797032642,-1.093779776272958
17298,-1.0968412750416392,-0.9419132530558857,0.2540723950497185,1.513269500054911
21458,1.36327946360799,-0.3235175869061726,0.8820025864438565,0.08062476101849078
9538,2.180937166261167,-0.8902822574705554,0.8755726149248475,1.2448237905101047
29778,-0.04511817441500887,-1.4561687553704565,-0.30773732620655514,0.305945225007616
27978,0.3129907318878506,0.04863811577820682,-0.6162811164396278,0.27062102551144457
18658,0.4416111199489624,0.18093441452159903,-0.5128893851294084,-0.06920911357136235
10138,-0.6449994918981343,0.329080768704191,-0.33555696967640036,0.34112803449628454
14298,-0.46595332841797227,-2.5112537067844767,1.2481547203884158,1.377730217491183
15698,0.8774281024415159,1.9868712508535422,0.7782049984030829,-1.1432207043867166
30938,0.6461404017268062,-0.27291796849479977,0.6495112147552816,2.1287454964181936
3418,0.5320155655756766,-0.037222619390382475,0.6025683441238543,-0.18926701540920832
28218,-0.6037154773472985,1.4741768444034744,0.08049142489588527,0.4175204912540045
11618,0.15572698627033774,0.4710304394210377,-1.0281769257295919,-0.44485392598613954
11298,0.42109018135475085,-1.3631026426721875,-1.2211006266868576,-0.3017681137163328
15458,2.091577500433419,1.0357754844456464,-2.0316263537326695,2.0360996992281253
19618,-1.0735368891071808,-0.15200114374232992,0.2727688728406281,-1.62761351109417
23778,-0.8608060245538577,-0.06333382983645022,0.8861396808569323,0.49123989426046977
19818,0.48469735344881937,-0.35631399401367136,-0.5051228141444102,-2.01777978879884
7058,1.4796610161733625,-0.3156359105941688,1.07547326067779,0.36745799024466713
7538,1.6803245498912722,1.9086318842920695,-0.1032942402042392,-0.2302785335204291
5498,1.1161565837016192,-0.1985197400905157,-0.38944626235374624,1.6368528728640954
20778,0.16265213709448612,0.2525185480866944,1.6495220374119903,1.3841115398192505
16618,-1.7372135674482576,-1.810192883489725,-0.9655636817689852,0.8394858622092336
23938,0.8358314375257316,-0.16626736109347742,0.019480872467744957,-0.5302365247928771
1138,0.39075438924918937,1.1918192034570108,0.5784921224274578,1.9458100534103435
32138,0.6949065276055039,1.5366123112706804,-0.12158227538266506,-0.0027780028716601797
25978,0.6516276049560268,0.934907128627624,-0.09485201919219284,-0.0008479995833772704
31298,0.06106036027017017,0.23304551578429766,-0.1203223152507702,-0.7446841111908838
21938,0.512430850722117,-0.1954036742262769,-0.81667665618404,-0.3836199040153281
26098,-0.7066593346817482,-0.09760761220731129,0.4045565670790072,0.9205016867204221
9618,-0.6098313227483168,-2.9709490644156014,0.21554472583430387,0.5584077852743776
30258,-0.5510757502469464,0.6495818863163225,1.0193845135025579,-0.7834827983654532
2298,-1.1755062299243517,-0.5040478254517554,-0.7709047300184189,0.20822924668766793
28058,-1.4928236817410698,-0.4801718647137891,-1.3031600206088796,-0.9411335513382737
6458,-0.18639047318417856,0.3223060186181268,0.13844328897993963,-1.6945200788367527
25498,0.042567453594369115,0.9117102417599625,0.4399015101998031,1.0207561622580952
18938,1.2791207088558068,-0.19146535733553485,1.013381750386101,-0.31132873655027427
26018,0.9125498587362132,-0.5144633159737511,-2.333347049967831,2.4114460180581525
23098,0.8377163085908627,-0.9387148626771336,1.2892284618447714,-0.3105140171077306
27258,0.3719142369952304,-0.255884738001432,-0.2286092947310065,0.5280584393223535
3498,0.5496526883051545,-1.1793233425767249,-0.34748432083753467,-0.8549515057283729
14578,1.8088586841762855,-0.23269468933942616,-0.576155998808602,-0.352170902794044
29538,1.72424179927045,-0.3570636601646742,0.549126875838744,-0.3245483715646363
11698,-2.4714943981793502,-0.2226681584673551,-1.227816760472964,-1.0534818596484388
15938,0.8891987975115994,0.3629837029146124,0.5382515271328231,0.8937189802024638
20098,-0.5026448911701705,-0.5555777872467199,-0.020315914890509348,-0.5905753322883929
24258,0.26587911562420147,1.0525920540051463,-0.6853769618866776,0.19279223687009825
30138,-0.6317446588962965,0.5536769976227148,0.22678158940865142,0.6321458126660381
13898,0.3472997672548853,1.3502834273368454,-0.894508257894489,0.6429643158555686
458,-0.014543563495783222,0.4247729284939283,1.1390748925311438,0.5323051049206757
7618,-0.24171396146120055,0.6666013298824027,0.4764501383040207,-1.019765400765209
8778,0.795128125747527,-0.8187988566706987,-0.29213625469615184,0.5415034850880119
12938,1.0046157897028436,-1.0987245418418097,0.35870379623287063,1.5072300068718294
26058,-0.15009510995133754,0.6326546759153415,-0.11872122344528965,0.23904972742058223
25418,-0.013390960397353343,-1.980141749353725,-0.1563868654443162,-1.1976745016311707
28578,1.357527920707596,-0.27212082766945134,0.0476904637064184,-0.47066587331913506
5138,-0.23302120222252518,-0.3184068764396026,-1.1694729738101164,0.9345834949147073
23578,1.0342440312551175,-0.8896812281808716,-0.5481070036575477,1.1016160673094637
5778,-0.8042477663834852,-0.9729319483046132,0.7878966280292506,0.46443232996589756
9938,-2.4635451381450055,0.016154185137104513,-0.2827766806907844,-0.38858738435438717
21978,0.47875197883413634,1.088639400761327,-1.044727423012264,-0.9101408022178905
28538,-0.2881649256564856,1.1979127057819225,-1.1204959548355788,-1.3285276511343007
18258,0.14868384113851468,1.6455471340895085,1.8986952185852397,-1.0763675478678043
12538,1.2711692927512859,0.19536950861660005,1.433695272944319,-0.11087108417176994
22418,-1.353199216563096,0.14339824128627046,-0.6599272343732608,0.2639374953571621
30738,-0.9019737242276844,-1.3576338816153006,-0.8841983932344647,-1.3865623306362536
28138,0.9053598967925944,-0.7126065023007422,0.34944714080745265,0.7202129098180428
11098,-0.3187739293056336,0.43775881633109515,-0.7436212196358606,-1.9031065647829062
1618,-0.5937524325389398,-0.6361652275239571,-0.6296043091259809,-0.8304234698237518
19418,-0.6891033124114768,0.5874070095495435,0.2609248631456745,0.9888593236954104
15858,-0.4873543827258943,-0.3588690408625473,-0.876198590614525,-0.6083249740151667
31898,-0.8452783824148722,-0.590020870517838,1.3942333789705954,-0.4256303842092027
24058,-0.08946271237515516,-1.3814723166096725,-0.37481866482731635,1.0651258296575552
11178,-1.2710873291648377,-0.6709052151588691,-1.4080175709539042,0.006531387584766821
12258,-1.5318020984625074,-0.2789572604579746,2.2799924474141378,0.6260181968431536
32258,0.7967802563858817,0.9163508978553228,-0.7462520982755306,-0.60503455012711
24738,0.18547848114370272,-0.24598598704051888,0.865356500739018,-0.5081282336337551
21778,0.4337862705956232,1.9080045435866544,0.40280017970226856,1.1461733999190515
9738,0.5907026730509307,0.04723358192788428,-0.001994871537275884,1.1839177388459603
258,1.007373905444375,-0.9382254007475647,-0.4752216811099918,0.41158300249462954
938,-0.9042007729244724,-0.42663081121855334,0.778510133737905,1.1538050487502747
28178,-0.9651973619054356,2.307718443691635,0.5922308315123747,2.3088249968397423
3458,0.4014242614738072,1.9155036393261813,1.243558598025299,0.8536544488429515
17578,-0.20578685929549317,-0.6293905835168505,-0.7458726806007423,0.2868329290965535
15898,0.9084629664567312,-0.03511121156510403,0.43456222208444745,0.3407133849988299
30298,-0.18041246835310853,-0.047152324615892686,0.6089177635226222,-0.4301650771086798
3618,0.5466697925508988,0.39878085742536934,0.9820329398918711,3.1769635546693262
10418,0.48831480799035804,1.80089776095954,-1.4024228410673092,-0.09372090204954411
11818,-1.5117308662854747,-0.6787088260319484,-1.9345345251057986,-0.4414529108547302
18738,0.4006099321086864,-1.8344397522217883,-0.11179694548219654,-0.6304082119306014
24498,-0.013232899138729458,0.18821551675384762,-0.40012358243243246,-0.10790788439628839
27058,0.23513057239027482,-0.8092753043703436,-1.6520497375823426,-0.5881129165491421
9778,-1.3612691279309788,-1.4099139430255028,1.036255610005336,-1.1942609756344416
3258,0.1822015464281151,-0.43037883970640084,0.10421124806416049,-1.5416040380111948
7418,-1.2216169474095018,-0.22518120585136328,-1.5555520727115022,0.6951348579118841
17978,1.8949577904888477,-0.28409034779430187,-0.691599672975106,0.4421577972984337
28938,1.1398798370418188,-2.1496775823543324,-0.4820875624281551,-0.591302061913792
19978,-0.2651589176557652,1.4626097527747168,1.5588808286914893,-0.07104488311971476
19898,-0.4531493753483421,2.019329182086601,-0.07890627299476169,-1.3048177372055119
5698,0.9494430504146197,-0.7731148407602414,0.06446830573468322,0.38248882251245375
3658,1.700978905069656,1.2069475250511221,0.026136583265220562,0.05844330041319601
4418,2.2493043028358235,-1.7972075004237125,1.3066888409292179,0.9010757721630805
18018,-0.03247636227453579,1.6189521792583124,-0.8057554156077759,-0.7910155662365608
12738,-1.513550401136626,1.7165501846271491,0.12569807485695242,-2.250519680197008
14618,-1.1275096589211515,-0.6944348939741704,-0.08325475520842877,-0.6089863991452211
16898,2.737912335369402,-0.6715934385235595,0.3691622990674702,0.5602636630180888
25218,0.4950857747924589,-0.460030726576131,-1.187812318492597,0.00957507191462555
9818,-0.6073050928849876,2.252929245379255,-0.5801919993826645,0.1916878955202786
17338,1.5279507002561385,-0.06096089998540865,-0.36090372831002987,-0.9099224318182191
1418,-1.0425823976070492,-1.6806374774852322,-0.3469630809072659,-1.8129813016814222
28258,0.8203828259534537,0.1528104177547082,1.099554046091606,0.33271760975650655
22218,0.647373374644605,-1.3518559291652483,0.45231231466706656,-0.7757105694216683
5738,-0.5840210084742082,-0.24048271330603047,1.6313726283712122,1.292583297451338
27418,-0.3065500913977676,-1.085128670848022,-0.06867542667733971,-0.7424129817280892
26898,-0.21798734757271263,-0.497651973777916,-0.6700762869280706,-0.3539822695832275
24178,0.7937915773731209,-1.1245680732750294,-0.6497749780618131,-0.8656843895614744
18178,0.6811510911146963,-1.277740232055202,-1.3762434623177626,-0.7796493039759981
15058,-0.5189964847752638,0.19973846241958496,2.3635887050515927,0.6622145222334398
32378,0.16858091853949791,0.21837685412304708,1.6974139484514117,-0.07542541993217641
10858,0.019315658517206066,1.1359896196222325,0.7249887764634086,0.07445193627864335
9858,0.43916885648784043,0.15535672152157237,-1.0458381454666685,1.5365201912888706
28298,0.0049009229750320476,-0.3221651505016692,-2.544185297145707,0.7874802209315228
20418,-0.8892368639630912,0.5618754829981186,-0.7993790823850194,0.4420051903610403
20378,0.47378094424808415,-0.28491438616975107,-0.5203830881511818,0.01715009372265615
24538,0.1637238677202057,1.601589584172185,-0.1642524578926257,0.15691276272520432
26258,0.9095278055484953,-1.1777875310754942,-1.242950218699216,-1.3895576503521068
32858,-0.0692246401621078,0.2324161950419211,-0.8853370894952981,-1.7655977258932707
738,0.7324957927888693,1.0850786269351496,2.190817628874808,0.12126905343742471
13978,-0.42825369211731795,-2.133366515014786,-0.5246995024095183,-0.9777763520353253
29978,-0.1669938789952011,-0.7500307816416399,0.19471170896742282,0.3355427428131117
13218,-0.4187400539809476,0.0007118753802518154,0.19672822459470657,-2.090858321451254
17378,0.850873159238755,1.4033981986333832,1.0527466547968236,-0.2897489570460717
22178,-1.0229574826477268,-0.6462797948150446,-0.39973801832221,-0.02091035768921782
21538,0.2916841225343391,0.4455020432313203,-0.9040504940879805,0.25058265644063477
9898,-0.9167824249162517,-1.2778839308296819,1.702278975449294,0.5064504838101596
19058,-0.6781333034835765,0.06777109865544245,0.40626788016230414,-0.24033719112847846
30058,-0.3221600913807782,0.491215179470403,1.2214190769831066,-1.5316284573546965
28338,1.1523461909043806,0.7047428627390505,0.13663764318576582,0.1471848322753235
26858,0.3247332739329374,-1.500020267868574,1.3162154383935358,1.6980192592241472
16058,1.1893682561667216,0.011140245151012813,0.32851146099699435,-0.6610421649117175
3018,0.6343334040377413,1.046799589439124,-0.8588366150345836,0.024659388974103302
3058,0.6276483788722637,-0.054510297282900536,-0.8662147034599397,-2.312159201170235
14018,-0.14650466527888723,-0.5162465366136956,1.465233535228618,0.05820295758524896
11378,-0.3288068729040938,0.18633301071013442,-0.3531134629691091,-0.5376811788960997
15538,0.8029595574910876,0.5262105786444203,0.8440562400358045,1.2901769334825466
19698,-0.6949550380528436,-0.24620671728880605,-0.7980061174465592,-0.060568900318802084
11978,0.22120800360424397,-0.9379924170008538,-0.2941222086756932,0.8240511318474308
2338,0.05549349258755236,-0.9253354008106686,0.33786180397048,0.12839333741433553
32178,0.5404380044811543,1.6356249099868871,0.6572338856503382,0.9914924096810355
30418,0.11915146792221594,-0.13283259556923288,0.00041726579584718156,0.6939983054845238
58,0.20339348833660842,1.2425218696252458,2.8224933381601454,1.2950160820714858
8378,-0.07501178161903863,0.5752403814611319,1.2976510365868303,0.14688538959012892
7898,0.508769963971114,0.09379887937048474,0.2908703706216424,-0.8090050856786455
22138,-0.4982982747353559,-0.0034064212470531646,-0.867033362155315,-0.8866164218238091
25018,-2.1690427294086425,0.9629062843489734,1.0251944575715528,-0.7209040630483877
5858,-2.9205913843561144,-0.24595400488089347,-1.1552050644443126,-0.4589652225841983
1218,-0.3333158773230887,-1.2959899697014121,-1.9003743839825107,-0.9000994645911117
24298,2.356876827334113,-1.3144768116371615,1.7515787668743292,0.17098775588329546
978,-0.46214276401392046,-1.0669567708016516,-0.5161438471303783,0.3959380776218738
1778,-0.31136950676613934,0.1693506296059773,-0.8222902214698264,0.3666941875178842
26178,-0.5500670040958316,-1.004876891096991,-2.3224237868423017,0.9657370538394482
27658,0.7428153165324796,0.6171361687211394,-0.5371218670722695,-0.09013886879399631
20218,1.0986422250280983,0.5714882344648166,0.6136148203113051,-2.180734826784102
2378,0.15276854258383382,0.6956742704023585,0.8753189021070268,0.30879889727118265
5418,-0.3411758434187586,1.4258677098176595,-0.14644604015475238,-1.0655823518822858
6538,1.5058438966347842,0.22097882200496485,-0.6728368840018457,0.8826403941442972
28418,0.19686276689821386,-0.2999202924795521,0.9476785857809743,0.22184885360051043
3858,-0.9977363004816621,-1.0803444125036594,0.3593590786378607,-1.0207915990775438
27338,-0.4933504976007126,0.5159481413980459,0.79290659201252,2.536944207248326
5898,-0.18165998500386546,-0.28248822052483297,0.5689197262347758,-1.2747825863297808
30338,1.2433583638604384,-1.10844483531725,1.130678428280554,0.25594517236114234
24338,0.10756884386123305,0.5117617297206515,0.012868389713143653,-1.3335845041131575
11858,-1.0911212094955567,-0.09231570017891934,-0.08307699374448993,0.48588597153338814
16018,-0.0835979655410095,-0.4835329178249257,0.13806980396367788,1.5958879631152445
12058,-0.006507167984521049,0.06866726152856045,0.030511147594995326,0.12224378375711334
29658,0.3177527941952027,0.8567797819000943,1.2219248024124016,-0.02692840382636947
32658,0.15677222392446882,1.171491477912448,1.1156605828953854,0.6797938117965706
10018,-0.2521071354821271,1.3667518127366955,0.46128571621068937,-1.8807885707199463
4698,-0.5611956312450154,-1.5332348875977415,-0.5159851641262081,-2.032127449104467
28458,0.17871907808209442,-0.13191805325674127,-0.9036270126475948,-0.7039304940141572
21338,1.0791042623055194,-0.23151965302619623,-0.6824113177080754,-2.097499692394047
23858,-0.2470289942873381,-0.7971111494289281,-1.876171007961967,-0.08922784325670029
26418,-0.7809693455168771,0.3232758575162252,0.6334274154058263,1.7580840270309683
1698,0.7902149533897791,-2.285846012460188,-0.5286800425910599,1.9283235021379384
3898,-0.205185160099411,-0.9750607771171774,-0.4221549314351219,-0.4571905829824829
18058,-0.10536749317875126,0.6852471655960368,1.056029555926844,1.6210077672337362
18338,0.2830138451089169,1.0556478313968216,-0.16585072259455136,-0.7003243906241264
15738,1.0527414947050826,-1.3024358755538747,-1.325216219608434,1.4454385320701493
32578,1.2443717286611107,1.60510238722271,-0.670648147738188,0.5660545933928632
26658,-1.369790412980434,-0.4916654253478494,0.20629700437961343,-0.6572787953566608
10058,2.0080260230278424,-0.637952906552961,-0.6826531827787757,-0.11788814168645251
2858,1.0294393248776814,-1.3033762122931392,1.002952327938374,0.006514293261098321
2018,-1.3847263546168482,-0.0005061597961189416,2.1242517307604842,-0.1650145526663977
15338,-1.048027795056227,-0.6033147250502969,2.509411149231979,0.47422227959012925
28498,-0.6125639656194323,-0.3570874026048488,-2.136573470849595,0.14409202814384833
19498,-0.15050311530612692,0.55030318789788,0.7125260117887076,-0.011135758803236254
23658,0.14940302163494534,1.338336320070628,-0.3426636249447055,0.3723870327094863
27818,0.5583150631384524,-0.74500987788669,1.3702794142150836,-0.5059757051114617
16218,-1.4427279638043162,1.4125477703160803,1.5041702935480832,0.5394182313660609
1338,0.8756982545683748,-1.2702637032094912,0.025656545509045163,1.1712768601212795
14178,1.6958734042706065,-0.07402632444579851,-1.1821039889759017,0.42844302318036276
12338,-1.2567957395902571,0.3946365848267238,-0.698226733270738,1.4766585428584442
16498,0.3434610393827238,1.318039886859292,0.5119189075674041,0.29495480261867435
20658,1.3262311031362655,-0.22102212635577742,-0.7324541721778106,0.22744267528735398
1898,1.1265517753703094,-0.06670362997854629,0.971610510305421,0.3067611655915417
28978,-0.22691526886375282,-0.9501608867933614,-1.1656627159637887,1.8332043273103225
31378,0.2571701598366646,-1.609087595216631,0.055543957997374535,1.1092296833741186
10098,-1.0956451892860997,-1.0310708014336232,1.7624446815793913,0.7448603953954813
5178,2.45487961681946,1.4342565165238703,0.674191288276512,-1.1298135673826013
18698,-0.12541511884753218,-1.8732289936762676,-0.05667749440747529,0.8103183372205578
18298,1.3486682405314008,1.0266439247100516,0.16098088684730866,0.8836250178005932
21818,-0.4258376883812264,-0.9699007677627708,0.7643870404767459,-0.6758053421738625
30698,-0.6160775868379104,-1.9229314899695444,-1.810918834330788,-0.34809328708977627
6018,-0.32261320387481507,0.20199037080873988,-0.7125005002172233,-0.4728441853367418
2178,0.6624696457840107,-0.5548323801580092,0.6548981165921156,-0.7291587393828617
3978,1.6939385546694812,1.4035306695177119,0.6896283878856538,-1.7667855613225745
14658,-0.1590838047273389,0.3869956887432003,0.04486185187107455,-0.0476334664529874
1938,0.0407760150477459,-0.07323940892458146,0.295399825323064,-0.8744446502240781
30618,-1.723195518006607,-0.8077859413467657,0.6683112533319813,0.8846900224745844
7498,1.1296530224125816,0.8562027657953838,-0.8958922048427364,0.19355531528154912
19098,-0.2018412403608713,0.7019749984309952,1.1995055767830447,-0.8555370055756216
8098,-0.601541323198877,-0.1222247551126699,-0.6764954097111922,0.7692114765471543
24138,0.017895640200124713,0.19309495893689033,-0.9838510938793684,-0.16565050989880128
32458,-2.2092094484555145,0.32144550721746634,0.36818834191889993,-0.25289714332261043
6058,-0.04676266537353413,-2.9996263613988168,0.1333519806548921,0.14034504817027516
338,0.3413757462587715,0.8552766097555926,-1.2357477667153614,-1.6272300431616404
23538,-0.02903345724329821,-0.6495019318361634,0.5965502166888323,0.10814396935438846
4018,1.8432574796927033,0.66822874653684,-0.5169940132068321,1.33023834967757
25298,-1.142617804443899,1.688702975896943,-1.5188795923678842,0.25849105008118156
12218,0.4661523960416716,0.92962134304243,0.8286415648123666,0.2198158931014332
22858,-0.6048608499805637,-2.782347781037001,-1.2895986658703058,-0.9614966064190574
1498,1.4276313883149645,-0.8264875790800839,-0.7911048812185045,0.2234564946605168
30658,-0.8203062781001275,0.5216575984294337,-0.6948181586757054,-1.739778996068124
18138,0.5657402012847936,-0.7459391803254428,-1.346717329546575,0.5780433541349158
8138,1.4197175462745506,0.33696592251688784,-1.001713158149398,-1.614697989299143
26458,-0.5405968721382711,-0.2840198867914641,1.0136356625839582,0.42495243577776837
32418,1.6977178336753311,0.7999519170568181,-1.2939118453413627,0.570791646854104
6098,-0.5105795669836547,0.37317057594214836,0.33203086015432093,-0.16475756298207853
2658,1.2376768168405816,-0.011158192329231494,-0.52958044935389,-1.0455423206079375
6818,-0.0707287355820986,-1.0041376684603796,-1.952854587493509,0.04712926952376606
10978,0.13125021070097506,-0.011692987638289671,-1.9976369030900412,0.5799698213687242
4058,-0.6482638086642185,-1.0839765883461696,-2.744425459558225,-0.5349093799873124
15138,1.3420019607518814,-0.831659640577499,1.387359773171796,0.811216579155292
21498,-1.7996479541384076,1.447363939154431,-0.14674016197555884,-0.6640414604266094
23458,-0.5596183106582403,-1.3312034859262476,0.12614923045188633,-0.5313096295066261
27618,0.29770432918098816,-0.5663508224524784,0.25475931902853555,1.7653054581938017
22498,-0.42209780018090554,-0.4225058604205271,0.5105689054517146,0.15724162703338726
31778,1.4799435078375212,1.5597821825504021,-2.274749498933127,1.0363910572325794
3818,0.9178161662192368,-1.4825309048745499,0.8940502455561637,-0.20801350354015938
10218,-1.1113160570289642,0.12491102686946876,-0.9567847300391304,-1.7984163714518862
12138,1.9507465478884354,-1.239961234118481,0.24825705431070566,0.6692150393594608
16298,-1.051906053041395,-1.0097848212308183,0.5345989032054568,-0.7076404870501093
20458,0.5245019662728752,0.571869924279441,-0.4523604465520825,-0.4809190654927642
8178,-1.478202835559138,-0.803678661071117,0.6532169905872938,1.558395666379155
24618,-0.8299016310757502,0.11982369599246757,0.8841456727281084,-1.0035871452817406
23418,-0.6687433406891544,0.7940201888046925,-0.03381588039042798,0.5959351525763462
6138,2.6928938324760545,2.2026736163716745,0.8240259170392861,0.6585972635408323
4978,2.1294833596327933,-0.11664600067250513,0.5600745290034506,1.2374230132123845
