24577,1.014428046680752,0.2510387033891861,-0.09554170412674623,-0.8186970759136841
29697,-1.268033264049921,-0.48882173927543565,-0.7382813013392105,0.7613127787107524
7297,0.24518802381502874,0.8396265830047729,0.9586863767929568,0.41986931844568853
12297,-0.016898815520751558,-0.0038736651478472155,0.007347720667253787,-0.5244149039983448
30737,1.046541072641294,-0.7074060939001289,0.5066224299008525,-0.2939155829614546
28097,1.2040631518578162,-1.411236548478081,0.14309215891122282,0.06321112263655412
23897,-2.1582696675616244,-0.49621971448239127,-0.751284898142212,-0.270162862304361
28697,-1.7553503877638017,-1.2573988118312074,0.42289981365312024,1.5078410020892776
4297,-1.0037328980046845,0.10165159848550409,-0.051066850022447936,1.5272194318762626
12617,-1.485375108056796,0.49845158057938643,1.4563555470175307,0.4562195934839583
16417,-0.5673166039035933,-1.525013711698746,-2.7762887207975746,1.3720095508882146
20937,-0.5901430660236411,1.2957442026836732,-1.1509507155371386,-0.6854047025449027
29257,0.7237668694222633,0.5659010192759758,0.7902560272516148,-1.3612594672013192
7857,-0.11910293815986461,-0.3448981819939883,-1.4102488489212803,-0.675859680683606
14377,-0.6641353351595606,-0.305203023182746,-0.38585984459238765,-0.5490176847029574
1297,-0.011154007965220451,-0.9142464147644136,-1.2183319910486443,0.46995937417772465
5457,0.7920824022114924,1.6516201252828353,0.5404958460575697,1.4068834202783074
22577,-0.9177077892583992,-0.8921442562325387,-1.0771655888221983,0.7954275794174615
13777,-0.4591415366252189,1.068228287550371,-0.3417081241574906,0.14347101145572044
2057,-1.377922755919713,-0.026086222755796237,1.1152086651727025,-0.5447779123350807
10297,0.07528857678844536,0.8571011978355939,-0.2422587104645163,0.156396916642596
30417,-0.12963783423397285,0.8286052105366152,-0.6702614029898981,0.6167110545382869
2457,0.4728559533592245,0.4747251616597588,1.3382917639170127,-1.6299593169995061
8257,0.5135037862032273,-1.9178965730102828,0.42555971595868963,-0.5330240459799614
6617,1.1630207642409043,0.7210424965406627,-0.7379841216534131,-0.502515786643452
10777,1.401323320122683,0.1132377519339692,-0.006682697958775886,-1.6540934318976657
32097,0.24235638874412377,-0.11487076105435709,-0.26249030796147166,-0.0681122999516156
16457,-0.15263325035730058,-1.2240611471886484,1.4048330526811244,-0.958170158809352
10857,0.03357860991479193,1.5468528546336333,1.3376931011490514,-0.36879169523327154
29297,-0.4344898835097557,-0.19970220458293123,0.6647003165814187,0.16094536757697717
4177,1.5961009980580114,0.18293170379765036,0.05837241365809925,-0.2930589646558995
21177,1.7652262436429986,-1.06931808563681,-0.016431568494250582,-0.1623903070656732
2137,-0.4284934110694036,0.37666634946150834,0.5291056895024351,0.520544031500602
16097,-0.9455569408963754,-2.0418118200868283,0.8946934263868355,0.3849759791981598
15017,-0.5418642864825116,-0.2770700478301378,0.6531625551570379,-0.8187103896974465
20257,-0.786761091461968,0.8870606381424021,-0.7179741763970884,-0.055711765552689224
24417,0.8641166695560383,-1.070620619869819,1.256061185542854,-2.211087671698929
10337,-0.3093513816043836,-1.871548436773775,-1.5892532995922208,0.618810972725485
17,0.4764363489952911,0.9211960265674759,-0.8224225719028568,0.6084798107181668
8297,-0.15336948675597858,-0.30956814308913955,1.0032104037997722,0.04020646547067442
13097,0.520156383747281,-0.7117691577151722,0.22332330869667347,-2.207533415658469
3497,-1.0168051756965202,0.7193729484702702,-1.4436557571428685,1.1477925770950235
17257,-0.5834888539123281,-1.056039325765736,0.5337802883270598,-1.3580833856323589
6257,-0.4069143060254346,1.8745220288116198,1.0955976053841123,-0.004636661216685585
25577,2.0927649006040427,0.21634203118192585,-0.9659822866950238,0.9712776827094534
29737,0.27354912815374544,-0.49546936897451344,-0.7966978666357087,-0.22422381841147282
4457,0.9094628314759163,0.3674078824502537,-0.6817791040990897,-1.9569016756700701
24697,-0.611342481773998,-1.2627591756233758,0.934614064973586,-0.619790728585812
10097,0.12666953801989989,-2.157428224690661,-1.0525845877852533,1.0536349969621674
12417,0.9317629583654664,0.05697499389120236,0.11841921022238916,1.1706824505300928
2217,-1.242004959241635,-0.7080616719392309,-1.0084117440924745,-0.7599223518246505
14017,-0.7147761002239097,0.6782938121679705,-1.1430516195930356,0.046369715251465625
137,-0.08438910795244944,-0.7750157794774645,-0.10059158238466831,-0.8928679475871752
2937,-0.3179554770911762,0.9060449704384048,-0.5736690922317003,0.8733174236304484
8337,-0.41940666435135776,0.7931103836865198,-0.5358130044414274,-0.9573941658002079
13217,0.5883878140433544,0.09613782782938346,-0.510181753988994,-1.3199539175135286
23577,-0.5207283802208542,0.28093122187688613,-1.4523499089565068,-0.5428326778168115
26777,0.2901221032684757,-0.24966462276720125,-0.6524060137567754,-0.9641005058517975
14497,-0.5693851144478547,0.6760987197821001,0.383807671730656,-0.09406257587248565
4097,-0.48628443228878293,0.1623841301903728,-0.45597332300804805,2.55000781798135
12657,0.31893354664037443,1.8107485316144962,-2.216301988228127,0.08874010101633048
22697,-0.08501807988136628,1.013433331247263,-0.3384185497127237,0.26627842364937854
16577,-0.3901393872661819,-0.33685007571718234,0.4169283691018803,-0.2379573498857509
20737,-0.2612932138979087,0.4845891553550135,-0.41842044697734854,1.5492589592162638
24897,0.28047472131809076,0.43213638169707025,-2.09568264447773,-0.6050744227552657
177,-0.9020884872875764,0.6995195617016129,0.7066875882097644,0.31806781837957676
1737,-0.08205155117006988,0.7582365163044893,0.9711739763962881,0.6431892304314966
8377,-1.664184466186187,0.19494743050181543,-0.12090244847144681,0.19222118565915586
9417,-0.7533366423338884,1.5844530746710852,-0.9375028651203577,0.48244486829854594
16817,2.344576922235805,0.42346032105346726,0.3672302957798513,2.159985706638089
21897,-0.9933702643089186,0.2528682631055199,-1.588343252819461,-0.19478588597534624
6337,0.1877634808082212,-1.147027631353587,1.0603295347001844,-0.07201865135873683
26057,-1.0129719186144148,0.12423072810384776,0.49778695148754587,-0.40066874873538116
30217,1.3340528762977184,0.24623422185184038,0.5675685241866195,0.22033930657302117
6177,0.3788962438771112,0.8308392753329168,-0.8772960361174846,0.3866296395729394
24777,0.5913131951006151,-1.2749402074239302,0.9028024602173137,-0.9445484359400138
2257,0.5813799703479904,-0.770471017755741,-1.222580402374178,-1.0651349366693288
29857,0.3371026640954846,0.7209756269416222,1.682978409161606,0.9308694079117158
6417,-1.346101844896506,0.04595854749807726,1.7703031669391185,-1.5252650826116552
10577,-1.3849973697738418,-0.5251111905209837,-0.030282462718225652,-0.6394368866543316
14737,-1.0976566276763446,-1.10115801661629,-0.15617780538432,0.024425126389648163
12497,0.43379815954937156,1.259314960773046,0.18841036143985615,1.121362387256682
27217,0.5658588683465053,-1.0033513727543621,-0.7790622246071017,0.8037257773635543
10617,-2.3322513194656813,0.6543096249493072,-1.316600938297028,1.4375287725781614
31377,-0.9092987196431527,0.5305899985956642,1.3666323660348725,1.7563967049433191
30937,-0.8097699380538027,0.2683011849417632,0.9895680467979145,-0.24956387582250214
8417,1.0966768117865011,0.529998270433894,-0.07062102952027816,-0.4917862312133216
11737,-0.1607024439437605,-0.24445863642352797,0.2646026890988415,0.7770555164391546
15897,0.8218694758340755,0.3462587621695811,-0.5894268345449506,-1.7135542155299608
20057,-0.9021367523180733,0.8551263625539505,0.86331956414721,0.030811689667694136
25297,1.0823268142395857,2.685787947635191,-2.0755902608440735,-1.0707790436598157
26857,1.0320445447655378,-0.3893726344381482,-1.8514518640860431,-0.11382281106448698
4337,0.3435226837737317,-1.31082579554382,-0.5118266186415964,0.8349918551452821
8737,0.406324547838948,0.5519111735289688,1.0134833741311808,1.0721276950999954
4137,1.2145290116150427,-1.0220837143838406,-1.0747643941198954,0.18494216657834708
17057,0.017525934717540735,-0.8207471276527738,-0.6468230564411949,0.197348051270068
21217,0.5628118443609034,1.5290351983300865,-0.25607679018016033,1.2906404196827457
30977,0.3615863393189554,1.9730209365934945,1.4243153514936382,-1.209265883214244
97,-0.9260388053038455,0.4047023356961118,0.31153611032644923,0.11281012809363715
1577,0.7596397033351999,0.2797138808296465,-0.4861619096125377,-0.8490740700084651
18537,1.7099195563550706,0.034601986549044915,0.13401878063893244,0.6247368188874891
23937,0.6588610552687221,0.6511902211163971,-0.3113556698586341,0.16557473824177923
8457,1.7115082269046,2.611180426201239,0.21508644663178922,-0.7990840642804853
14057,0.27720996986653323,0.3370932772927486,0.4457694211608613,0.5228152759701141
22377,0.10061401703253402,-1.1274873047923952,0.9733455344833694,-0.2550694591799021
16657,0.07616965509130824,-1.13028183132882,0.700763934828139,-1.9753458939471977
4257,-2.0192892121892254,-1.6628628376064265,1.766381404979759,-0.3469095065645229
2777,0.4704461839189577,-1.549398763802183,-0.20623265686934317,-0.24876625815785405
14617,-0.4905007851112922,0.7208373376139846,-0.7691479994738535,0.6313717840007363
6897,0.7667319282535483,-1.2345968593760537,-0.97002541121534,-0.13039163850739668
15217,1.2750520695809717,-0.5253589979962113,0.32907256680719515,-0.11979072191761088
22817,-0.5766311869272008,-0.9865439142892997,1.0670131745568212,-0.33398418061630375
27697,1.1113990492059271,1.2030143001284765,-0.07080992370506303,-0.36063259479234416
2097,-0.02150704927624133,2.239324224727478,-1.4585408482494822,-0.6890806100827039
20777,0.4897378834545079,0.039360130225029655,-0.17650437626050702,-0.14774053885755117
3897,-0.03312010115996505,-0.27370917535013045,-0.5458626568006664,1.1406431840685483
18737,-0.23428180988177555,0.7102227636603862,-0.6303311909624528,-0.5502048356419136
1417,-0.8151324825556294,0.524358997625382,0.2240262721461678,-0.3065942480278723
16697,-0.07479282539190252,0.4884152896049415,-1.5110337017186224,-0.5144551777589282
897,1.126638347633726,-1.1461423075992747,-0.21013153289519948,1.6593086313248802
14657,0.6948873827107409,-0.049551028168329035,0.5927260355492859,0.36181837989833454
5057,1.079067565158909,-1.1731399468106798,1.6509509508133506,0.005323196987489934
9217,-0.11779835871879778,-0.6661471357957521,-0.5599480897049044,-1.625706036909418
10977,0.35745976982647637,-0.7248482405810437,-0.8612233017439062,-0.37143290355475594
22857,-1.05556713586372,1.0525185413816536,-0.5722446054155889,1.1147767619789297
21697,2.040909432630907,-0.4689437959262268,-2.085616889139285,-0.37559848052129957
25857,0.6075671683299896,-0.3216832205587079,-0.6757512752826844,-1.1005126658864242
20817,0.6719723835593808,-1.0108486322892218,-1.2077727515379137,-0.4708048335056007
6217,-0.8110491657157488,-0.5990127172959038,2.3512873371076295,-0.8940589904886366
20537,-0.34337227473969517,0.1325639163618351,-1.2289371041301518,0.4440918195292159
10377,0.7983333334963313,1.1435094509953196,-1.5509665276246738,0.39181501542286146
8537,0.3755392195259238,0.129742539558783,0.5611004868781326,-0.11354557057090243
14537,-2.3871415694703115,0.3810902922863798,0.21895947281353145,0.6198171946978864
18697,0.8708971442330193,-0.3963621250221075,-1.5283830478164195,-0.3494449551565616
15537,-0.8871794111214953,0.9984356516192021,-1.1833497954454493,-0.14114400439727534
27017,0.8756977211261798,-1.0014943842144988,-0.8742761850058919,-1.0297844915307903
6497,-0.013375380752582919,-1.1658384139159426,-0.26796959793867114,0.5460003476578847
30097,0.6805975815758459,-0.42455951219235943,-0.7094773862384819,0.43166289103441036
3217,0.3389763737858141,0.5500765008652816,-2.578159797376146,0.9089829095974821
14697,0.9566620900297306,-0.07617008172801384,-0.3150020589359362,0.3674769403454664
11537,0.6635811821801493,-0.6367332069457788,-1.3235420048888735,-2.530388892965773
19857,0.05848497215294729,-0.14115413105862168,0.6777659925650499,0.04388878073087671
2417,-1.100455336749155,1.3918318432755872,-0.17698512705243197,-1.1695900854127597
24017,-0.711269815206734,-0.26563006581015874,-0.6775460566304233,0.05362840695255028
8937,-1.760388836966668,-1.154210375259927,0.3495837568088104,-1.3417776613731758
20857,0.6454722920972489,0.5506245661853244,-0.7881228422123961,0.6378362144437653
217,-0.9942385676858763,1.1291555027244444,-0.9292167784713105,1.1509384849211441
1697,0.04678669120792367,0.3339918918146684,0.14808293587549112,1.4831716592732458
29057,-0.12150043924745883,-0.5967789098923038,-0.11229185190075318,1.0183835942402686
21017,-1.7961417360970704,0.5021096524505183,-1.9260082686398023,2.534365600789646
13377,-1.5849473953155453,1.3426273540190945,0.07591783616666276,-0.5153405213773514
29337,-0.18568951705921005,1.324272007001412,1.5563651790339157,0.15260845811814117
16777,-1.211665567424543,0.822839050394847,0.768451174202265,-0.06879146893014594
1377,-0.38557003022792674,-0.4589082876780967,0.6940530822606895,1.5875196659789492
24977,2.192020087563204,-1.0914099027739343,-0.5453862713175663,-1.234184700034174
13737,-0.12505819656005898,1.2154334714075763,-0.9024562628503947,-0.35051979947158285
13857,1.3196856243608324,1.1347259877098428,-0.2673495641211082,-1.7946227532620618
7577,-0.24384828378994025,2.304641197742383,1.1155440176059053,2.2750630784267623
4217,0.08568161737799193,1.384160560257142,0.330884836152824,-0.005513347476859381
12697,1.1588605963842775,0.405912645157191,0.7063594078075662,0.3101986890535227
30497,0.7267021994572785,-0.5516165394414367,0.5384091046039724,-2.089114708969342
19897,-0.724728943391164,-0.3500561488557415,-0.9723520243743757,1.049583929024144
417,0.5835574672425968,0.3342284733210585,-1.0590998500314,0.6429433692531435
6697,0.5846761471670281,-0.10714103440398406,-0.08925869817841625,0.41558850323963553
12017,0.3466355711228712,0.5507807881786021,0.7570765974654008,0.040292792184540016
8617,0.5541158542812276,-0.7752138870698331,0.1630656579132044,0.17716410454804327
19177,-0.799954730542993,-0.7678800962542627,-1.008636950765976,0.036651224772171705
6577,-1.2463363244741665,1.5434806824221627,0.43239196667692004,0.07293372060887555
31817,-0.22897668626871365,-0.7534562497061762,1.1510845608210039,0.33708830562831243
4537,-1.1580602450397108,0.5742331783279747,-1.7101839414931204,-0.0911124718724109
16177,-1.1939899329274275,0.09955354321042079,1.0847520982515535,0.45059351584491303
2497,-0.0807223546728158,0.8417410142646914,1.3061146355813302,-0.5293158632332027
28657,-0.0590233238294677,1.232684939709175,-0.9078904861773713,1.2753385630850433
32817,-1.0750257219144466,0.393482414939887,0.5349304940431994,0.14259795265374275
10657,0.14813147046833802,0.22374491018817058,1.5857178095013063,2.010720542718018
31177,-0.19575786077223703,0.016802937237660076,-0.08400541496967816,0.1398483596407665
30377,0.0970876680796144,-0.2294394288059049,-1.747601119042017,-0.640406703966356
9017,-0.06145781099582111,-0.30926096247233986,0.9793640202025369,0.09069456845999581
5737,0.8625224503095626,0.42325935731088216,-0.9686579564698214,0.5426600250747136
18897,-1.7596067080235571,-1.064605703454059,0.9727288062321202,-0.34296177014510504
25657,-0.9006146805151535,-1.18164114425899,-1.096249637357284,-0.5255800230096257
20217,-0.20466445375477474,-1.7861179493309696,-1.0642234524651175,0.1064671011292499
16857,-0.0503582256173856,0.7606242808848136,-1.0685127860773929,-0.10687922127058173
1857,0.1857727732572781,0.2956826530453276,-1.3911985602140096,-1.2869149906440496
14817,0.7238505131900279,0.8191659304640767,0.6372157047651625,0.44213224136810453
10177,0.9838273801913742,-1.0095441429034886,-0.6243509080832973,0.16245954616094443
14337,-0.10491945158580451,-1.2365036062488475,-0.42796599292841264,-0.18273946967864188
18497,0.7858110649697018,0.7058545207759856,-0.39677886275179397,0.9222209583248625
24657,-0.6899200406886744,0.7195939356581548,1.1927803956131846,0.25711106534872363
22657,-1.2705869479441767,0.6071436317249315,-1.6462356595492074,0.38520896710896846
2537,-0.32197364724470584,-0.11147046094197359,0.9023235050519084,1.1400848413197129
26817,-1.3200543871654953,-0.5009107254384031,-1.23987745441424,-0.5082138222780582
497,-0.45420018355711683,0.9576544694627298,0.9000021072445914,0.3485681940222419
7177,-1.0448706518107211,0.8011305256248862,-0.405523772213755,0.6059498185870473
18857,-0.7929380170127507,0.34959576710400436,-0.0013231345327750846,-0.334685806392418
15497,1.1798313839194108,0.09012204435046182,0.8005681229458429,0.7012505825847224
18937,0.9445218123657723,0.7750220000966821,0.2286727716318387,-1.382546625150805
27977,0.352952259835667,-0.4347395707264529,-0.16156865875691534,1.2693046834813564
27137,0.07623643775937544,1.100570794183816,-0.16145703550586699,-1.5035876338569936
28577,-0.35664812144455604,-1.5120074651772104,-1.4683796781343499,-0.40403376261927204
2817,-0.07407306897825791,-0.46622273019505917,1.6491714867452254,-0.3414428592406134
4617,-0.24699992025168777,1.974793518833807,1.2292149225804394,1.2816109885068383
2577,0.08206510914406397,-0.30554049204269057,-0.4380730231633787,1.7546254413957414
23217,1.213640228350176,-0.40833372481960906,0.03872644841785779,-0.2100640982611797
32857,1.8504114220490475,-0.18659687124152272,0.19116259401554886,0.36557983722336884
537,-0.24169369833582632,-0.8606954323114895,-0.5026110874960819,0.480844277023892
5337,-0.0981509781688429,0.6170300956194672,1.5669846555139764,-0.7430649860947947
18977,1.0489986205486677,-1.987697582927817,0.8249810166286006,-2.080391669364444
19377,0.07340316588177666,0.26150823787645544,0.525882718470731,0.2367723494265432
30297,-0.04308312383465525,-0.21387680685102226,0.15859975036991938,2.1444230686011014
11697,-1.2709625135274325,-0.934589451111135,0.24278133381850434,-0.44909826733918123
27177,-1.5639344425003936,-1.5629734038352303,-1.0973664527817604,1.407331037312323
25137,-1.096291533723703,-0.06593619663130433,0.09392828123462844,0.08220850293215982
777,1.0990351910208354,-0.956493478408153,-1.0047181352515158,-0.3439395990478803
27297,-0.5441643420877671,-0.19636419654429668,1.19123223824334,-0.6129409821265343
31297,-0.07004040767838442,1.0641916965627338,1.4767468668486743,-1.3695800988931086
7657,-0.2842729547798867,-1.2957174977217412,0.6711436094635135,-0.4771245429901162
25697,0.8702137242323054,-0.5867286091669713,-0.6559772011364403,-0.21927177478866106
8777,-0.22448332337569563,-0.8090514976224465,-0.34991571301494595,0.31245482768595273
21417,0.4584658816035586,1.4101956341089181,1.3565344478963552,-1.3622913502895306
24297,-0.7358137044956201,-0.41176859352464745,1.0993863826343984,-0.0030501777578739162
28457,0.0350182833030039,0.3853520999085812,0.7839076176252421,0.2212388371485411
32617,-0.5179243111624048,-0.7827638169099982,-0.062001509615724835,0.5650051454495586
6737,1.0986246281743852,-0.7942035716733274,0.8193098125445494,1.2400495418419129
25017,0.15282783104690367,-0.8609298919195668,-1.6363867507953798,0.3609659965746472
14937,-0.9316777070389649,0.519553029786259,-0.6461444826569755,-0.3431000128421087
17137,-0.08009739440401106,-1.443506954359087,0.6253840811585476,0.22409253056212264
21297,1.0376485919482357,0.3590348436215121,0.32184811939610836,-1.226516676629584
25457,2.096590278792945,-0.28967062311505315,1.3430679593687664,1.5911306235997382
12897,0.20426739411277062,0.788707986703891,-0.8045729073701197,0.3363540093837273
13937,1.0306375049122911,0.29055589218484834,-1.1578484924253785,-0.8987117959197422
3857,0.7398816074977939,-1.5294263598759044,0.3067352864729305,-1.726653595230145
21097,-0.8842449912922383,-0.27215559846926385,2.5994915552037465,0.44328528863444494
9977,-0.45554513893964604,0.6162203872242396,0.18029330665465215,0.4371886331993376
19057,1.32190273189639,-0.6044581698148462,-0.07158487567823495,-1.4200664567885424
26617,-1.6755375944827033,0.1771075394005773,0.32803951325527486,3.0293934731022096
30777,0.38167815499102004,1.0973908457104142,0.6077138054632327,-0.7740692508752335
28777,0.6470306854368932,-0.016753225712654585,-0.13047594046056865,-0.5326010292624223
6777,-0.7101485845663388,-2.712088166535333,-0.7234925392002971,0.32770228663290596
6977,0.9371089555859365,-0.8521637592449695,1.022844238803346,-1.4398018821517962
11137,1.3582710632411479,-2.1703717852762385,-0.7185186220889467,0.0017354313646287638
14977,-0.31624472426877,0.03906524212411423,-0.28426584125313775,0.19167914787899504
23617,-0.05594307052380374,0.8154568910878048,0.46455162700256275,1.382023838992173
22977,-0.38111742135728843,-0.132086232802781,-1.809565469350073,-1.462229172443734
12937,0.601382250259852,1.4562849558559574,0.06219269767251187,0.44386657792644607
21137,0.4607984923018753,-2.325295396682944,0.12123749370603525,0.9427585948374684
14257,0.2833257997715836,-1.2610258771203444,0.35776653805418746,-1.922038156718048
32697,0.33965808669510605,-0.637664980354288,-0.399754979966283,-0.2396203171133368
32537,-1.344064449124018,0.5220677959266118,1.216368299311409,0.38942444129903586
19097,2.2910164659657215,0.23311743047659694,-0.4191673955656167,-0.5240118243715572
28937,0.48261222702856343,-0.4581102795940792,-1.0749842837427133,0.793710733401261
3257,1.1457394294617624,0.7242365530654671,-0.7911463980312228,1.3940707969504822
6817,0.01371112394963371,0.3155276893225984,0.1440520605758412,-0.03467716166921584
5137,0.36357499701201335,-0.0371206715900978,0.7176901698265109,-1.9821399132055872
9297,-0.35500932764807136,0.9043036166852401,-0.6919226820627973,-1.214861079015151
21617,1.2599125330330843,1.3124235895036924,-0.05916185838866833,0.37322416735067265
13457,-0.17722681778312616,-0.05237320287167646,0.14228913500152496,0.2833232580163966
4777,0.7198697439135313,1.5756973927085205,-1.9567967939548128,0.11408238526936795
8817,-1.3745430353794514,0.5729130114471069,-0.2813729914932545,0.06463863346600753
25937,1.4334899499477878,-0.6442406788193021,-0.8827498684134472,-0.6219422926373052
2737,1.177557903970493,-0.35929107130941035,-0.7194562987340694,-0.7951797937775924
5577,0.6314334996781454,1.6872120011248501,1.4780869377412154,-0.35364038676895276
6297,-2.6006377594118155,-0.47824233748665596,-0.28313793806508325,-0.7626544468528031
697,1.6688531744688342,0.44093970897698714,-0.9205009180771784,0.020884894092961896
10457,-1.3035529719537526,0.11031153943445438,1.1799168065092873,-0.44506637199048377
18777,-0.8780097713305707,0.304121237040054,-0.36392279430648117,0.27181047691882937
22937,0.01029255157853351,0.2605743381312475,-0.4851742984530829,0.055650828743947466
29377,-2.200760673136771,0.732541529671566,-0.550600174254757,-0.14022460742378498
27097,-0.9796217921834842,0.8431293037372622,-0.48279981653065157,-0.21389974278230725
25377,-1.26740798735028,0.7597445941373223,-0.3673778342166678,-0.5021975432000729
27337,0.32447005882264784,-0.1993888374437494,-0.06254498376463162,-1.4171623933754984
12457,-0.6363187824360168,1.0613629597577987,0.10326023379859721,-0.4120034241641896
30897,0.13165451860920357,1.4574907087654019,-0.919287588213702,-1.4594646489138725
7457,-0.6387246171690693,0.8981781754513688,1.5755021340052449,0.4116150274783908
11617,1.2197982937930099,-2.0120423347491925,0.011089305131626495,0.9375830094450036
4817,-0.2351521447102838,-0.570780782747599,1.0194137559989047,1.0367887792006145
19937,-0.4371757467838798,0.606547757860324,-0.8069958448436616,0.12267151302623297
19577,1.2568872186114617,0.5632871414560106,0.008829766479567134,-0.48206061390928623
23257,-0.9080126986573529,0.019300543357982283,-1.1018322280086368,-0.5711284557324546
297,-1.0492788172788805,-1.2450209538052142,-0.334910221434661,-0.564684649283103
31457,-0.4198742312348574,-0.7159991685523048,0.3719199452231755,0.21105486535258486
16937,-0.5430475833030389,-1.0032472695047348,0.2969382939982107,-0.3119492291024568
29137,-0.4799311184971675,-1.2801364010565182,0.9244311228835648,0.8230675494681188
29417,0.4407990567829517,-0.2354493621469996,0.3953345129747602,-0.9677144967875516
27377,-1.1773655872981956,0.7442070482825219,0.992288953879882,0.345043288447383
5617,-1.0328064628451603,1.4337455788718945,1.0098664541390212,1.597947766150079
2857,0.13357257487527985,1.5886883099194602,-0.1502075086074276,0.9936718755154712
4857,-0.5116655638667772,-0.8768347866163222,-0.8187191326454654,-0.6252082300088967
26417,0.2768432546922921,0.48109478618661833,-0.8776440547417639,-0.29101013288575595
22137,-0.610705352400523,0.27005273810152375,-0.6419942075126991,0.4771559245418505
23297,-1.1717346192172646,0.7273751677814857,-0.4519448313801954,-0.2121666642403652
2617,0.5740067818548544,1.03629429401534,1.381294678778597,-1.342772896949679
2177,1.148455730073331,-1.9225545548343617,-0.733997904918335,-0.167194884352596
31497,-1.1955012996407592,-0.5741529132831421,-1.070468485298575,0.6248707267267687
15097,-0.15210951019006907,1.42841045798585,-1.0126229118505632,-0.8698810568286566
23417,0.30702387387205676,1.2555961779377829,0.5156983770679655,0.13932784868802708
19217,-1.3877336437008951,0.7087258286896552,-0.27595403053712736,0.6805473214573777
31737,0.839605607360997,-0.8294132847355783,1.7433784062106368,1.3056883131203323
32217,-0.49853582801797647,0.4368578258030375,-1.734827371884718,-0.12620814402429548
27417,-1.6815397982970162,-1.0338036713528826,1.5351771832764969,-0.5315030320057286
3777,0.2794716056821156,-1.7303341427007652,-1.2947632960629833,0.8530601945376272
4897,0.93533071316661,-0.32147035829735665,0.31175633224964844,0.7461250206509621
20417,0.41038431635823336,-1.106667273735992,0.6454040139979864,-1.805446416985834
28737,0.05027032115605643,-0.5539808982585206,1.3034538869006866,1.1045257073177015
11057,-0.44658104240265234,-0.9273836480188374,0.4737229892984459,-0.4759798741080773
23337,0.2293153679436586,0.21463904965083078,1.1361926001570206,-0.5551565787483924
9097,1.543026304364651,0.05666788132359809,1.301245172191022,1.9322157130499518
31537,-0.21862840767892416,-0.9467191553149348,-0.09277498325942736,0.18701942790831613
17417,-0.883447633639893,-0.939750622846169,-0.6566032453648983,0.4958647102173516
21577,-0.36270490520997856,0.005815381451739359,0.368205056678051,-1.0965778115319542
20617,-0.69245546523592,0.4212190362353299,1.0438265308701509,0.6020004100485307
25737,-0.0696487794604219,-1.2605230146400355,2.1195904261284624,-2.2799418431842025
19257,0.21513114897176694,-0.8772587411601793,-0.8673216402998892,-0.5883563615691486
17777,0.039922793507014095,1.1617264434426808,1.376842385127095,0.8084671714790012
17217,-0.7013473980602292,0.16575742319275755,-0.5220046862678349,0.47234753670856733
6097,1.4851522199170166,0.5179031206251661,-0.19268309863255317,-1.4634025685461454
10257,1.8729800307524211,1.1630028466791646,-0.05296309182870074,-0.926604525462941
14417,0.007044467466088893,0.12183705313434579,0.5621495575127488,-0.03546056356135998
4577,0.16661279484525607,-0.0018380098204397524,-0.23137029769326053,-0.598453351992326
4937,-0.22468815775066914,-0.47385260925869344,1.0374540413498181,0.7798350606901909
31057,1.2594696245895924,0.7684265021193678,-2.2953438473923065,0.16207558634785346
23377,-2.0078828192479667,0.3319218676240858,0.6342257711432077,1.4356577962395656
3097,-0.5220389056209308,1.781120320286244,-1.9952878657826314,-0.17393522183989554
24377,2.141835499098796,0.6124007339643597,-1.032282136156344,-0.3202738244027652
11417,0.43272169109229053,-0.046138293360700536,-0.9021539133244589,-0.17438749972073
31577,-0.07925201030314052,0.35280311615458304,-0.2953273187116209,-1.0023222119797246
19737,-1.178065425875571,0.5483769338546248,1.5823855031389282,0.6479683002779112
28057,-1.1175046370615371,-0.32093712192334034,0.29854932533274753,1.5159540522373798
29537,-0.9238250289175451,0.11927480176591043,2.338586397665577,-0.2821133228753623
18577,1.2062184047638662,1.4665411304783582,-2.0840286625257542,-1.0248258340940957
27497,-0.9153520429425979,1.1129080023778015,-0.3468515360332363,1.3211302050936182
30817,1.3195347612654909,-1.1387138535178094,0.6455000686175664,-0.6496270579987432
12577,-0.35772277268671804,1.086176235692732,-2.0876450311752843,-0.5507954818901802
16737,-0.4999086228726843,0.2988301574256937,0.08743836283536642,-1.8053072186547183
4977,-0.2743189796941926,-0.07056495203561305,1.4696604398895425,-0.43375865010586967
25057,-0.44692945900364417,-2.150779649724609,-1.360571452158035,-0.40554138696617814
29217,1.7176269026551565,1.4026594992371066,0.3713784637680042,-0.8653476981567306
12777,0.6569726494369428,-1.5595300609747895,-1.251057911102497,-1.3827091774681401
13177,-0.5554236825223363,-0.35172068747609775,-1.2943311830727102,0.5742068646282716
9577,-0.8168283547986057,-0.753028511337452,0.10162998708220035,-0.3111910563421468
31617,-0.46225864870131694,-0.22556174056728967,-0.24203539754979145,0.12058754962633408
12097,-0.15139123805855378,-0.3994065261857706,0.6733555055185639,0.36853386456238946
29577,-1.0549190253860787,2.513466440935614,-2.222589587264973,-0.20695883493435405
27537,1.2000349372045533,-0.49785462557878873,-0.8124375470117209,-1.688597109567339
10737,0.5359994535146876,0.5035166188512621,-2.707840289163593,-0.9911498544256239
14777,0.6185232255313337,-0.8169593032892604,0.1347195142653385,0.48821686128565833
14897,-0.8276482827371009,-0.26826347404487016,-0.015277302517558546,0.042711014379932875
16537,-1.022945684815987,-0.44634691513212477,1.4400099785026756,-0.16226446536856579
25497,0.9394327435742773,1.3095558794347593,-0.31337462414010675,-1.8602494160984964
2977,-0.46874456159810124,0.46353614668615034,-2.1668720589396404,0.573313872368997
7737,-1.0234937297203395,-0.14475061632440417,0.2063184375012009,-0.2797652804134592
20977,1.5960356537560407,-0.8052218371256993,0.7981462747665709,-0.11363744832944406
937,0.16203652924913883,-0.8396744008841622,0.8004267359523703,-0.9198168755300777
28537,-0.4471012307435505,1.5090975624059926,1.4914937531605736,-0.0034756053506472184
29617,0.2771651519036106,0.47686182589204507,-0.07525459679642911,1.569395795065853
577,-0.8727764598599312,-0.9848909886381345,0.7244217557630704,-1.3884276544146035
25417,1.1000102969165237,0.37809628740609397,0.17793990907473214,-0.3027715324594362
4737,-0.9600559232677435,-1.3238192999561524,0.0793663266852411,-0.013365530039425312
7097,1.1435615474728675,-0.09933339151821177,-0.018550520678149475,0.15046337864991247
8897,0.2527774144108155,-2.0735039301771017,1.8444832243992593,0.7699479239426661
13057,-0.8234853074275283,-0.5806372855501767,-0.5001781510117067,-0.9947349861820726
27257,-0.6622131985889353,-0.8832704471737132,-0.0638424009633384,0.17694248485590433
21377,-1.3163092890493602,1.412208966486654,-0.5083892750381147,1.2611477685376566
15297,0.9152294850821069,0.3402127030401443,0.908352757714009,-0.3485523454454446
24737,-0.020575763563481366,0.22776032642547364,-1.3773062996951257,-0.16355441967175016
3017,0.3920336833195268,0.2833562298909654,-1.7494662957198455,0.11175061609569435
12977,0.2809248921847976,-0.34454523801435905,1.5097200406116895,-0.5141849052392776
10057,-0.9399766670366325,-0.45929774290257114,-0.1823585840156345,0.2596954002822441
14217,0.5358549916331923,1.3832422386626608,-0.08718407077186092,0.0018696350958225952
31697,0.01485924198045386,-0.5547369170483093,-0.3204391302183744,-0.17638222198859851
18377,0.912698117695291,1.7801776880755393,1.7104617507387263,-0.5935208220918239
22537,-0.7358802178614469,1.5633861677108793,-0.8733837925404977,1.7282392769027468
26697,0.6157249080672161,0.4961879874731697,-0.1363052452905675,0.04591856726640861
29177,0.22919383358518033,-0.8349053751480003,0.9316057304213405,-2.2789811575890293
30857,0.9720828038228188,0.46894049773758684,-0.6690008582264443,-0.9427583690646828
19417,-0.5978102964352552,-0.3036106619249818,-0.268280025596858,0.562812301935586
2897,-0.9565609740744441,0.7208243786173866,2.1866683973697896,-0.011203347882309672
7057,1.8385373718075724,0.6668548066732946,-2.5718504347937747,-0.09107271185313286
27617,-0.45662792115990825,1.5567338165997777,-0.7286152899049622,0.002709026720769679
11217,-1.1531379862341884,-0.8025307765144657,0.06948695026448717,1.4813743033192162
18257,0.6606527226102988,0.6004525956614526,-0.3499333041646157,-0.852579968787809
5097,0.3966737232531673,0.6307978004033755,0.7522512875141371,-0.4469281258719571
27857,-0.2977040795063927,-1.7229133865592754,-0.5795044558153278,-0.11927051811539387
23537,0.1203529935513338,0.8087860135263155,-0.6586988512740252,-0.428650203144379
8217,0.7642487130935361,-0.6598415496873383,-1.8771850662040157,-0.2856350401036118
12377,-0.8104123328807813,-0.6079210430949672,-0.19359476503385675,1.4595166871554723
17577,0.04407856053131434,0.5138493590299482,-0.25107588900776073,-0.4102265789281025
11257,-1.3662550057738443,-0.9582991122127794,-0.8951329706296176,-1.8911127573744915
24857,0.8558486973916095,0.3429700678937252,0.27399308429386826,-0.719120241992773
29017,0.7735061489475121,-0.35896287002727023,-0.2603630635204834,0.3054990672008979
11177,-0.3125221280069764,0.4116387962720508,0.39080388352356854,0.48530163395243403
19457,1.0605881838558842,0.2548381901134818,0.38123022878096335,-0.3791843607408317
11777,-1.322474711294411,0.012254134299674447,2.301938264321426,-0.5809207779303525
27657,0.9197258785633075,-0.26150544715599017,-0.4206622361435167,0.11240706494235701
21857,-0.03957133192411347,0.2952893250540911,-0.16511457054335554,-0.8892168088848863
15377,-1.082000253655321,0.6686781505835666,1.0477443290007125,-0.12766205177191275
5817,-0.13203260260768254,0.40412374101413645,0.2708212738309718,0.27345258249155335
857,0.2950258982039807,0.2988921454391541,0.07793395376615873,0.7308026465785299
13337,-2.1640706919562698,0.15661856148892703,-1.0937602276141385,-1.2919357141803867
6377,-0.06092736564042996,-0.7635812410338292,0.457385472276682,0.4837877271536961
10537,0.4864310694016706,0.25177692595658985,-1.0527741908767454,0.08261661023649146
1057,-1.1029374962006462,0.16380223957721535,-0.5955986612685238,0.6101967484622948
23017,-0.16174455716240596,0.5995631358683897,0.3017241825868857,0.21738462590005925
10417,0.7078720300428875,0.6453426092262957,1.0969828799160948,0.15622372057703007
9257,-0.7907834196046711,-0.7230614762585208,0.30977719091154166,-0.1443126565027595
23657,-0.7477425840984766,-0.3134792695332036,-0.6540697771437699,0.7519380514803025
7217,0.24335370509772178,0.03947622799074164,0.35287392147923313,-0.33361236478147793
20017,0.7696766974848676,0.704833152464548,-0.9729519813945814,0.2903093179667553
25097,-0.11646902881235233,0.2284151655526862,0.5870180191851536,2.5106706446713223
5177,0.9790375562927204,1.197551466677008,0.7650462893591301,0.9426120922696604
32497,-2.186417052934953,0.0768291046642712,0.40673173174756805,-0.8765584940252698
3137,-0.32489090126983405,-0.2779556694300921,0.3385646582819575,0.4258241765807257
8697,0.7218478742624296,-0.674613533361952,0.6407376598322806,-0.1932037660210278
17017,-2.1081904749831195,0.2790327382607146,-2.2666248873862154,0.3923187403146156
1097,-1.230728085072353,0.8338362812386678,-0.3962928593294314,0.44630204937387363
25337,-0.8187689258150198,-1.2829904780044907,-0.9953081803757211,0.8758523813372899
29497,0.9992143866004013,1.2536122243851027,-0.8599708276249138,1.104690603037177
19537,-0.7337092630209798,-0.47911590173869123,-0.40073397354660895,0.9020000727139138
1537,0.451419434978812,-0.03411684711459862,1.1900666789644518,0.7617149582588185
18617,1.649587979303585,-0.47011937017075445,1.3550738221648104,-0.22598023315592036
9857,1.1770614790330431,-0.1756907918977722,-0.07593350700118921,-0.6660915100105772
7257,-1.896136752518578,-1.9712435742564767,1.3811269432476907,-0.7666295089891668
22337,0.1758385508808718,-0.20370466357803244,1.1130870900042569,-0.4772029976205568
26497,-0.6378698025111988,1.2936429308330228,-1.3691799323687042,-0.28181172470683025
15457,-1.0312061338622074,-0.22113739544848,-0.8292659821728864,-1.3342621030348174
30657,0.8735276364610686,-0.6621433607822701,-0.953542327539104,-0.48560614474950853
17937,-2.0373613269481057,0.4956969919233619,-0.8387786800710185,2.2684780010831003
2697,1.3329363797192295,0.675165100364438,0.6247996605798456,0.7061616142766668
3177,0.8115416327297438,1.1934989406976086,-1.3890139074178727,1.5338108658026066
6857,2.4021179786744487,1.5654519954057207,-0.5359598632148708,-0.7269207024788048
11017,0.8358958470661842,-0.45669854347528577,0.2558531062393486,1.864214778815297
15177,-0.38781833874556554,0.006067198616484547,0.37523920290516805,-0.6489931888901086
19337,-0.8903629611550183,-1.5508957974362605,0.5276781074899094,-1.0459158061824478
31857,1.0557479828029166,0.40617111143962337,0.16580422136349782,-0.9242989255027849
23497,2.0197966054896455,-0.32278758303517774,-0.9713030802061867,0.6324007015425877
16497,-0.34541085584186293,-1.0763924526110709,-0.08127453229568819,-2.071174359456575
1897,0.49270264715915296,0.943715224604422,0.4147643755545875,-0.718935390679998
29817,-0.5956296643451064,-0.09694950103721847,0.37647529204876606,-0.4999546578758228
12177,-0.049441100942337037,0.22620271085476293,-0.0006026574201000562,-1.2912287144631833
27777,-0.9766025163643058,-0.6658895226472934,-0.16373773427863778,1.420222369852629
16337,0.5890023616348794,2.1221134391307106,-0.06914972376359227,-1.1182818212135064
31937,0.09567204688528577,0.8984753060760986,0.5114092573689936,0.033330607503618506
28817,-1.7088597656890965,0.5173989801466775,-1.0934709299833085,0.4343627863175287
5257,1.2673311766400739,0.9499582020304954,0.5644918489403393,-1.2402087550419614
5017,-0.33029262421114924,0.49056214010270316,0.7803810820038732,0.6267939457310605
23697,-0.8544733432249719,1.5991325373200012,0.5120369283331184,0.08408433426853636
9177,1.4934155607594812,1.0979545462719993,-1.1529327777686542,0.38686819607976397
26737,1.7317188211530377,-1.2173560105040895,-0.6453168577437746,-0.518393154838591
17497,-1.1777085785982635,-1.354288557753791,0.7662194586303476,-0.018350339903534015
5657,1.172619265934688,0.45047918040616275,-0.09192372908558759,2.5390145457386692
1177,0.5071187659027171,0.4755674118126657,-0.5428857378937116,-0.2915758425524804
25817,-0.786891718444971,0.2554066476877418,-1.0336567472680736,0.18284565512129416
29977,1.8480297849432488,-0.46225686233134133,0.2982908394560186,0.7967348236170393
9377,-0.3402049552236848,-1.9750530502675052,0.8956993321703762,0.5985771841286371
20337,0.3045998545454149,-1.3436017069995478,0.16648705065070843,-1.7012534180158667
27817,1.2592028138398434,1.3102044846014833,-0.11434884154807778,1.178672297241059
18657,2.75210008129741,-1.7043139944397103,0.21290027743151632,-0.5487182807524293
26977,1.6459823595569365,1.808150314327503,1.3844835681871865,-0.22544675024847025
25777,-0.6287863859514969,-1.9453282720358407,0.40216492000095877,0.11030408271173041
29897,0.39330942053740103,0.8036974086777369,-0.1586561557465063,-1.715034142742449
23737,-1.264192132831548,-1.077975954424255,0.018591026683081845,0.044333319302297995
11457,0.46037308206209265,-0.530024975995839,0.8176298381101355,0.17322650447615784
28137,2.194615130501232,0.23477865920231142,-2.902092253626151,0.7676949770871082
32297,-0.6780288906759493,-1.461317537131557,-0.08255642984836627,1.6987455592008431
24097,-0.477812807723613,0.28696725936616363,-1.132925704647606,1.9513187189549999
19657,-0.5506184518439613,0.5390155296669685,0.6686750749827095,-0.6011674824422343
13497,1.312676684619599,-0.03265042406510761,-1.3626702160397222,-0.03250559510322097
5217,0.14196083409957472,1.0050639434337116,-0.7878722034375539,0.15070089699574943
7377,0.41050753583383426,0.25133888203060323,-0.4510017698592285,-0.6670204962869012
8057,-0.4954011275332348,-0.015709999586015308,-0.32997772746959714,0.41153715232921245
15577,-0.6047685961428104,0.24103679214652501,0.6120673150267772,0.9383634345537095
1337,0.12965778414892434,0.2446177915528093,0.2843890523270459,0.17383224724730667
5497,0.32388661166916793,-0.4733150957283319,-0.12410863631481575,0.29807163977926426
3297,-0.911552381373644,0.42641354301233597,0.2215102463092102,1.8116166734658758
31337,-0.17678961826582418,1.4925161165059906,0.36059930877259505,-0.2043872804596888
13817,-0.19419054653579151,-0.2405021265094305,-0.7260151107986355,0.08416810473435007
22737,-2.3144073186244953,1.131834593814011,0.20712104225840827,0.09495411045951531
1257,-1.1867164503202174,-1.2973436692694114,0.4755822219951951,0.4246875755065326
9457,0.6385670460079625,-1.0226241576499981,0.2697773646697397,0.02620598053089671
6657,1.1092245924276782,1.0403746750461218,-1.284924848832315,-0.4391916066800052
10817,0.7426824808758951,0.351865706816398,-0.4407719203844523,-0.9476549659357615
22057,0.7953723047590651,-0.3165201955473951,-0.5587987780716774,-0.6853781119927789
27897,-0.10597617163423381,0.8583312111283978,1.4333629117297677,-0.05639710729743997
19137,0.17205283980062788,-0.5281413631533406,-0.10176622367608448,-0.5080239578674938
27457,-0.6396304162769114,-0.3621763844784384,0.8610144168424547,0.2357269045519884
15617,0.47640363749225856,-0.009212280950787771,-1.48618856767644,1.6798754596354655
30137,1.2216484514227164,-0.7077278980840815,-0.40045561091911686,-1.5333029637532547
3657,1.4637952991725296,-1.8097128180908675,-0.043971025933217715,0.13814181056319536
6017,-0.9309488562713707,-1.3123675165542863,-0.5710760861882984,1.135540806759506
23817,1.3805280516811973,-0.8067347785067145,0.738806428410561,-1.4324955603638
11977,-1.0271015611616319,-1.6592029234845291,-1.7944865407209118,1.4922602212050888
16137,1.5407331418400445,0.11739322649008486,-0.13566624871054564,3.4107622629155347
32017,-0.402491847857216,0.18128572816812985,1.2601065468255002,1.0453071283837525
28617,-0.3496913479634525,-0.5563230631976541,0.7791064493508498,1.2559571247091794
32777,0.5408255510340233,-1.725324710243605,-0.13303561209935744,-1.187110965565993
20697,-2.999350205646556,0.8619575236395088,0.7305344538654254,-0.49600901576190215
657,1.7667216334043303,-0.08399451627431405,1.2444884518090211,-0.8069246296342352
9497,-0.25241569382835616,0.8973426717088945,-0.08936926990390544,-2.111451321636772
8977,-1.7546458217777712,0.5176668355506161,0.6243454000167677,1.2732660389331576
13137,-0.43467726174861565,0.7566019258191802,0.4107611426641277,-0.6268799696046139
17697,0.7913472270270788,1.0917024424315573,1.2983622621657347,0.24246165369364986
25617,0.06436020644182443,0.3435771564105351,-0.43745996019868105,0.12798610194012003
29777,-0.8653998409536339,1.2847726769234118,-1.4130742849334592,-0.6554235588794628
4657,1.375827448598439,-0.2528663735867022,1.3873065857553133,-0.5649799379397799
15657,1.149961068173494,-1.2109282836879192,-1.110640481440081,1.5530523738010054
24177,-0.47117459047348426,-0.4049684143580396,1.1332089562569556,1.5607433691086412
1817,1.8675522422773776,-0.3062378670885496,-1.7398656916093662,-0.5110023543069828
3377,-1.220866405031024,-1.2221119090373256,0.6756835744827185,0.9347021086063669
18457,-0.7465746105053147,-0.7411156432652716,0.33821255757746443,0.30700413984305064
22617,-0.9169965850486088,-1.4648609870776863,0.8027101948314647,1.4456498645491154
3977,-0.5230584255111047,0.07465627593915791,-0.23086651265128122,-0.06663553610223397
32057,-0.410784417222897,-1.012255517554893,-0.9483513608044172,0.4470125420552679
30017,-0.9956436915070281,-0.30117931895985006,-0.583776993638299,0.4306060028848161
7137,-1.257010679559573,-1.005020717317559,0.41515173889005635,-1.640811031042833
13537,-1.326289986669903,0.8172631590678696,-0.5823987343309865,1.4182342358943967
7497,-1.4514302332646323,1.4341923253124138,-0.012536106893253466,1.3357602866859952
27937,0.21027712621652792,-1.471969079895298,-0.08460517285092246,-0.16699680375503986
15697,-1.5968507322243595,-1.963093697441151,-0.6752136668741513,1.1590799279862303
23097,-2.2995311156512677,-0.634540757690671,1.6660737515784547,-1.856776889996648
3417,0.19386653178172586,-0.6057014977087486,0.06652965696903572,0.12144446257381608
24937,0.025695479586533072,-0.3174057688417296,0.8783196855815528,-1.703221502472286
29097,-0.2915206345362936,-1.0011513474569478,-0.3773238974911279,0.5220146711766842
13417,-0.4539240512433436,-0.8462167168205267,-0.08951662650566519,1.2128020628408995
17297,-0.6645027787587254,0.20249425560614112,-0.009531181874770311,0.8198750265351196
19817,0.3943057406514631,0.9664580325299943,-1.0900588369562427,0.071910386354714
4017,0.627161134837596,-1.0473030556626752,-0.7834051362727795,0.8988276283207044
26537,-0.8099370637386565,0.3485638059568399,0.3785735215444041,-0.487193869600751
7537,1.003155872620804,0.5781577741987493,-0.427182546513281,-1.0911873527533176
26097,-1.6624608099857043,1.057353421789162,0.9131610574517459,0.5441129402073325
16617,0.3089123862579993,0.25609217425047076,-0.8766213527868988,-0.21407797262771988
22457,0.8889945882645284,1.187361868790923,-1.082237243274835,0.8048277900730278
25977,-0.6000385099699743,1.3018557714612355,-0.804582605355709,0.6300809961183901
13697,0.1491160416979522,-0.6213765649259247,0.33483083577726996,1.4453551114217538
15937,0.08250054251153674,-0.8187813591674039,0.1879587937945443,-1.4607636084496725
32137,-0.5957588896733538,0.716222104371086,-0.032328290933532323,-0.6909897881274815
3457,0.20789437826018928,0.048803675146889575,-0.5749020283194447,1.4363791519314781
9617,1.151371947479132,-0.4831534868008205,0.4607348528690211,0.24568473062423649
7617,-0.8010461957424957,0.7442273301824596,1.3956703150594856,-0.6421258152982432
10137,1.7401799767068737,0.4161102983604664,0.05934663888026768,-0.4500044921185122
20577,0.9541089078574367,-0.7353444224776527,0.8592606436606498,0.6709189100844265
17817,-0.14582112784332762,-0.5767300450850997,-1.8268389405294674,-0.3231293416644371
26017,0.8019548691367162,-0.28051596816354557,-0.9536087189158499,-0.7901805060693216
457,-0.4563614987288806,-0.6301549417923122,-0.40053539393459037,-0.5103809122992317
19697,0.9817425743897442,-0.31492544919220833,-0.7067613185132835,0.35594439827847935
23977,0.30659699873004637,-0.17613998305957457,1.297604018008938,-1.0278441179633413
17097,0.4722371329704434,0.9919433934090383,-0.6371278831350335,-0.23353658114499012
21257,-0.06291775016292155,1.4541658745009916,0.2127282626065419,0.07749203749002377
32177,-0.533660641861425,-0.019185718910264125,1.174961763268198,-1.6579186671619068
1617,-0.10473713698951381,0.21779634250728494,0.18187963836382237,0.3218091072410931
19017,-0.27301986226675234,0.3374802691540726,-0.20046053365331037,0.41830038988803503
5777,-0.14411503137924944,-0.11549530407353567,0.6013444208735358,-0.5680183630437204
9657,0.3883791077861514,-0.25928107420725915,1.298267127396955,0.5364373979465086
14097,2.036119813755872,-0.7210585689921121,-1.7235112427584538,-1.0357924624295103
22417,0.7427376003281945,-1.5048115277365695,-0.24360511892677825,1.425139321444929
17857,-0.43413924104668655,-1.578622891688339,-0.4863134643529248,-0.28547700687621375
26577,-1.5978407645906632,1.627996828898108,0.04663181864965536,2.509770147276237
8097,0.7168115164336057,1.731250672695269,-1.9817435778072154,-0.13656811368396368
15817,0.3055884343022228,0.5258854633865175,-1.2540048411848135,-0.635928522165376
11097,0.7608962683087239,1.1383012316368795,0.9664334316657474,-0.5478489278333756
15257,1.213490858183827,-0.12576717756349756,0.6413600678929224,-1.3114847056981347
3537,0.6141804178904723,-0.19271050569772358,-1.3120282864209603,-0.47045696775377094
27737,0.9448907572886369,-0.4146372362705705,-1.3326388762125299,-0.6509603759857177
2297,-0.2515116245334709,-0.13716396689702712,-0.1510293866992587,0.6278337579035265
31897,-0.5264789579721613,1.5844631978712496,0.811881082659642,-0.2859836745542582
21977,0.18251446223028045,-0.6382074288247923,1.588147543992139,0.5564427251033355
3937,0.44975773865064417,-0.7894838117513319,0.728204256710188,0.5356771816953161
30177,-0.5096514685414768,0.7937304275240559,-0.5506624458668687,-0.8004556098547406
12257,0.20331855653434486,0.8383286725198306,1.6172810943289335,0.6640584851150968
31137,0.011374638436622357,0.32905713101369527,1.074079717872763,-1.8045172769335942
22097,2.0831702928423783,1.5187616401188817,-0.7554901334454951,0.2196268319096206
17897,0.7537958093840316,-0.5172475046718685,0.183356374666945,-1.6157167506637964
28897,-1.1402784901577947,-0.7789551983847085,-0.44523937183879053,-0.897759592931857
15857,1.4778876617116954,1.764750828910763,0.8838089569051814,-2.1478799974665677
31657,0.613863391115629,1.1789669204994568,0.18442931212311184,-1.3284586214310417
3577,0.060683324226120106,1.2100896100046332,-1.3490676276406526,-0.8654233232826931
21737,-0.29109091981379204,-0.07118426502295645,-0.4879204811084566,0.8445965067932033
25897,0.7252018700876582,2.984661034050329,-0.028946053263303073,0.5380527197800251
30057,-0.1649279757007167,-0.8981052986725476,-0.5437275749237869,0.8827904105875095
32257,-0.532810408470952,1.3313002906067977,-0.5929053734947974,1.7525489320865124
257,1.0818313507349007,0.8611887603376077,-0.08641042549589309,1.0479417347468265
9737,1.002726667124899,-0.6063298466026358,-0.33625131951438547,-1.2567599698739604
14577,1.2936852678106556,-1.1332608295966338,-0.3574354568198084,-0.6193738717403587
7697,-0.7977474146013332,-0.039929098194422,-0.877594045275872,0.8601617440626808
31217,0.5416634303294233,2.2218520992079975,-0.6707075328161345,-3.0397402155573667
25177,0.5818139541608535,1.4909463424989362,-0.026134306377383665,-0.051584710434276905
26137,-1.2178310627463707,-0.8499992812741717,-0.7532972499588229,-0.07313762420055521
7417,0.6344816384118535,0.25320923834460024,-1.3071704012051055,1.182873140697645
11577,1.0372149792234262,-1.1524889867006836,0.5266982099732542,-0.806643898182654
15737,-0.948990150112429,-1.1235616980314702,-0.6978685744471488,-1.7071558071852901
3617,2.228815955615199,-0.8615266907465362,0.12212656629839319,-0.7433049858390798
24057,0.5491975700560401,-1.1685816352200982,-0.5512804186261011,-1.451239330876096
28217,-0.09389711835825683,-0.43420708118756884,-0.029951817395656926,-0.07190973115808616
32377,1.4277586587452773,1.3920381372996937,1.4620367781545158,-0.8649641648949351
11817,-0.8988053760570002,-0.957487239081122,-1.1849949885625946,-0.07971048675845711
4417,0.8519447672845485,0.7869948530981943,-0.5710021071752018,-0.5022309913664833
9777,-2.0735654536816486,2.2795313696737263,0.20459293130962686,0.9058044343192226
12737,1.1932954137975744,-0.08420353199130026,-1.1832459566664633,0.015457567829689985
16897,-0.5335371772658071,0.8400953918466701,-0.3456378207969978,-0.6109169125474715
21057,1.298851178276471,0.4446859297282055,1.0406397928708784,-1.368314224590566
13577,1.34045040855152,-1.034427116015086,1.1320442794488255,1.708978879477279
17977,0.17041228034114198,1.1016188814660917,-1.1458248469230259,-1.111578949120173
28857,0.030515469858436898,-1.188851911695793,0.48925153245973607,-0.49251864213924673
5697,0.03135356646740246,0.12757339305913334,1.4873445821541156,0.24925527438903244
13897,0.44309913178528876,1.1801275191929101,0.6582853601476619,2.469824183878281
7777,0.51311563135604,0.5542649016810989,0.4841159007407394,-0.18133169232662333
24137,-0.7437138522023005,1.0529115238142661,1.0869379591072619,1.1393245148732891
26377,-0.02375271520972252,-2.016395005469704,0.7455298530331881,0.2637947182876699
30537,-0.4159667717559449,0.04488433644865331,-0.19700060543103248,-0.0012827855381027519
28257,-0.6565965602678302,-1.451128065055089,0.3104402916025019,-1.7876855181271791
32337,-1.1885367492726122,1.509625260343105,-0.7533045997938889,2.0359012115061508
17337,-0.33791024681587334,-0.8952001744673691,0.026794475997563093,0.2379633847177109
10897,-0.34427328037762017,-0.009059103270104835,-0.36372471953234026,0.8200862168142095
9817,1.2182855759015556,0.7014735935181134,-0.3825657592108844,0.27085312024770103
15057,1.5666324273611563,1.0956277826233238,0.11929519921246864,0.17893164339475742
32417,-0.12407522329397123,-0.6358831653028391,0.1660789726590616,0.11535518282971555
18017,0.10584341865648587,1.60898809372514,-0.028408910205881713,0.24162918893172972
26897,-0.9197907084712875,-0.6036867818633507,-1.0214316097077014,0.08666913897575988
26217,-0.8866568564690045,0.0414771410275678,-0.5835956088759832,-0.18497272526627542
7897,1.1553693481394849,0.7970253374158823,-0.8727247789856976,-0.17101434280195893
27057,0.7096323856998376,-0.11860176572673656,1.8672849060089642,1.1773868239967955
3697,-1.0962865621989992,-0.06804273580258609,0.3012735170205538,-0.14611931544971232
24537,1.1051814921149579,-0.6175947207290399,-1.0183001437191137,-0.16611996482590058
20897,-2.082532626903931,-1.222045003077797,0.6360774595105577,0.14339874399440547
15977,-0.2543804516897918,0.24775755029006336,-0.7141741574415118,0.46527379353737136
1657,0.4719572560862492,0.42788473942267996,0.9503461543281401,1.9854282211628358
737,0.7138245072187025,1.7702118963275564,0.5557322689219791,1.0465819487764634
9057,-0.3701900886041124,0.6627849228601788,-1.5598456878450682,-0.16676034194603534
30337,-0.6710091588054692,1.2688644046234847,-0.6653453073569252,0.9921419525256966
17377,0.09602166574223679,-0.30870398750669703,0.34002191137781385,0.2752255096296676
21537,0.2903695878668638,0.5422290692676502,-0.981975625575963,0.21224503950166002
25537,0.8113971467993464,1.7722391521810559,0.4828976222636415,-0.6492955999084588
7817,0.04858635138992524,1.370428258144745,-1.0569887768766304,-0.22357625794371797
20657,-0.5781620659284691,-1.9358648318385496,-2.4827187099707353,0.04995368338898351
26257,1.151269111214111,-0.22547658834494472,-1.49628077448099,-0.27227955357591216
1977,-0.319736664401012,-1.150020027616226,-0.2440483045742234,0.3424739544084921
2657,1.2922763603009362,0.877325474002263,1.2341599291496428,-0.07687617369751391
4377,-1.4935611021042088,-1.1302075226129513,0.11173784736076842,0.43924836788441374
3737,0.7118858392703189,0.18598533447586024,-1.1840268080175078,-0.9800219900583168
31017,1.2230437156658274,1.7622718989656319,0.1652751014156224,-0.7092494841562654
22177,-0.08989244784889996,0.8651788586013548,-0.4000177849699084,0.2829309070415086
25257,-0.24118351427910278,0.6850075083929572,-1.1959708252259407,-0.28921118807557894
11377,-0.29104051298977207,-1.946159841891648,1.410251655986701,1.3825287601527747
9897,0.02891221970541935,0.24186171663678652,-0.21914622537458792,0.702969730158862
23857,-0.6846612179430527,-0.7744307244841961,-1.825023513238758,1.7932917102821673
28017,-0.740578477060427,-0.41355003866801976,-0.281917331100814,-0.3749752877113027
28337,-0.022744712103151904,-0.3584821147979524,0.13185989563672423,-0.8799151349724099
57,-0.4219704736986746,-0.3416865963457448,0.8283505837263807,-0.46128759238448563
1457,-0.012356112544477122,-1.9646242958080637,-0.6304680032109342,-1.055474400253802
16057,0.9617292569850397,0.22478853216666975,-0.1598128711122576,1.0513557697795708
15777,-0.6041140179733306,0.4090037419916604,-0.5762192372310304,0.3929130379851706
12537,-1.3076560140464817,-0.19070570610348955,0.9555451936021556,0.8232642085474998
24257,0.7844268966918078,0.6907527726871588,0.05404985330934445,-0.4951253406655293
2337,-1.851664574917994,1.2464259765737729,1.3038952781504447,-0.880338067388418
22217,1.7689645716488407,-0.08204801163540029,-0.2363849998449784,-1.754290772757794
1217,2.2310656758738308,0.7149083532269112,-0.6816169517309661,-0.2908641586367202
5377,0.5596060811971368,0.5775798424593477,0.5329444947507224,-0.30108086662876166
9937,-1.526758883906952,-0.6184911040622754,-1.0155710446156134,-0.5850567182606542
22017,-0.2965128064640982,-1.0490139060410173,-1.261298446539975,-0.0876014515431694
26177,-0.06511358214608609,-0.6567475668287152,2.206547586552907,-0.6293204442564392
11897,-0.9659306072755537,0.5712724209456598,-1.6610742796945963,-0.01828218882106452
28377,-1.445617738100136,0.7751774150929625,-2.410109102601718,-1.410176053257771
2377,1.5073105804388238,0.7366241469556373,1.0202453030103986,-0.6359856428488168
6537,0.029674244897132013,-0.2399159892096807,-1.0218628486494241,-1.1851893364000043
26337,-0.5429266217963372,-0.17312649793406787,-1.1336391339433847,-0.4140432012807636
977,0.5021525159816311,-0.593748870595616,-0.37790646211904516,0.03471358883975173
23177,0.19932425358403358,1.0485745404236628,2.1507300317536346,0.17960249403318318
3817,-0.6617234143435752,-0.40894261319125036,0.5447937559216568,0.8236199515942321
18097,-1.8968442037260362,0.8282744444412542,0.9587696359723094,-0.6485122243260083
1777,-0.050892564641111894,0.3557079928096683,-0.1279054724047082,0.27416627336860766
11857,2.2612041695306653,1.0305716078846605,-0.2769322454040865,-0.4360158599369319
5417,-0.39736572214720584,0.12239079742240111,0.4752786068186935,-0.8657717928882506
30457,-0.9588921468748266,0.06459654793855524,-1.0856057656115323,1.7432045021877196
20177,0.19956323044955918,0.6052374832683054,1.0863614571073434,0.2536077264626084
28497,-0.1688401321878164,0.06828537569730046,-1.4168031491592632,0.44236996364347536
32657,1.7072739994935193,0.5926066260229942,1.9827154031914698,1.492359952601333
28417,0.5001712713157491,1.4007628823122171,0.8958277584702425,-0.5028668385721365
4697,-0.527092154040481,-0.29356273729142274,1.0451856900049854,1.2898664419092365
25217,-0.8364665106707174,0.16682498451780609,1.9288736897340624,0.4679536533211366
8857,-1.0113766982878725,-0.9998707369582301,0.8551641469758269,0.07139273386938452
5897,-0.17620151203583514,1.4186774570499117,-0.8408359598873137,0.8395398249804971
13017,0.5920070136215152,0.27140037930604205,-1.2884973215664064,1.098738491764503
21337,0.8186582738115524,1.5011610003431168,-0.335677332875668,-1.3647608760906684
24337,-2.1155803594447895,-0.8789250248664982,-0.2242475567812852,-0.7290719404677045
29657,-0.6075112948406555,-0.15298513965975385,0.5631513769498073,0.10259790904937555
14297,0.5410715011746355,-1.5576072217394634,-0.23895797708980615,-0.9317531668809881
12057,-2.2119177386652824,-0.8249630428257297,0.9274181166468077,0.7544194871189598
5857,1.9438174737394869,1.5372896417668107,1.6538654760586609,-0.14266551229148658
10017,-0.5173685416703788,-0.30298238136250866,0.30059193574308424,0.6291323123868868
22497,-0.7755827327809619,0.2909492781780549,0.70029970029083,0.11473749932423485
26657,0.44277836716221597,0.5571343519235675,0.6551104704128403,-0.0018068850224509832
8497,-0.9964438561276389,0.49846258922512815,-0.9321594567600137,-0.004517340071104559
18217,1.0224717063839297,-1.004568378668556,-0.8955071911433138,-0.4731303180811057
7017,2.326003274854831,0.4284885385533801,0.7927775968978316,0.3357327338498555
5937,0.14652684206529198,1.0234445702881791,0.8557719166014484,-0.005002773859010977
15337,-1.697975986837125,-0.5304843729282822,0.17131767525944588,0.5020592018858908
19497,0.6830433493923265,0.4434016951505075,1.940348157465718,0.9367509857141955
18057,0.5796682016844358,0.0777894034329085,0.5667870696940325,-0.4880456844209153
10937,-0.683699822125353,0.4878617632324264,-1.4047178760577863,-1.313601066297019
14137,0.03966374817642713,-0.19861585257440814,0.033393882742282985,0.21259364657210755
31977,-0.17010119390348913,0.6600336207484118,-0.244708511033389,0.01265600509059472
32577,0.5268908845114805,0.2649465806294347,0.39529339759303955,-0.37831702008805346
8177,-1.0441913036266028,0.7189912122658764,-0.1695632830182166,0.4231872574136558
2017,-1.095262710297819,-0.5828376958496011,-0.22407887360947704,0.2206295599114854
20297,0.1770224992736355,0.061181927827101606,0.7565707984320397,-0.07838703371636094
24817,-0.7995275549048299,0.23819497250313926,-0.6983482679243702,2.2758416484129063
28977,0.8423001757919407,-1.1087960115120181,0.9079544374182296,-0.6608055679563324
8017,-0.16583430305975713,-1.8382122109723131,0.06091683692587975,-1.9518522553961506
1017,0.1763946773946993,-0.5998457020298319,2.028358840141256,-1.407703357765749
6457,0.07905645795842257,1.555836834178418,-0.42092273915879125,0.2617881070678452
16217,0.9679100362175935,0.28820846066731387,-0.8709234049126705,1.2619070130171437
17657,0.69229037335843,-2.206976156100151,-0.44121591119608766,-0.8751512877232791
21817,-0.6285715212140087,-0.6190958202547082,0.5757434112707791,-0.018413632611631744
5297,-0.3422502723231953,0.012187376806740938,-1.6805025411208137,-1.1516288365372922
14177,-0.9117518774257615,-0.06966193835799639,-1.0283937277947208,-0.6700687554229783
16017,0.7055666434620235,-0.04541439321112023,2.3745632943085058,-1.3164709430844164
12137,0.08066230938211286,0.7229903001763861,0.03479776601171843,-0.1914004088932535
10497,0.09613547901967812,-0.49253434977307153,-0.28447217454109835,0.765536108216639
9137,1.4690678444137215,-0.7268923133653454,-0.4673528216785437,-2.067952666046107
18817,-0.16017701315528365,0.7687438560633467,-0.8368730873379412,-2.33515865393073
30577,-0.627371934975617,-1.2447134222114518,-0.18107968839644387,-1.0493341773640832
10217,0.5901997299258713,-0.35740747928522976,-0.7362410797025,-1.4074620722123787
18297,-0.9129785703798996,1.2558601919071393,-0.24944586460051316,0.07770673606243192
11657,-0.919093041769321,0.48633451514203974,-0.7053927745717211,-0.9854822124460717
16257,-0.29032319312538285,-0.8218142355835928,-1.0415308584860608,0.1651021562757446
19977,0.9605035666427915,-1.2439363892883004,-0.09823325694396697,1.0756364013195443
9537,1.0627923100803143,-0.3907771337639051,1.020643871693301,-0.45677162338234106
28297,-0.9013736622846518,0.0770126878690963,-1.5980756148131359,1.1193382134747363
24457,2.0887187832253318,-1.3234307900788025,0.5057193895428131,-0.419805755453109
32457,2.1940778229391817,0.4890890402216714,0.14778960470223465,-1.0723609936511551
9697,0.7555255112183266,0.0985949406203545,-1.557474150244204,0.7360427805724924
4497,-1.1604144877936438,0.10819465714993848,0.5017025575972401,0.5339653436229805
1937,0.8861518143220749,-0.10573493011674334,-2.325153476760834,-1.0539087179687692
8657,-0.06421825682579341,-0.6465173515202667,1.8881348308604575,-1.3804649113994865
12817,0.3972644165898245,-1.716184685505236,-2.165001164439407,2.0383625579262197
16977,1.3700161718996724,-0.29517220411828315,-0.4005216386772507,0.4643002475737272
24217,-0.1016390311021831,0.5408656679678815,1.6777695262762358,-0.5165969799981424
30617,-0.1563455799164578,0.10010688834396324,0.15284172836651808,0.11824494001595698
29457,0.0026897419965814747,0.599338671837385,-0.27791433416527217,0.06072826690175956
18337,0.30040668442367197,-0.0010640717249272022,-0.11789384676541849,0.22415135758381283
1497,0.7321373753553286,0.6483373031182335,0.1881319836302419,-0.7968467847374032
7337,0.9860500255245944,-0.6830063615037488,1.6553381212750407,0.5704491547065059
3057,0.7426508721972771,-0.6299296513697887,-0.49933749406700007,0.07235699511619363
13977,-0.9458520617871128,1.2620318575960616,0.8868177627134408,-0.38053915777640024
6057,-0.3607514791487509,-0.7085807443424835,-0.9631242811649581,0.45521678911224117
18137,-0.31786564728277183,-0.2515817140591839,-0.7710220833772188,0.1709039486113639
22297,-0.25173313919817514,-0.811412838513781,-1.9688670754834208,-0.6879707047200257
26457,1.1477238390448872,-0.34020265819033063,1.2992466165421348,0.19437860115018143
24497,-1.2644538354124006,-0.22140449753283314,0.26934919866007623,0.37231436096382
17737,0.02946470163408765,-0.05078671059658617,-0.42674270539977155,-0.7185366646168239
12217,0.14663339576582235,0.24538467753724155,0.6006151761109272,-0.7548355066848078
15137,-0.6680025751782648,-0.19029260196565928,0.19412269738321283,2.431431291353906
19297,-0.031688159064808694,0.3620669135020025,-1.338740215818478,1.145295575400528
23457,0.49873697290195945,0.39738567184584095,-0.2030037103824947,0.7078805470277902
31777,0.49616543556623954,0.23441693080226386,0.09990385646956704,-0.4066978320972006
11937,1.3330169809653747,1.582818757394196,-1.5734775873814595,-0.35585293741617835
8137,0.6197289529850665,1.1875901469986767,-0.34840489845150924,-0.665025152354515
7977,-2.8104439017601277,1.2675066162693678,2.4010774263408865,-0.6426772515233253
16297,0.04661675243667618,1.1592266575621297,1.201987117835558,1.5306416710402453
20457,0.7605192899467572,1.7359352426409407,0.4855071936755877,2.4855247747845213
24617,-0.7382846268457272,-1.2131971892477666,0.036898696583146436,-0.7513547722981799
21497,0.6436514142940603,0.08588397607250171,0.07400507868370228,-1.5210412804364823
4057,-0.8093650033099402,-1.6319671199889483,-2.178602159212731,0.8366465480420359
5537,0.6637283751685621,-0.917379818954485,0.33911243734064495,-0.13573531030003366
817,-0.4245057292846298,-0.5443037483301618,-0.3036026115389441,-0.7909987215812789
32737,-0.3084231516329525,-1.0356594622805926,-0.23787113189800937,-0.24226563081378896
14457,0.37456141188204406,0.5981204930713333,-1.389651112496078,-0.990109675026754
17457,2.356482202522902,0.46747145188459294,-0.04711100330376811,-0.9548918947734829
337,-1.0233808910950388,1.4770009225568577,-0.44134614817179785,-0.024480020929183097
30697,-0.5934460693616059,-0.4490350522766005,0.11836532469666308,0.07561623562315409
29937,-0.7221038410025882,-0.30536602459784334,0.8756810557940606,-1.5527338580413959
18417,0.5481490756478778,0.3549049413634275,0.6304702193567235,0.6052954191646199
20137,1.4967371699592549,0.4336559936990681,0.3196944795098274,-0.8144840239421761
16377,0.9884615459024416,1.2194297154925102,-0.7810463119663944,1.0610938235373901
26937,-0.4752327966908489,0.32359710876053094,-0.3875108444867824,-1.5067127602769146
31097,0.05553381447345922,-1.1644224303574207,1.572616379534627,0.7922960247794406
