6342,-0.2402127598003934,-0.19492419774864195,-1.3105435249482873,-1.26174636473524
10502,-0.37704112572694465,-0.5039703706204034,-0.2307725704435039,0.5124664034331424
10582,-0.5213076541287195,-0.24257672885762713,-0.44543591767017765,0.4402388568865074
14342,0.48477573011339875,-0.6813866762820528,-0.6618404750728344,0.6744971158593495
22982,-1.0535076878821494,-0.3641759899155357,0.4263232644115954,0.4059763878646483
27142,-0.3292544493625872,1.0988208134691955,-1.8706761327269523,0.2934668137693231
31302,0.06066425097549081,-0.41672055590787543,1.68743470614483,0.5291112034740884
15262,0.5043904413416881,0.7394487921723455,1.4006775452258151,-0.9074990849750683
2062,0.5881261364633421,0.1985327573528685,1.1359880165542358,0.39908104768892444
9902,1.2263547343691386,-0.43275866491617204,-1.04271408404082,-0.46005044134471224
20502,1.218681512370616,3.149505877365698,1.003551396597092,-0.637357049824575
19982,0.6063783343521117,-2.0303998668206447,-0.5734525375201412,1.2916595361200491
24142,-0.4187792748278295,1.9707809975055455,-0.5799753209096914,-2.1115672778091397
18462,0.35915811795746116,-0.13648755460684164,2.6443769512041673,-1.3412113544170763
342,1.5010816579640345,-1.960940505265421,-0.7696534890373817,1.8044881141247306
9222,1.607167984761496,0.3924153536592465,-1.0294652553130614,-0.5460333253624625
16422,0.8747110468317894,-1.2357774658065568,0.109710069832249,-1.0514912699849353
382,-1.2194553553604432,0.46442086465776916,2.6715659127638647,-0.9855436909891722
24622,1.3063647455228669,-0.048960274569690584,0.9442418040165976,-0.8768815654106836
15502,0.39827478747285394,0.06801352064211456,0.06398843771684805,-0.9538974248574265
29462,-0.23624808035340025,-0.6396072498043538,-1.2555756734627228,-1.3224138120667615
23902,-1.0311438786666587,0.8903350609955695,-1.1457173806214984,1.4664398053773566
2102,1.1381480493717488,-0.7447494109058955,-0.32355613177714776,0.5682366836216566
6102,-0.48525197623766786,-0.3211264609669153,1.3999578783217286,0.4456335787396576
1502,1.149750304423639,-0.07838154014744377,1.8157435822797456,-1.6792433791016657
62,0.6702349193150267,-0.41652115774515946,1.1873575985248646,1.089758154849405
22302,1.7658278719492888,-1.2696760406944072,0.9370283028905001,0.12578303120388992
13462,-1.42008289373398,-1.2340037293878467,-0.014356787315575586,-0.854827704950373
7862,0.7520032264158467,-0.15349648697364338,-0.9431959295943682,-1.6289305024546203
8262,-1.9386960596935934,0.43904585679637453,1.2470284815644375,-0.462283466436873
26702,-0.0009309672280179409,-0.11878790168028662,-0.4765489019185796,0.6067243317072848
7182,-1.3271732649882604,1.7497931017630606,0.3172138864417733,1.954767073072177
24662,0.9900620533242652,-0.6574920732637977,0.7653755490925845,-1.2139338931053347
2702,0.10830396138635925,1.9594334850929556,1.0692316638771455,-0.3075686490948765
27622,1.0655975110934386,0.3028166363028464,-1.7364538925624065,1.5918389454434572
31782,2.1523053572238076,0.9498567863883371,-0.34221122232221557,0.10117304856986956
12382,-0.9401414668878407,-0.5916645392631629,0.26301861654472414,1.2215353480530708
12142,-0.4699844562867262,0.03412323945357366,-0.471499393277657,0.25306143582375196
20582,-0.7332546721041799,-1.310284039680522,-1.415638372219073,-0.1264115785208398
20462,-0.6727706371241422,-1.0630206118259644,0.47134868733731516,0.30739027223623006
28782,0.920350858452457,0.3569655755666834,0.6191922579008015,-1.3354766928490183
822,-0.9113961266645438,0.509133314548048,0.48218240665949846,-1.8940926727969023
4982,0.31928684151235165,-0.800636543938296,0.015622915342016503,-0.3140467163267405
26742,-0.28226312249510893,0.8062257222520213,0.08768034822996057,-0.261480321462888
13302,-1.8328178923935041,0.11827998647977155,0.5495510923786795,-1.0719396680145796
17462,-1.7115877286857804,0.11715404449153434,0.041519753208118244,1.1737923775054673
14462,-1.2225071964449306,-2.752007740868042,-0.0787971126454019,1.425884285356612
25782,0.3600154245878513,-0.38037986771529075,1.235783449456212,-2.4232064712509715
28822,1.8771688402983915,0.30962188962283776,-0.7910631570345361,0.9087032797047297
29942,-0.294219454095917,0.5636121188517934,-0.39039177722094187,-2.103920578240429
25622,-0.9872878482752988,-0.2257414876949692,0.40790360141708115,2.146489091040155
2182,1.829725875369484,-0.09470254799031079,0.7131912205953617,-1.8415895903366675
1982,0.09262673682646981,0.5649460649219545,0.7034495147095668,-0.05827381571607267
10302,0.0994324662650994,0.7986263789525099,-1.0378392163115702,-0.8754079126954986
142,0.36312485143757517,0.49232514390396814,-1.6466674369910828,-1.4682120726543648
18622,-0.927595758001703,-1.2538487092430939,-0.6369444821146938,-1.134868366650158
26942,-0.2566459441625134,-0.027415226889866865,-0.3305863695446804,-0.5607314278335429
31102,0.040727653816323005,0.4531757275498365,0.5238579505604518,0.1863259443673494
8342,0.25379131721332054,0.4389657820491071,-1.9713734376257388,1.7294378227847396
3142,-1.2296237268530592,0.7332703100471373,-0.43572041875681666,1.6988761460974957
16542,-0.4905600543827565,1.752045734308096,-1.1789262544345538,0.9357983791532313
4462,-0.6677660118794534,1.8830602126015588,-0.014480746566046185,-0.24317967877831917
14022,-2.46949889792727,-0.29806230508795717,-1.149938918295685,-0.9030855672307944
14502,0.20203090334520718,-0.6803536193433388,2.0181316634834716,1.1459609446795058
32262,0.19946710298519837,0.8885191612676959,-0.39184303759247263,-1.110052034455724
12462,-0.7921131088111549,1.036956277996708,-0.18375417824328727,1.0374407266325263
12622,0.5419110655199201,0.09367797268936136,0.06791239365307164,-1.996668719008983
13342,0.04559417142641934,1.4099393738180848,-0.37748966837245945,-1.3412324844583028
182,0.5539134601193201,0.909310364415219,0.31346510743935047,1.4688142914727365
25102,0.3010884301781678,1.425894940972391,0.5793427020530845,0.5192078805871693
8382,0.4764130532170389,0.7849638892163077,0.13880049438481867,0.9032067939808781
1302,0.006882088909625783,0.32286905673722177,-0.8469302230662621,-0.29989482426668207
17782,-0.3352368372705448,-1.0785447595619182,0.030891649559546434,1.0392775891493116
16582,0.8711063222001713,-2.0793817326380326,1.3437508098975333,-0.6054915708049982
23702,-0.20802221007775104,0.2766154744814776,1.2603579053815683,0.023956794276375985
13782,-1.691468626740822,-0.4818753682135003,-0.5824985410560329,-0.5593443246539791
22102,0.3476925081459948,-1.465246932498209,-1.0742818890498527,0.6711215530088493
4302,-0.3733034090687297,-0.6288754318810008,1.3378587789187724,-0.47508486657690546
30422,-0.7136145525406723,-0.32905324854158874,1.100105181607258,-1.1896124389360652
11982,-0.9666430367752153,-0.530814216677374,-1.1249859280270196,-1.0587712543338839
12502,0.47756438585321487,-0.6269793300165408,0.4710381172463545,-0.6724429320423057
10782,-0.30077282489879614,1.8155666410999254,-0.565081172892151,-0.726300808381075
222,-0.22725730850532408,-0.6985054997964285,-0.04012782852150797,-1.2164667408554182
23262,-0.3546675622285867,1.1174844296579194,-0.0020491708312483487,-0.7790224008179317
27422,0.46070683478616103,0.14483860932469453,0.19056104227307374,-0.08918769343597573
11302,0.8195793572570244,-0.016377421149057707,-0.38598380294464935,-1.7539706188348096
8422,-1.0383510618603164,-0.26881126483903744,0.13056769401741786,-0.38795547313400236
26502,0.4841048114647336,-0.670649765415933,0.857529027038311,-0.7897102547143509
7782,-0.7673057973391032,0.6551824792047792,-1.114902493037899,0.19899449484188478
6382,-0.584748561055667,0.6207658162283949,0.05214990669297477,-1.0405535977985345
20262,0.9235133213686486,-0.2188380551469308,-0.05400294854287275,-0.2552103806562745
15742,0.38348948949883216,0.5271847490826875,0.512363796604302,-0.7024794752585964
24822,-0.6789865537678199,-1.2335912640999616,-0.702083484638236,-0.007727979397988267
28582,0.689878412435194,2.8474826652697156,-2.0584599579489185,-0.11136973765164067
32742,0.6034999559256852,0.9367270668165606,1.5812867555484165,-1.0617476289908074
622,0.2952559573474696,-1.4342916206830434,-0.6720485040265706,-0.48417933989795753
2302,-0.7753241949769873,-0.5881142011117764,0.08658557121020517,0.776173790365619
9942,-1.203719176783812,-0.5678319998750925,-0.5200511563571274,0.92501363368989
30982,-0.3301722740258404,2.253084424384525,0.6746054236308346,-0.12765137477280297
25582,0.6730001492723547,-0.8417624197827794,-0.7179365712902178,-0.4121502594166992
28942,-0.405960631197793,1.3640067546364234,-0.2908151777551969,-0.9697034829236482
4142,-0.10142355107778361,-0.28400731106983235,0.32325248740234513,0.5090184787424111
16662,0.9878216330374707,-0.10551133017242864,1.823909970020562,0.19250522497567926
18422,0.49682798125246924,-1.8076380870391167,0.5848186371936043,0.9942624043077237
22582,-0.16764661951453458,-0.7751754185874073,1.167367901332388,-0.8797353550679707
4382,0.3750381681780935,-0.6394874273237463,0.3868499890433827,0.8058800895211938
30902,1.2686867208676507,-0.09411581747489628,-0.015414105718336494,-1.8123638872806582
23942,-0.19687093811449655,-0.620934554447521,-0.5711916410433958,-0.06670282663942893
12582,-0.37722482391927425,-1.3914245807279613,-0.7875878037678019,0.7359377756816854
7102,0.4563016564959876,-1.6514239936926276,1.3567454639304106,-0.37163981082414216
20782,-1.2522893466895753,1.6265623482529075,0.5073666292522299,1.260571806666629
23742,-0.42273323470477286,-0.12743796028258267,1.9191178017397532,0.7296678018089815
28382,1.6198021154363615,0.9851387450902598,-0.18768756909163944,0.8997755616456482
8502,-1.1952147410252378,0.886906537075114,-0.06917638722952332,1.0002221274584788
4102,-1.9621946762612839,1.8010177799979248,0.4470253492027926,-0.5398213072108431
16702,0.5401320848737169,0.10698601372548659,0.7221555707840774,0.9734096014901957
20742,0.7920150808909449,0.8542410958544258,0.0009163576678369329,0.1103620220971804
32822,-0.5248867923746005,0.9519311481216252,0.3510547861723459,0.029707224973645183
14662,0.8878338158710128,-0.7217110621924168,1.1639775415129863,-0.0878702795303589
2382,1.1750480730068087,0.6202997631228764,-2.6286106787655408,-0.4909384618750226
22902,-0.38287908911758917,0.3898669549817344,0.48980440196404373,-1.142878947749338
13582,-1.4089076424388036,0.5401280610300415,-0.7910423175255746,-2.028208927858693
17742,-0.08817549119883566,0.4792223203442219,-1.4171253303453952,0.1550231932766808
11662,1.1198452270129382,-0.3981409890868923,-0.19687980848899225,-0.13301172316241316
21902,-0.1479476661716102,-0.8140443135820618,-0.4102523201242204,0.12104002389064492
8542,0.24611933432022637,0.23464724970529655,0.8158876158420799,-1.6176270214355781
2262,0.40829397064839323,1.602208692234912,-1.2742026884579216,-0.5214091647440463
6422,-0.26923431453436025,-0.4946718184262764,0.6613844276124736,0.5114846144499352
21222,0.21619489046052906,0.756683751018992,-0.8852164036913144,1.273798837337745
16742,0.7448762286449024,1.3377446884730961,-0.8564620306712294,0.6513621710114963
23062,-0.8941694461516693,-0.9433855275566551,0.010641458953761155,-1.0020422563224076
14702,1.7449137319984156,-0.18669734486595194,0.1724953450438009,0.45271357312615684
3422,-0.06237351223663212,0.5423479494535073,0.6494742028988632,0.2377077357389456
5182,0.4148945033514036,-0.24292317496090537,-0.7333564508998451,-0.1501097304046783
2422,1.1060982768539875,-0.18819108346984492,-0.5420651291147794,0.552513470870511
11742,0.2536536802653564,0.07032815431324314,-0.0897793402344986,-0.649978922422337
12182,1.4011468450216316,-1.726425311712906,1.4921161195388095,0.22505356704242951
30622,-0.3813591478782733,0.9725540229500139,0.6834555766538102,-0.363335394430954
10622,0.3136009494821869,0.07826344125323775,-0.374821880557731,2.209004657857962
14742,-0.4426193088379278,0.5844447667530756,-0.4510642304236425,-0.6823051635031581
18822,0.035498965104619515,-1.3076613137999071,0.15595194691929534,-2.6716914285973306
4582,-1.2819266942928687,-1.1091201256261205,-0.3892992388773222,-1.3733329962111553
8742,-0.2632385407537406,0.4194236675462121,0.06411942239566366,0.7917563257099919
16782,-0.6346928765538311,0.019339890160571627,0.16934210437922786,0.986266793325853
17062,0.8830505385215163,0.4664963655293363,1.1407017766579115,0.2517141379250994
19182,-0.8918856192969657,2.051576576600557,1.0281712620863839,0.9500120448876783
4502,2.6211978041239847,-1.008479666648639,0.9852789878622686,0.2849594959833861
1582,-0.21904218803091238,-0.15777931703050055,-0.47238059638376234,-0.039610371105443416
22942,-0.03381900785877691,0.13292296549816873,-0.11209943942746109,-0.04256352720531693
28742,-1.2267224316792522,0.45442978876037565,-0.6088605598614782,-0.772076726116643
422,0.4769391003335624,0.8152211870763859,-0.12338815099978687,-1.2139248844866024
29102,-1.403623642148701,-0.6152175047859633,0.3268397651686001,-1.0351862013564708
6902,-0.06977179613336068,-0.6908786630586535,-0.27546270448574883,0.4997369573402684
11062,-1.7229903334213494,0.1448917368287704,1.8609043867862178,-0.9018268647681515
28062,0.03438747476186228,0.5392042011011156,0.6424792439619931,-0.7757153058093694
6582,2.287429182381923,-0.47306944715796784,0.3256553299949194,-0.15779740488782146
19382,0.10033194609627981,-0.7663628446971514,-1.332497364565268,-0.6604126326755436
27702,0.44900440094918126,-0.3710265225957016,0.17532779397550247,2.0349892940781973
19302,0.49318608574034123,1.3325539939018956,0.45172666052876415,0.33099731940403315
31862,0.539655287492573,0.2733006851292319,0.03517949766063101,-1.0275337092400338
14782,0.5812859145598328,-0.5260157831353863,0.5344315398175805,1.192515121773572
1782,-0.9868602243831966,-0.6119618365861442,-0.13270341543620767,-0.2806268687203002
2502,-0.5555878020814372,0.842476752195808,-2.0224622755624972,-2.1911546725627637
12222,-0.21392605127089884,1.528536259908322,0.2831832204506583,-0.8107170607816975
16382,1.0170639402716386,-0.5591629686711319,-0.9296856401348015,-0.35889552531601415
24702,-0.16778405407682254,-1.0229737925464992,-0.5196350590493752,1.0193948946532179
462,-1.3579056156485025,-0.5622830697329211,0.8198783748355519,1.2786769554895108
1102,1.009109974114867,1.544467685030823,-0.9190752216681208,-1.8398572545529803
8662,0.3025824627697843,-2.1005996386363037,0.20385400274003596,0.06045824955249423
6622,0.23906660885702785,1.0485801629575335,0.7218950613799067,-0.8473728832525489
21702,-0.04487010370081572,1.4757369075068798,0.5624820170127831,-2.380491234473953
25862,-1.3212457048924562,1.4150513999741776,-1.0828973715207715,-1.5712023062254004
31142,0.37061265046914044,-2.0497343539908592,-1.7028652709890229,-2.323747821494262
25062,0.4537856359753067,0.7078860287173699,-1.2469795753412063,1.8957304767409344
8582,-0.14829340350012202,-0.7753404581502095,0.03518392669985927,0.5447648972630663
27022,0.8914743982970454,7.76172106424953e-05,2.5886174324936566,1.2691510361716027
6222,0.009213269895177352,0.34612664026185,0.5755123933521001,2.9483357936197025
23022,-0.2899426365890295,0.36782617547485336,-0.616255671760802,0.013962008515270527
14542,0.5940862098116959,-1.1831919767413914,-0.24485982471715992,-0.13942215154602622
18702,1.4483299253334678,-0.9918486911874761,-0.10262068308410356,-0.5129159255525437
22862,0.11693970556180563,-0.3306668960201756,-1.7328260558785626,-0.2876509202743945
4862,-0.6309092029166994,-0.29647864952805103,-0.06380988615563676,-0.007966242012149977
20982,0.7456875098350273,0.981346549086716,-0.8370039556506705,0.7028333843888565
31182,-0.3388776446004416,-0.20287669894864224,-0.26801962983366495,-0.9604094757039768
18942,-0.6447631631707686,0.270110212126015,1.2267521046415013,1.658314534998003
15702,0.06369073855909314,-0.6021547334597687,-0.503459173012686,-0.6995948161872846
29782,-0.14218961209880934,-0.5437348414244393,-0.2783243061083515,0.4058517114813536
16902,-0.07025403301102885,-0.18348751914075692,-0.05997366425747932,0.9207755837132363
30582,1.7681000391388375,-0.2540884778422204,1.8832585622724671,-1.1665487001839907
28182,-0.9506689404706796,1.4931951370851984,-0.8905111567240034,-0.8867576995404791
32342,0.21932005396071963,-0.3817137964245391,-1.0823267865512682,0.1422704183116798
14862,-0.15246469976304297,-0.37744477166934964,0.2095286457552444,-0.9262553188387128
3502,-1.3824266599303314,0.0969614411984338,-0.2945099539366241,0.17459438031793093
12822,0.8212749554592006,0.1690775980833781,-0.605127517580802,-1.3943058642282808
16862,-1.653656916909408,0.119454538829815,0.7602098461451356,-0.9048448468788719
25182,0.6867190196789121,1.7341918343223741,-0.18058909101184203,-1.617819150826728
542,-0.7241236569708748,-0.6451523399101197,0.08655727707444823,0.2422044498822287
23302,0.2950622578861895,-1.0754330101435796,-1.1776874173258052,-1.0088194693432317
29222,-0.7262782186017583,-0.7716770093075328,-0.22750977743349285,-0.17725085382061817
5542,-0.6188214107004044,0.8394681911941234,0.06488026413624595,-1.286235986022902
6702,-0.815597873884639,-0.13272187807380426,-0.18974053356261047,-0.2757438075039156
22182,0.45617474590205886,-0.028967400674377704,-0.052145552042471496,0.898627064882766
19862,0.2768512439263079,-1.247891976920999,0.2369765280223007,1.981075689330472
30502,-0.6596176374967904,0.3208663204641077,0.4354101373631913,-1.0792819832795133
7262,0.12525052717859644,0.3624855039414062,-0.352480839853161,-0.2737585868377145
14902,1.7863676284804952,1.2908547225834621,-0.725274227660113,-0.6787438754696803
2542,0.6084062171287964,1.5547850441522113,1.049403111987167,-0.6370758410239852
23102,-0.08747815704461398,1.8041983460828472,1.8065677723723574,-0.07550577898979284
15022,0.986662417516898,0.6129217157362363,1.6527122793855387,2.391812929919633
23342,-0.85798818112655,-1.2842078462097846,1.3926976294099762,-1.302455987315973
21942,-0.07843387735858989,-1.1005675074291117,0.04572833407798817,1.2743779569570683
10822,0.5898933869639208,-0.13333404360925155,-2.310015320078721,-0.728439426909729
31662,-0.7113619444039402,0.3560157323906385,0.718248164117969,-1.3193926506079015
3702,-0.3610827907630084,0.12465964011811916,-0.01569858040855865,0.3535781018319208
8782,-0.3423321511618921,0.5983423230096452,1.2941137900465924,0.6983208640705052
10382,-0.28756478815700426,-1.7573037711692505,0.29432770251931684,0.3457017487856788
12022,-0.9958913201908692,1.1413741373825863,-0.45719269494264525,-0.6911434161173481
26382,-0.7508257704546967,-0.12967412990851687,1.8754178934040977,0.5386509679269588
6742,-0.8556635029542609,-0.45069985710586785,0.8838546312894568,1.5280581264542927
14942,0.07955714462404553,-0.30285669707526913,0.6522675999523008,-1.1853605085541978
702,1.3089997680472163,0.24793362544739947,-0.3862996021320015,-0.8944800261181518
7022,0.39878165382421926,-0.13174939504663621,-2.5400362151442524,-1.607352644358243
9022,-2.0596866060385715,-0.7782071099013075,-1.18879253636292,1.0924158787275073
30822,0.1937117516351187,0.5968447479556526,-0.5531880237596507,0.6207364227204073
2662,-0.28892420397488283,0.5298262472173068,-0.1083547676667815,-0.35310994489031294
17342,0.9671757034639982,-0.7998520594914681,-1.3469883564567904,-0.00510867061449039
18062,0.4469188078973915,0.5665033548328768,-0.12001312746872422,0.9358385197546033
21502,0.050527046959197935,0.3348517970276334,0.735774085957367,0.11030194442129303
25662,0.3968082519647155,-0.116704302755723,1.9795273297928049,1.6402041433208363
10862,-0.41142366232982386,0.11612562511265452,0.8085542428825192,-1.0715968879151558
26982,-0.8232991481623034,-0.7914116012733025,-0.3467593751900092,-0.35751662048053373
19902,0.2878888523696892,-0.1738563912943727,1.1042630299023386,-0.2207159164725036
8822,0.09589875630375175,-0.5089480366134628,-0.49602693528137654,0.4337868087641621
12702,0.6102224916985705,0.8279768185336945,1.0748080534502997,-0.08892383847572087
18502,-0.02100467865258824,1.9929304633216132,0.43062168805916173,-0.0720531894350235
27262,0.2441662375039905,0.45769510284190096,-0.15565704223931687,-0.8315205314177608
26822,-0.9080396177874875,-1.3682811058653297,-1.3647647604864435,1.0315247607836076
14102,-0.7468795012945586,2.038454825500894,0.04703705385178183,0.5826886354353031
4742,-0.24140204047938385,-0.13399505326385008,-0.7539110288224927,0.4610387312469658
11342,-0.8429033278041036,0.3611732704785005,0.33545255585789885,-0.7551487894762733
12942,-0.09588285648983279,0.04097980783807566,-0.3137900434789472,-0.41245851671454753
19662,0.08749224996424418,0.8055142807055675,-0.5755199056882808,1.1383650641480438
13422,1.1781917944920741,0.7965216946661967,0.788626598407203,-1.3391482794893432
21142,-0.17941030453819368,0.3867459076358632,-1.2023973623739788,-1.6410572869134068
22,1.4369483377344001,1.5209091810906428,-0.2624843595425718,0.685792204433546
4182,0.5401118029172145,0.36084683874798384,-0.2365255116219521,-1.778232705701337
8862,0.24266034418305157,0.7665671969996817,-0.48946353154704714,1.408296645417653
20822,-0.23649258299027168,-1.1403613351482424,0.08201680320161264,0.4747625449972033
12742,-0.9060515143661889,-0.8011117364535639,0.04445770673604469,1.4252392348754195
6822,-0.6873302260494325,1.3681526895200278,1.0290101837610834,-0.16458627351004432
29142,-1.598363429038409,2.3671645920301083,0.9198729732577485,0.3956937921407166
4782,-0.24025366408903004,1.9258112944524257,3.1956008573402754,0.7426617353239582
10902,-0.20913611942483598,-0.43324233057479783,1.4103573761439605,1.845998120365938
29342,1.2539071056605282,-0.9256736025002381,0.047244042899368566,0.4041299185581127
32542,1.1663853894904155,-1.65680856611104,0.4609104935409907,-2.0486521159217554
2742,0.19613720033387125,0.5772147923976659,0.675263182556044,0.4985906801864434
21982,-1.3756673159909394,-1.334528196040325,0.09347748234903103,-0.48470472566727435
26142,-0.07113226202986896,0.0609348016731715,-0.6547332672239536,-0.17713102943811687
1382,0.4212600366551272,0.7889716430643756,1.87730390392105,-1.4366935294616807
19822,0.04976039567591136,-0.8944964498577593,-1.6042437391701754,0.3264032861481014
31422,-0.66842678985264,-0.4397719405724902,0.25607251441839585,-0.5081755515294366
16502,-0.7324566543868581,-0.8727516171831419,-0.9498558409728816,-1.096259868768287
8902,-1.4021917395474812,-0.6699506452292333,1.8680955530141083,1.2413271968265922
10662,0.10311516547006738,-0.9719257101590864,-0.2745476149998492,-0.7691807411653125
18982,1.662852889757379,-0.9053418863652091,0.3105441047820042,1.3672313766808595
23142,-1.1607448977077142,-0.9181767510491616,1.6549285657940231,-0.24570888799621576
27342,-0.5339917619593082,-0.4406265572291922,0.17920329566000043,-0.2891122534673459
27302,-0.3939492104156557,1.5087916947733129,0.9605210433062814,0.6368533552758454
15822,-0.48089638222867875,-1.7879541273861757,0.5947223175631785,-1.2775307736628874
4822,1.1122003426171443,0.11234393741896426,-0.08353649647186487,1.582013898079481
32902,-0.2923444008241904,0.8860293909483601,0.9685988147083566,-0.4266863032190854
13022,1.636378413236158,-2.1656688731389035,-1.0655562562992635,1.006241890985989
20142,-0.8329707491960926,1.2731939117336415,0.055455668698370236,0.11076994726040088
24302,0.2556667760539605,0.39741994611224885,0.5928991604656653,0.5232477023274147
25382,-1.0201767113560276,0.4617480328600719,0.49354948770014695,1.4850920443845939
31462,-0.08831786781737475,0.19830045782838324,-0.061776600417769,-0.5186324700480771
502,-1.6609138056325565,0.6430912258956232,1.164220111120408,-1.0241646012095522
4662,0.6653246363993416,-1.1330646687600123,-0.5283946133071145,-2.13292785767118
8942,1.379236435931318,-1.151298448103397,-1.9501968257884192,1.2449630612660572
12982,0.05411969158278899,0.076354326358417,-0.2804580237511248,-0.4203232642482736
17142,0.3196931957245054,2.4156042536221656,1.6893660377635662,-2.100090956859434
29822,0.129758048400599,-0.20734991141309597,1.0707831462302133,-0.6594512591345272
27382,0.4065579856844377,-2.093275348022449,1.9094583682177704,0.6754193571554649
29622,-1.0597357517135488,-2.2202553285006057,0.6502700434322267,-0.08732510968313396
1662,-0.11474314885624376,0.1401086098651485,-0.11815835921056514,-0.7915748017408739
15102,-1.673056686997704,0.27300714707950485,-0.6051839992679159,0.807279744773268
5822,0.35629073471284206,-0.7288008030314092,-0.15598736753593856,0.33995738993903424
9982,-0.1613729418740644,-1.6607882992709966,1.2558793035490787,-0.35626363304881753
14142,-0.16783867020814985,-1.4591916848766755,-0.2651693878821335,-0.3713496783873887
18902,-0.7359810953380977,0.7013874681113265,2.6936305854692053,-0.8702987053025212
2822,0.4980328152665817,0.1562826959504831,1.0179148815245018,0.7452457556896281
26622,-0.991107906840028,1.5450389202057808,0.18992277725659926,0.10838145716967913
30782,0.06878631321692112,-0.42315518765296833,0.9119969439691448,0.24135299046928224
21262,0.03210164317344609,0.5124035668536476,-1.1061326514919883,0.13073281293721473
7982,-0.48290625578764057,-0.2936210295448341,-0.855939884240017,-0.6817736922823591
19222,0.11046061467031534,0.14423012861272555,0.8242781471363069,0.849489196080445
19462,1.5584384884073708,-0.7476350093185334,0.2934058915307914,1.185804824374809
6942,-0.9364660969312368,-0.22304521600566993,0.6988070031690714,0.5517470885867767
12422,1.7068393944329943,-0.40166583221560026,-1.8031387915115136,-0.401660514667587
15142,-1.360520517879808,0.014754611265256295,0.4062336510793193,-0.8346366940507357
12302,-0.8829497013877143,2.7508306272903527,-0.325835185335994,0.523966859579583
16462,1.258180857159,0.6561319053251612,-1.205109974478126,1.2951372088894821
13102,-0.4810184770444691,-0.20946553265782525,1.9187668258770474,0.29018664553486945
27102,-1.7918707082953476,-1.5487553883995564,-0.7417757514183375,-1.823034568107208
31542,1.2973322590533143,0.638067807703157,-0.004905029788350538,0.3902355599018235
982,-1.02065869810691,0.2260823818787533,0.9081447014904048,-0.44155326992452176
5142,-0.3293907592619905,1.006946663064609,-1.559221435359429,-1.64663962120921
9302,-2.646732269793862,-0.9965582104541483,-1.2942294667212912,-0.9560621201144596
29502,-0.28874229048749334,-0.676508526459346,0.5495904187733318,-0.5056725525918988
21782,-2.599774759256854,-0.37053779178375384,-0.6318671910449859,0.8497025419947214
25942,0.6572540866661788,-2.619059819272256,-2.3932850832121595,-0.7702805346692855
5942,-1.8314216250998507,-0.311473748618681,-2.329880218700667,0.94802155194456
6982,0.08523470632769704,-0.0635422979700716,-0.987315895856614,0.47132853939696734
2142,-0.04160072353327953,1.1200104750476112,0.7183300379896149,0.23151208922698066
4942,1.4996912382165266,0.676969029084268,-0.8829379789705126,2.2958973744236917
5502,0.4804693816241655,-1.4692522503643486,-0.4400949607709789,-0.16378253625344968
14622,1.1009797870202456,0.8419160712360341,0.7918778807877447,0.030356453333816116
18782,0.1816484618754595,0.4763128316685672,-1.8927504593009898,0.799611525404892
30862,-0.7251305837928804,-0.996009794152226,-1.9580889969732695,-1.1573794107904745
13142,-1.243554285112076,-0.18654297688215632,-0.46091740097317124,0.45594277149776474
31262,1.218949476815626,0.26337984313478346,0.11265933984922245,0.6364272237117132
11102,1.189522634868291,-1.2760547318586482,0.7504586677442796,-0.7066424854665742
3302,0.3255272423540571,-1.3689615895731457,0.27060008084281495,-0.561977499339477
14822,-1.0249882164180453,-1.0085568925938775,0.8541136562759611,-0.5629681406415274
9062,0.39161866716259497,0.004070765782886419,-0.7653221470435824,-0.03766815610057819
15782,2.1411676159345356,0.9701150382144945,0.4524555107467989,-0.8402923434218234
19942,-1.518110704591261,0.32715783383614894,0.6748398099124803,-1.027786677517069
28262,1.139056376884736,-0.2804714064095506,-1.1717520701151563,-1.5146166206086742
27502,0.9904440403853102,-0.2955872422647088,0.7896130951072944,-0.20414164838662321
302,1.2827885714501712,0.005963690569129784,1.0871527115074027,-0.3685499222256175
3902,0.035329125084077435,0.09161749280820727,0.006065139152062776,0.27306233435200417
15222,0.14246451534274954,-0.8081955811497425,1.39243060600151,0.4991163076333914
12782,-0.21590875655597488,-1.9219573527260527,-0.015805658979826477,-0.09404053358516423
21102,1.354859845466763,0.2795311906174548,2.8865528321868985,1.4653753332927308
23422,-0.4883980540581745,0.5580487554035765,0.35574228438089944,0.42860497148652715
25262,0.3790517034248648,0.9557207031512035,1.081896842637412,1.033244294850056
29422,-0.03488065027568224,0.13597412883084492,0.4409910032918365,2.0646667081326124
18582,0.8407899552076923,-0.44285349269901736,0.9523909956271206,-1.1118454942788545
31622,0.2620443073192632,0.13271113544825539,-0.23550298254124669,0.9066234688462544
1462,-1.4717767891104314,0.881110976331781,-0.5698365979371027,-0.3365278291778702
9102,0.0007937971912109344,-0.7270236804243374,0.05778545301266904,-0.8092556031548779
22262,-0.18163196854021343,0.21697196299708169,-1.051478627519979,-0.42829449517834944
26422,0.9652155588103265,1.9585100334301586,-0.8536358023224563,-1.3470498986670836
28142,1.2760137205375535,-0.5186293187109919,-0.8588484603105414,-0.3867367414715075
17302,-1.0501389730154884,0.2570203232939078,-1.0291961836758114,-0.23728601045027103
2622,-0.7610655634168548,-0.31920864349558886,-0.4873749237676135,-0.19249587325393105
6782,0.026631529839531116,0.7051429863947702,2.039275463760589,-0.07539546219271143
5022,-0.636453090369454,0.4615045029980373,1.6157021947850498,-0.17508288809560035
10942,-1.395913012871698,1.5835298048668733,0.44262353796178594,-0.18584855578179724
19262,-0.08730381048181897,1.7162720159580236,-1.307157321507288,-1.0463631391772785
22342,0.8776342260775795,-0.14734053386354962,-0.05544103545877,-2.1854458544781528
23462,0.790291941911451,-1.0300212880716089,1.393389169709036,-1.217880125833742
31742,-0.4006109051098534,-0.015654006300771444,1.4789614107156344,-1.1966383727224328
11182,-0.16238054636922228,1.1389813220664522,-0.035953116937313775,0.542478938253852
31902,-0.41825721880383615,1.2918662092207343,-0.7165482646786656,-0.15216168673605412
9142,-0.9739778722658913,1.2812153318037351,1.004555216226198,-0.21318271367725455
20422,-0.8588704919070168,0.35055250652629205,-1.92675466387382,0.34343166204589126
24582,-0.7037061904226208,0.10567293747303015,0.7605495334294767,0.019053498903343354
1902,-0.7621197146462215,1.031645053379294,-0.7870208428259075,-0.6599070558791628
27582,-0.6178617741233653,-0.9227354918957531,-1.71121615681936,0.8237706550764742
782,0.671633456409454,0.31069439827489165,0.14118138903666275,-1.5858153260416155
5622,-1.3553101490613688,0.14981758651385116,1.1601416744340465,-0.09778010043789016
15302,-2.1399009564637543,0.3809811639639422,0.29682928007634946,-0.4980911896781357
13262,0.29749058688262436,-0.3287721817459782,0.9177017466544354,0.6345480421068385
21582,0.6441782464877749,-0.8265528734501336,0.0010013694795281674,-0.3371235797368997
3022,0.09546727566194556,-2.0835982652068377,-0.6392859744422541,2.2988891368146023
29902,-0.7563802233010506,-0.5296752334012503,-0.5864391781749182,1.0993310554698
30542,1.413046342333647,-0.7334491930844261,0.01987085585526666,-1.2248285922286815
31702,1.3529107209186289,0.589465192333608,0.059238876682551254,0.4966549583363583
18302,-0.14157714035307187,-1.1786668932007178,-0.16744497075435846,0.1402013513457198
14422,0.9213749406193293,0.08657244270671727,0.3071437363807199,1.9006697122932674
19422,-0.6052159821040806,0.17836243661058818,-0.23924863564941568,1.0403169540330652
22742,-0.4257716929895452,0.5936970222160536,0.7266525832626172,-0.029021501277055852
31062,-0.8147916870120515,-0.5899717436428049,-1.192966303110423,-0.6228223663144268
19622,-0.0035183893921173987,0.7621698934592853,0.20708229249055612,-0.6385922004571812
7142,0.27685137934535664,1.9371568380686621,0.31715147333908755,-0.12806235339606384
9622,0.6144491569245617,-0.8126562532955632,1.5822109767719843,-0.08077874300048958
11422,-0.21727073767211716,0.021504597307181635,0.10507474138222471,0.03246429554524874
15582,1.5498366189397725,1.0330876637501323,0.013467677324670305,-0.3668476618101647
29182,-0.7585282419140318,1.1576721704668735,-0.05555240627120381,-0.3532078787581345
3062,-1.3274091214864943,-0.46022461970065526,1.1845376764607938,1.1243138348040185
102,3.4826109926615754,-0.333718764572535,-0.1291666910802755,1.9500112858277963
11262,-0.14850469011599932,-1.4499348065435818,0.342915623646347,-0.34523714451203286
4262,2.6756910716005127,-0.9542618402082397,-0.6669804089832689,-1.0642137015705326
18262,0.3312525578095683,-1.7251430575108455,0.6943661944583753,1.3869832073884327
29702,-1.679176557088276,0.7155759666336053,-0.6290362872303041,-0.02112465263186041
20902,-0.6094273057732531,0.19076968406511965,-0.6364574579899931,0.06915229152346787
17422,0.17478124681182183,-0.9296642877671871,-1.5829296573899225,-0.42837244794298085
17582,-1.3406362516835817,-0.0204395175596594,-0.4797907112146912,-0.08344700699563902
15382,0.17011011852233643,-1.4494791965878153,-0.5488610347955065,-0.12508404351342178
13742,-1.8120504268172208,-1.6581135083654417,0.9843626986427437,-0.5025940018296098
17902,1.1911011197615913,1.2004885282729838,0.575717997153996,0.39412798098489865
22062,0.794111674721605,-1.9160374668049502,0.24991095954572082,0.831644486857692
26222,-0.45069250125985055,-0.49958883062773607,1.3596703198260633,0.43010526064772214
3102,0.5414124865293508,-0.44525286456427626,-0.381796267335708,-2.903424933902983
13182,-0.6734721108334124,-0.07885889085047751,1.3116326727179572,0.09322202264082075
11782,-0.9172794012808805,-1.2379714682450358,-0.26607261377699304,-1.4480299366055311
1062,0.7580827589584069,-1.0062378006205044,0.7232196731505073,-0.5339159564614101
10742,0.5590841538368058,0.033518379130878836,0.15939649961164487,-0.36396345773406574
19062,-1.2570286096452004,0.023418413948222937,-0.5381837144606383,-0.06851790355001051
9262,1.0456195080627597,-0.19211527989925775,-1.4190191259109417,-0.5619708414978885
23222,1.3000822010504534,0.28989808258760535,0.09897968699164908,0.6422352024589235
2462,-0.8442954793990766,0.9329165804108431,1.0541311444868358,1.6240733467301136
31582,-1.2631066922969552,0.6283849846521211,-0.06232059481469773,1.0886860544959955
7222,0.7443750493628923,0.19920727528033455,0.03504859242529797,-1.5616272377090936
15422,-0.3436300624294131,0.2479921348181835,0.09586897155434322,0.9891948042305972
10422,-2.223317703215729,0.92397917972365,-0.4232828843002657,-0.7869610006563629
23622,0.3979140873768483,-0.5867768970963312,0.5803128433550788,-0.11918886427525921
582,-0.004533540170838302,-0.32610711876162546,-1.0827075465207918,-0.22945393925159235
31822,0.015120438364406706,0.3741338981193101,-0.43373002311453884,-0.3453461781912107
13062,1.819075475439704,1.9265497665917353,0.22869501810127682,-0.9467421736433145
6022,1.8095689254425507,0.6211992249919736,-0.7829691252398387,-0.23672437597061854
30222,-0.6953733582323762,0.031252755352320874,0.815897632113169,-0.0551243068737838
21382,-1.7004740742780649,0.3052195245614298,0.4576893463450795,0.22012881480420712
25542,0.33842581235517954,0.8578227344716894,-1.3228460347105095,-0.32890459613571577
31382,1.6498269556269678,1.2447976809890409,0.3744585145953846,-1.9352030713799468
17502,-0.6738273469790944,-0.724799139470601,-0.6271069173239486,0.23835333566535286
1742,1.0834128793274473,-0.5170663287162871,-0.4835499322577129,0.6725817427991655
24422,1.8224144192542417,0.9600052106268279,1.9727435202677013,-0.07673158626902571
5222,0.44842549974396606,0.07170570744145309,0.17839850158007176,1.4818963374170442
662,-1.062197790241963,0.708351778325282,-0.25234766116070384,-1.181869325434438
19102,1.4355819299367878,0.7959677091455232,-0.56414371154918,1.1498802003930646
3182,0.5093023425633437,0.14722147450368328,0.1606938337627714,-0.10425181741531064
9582,-0.4516403059526452,1.1836560219845196,0.17152436236426125,-0.7078418143085398
2902,1.6611861067567728,0.9091677566116635,2.4738752156618604,-1.0055149723587533
28862,-0.11193497650591393,0.07018883739571784,0.19249932018997515,-0.9758647419018732
21622,-1.2328590198534841,0.879180837154432,0.7602070635304715,-0.2395096946210327
11222,-0.9215845865328246,-2.1764405673921066,-0.5762702196396409,-0.5832683706078957
19542,0.7558297269669223,-1.7467625288983093,0.19343267244745393,1.3752945767229288
9342,0.582366592532987,0.5806138717369225,-0.8581043311476811,-0.7373108136915162
27862,-0.7624909739390449,-0.20847486686363773,0.27496357075816347,-1.5792932780042912
2582,1.1600479396908978,0.8949546684623985,0.3458809393933212,-0.04470130108836923
27782,-1.1343117356390855,0.5594108568667348,1.1908174521313153,1.245712089018832
4062,-1.145387108541235,-0.21572951228147172,1.2424992715946657,-0.622530685565097
17222,1.7883414628255312,1.0062122478615645,0.9494183999171174,1.2899015002603977
22662,-0.7135331656592622,0.5017286282130865,-0.044941319567169895,1.489535858126162
5262,0.08362831446732406,0.1316107041368737,-0.015544901884563693,0.18456196053554255
29022,-0.49440078465743303,-0.769498669931929,1.5985443455829598,0.22316008606926857
32622,-0.5894261082636163,-0.42562535343424346,0.010841232875061599,-0.2621727138829117
3222,-1.0252464753797024,0.4144511703202608,-0.31947106047771323,-0.46529302039062304
21662,-0.4883944374658029,-0.6773219828823812,1.3366810910706368,-0.1780098875435704
17702,0.3055076663820402,0.4664147361889694,0.7967762990487398,-0.8227623802131632
31942,0.18380880428131435,0.14876123183107903,-0.09362169968978795,-0.8431171589341926
9382,-0.39676259988519647,1.2601319676030505,1.4239159074656185,0.21936135104414298
7342,0.5097933598057769,0.2902564177667529,-0.15033236156034446,-0.5852580024797437
7582,0.2859792100011672,-0.7607955281170308,-0.32914885827725365,-0.06665240153687378
10542,-1.1924451465975252,-0.6168339305259972,0.5569945347185623,-1.1558338367295882
21022,-0.9347376218262348,-0.584487634975758,0.46326472440789557,1.0929739620702366
5302,-0.2756179921422657,-0.4020671299465635,-0.8786697574080625,0.8494842807841214
27182,-0.4190539777168337,0.99999579347124,0.4705452083718283,-1.1766110810215558
31342,-0.508903762559455,0.9767953981469157,0.5471153665000535,0.3339244457871166
13502,1.1520821159273111,-0.6251135804276491,-1.9700246642017614,-0.15092378175200752
3382,0.047958558938806385,2.331367031393706,-0.16200890989556221,1.3155458197400565
25462,0.15392044483476616,-0.20607022710492556,-0.6839797952128478,-0.32590609046542435
11462,-0.2121499429993561,-0.500765271508581,0.3799744025142918,0.40449106397531664
11702,0.8257337060431341,-0.14532281083759066,0.18551052688883254,1.0426845422506072
20022,0.24473167092633857,0.8729281900955529,1.3233594211591098,1.2152885974876224
9422,1.691683724971781,-0.7888794096398226,0.2275607760008215,0.20145629226868336
28342,-0.9971223807135251,-1.2976412258615804,0.7101053773376385,-0.22986395468836457
24782,0.9178511068777857,0.3285160730309404,-0.9068866808780786,-0.6750718640022554
7382,-0.5362390819231806,0.6884360570327994,-1.1369976383304354,0.0906434563826133
4542,-1.387999677223708,0.9886499808406256,1.4662576746646556,-0.07291208623641077
8702,-0.4223200873401564,0.9680958411121688,0.4073416124233696,-0.8628381564520641
12862,0.4546947143491531,1.3257443674250944,0.244720772037395,-0.13925217367544404
5342,0.03907737427803659,1.5355793055346634,-0.07172426264553303,-0.37922431065492956
25342,0.5442135211814372,0.03921999820426003,0.3157868964777661,0.23271046907101556
24102,0.09744061552742736,1.2769091635766596,0.6391063041887725,1.8769583887539618
23782,-0.0033398313739773705,-0.4322468508022621,-0.5167362063846072,-1.3451832479837644
21742,-0.08752258000857224,2.0347613819956942,-0.955987925883448,-0.348809712227005
18182,-1.2934010546683816,0.13230678827500172,0.31687602981556723,0.4753621812859697
28542,-0.4857446045127835,0.2601766126248505,-0.00042535909003387027,0.07364086699750488
9462,0.44967176687123267,-0.6334450110062437,0.8618099395993428,-1.1493170679605638
27902,1.2592751255806094,0.17929269036225254,-0.5117198528188374,1.5155360756098202
6862,0.014751208998948752,0.23079226185716106,-0.9994234041203975,-0.03634341294475407
11022,0.2088316093578199,0.05652598535699731,-0.11624372645491476,-1.8620356797377817
17622,-0.8800319506773757,-1.672289367027312,-0.4519035209183033,-0.08430791934589844
15622,0.7953771956570254,-0.4828034116715463,-0.9618142986188262,1.9328581703441268
23502,0.3854421034163464,-0.6438961951540656,0.5366795442047771,-1.2097946129510389
27662,0.3828921020662551,-0.9251467692073587,-1.4446256244931912,-0.6425032449351402
13702,0.9529392297087667,0.9026549609397491,0.40516410562254057,1.0793301359346883
3342,0.18573789967618465,1.2965305420967068,-0.6728729435330154,0.3302851053282109
3862,-0.662459458799247,-0.6029780116995589,-0.07912550074342645,-0.17021436196106465
8022,1.7020789321486907,-0.8304178326392629,0.66272965839781,2.1139624325351236
16942,-0.1881400935309263,0.16448867446322232,1.063296662741887,-0.2196955188162266
11542,-0.7203266082188085,1.4799155986697399,0.3204667393734785,-1.0043639250237886
9502,0.3543947868351542,0.42700444718528985,0.41199139775255467,-1.0706666835116705
26782,-1.5003768937366524,-1.620370360262823,-0.9100764788379015,0.8027202280542992
862,-0.3542062710635616,2.0443939096507737,-0.8286648413551898,1.0418956583632006
902,-0.12417323949189196,-0.9102607319420221,-1.0203384131458422,-1.1347095287399864
7462,0.7382474237516287,2.263058210230106,-0.0825393907118527,0.14981675365254213
9182,-3.2118948392324147,-0.5392544907109315,-0.2354018367329429,0.09733261508718323
17262,-0.3719184095283123,-0.4697721232599808,1.4225892965609286,0.21127484986318862
15662,-0.15178373845295448,0.4114792196486484,0.6837207136453316,0.7635432625928835
16022,-0.41416663521486546,0.10829285542821926,0.005705231491296455,-0.811021896532264
25822,-0.29835313695549504,-0.1363783710724232,2.443452980983323,0.6940058623375998
29982,0.6569949487984482,0.8925171420648582,0.3546065395128647,0.659259778860784
10462,0.6799388526223521,0.3994972963393708,-0.9251354425717062,-0.06594173949247706
13622,0.5734205388878816,-0.25488586705774424,-0.1426794032004711,-0.6925572667776217
6182,0.2742805399146483,0.7951362230480855,0.9836383911772414,0.4051995217572445
10342,0.21489859335038525,-0.4885021836359492,0.39825560451787323,-2.582805173294791
11582,-1.0704097757836486,0.19401676362405992,0.3952614634765557,0.3898552728275559
18662,0.18516714492043007,-1.4050348544697628,1.0482534822594862,-1.9973308382937915
22822,-2.0421924360954646,-0.4792412307555551,-0.7519359783611801,-1.2390809673820222
9782,-1.134499369491895,0.6388246629731609,0.18089235385237523,-0.48449597945349665
19782,0.4479164910692057,0.2362293920227805,0.5865486339300131,-0.32323111057453646
27982,-0.06242213061867406,-0.08514578178036157,1.1206046268210765,-0.8336020285902193
11502,-1.1993467235751487,-1.542922387733053,0.5249172518028286,-0.5594509934628487
19342,1.4191847131697441,0.01921055783513312,0.6340502462028819,1.3737632648372158
5462,-0.22444810466410678,-1.5964662458247927,-0.13627445586633571,0.7221033550127941
24982,0.061213525489802086,-1.8864862718548963,-0.5383764208313562,-1.191534506000361
13662,0.09404967884318866,-1.4727941982537092,-0.25285519142536644,1.8249153656343304
4342,-1.9436592569456326,1.3289139831787327,-0.4986172611537694,-0.46670562780815233
12662,0.5812609550261845,0.3425181849793632,-1.2933127310165753,1.3177526685614922
11622,0.7507906240257981,-0.7993825561660963,-0.4479864096138118,2.227130388856183
16822,0.27542264165424785,-1.129072029885717,-0.7028994784776503,2.3819703161055603
1182,-0.17191630817021403,-1.4660002734843545,-1.0011976367596152,-1.002582986234933
25142,-1.4264537203051508,0.6493460755514404,-0.5194809174021434,0.6481348402919818
29302,0.32602467663109314,0.09289851640215357,1.0486499061544652,0.2869183039221994
30062,-0.5478073781587652,-1.215372458673237,0.2879130446692193,0.12342790472306397
10102,-0.5982733851693438,-1.280425648056112,1.6402309633570717,-1.6605465875780685
28222,0.4509212964146622,-0.5779210489561517,-0.7849156604511036,0.17760860198093592
28022,-0.5447373928708142,0.17108391485450647,-0.9923979153243668,-1.6879317010876946
13822,-2.0162264873997273,0.40038822399823737,0.9461717105022153,-0.4639750074106091
17982,-2.022754914576576,-0.6184596758495124,-0.07277594590664205,0.3335906740828796
25982,-1.391768143080511,0.9418838370341497,-0.2996731028278711,0.2560482737963075
26302,-0.43587455930529206,1.131613029351598,-1.0195487978432634,0.21169881273591953
30462,0.8313353001180689,-1.4450101976085414,0.8365997133085596,-0.7281904057840359
27542,-0.7257205406666686,0.9717175358099478,0.1862622883257567,0.6977728477087249
3462,0.13080652997506415,-1.9680532666933497,-1.008779438421836,0.6296898164616692
6662,-1.819453597189623,1.8881600729300743,-1.8610763043608263,0.010056090704708923
1422,-0.6203318335380004,-0.21818491103352505,-1.622452946731525,1.351837421811911
19142,1.2477513139730705,-0.7599646872042655,-0.025096078366047263,0.9189839262078489
27462,-1.7296528624575713,0.418429868620762,0.3295497019828436,0.04818102611784021
1262,-2.0262913863979497,0.16150297438910158,-1.3277143287533413,0.5709918165566205
30102,0.5948922124919348,1.9392001041920148,0.18456129728951243,0.5914552080264369
32102,0.20193007912794556,1.0289351065312689,0.22162224376079512,0.45040337178127027
3662,1.4972895150258247,-0.152680826894926,-0.5252415082005863,0.6314557085769366
17822,0.696807829677402,-0.3821225091908653,-0.1503698467844801,0.018651011016865726
20302,0.37072344136656465,0.6637209137962731,1.857369130963506,0.03428462302482852
21062,0.9641244742322175,-0.0248272462269507,1.4175330558189094,-0.39058450912564663
26022,-1.368931860969466,-1.0873220082726636,1.6837047455524223,0.38332072409910606
28622,1.1407896939114652,0.520559943410362,-0.39851008183926173,-1.0949177837299249
32782,0.3047678110943991,1.0799404871300502,0.4814958564262179,-0.8672162607790767
23982,-0.6349897177146123,-0.9052873019324582,-1.770524146546501,0.5245169044920733
20382,-0.6199937882625223,-0.8989947504143423,-0.9730909010109433,1.3237907063800511
32182,-0.5133512428362094,-0.9320305208076257,-0.3741168156348219,0.6446811448672174
21462,0.48240022255571613,-0.33081798349854613,0.6011845623792549,-0.04673904567045425
2942,-0.9475497348873699,0.5126749484057789,-1.5172570051097989,0.4287835911327345
9662,-0.2703486617088096,-0.5020847338668487,-0.8339163111313214,0.8172488249439034
1822,-0.026268425233574602,-0.46240126624029104,0.2482657114703627,0.9578197106764698
5982,-0.1685679304412213,0.9303531097922292,-0.7163122525972823,-0.8114707133302875
19702,0.37232748924631814,0.39638035878485284,0.17311799820982804,-0.02556130297170792
28102,-1.1621494773155525,-0.1945554237709477,-0.10263347574815687,1.4820281570556104
24222,-1.0545998181145733,0.3112102098233442,-0.03750615879481312,-0.46022926490159455
22622,1.184470286142383,0.16361843254842576,0.5057567760480163,0.6481091044951168
26062,-0.17682358243930832,-0.8805909115919518,0.022633311079657516,-0.1544633160627495
30942,-0.013625253850311554,2.3350149525569464,-1.4828527940249718,1.001117194399987
29262,-0.875400680900372,0.04710184037513682,0.5033329428408526,0.3337414093689784
24022,-1.0566349925403327,-2.126589480341496,-2.1160284577061055,-0.2042543603032544
2982,0.9634086807284058,-0.7299759196089612,-0.0776561683099543,-0.04448485630402842
32222,0.6839033609112877,-1.236827525330292,0.6184165079710701,-0.7439429656512389
6502,-0.1306603068563727,-1.029661610484303,0.6849979115592091,-1.3783799826645355
24942,0.1718505040252523,0.23282606274538958,1.0022830918256338,0.016998270526828306
27942,0.34613652036941805,0.6000343995708621,-1.5404733029086632,0.3214819388090086
18342,0.8522321004679582,-0.35181629137421305,-1.1532389522295874,0.29319817022479694
9702,0.48490858901924083,0.06254446208691815,0.37586090983729686,-0.3547596831416511
8302,-1.069336908283704,0.8091454107074206,-0.32420199667844835,1.2843817307353105
7662,-0.22799820892476966,0.23221070797298665,-0.649267680309997,-0.16165553147062556
16622,-0.6024652709442789,1.3298602074523793,-0.7204501444807302,-0.6944741075605096
17662,0.05241898739634112,0.4204025476915715,-0.23387055422816283,0.532977537319206
15862,0.6057584306394753,-0.7170142757426667,0.7334772373251865,0.51873490633009
1142,-0.006866085069359626,-0.3882508732442818,-0.3479503280795105,-1.0937255372349954
3582,2.613287769039116,-0.23351995584138363,1.2846988728604631,-0.9408120090462412
27222,-0.37656551535745575,-0.01165215116359363,-0.0767270278239349,-0.07108036791814445
1542,1.569130975936849,-1.146929940208475,0.021073873219281388,0.44276799029155844
26102,-0.1594320981745013,0.029672877931120348,0.06201379380069817,0.5020195345526403
14222,-0.8984832318670513,-0.7933476409193704,-0.401559569932227,0.7192931939076035
9742,0.6489726282796128,1.1528184876458751,-0.7768639830093685,0.7522192151816695
6462,-0.6721327511460431,-1.6316153906356192,0.34517962730586005,-0.2061602397591881
16302,-1.4053948877426106,0.2810595318215404,-1.127286451055241,0.18883970761740798
17942,-0.9116828621896435,-0.48088461300340835,-0.38071162631849403,1.3330394212805414
5662,0.3130560762210488,-0.23398990565351663,-0.644261733897266,0.2197158713088628
262,-0.6736061007195269,0.8774631689062751,-1.1581129246163964,-0.1786975379472759
3622,-1.545593896234615,-0.47430078779302437,1.0224917029676257,0.2668620311976291
7622,1.3086073697369385,0.055834701878793774,0.2609575162124164,-0.4316258312155708
15942,0.3603618804135622,1.250644118365203,0.7121608151038351,-0.41826113559978206
11822,0.751073129288856,0.4639073156014666,0.6301839201344759,0.7066678893307192
24262,0.8715577843964087,-1.6206957683652736,0.9370411364975104,0.2133904816434408
28422,-1.268123980370191,0.06275878534259931,-0.16089636085976042,0.30592445162206094
32582,0.9052035353203496,-0.7925097130997286,1.3696939537758812,0.8727005481418472
30302,0.23259390455750104,-0.764383139815953,1.2039668845128346,-0.7174970162367776
30262,-0.7074576122183696,2.1183337509986453,-0.4947205622482732,-0.8638183162970529
4622,0.3628463917029859,-0.7355466514288105,0.7748947335352983,0.9576750068963956
7742,-0.8655823957673846,0.9755266663102167,-0.7472028036039351,2.2963268249334075
17102,0.453081920635584,-0.22336029813901956,-1.1861395490751356,-1.3058883350385062
25422,-0.9697504190099566,-0.08221357023007037,1.7071567898880986,-1.5152041790783117
14262,1.8236807954814058,-0.8271343176264755,0.20523559497003876,-1.0437292074735471
5702,0.43468928605545615,-1.0806687009584295,-1.116306700801043,-1.2189179308204867
32662,-1.1399813123503233,-0.35693183441424176,0.9888888932042136,0.5231488620786593
1622,1.132401968143759,-1.1394250206275565,-0.19358849498258945,3.474316132828001
13902,0.9561532647694236,0.6653983357665082,0.28352851400888507,0.8588929321502141
23822,1.6092765639378284,1.300587468820255,-0.06023627169384404,1.8362954856010898
22422,-0.35891857430968993,-1.4984533732462557,-0.5571047508535052,0.8397195169000612
25502,-0.33889002736857876,0.3284214537854893,0.7296953352423504,-0.4608951155034444
30742,-0.1037821604070584,0.10631391644890267,-0.19852200921167332,0.20593570791068008
9822,0.659531647646364,-0.7591365016391894,0.5068080126456359,-0.6880996512613814
2782,0.4699483631753337,-0.05680909076361436,0.17217571797846573,0.0939933612038396
12902,0.8978182833050272,-0.4738803708045632,0.08099988074643767,-0.11856703153830972
18022,-0.4298359115033437,1.5062713708996631,-1.0069616710237608,1.6765726726005714
23582,0.9367640579220469,-1.215699997098108,1.1596610553830293,-0.0005579311637509272
27742,-0.2531230051469892,0.6481056395717163,-1.393964307979008,-0.5971057329600931
15982,-0.9517295746452055,0.9958687891083498,0.7591595645191321,2.3450296327899673
22462,0.9277191929426117,1.0652282697669908,-0.09943078343644941,-1.237606761305853
24182,-0.8194209614414505,-0.7062046046136051,0.09184714985012758,0.3346499328176958
12262,0.7966398561030092,0.18352485682578581,1.0361890047352218,-0.22119435741258223
29062,-0.48470044179032745,-0.3999827826368412,-3.6960907783435473,-0.08391458852838378
11902,-0.4600715012577985,-0.17001650633397378,-0.7059064997801824,0.28440252836874297
24742,-0.23306025009391018,-0.7608771790168493,1.1491140872110306,1.7347293409541593
32022,-0.5835436588447687,-1.2890976645223482,0.05358510308783378,-0.8405697821540286
30342,0.8662932017310272,1.7065526756074223,-0.5590823059303741,1.6458000434460613
942,1.076890489779233,-0.05663709191543293,0.6834928572851697,2.001394374725237
5102,-0.8356773947732579,-0.5463712020763828,-0.32439800088728815,-0.3108220781966556
28302,-1.0498077406033768,1.251803925056001,0.1279051325288966,-0.45705521523180814
25902,-2.200505847196232,-0.9710798220921135,-0.5533291194089532,0.44777463924355926
5742,-0.3431578608987163,-1.4409867153853502,-0.8319120021967297,-0.13812543190580628
26262,0.3237358832639979,0.1601769142128806,-1.0574682337136692,-0.7621802935434975
14182,-1.1298425356153239,-1.0156208219962932,-1.4981495961780247,1.4960312089464411
6262,1.3577125849391092,1.6792891267096306,-0.8798363295605474,-0.6866036722794923
3742,1.8633705303196888,-0.3178758656511782,0.7762863208627211,-1.4107976985938393
14582,0.8388366884912191,-1.4752673147660917,2.1653925527655065,-1.29791471580296
30662,1.2127376751404455,-0.2110517551443119,-1.0538565506681605,-0.23446352422883548
11942,-0.4784633023075599,0.6162879657887874,-0.38404064335255167,-0.543094104557016
27062,-1.016668108268539,-0.8099663173504327,-0.8216057905483768,-0.2588497487734335
30382,1.0651292151979703,-1.015300286976406,0.5842119455974717,-0.4657837031252054
3262,-0.635123079909576,1.9949219829389553,1.360323527569689,-0.7160388500463964
7422,1.5457246244910028,-0.45467562638632286,0.12043570896817048,0.9396658141471236
24862,0.9771345919876969,0.313783281438307,-0.44493756421321967,-2.747832169465031
18102,-0.3994970619490009,-1.2174181717829997,-0.807976588640562,0.1875438520359368
24062,-1.6832389861958388,1.0790003870852354,0.1711813547134112,-1.011139513688522
8222,0.15291454581695105,-0.5218209199851159,1.6467804704942375,1.0413382618646105
32382,0.7602079879383602,1.4516926319886185,1.8813400765856667,1.8542740224698184
16062,0.07880240180531371,1.445762408552136,-0.004719249593356168,-0.18900060070298963
13942,-1.4000493748448308,-0.5178977052253755,-1.445872798785142,-0.15766513301939705
3782,0.37567897609381184,1.1518102932472114,0.32844671017098453,0.2548652413461038
32462,-0.6825801551023513,1.1158885480061227,1.2740069430785192,0.30938560739979315
29382,-0.4479027975594847,-1.6236924471290568,-1.7225376643093748,0.4506326258220409
8142,-0.9002612336420607,0.5942033939585994,-1.397887971886578,0.6348852451208876
20182,-0.5859970529888467,-1.4343196216187177,-1.4567237447989387,-0.586417614959105
5582,-0.23455456759562957,0.04793914206799519,-1.0072345310783353,1.7096659047151619
18142,1.1350333095844205,0.9018707979868105,-2.1283186941384393,1.2529283666474942
22222,-0.5775766110982125,1.490724562220317,-0.7702290922799812,1.7237550409469224
2342,0.02033930580708888,-1.2382524498534795,-0.12638075411631916,-0.7530104780012172
26342,-1.1124933951378344,-0.17709214185482744,0.7513711181807851,1.1143560463395827
3822,1.3195748707693051,-1.6188433538500469,0.6152626927333767,0.24685987070630105
15062,-0.5022364951468686,-0.16711428534747788,-1.638208103792357,0.8017714063306735
23382,0.3199105544843782,0.1834567732720097,0.1630991749010128,-0.6063892660545437
17022,-0.854541347673076,0.5271093581363325,-0.0896068777344875,0.08436413656864944
32502,-0.07182859972996504,1.7388678767060477,1.22611614890363,0.41503434224820696
20102,-0.043572030211347305,1.22663356314085,1.7132336478185968,0.7033177435217122
20222,0.9093436270214521,0.7316780703906635,-0.10842853019798977,1.0931245504346419
16342,-0.7400054209899376,0.2851564292619691,-0.22386665266877112,-0.2362405172754321
7942,-0.12617094460143738,0.010182042558875799,-0.06594915040981426,0.017063569466758893
24542,-0.6472297025426992,-0.11736189146277064,0.10834102571000762,0.16188182065931844
32862,-0.09385412439553432,-1.0788718817858276,-0.9228433968406774,0.0428544923099668
5902,0.5174018966758117,0.04467686829804183,0.7986181198881406,0.6530940468178367
4902,0.21817536435078494,-0.8026897117573678,-0.2646820905358189,0.4339036124232105
5422,-0.17356349791413186,-0.7872960625822542,-0.8848203591684605,0.331303330898706
24342,-0.2671858659998132,-1.440433784855979,1.462990397043377,0.9369211307186713
17382,0.3690216666319832,0.9075645360628599,0.8435155112992474,0.25198800111589764
21542,-0.2243398005868403,1.9723677934066597,0.6163550947131603,0.0021190954353208103
25702,-1.1273147063681634,1.2902351049737288,0.27086357153751683,-0.44581578513224224
12062,-0.8509517557478229,0.542168083051342,0.41462917073528593,1.7972209834045911
29862,-0.18854888821139862,-1.3864447426586575,1.1075728866588896,-0.5897899349000028
14982,-0.7658633854611718,-0.23459957238834792,-0.2891375343284726,1.9527555280286353
10022,1.6689741661564912,2.4260804433464207,-1.6518162380706094,0.8122689068762634
6062,-0.6532067774060751,-0.9895380761799352,-0.454374122892225,0.022149659863327564
10222,0.044847490765107724,-0.8699358114440745,0.15941104422419214,0.0960783403245199
14382,0.2863796631834703,-0.07128360643104259,-0.04205357189320685,0.15747319536127452
18542,-0.47252956767716103,-0.2888959618072777,-0.7094285410776255,1.0336692236834946
18222,-0.9411178757111569,1.3916049546431304,0.7482251019667592,0.6507255341888764
22702,1.174750208128464,-0.6898308921055961,1.2474331906185263,1.9958872460096897
26862,1.0030301629543983,0.005674016756034595,0.6935862624418816,-0.5157409165267896
31022,0.43758524964255185,0.03277231720682919,0.16210804223057987,2.136729256190416
29662,1.0491053468150915,-0.5813959562027277,-1.0234299410470025,0.0796266674254957
16182,1.092711240160263,-0.7209777084529074,0.34277791840019406,1.7990733297380777
11382,0.22070908792900526,-0.30580694495628685,0.5598740822092743,0.24120714130245519
24382,-1.0563376825059745,0.3830255803298656,0.030439346174602498,-0.22580050133838778
15542,-1.1966451621637268,0.7931767061993893,0.9706245237445421,-1.026596786379907
18742,-0.7546159849068944,1.1056469648974072,0.007832422258419873,-0.2512404056352832
12102,-1.5084233461770127,0.5215597317852635,-0.7058025021234928,1.5546352318289223
4222,-1.8825555337574693,-0.14960540714015125,-0.6654454632903836,-0.44131669881468255
10062,-1.3475657308445437,-0.0032910439161878842,-0.40735835473564663,0.9024980957894064
21862,0.6899951247021295,-0.5748096755903463,-0.29230992990858784,-1.2209524875985016
12542,0.10830707740182025,-0.5660365274361195,0.9587835332473883,0.6339841403396546
23182,0.40747550911037334,-0.4471832050228189,2.4408199071449532,0.01486510997640537
28502,-0.49324279595065657,-0.7790004274832132,-0.6496627777794026,0.5131140232385664
25022,-1.610664106702466,0.9851385121816646,-0.23085129829102968,-0.10118839069860296
16222,-0.1939725780256469,0.48541071695220767,-0.38041338119999923,-0.3238290348922722
5382,0.1421830885135035,-0.07258131577837523,-0.19207597280017993,-0.12222110822240452
22502,-1.2499997511893075,0.030919451636333743,-0.07697125052069814,0.5603636719313919
3942,0.6022494060774364,-0.41854381497124793,-0.4116148443048789,-0.046155129242539304
17862,1.4774493209405795,-0.0417093630988955,0.20401869621870974,0.22381566538256395
22022,-0.2293133127083328,0.6873581636744671,0.23587912779437925,-2.115591761328938
26182,-0.41659218222539257,-2.269156213736686,-1.4786472556966024,-0.065961930292914
22382,0.4690964877583911,-1.0702888721064445,0.8950835338170241,-0.5904414162564976
15902,-2.0267301039556944,0.5363487112275791,1.421375013671213,1.1750591305875902
1342,0.23666711135473503,-1.1546688056520356,-0.9350182649700775,-0.47966381513474804
6542,-0.2759909561350867,-0.4559238420678797,0.45762294660298586,-0.16835595614139526
10702,-0.09952553340612373,-1.1417538267562461,0.8151487055041737,-1.4973583450538903
11142,-0.5934356935701849,-0.5570976363275875,-1.1795121562939472,-1.2125064661399443
29582,-0.28514953729852727,-0.4590438288652251,-0.6279591437301758,-1.0892397832148843
8062,1.488410095795755,-0.34815026099107443,0.542343626708954,1.901163342188189
31502,-0.9996877356790483,-0.9399500430715081,0.009323322885691994,1.3075302318546187
5782,-1.2491428555990784,1.3273578793163179,0.0037391794597732915,-0.13675462376208455
16262,0.34212077079865333,0.15327112508942908,0.381857903713511,-0.25356771697867597
3542,-1.9717678222977695,0.3734312353371158,0.542344748593259,-0.498242964416828
7702,-1.0744739337815663,1.49891528680905,-1.0961615037496242,-0.7755931677616281
24462,-1.1999459403418864,1.1421077018876273,0.30742200831504013,-1.5647782143584283
15342,-1.2365260004771335,0.28883010351512284,0.49557883300119066,0.7659048606311033
1942,-0.2973146556234356,-0.32399283170309245,-0.31883943933260817,1.0026913109648952
7302,-1.2914011850747542,0.8401081851672882,-0.7026667768600627,0.8065489488391258
4702,-0.731844218007077,1.1831076995664542,-0.7321631913554414,-0.2590442408629527
10142,-1.0710612366872556,0.8801739469202053,0.4984648726722004,-0.3001555065279494
17182,0.9202677498293829,0.06224111405085053,0.015550749218478443,-0.9799526271974964
21342,0.295110385206389,-1.962697323769644,-1.1825415311705159,-1.008876038753173
30022,0.7792194754136762,-0.08201444512163826,-0.05781681526943748,0.14046231216480953
8102,-1.7967685129824726,-2.2069762932612473,0.12674533293215978,0.22159620866363586
7062,0.33040419306124386,0.30053490108820946,-0.0753571281714774,-1.216070498749431
26542,-2.157392680675356,1.2289694072566186,-1.218164649075569,1.421993606972372
1702,0.08826919614332196,2.2804127651009902,1.4290679594515896,-0.3432654380254397
5862,-0.7003680746180457,-0.14952557220611754,-0.5321784705513188,-0.8374840842466701
13982,0.3474503284277866,-1.2309308710865334,-1.0434303395792284,0.9599329435285142
24502,-0.5593299961523025,1.0044678080807803,-1.4594246453177377,-0.014546625763121756
20862,-1.9420903107584027,-0.23140944105219377,-0.3605822838822812,-0.6104152934159591
26662,-0.5845620952303981,-1.5512783837918958,0.2959685975474691,1.1656182571786697
32702,-1.7168700148325853,1.2693395878919993,1.1504622881063993,-0.06523467843046792
3982,-0.7707861035697433,0.6395003435007951,0.6652859396406663,-0.06171113935476342
2862,-0.31807019354715876,-0.541872426700602,-0.018060008789904432,0.2480163085660522
23542,-0.2583483697118685,2.2664007966048163,-1.1493571314831426,1.0318777740956524
10182,-2.34103542528946,0.47484035056531126,-0.7909222668794441,0.8081288728275732
19502,0.4153756495416549,-1.0020738702545635,0.13604425627798955,-1.5346700218701659
23662,0.8791582285720966,-2.377945826638728,1.2917861085112454,0.07729397137443346
18382,-0.6387331046457395,-0.6457432266758002,-1.4833272547488012,0.24128627202871428
27822,0.8123305444561658,1.085434955157827,0.852627563913722,0.25729685172203715
31982,-0.2496229566713332,0.5689109395384669,0.9805003071756725,0.5928430438533512
7502,-1.3316793383062764,-1.8580487242523058,0.8781082041239939,-1.201868722362921
26582,-0.9684121975422874,-0.8830030318847948,-0.2098306160147237,0.08360551987305272
4022,0.39256943168241126,-1.4325350254384468,2.484647677266383,-1.4856520741093413
8182,-0.6274005411533977,1.2337213594561678,-1.2033887165637074,0.24666010726194804
12342,0.6192231027501899,-0.48367960627272716,-0.6157098066254375,-1.507921401208693
14302,0.4562115151452192,-0.9448074982259694,1.1680172285990982,-0.25598891198334606
20662,-0.12854253128515442,2.2684315186175166,0.3836678748193266,0.6765148144522004
7542,-0.9379409428806786,-0.12483239565349116,-1.1813005065213922,-0.3326534245198529
28982,-0.04527861638002094,0.2692043201774169,0.3009825309479527,-0.062069464231255506
32422,0.39004393573595997,0.9172662495619458,-0.5787980414807768,-0.23477705898665355
2022,-0.22331237157059217,-1.4380546240853245,-0.9493719021341158,-1.9079269466999846
30702,0.5576033845648708,0.4478832476823122,-0.49935507956271963,0.04536309526087586
21822,0.5241870473606677,-0.35436990500737126,0.6030811251915446,-1.147253218716362
1022,0.6063244472277887,1.7029333573837122,-2.76649820965973,-1.0838322539743228
28662,1.5930177042720366,-1.5402041710850898,-1.2685460735486909,1.4225865647410596
30142,1.3588179943186505,0.2661064624997176,-0.1621927005448662,-0.33423489305931814
20622,-1.296720480148391,-1.3887260349549482,-0.09422350787598095,0.6515953654010443
6142,0.029085712815293763,0.13195071120076832,0.017853467307791474,-0.4283753948709249
