18433,0.4193219049378009,-0.6061911815181545,0.020673815701130346,1.2083393497877546
19913,0.9568861891014673,0.1342064263318546,1.256987650404116,-0.1844374699522797
6833,-2.3881270799080028,1.127194637222875,-1.2837616664103129,-0.38632112074078534
28233,0.4687316474828515,-0.2813996583664659,0.594975215467002,-1.5763814352688115
13313,1.1172232684798913,1.0356307142715566,-0.14689997083993286,0.9729760836068163
6153,-1.1589085265834762,-0.05120270339141422,0.7411668339330647,0.5474425579204517
273,0.4310016923325214,1.4290936284158886,1.9996228962675815,2.247921510771991
4113,-0.8785420902744066,-1.0605758878989797,-0.0996980399193852,0.3853999412030716
22873,-1.0435588208824296,-0.12049409598877997,-0.4768358017783557,-0.4530970988472972
2073,-0.4073152570683325,0.10729288339594449,-0.43255370931369685,-0.42475005796703097
29393,0.5986484580413419,0.26089913804030024,0.026511348936052784,2.356651744993685
24673,0.9483480864303405,-0.46636728077981127,-2.1328289206650832,1.6084138604953198
10273,-0.05370273511085967,-0.13772194787272443,-0.656747993784158,-0.6730756115316797
5593,0.5210591930468812,1.1566768060130053,-0.7242918554915728,-0.012460213409501875
3193,1.7768644829379696,0.6494456526658128,-0.4503759637498247,-0.238353887160811
13913,1.8099007518765167,0.7582419065249026,1.3761629022485602,1.7343911929166556
27313,-0.7533803678670749,0.8386409476385794,0.5908902088241639,-0.8380615151029701
28713,-0.17100061636809435,0.8715823932364326,-0.23215084729625257,0.08728030372868191
22233,0.4144189401998584,0.6928074366960955,0.1739990779094806,0.8285449334656482
24073,-2.0052166601792325,-0.5795137815691249,-0.35687605402839406,2.3061786307452823
30553,-1.1374962796527963,1.190558399064526,-0.07803337431798543,-0.4215358094182021
6193,0.43810632152964546,-0.2655170748036666,-1.7797393203307525,-0.35996691468129427
11273,-1.155208391055978,-0.3290767721039263,0.12755872131729637,0.31757337768164146
24633,1.6521162144818167,-0.025100650586697353,-1.1563392368818717,-0.004047195163110615
15073,-0.2853069496729892,-0.898519273320646,-0.5182617010111309,0.6608722442834413
23473,0.18357852482222617,1.1177676144470687,0.4873272131655648,-0.1254081194891648
19233,0.3440900659365528,0.9455095700384741,-0.15304349744782633,0.47184611594421383
23393,-0.9525036728750013,1.6858959229669288,0.8761050682601568,-1.9052602890713644
2113,-1.4371223020196024,0.4677107211420379,-0.30784971656807814,-0.08781111675588561
31713,-1.4179751507999665,-0.1983769992459285,-1.40152585600336,-2.304510081484871
29793,-0.5444810721967488,1.0106522614231204,-1.3490016703625047,-0.20499327396929992
15713,0.08193838816070713,0.07435918616126147,1.1232665379016418,-0.030425074370166085
73,1.463647758317653,-1.2404677754452589,-0.9775262097035878,0.39270313115779426
7913,-1.4279173087353223,-1.02863765137995,0.4531219848607464,-1.1787009135014666
20393,0.9027254540548623,-0.19037447637170699,0.24275141195326236,-0.7778900927039155
16233,-1.6196928413498695,0.29253442167226035,0.310428243904304,-0.8235839228273752
8273,0.5605937942824529,0.5825480276279013,-0.8473087072513792,0.12056263143822249
24553,-0.5634789540248549,1.457528738319801,-0.3239906200747007,1.0813598419963388
25273,-0.4937012249039526,0.6076178128663282,2.0742266709607713,0.926558441603269
26713,-1.4707787591872263,0.7913843043646429,1.404319592106262,-0.6675716149728447
753,-0.03913727565611093,0.8461992415950161,0.5630607262439589,-0.5987368794457336
18873,-0.8147812673139281,-0.8692497135697216,0.46668049994554084,-0.2908021425952575
4193,-1.864525526074261,-0.8033959732770353,0.3635596646011633,1.699999281719888
20153,0.38323217432969403,-1.08637184307118,0.2969077558090828,-1.30185836350642
24593,0.5317011723488531,0.7076564312403584,1.0312126930973287,-1.53746208416316
32873,-0.43243464750536137,-0.09061697700129152,-0.402564636740871,-1.0435873183056588
1913,-1.8021763174516305,0.5730447362266637,-0.6453857983643487,1.2073934734908585
113,0.4517968900540848,1.7843753756086005,-1.882258241325097,-1.1714360091430254
10233,-0.3776606312627435,0.7606835422375835,-0.3212501150945611,-0.9441458690924129
13673,-0.19884022847483787,-1.5638553326813482,-0.2769357020063243,-1.1279202700253474
8313,-0.20113004222413156,0.33152959706401036,-1.143233068112942,-0.7503289900515866
26873,0.6462466835674703,-0.9548300865044311,0.2580155822356723,-1.665799994104904
16513,-0.6428538922566306,-0.10405061834600188,-1.0848429201345273,-0.5873350826583956
7233,0.022036466756976337,-1.2373133371652836,-0.46110096257830485,-0.3058188214315777
12993,-2.2039411262361193,-0.5525689360447099,0.02900097189488336,0.9964486074898714
14473,0.31021090807122687,0.8025923510327443,0.7014642010522949,-0.612549620499158
15553,0.5517066026037105,0.5973077253870694,0.9566928517389279,0.5021345458640706
19713,-0.3265320390698953,0.11786643317263774,0.6705798998466791,2.716598398763782
28033,-0.7061922898982534,2.4989784399671207,0.7828744317902395,-1.008639785408286
22673,-0.6490810543145908,0.8943432442890303,0.165734509824372,-0.3970374002196412
17433,0.23669783622240598,-0.17346454511959042,-0.8061924765624264,-0.5595826367892914
4233,-0.4329357009547892,0.4781030622799529,1.9740276304968976,1.2989255317978274
10393,0.838793527741905,1.5863120328032565,-0.24614134830577714,0.04432421728360096
12553,-0.0050188841839668655,-0.7656188345917575,-0.5585524707213968,1.8309069946629648
16713,0.09615206982631767,-0.10715512683045794,1.18915545803221,0.046254347640650804
20873,1.4538424890732216,0.7224074832616197,-0.9464387542578108,0.27247819011056074
28833,-2.518752491469021,0.3995952707771167,-0.9359885615322544,-2.1858799221976417
25033,-0.8058245538516376,-1.9957205141797851,-0.48952751977967407,-0.9272049953179127
1393,-0.5891531064681006,1.4157030783022335,-0.5900007607098939,-2.9891812979347994
26793,0.43863707108465755,0.4370268658248071,-0.6843610810570817,-0.923682215613703
1233,-0.3976522283340939,0.6546160429653612,0.5791930827457328,-0.6180091001869595
9553,1.1760995094155688,0.44443092907376913,1.6628781842760525,-0.7635588480830985
4273,-0.1541015531756126,0.8718294574171375,0.4008495887440501,-0.5128535519079049
16073,2.4299102534675394,0.5326763430767117,0.7002285636451124,1.8231044993962273
12473,-0.456572030114056,-1.5321069384628145,-0.37664971220229393,1.0862205101997675
6553,0.22576448559950235,-0.20191217813291024,-1.04165118133683,1.348136942349467
193,-1.0247533225104222,0.3216611198420557,-0.27847380690921436,-1.7936804763682979
10713,2.401174089730022,-0.6438984216319693,0.8612125562726222,0.09772680660264674
19033,0.19369612766676517,-1.328644912199415,1.0031636681706217,1.180693632084154
25633,-0.9605427625996052,0.3763801904561167,-1.304873985816506,-1.0691741967867636
18633,0.74231530255363,0.6427656521647664,-1.304445923048947,-1.300205416835392
26833,-2.131214774173188,-0.49533726315485044,0.021110061468958368,0.7957976764216652
7713,0.8763624637272825,1.690032083450116,-1.3314422542177724,-1.4943874269017041
24953,1.6580523716495568,2.0228227685533673,0.29847611100616434,1.4755128474975336
14553,-0.36695995713388124,1.463766611109369,0.420490161782005,0.4610258636319439
24353,-0.5098744692422374,-0.09357275727618694,-0.957338833664156,0.8675990862128704
28513,-0.8246404377582223,0.5418603148682407,-1.4924294992054832,-0.8614109355666753
12513,-0.6912584016366685,-0.8127288282833092,-0.5375743552600861,-0.9759751791818002
553,-0.7146326044831474,1.1710939598004593,-0.7472813297660738,-0.4392366825265753
19153,0.9576729547256224,0.6023100062756914,-1.427239819524247,-0.12130217259921768
10473,0.31169698706925775,-1.0433680871957827,-0.9454918009058263,-0.5311764318228507
21353,1.4386757496060762,-0.06684937290719101,0.9865637040345001,1.296398266441514
8433,-0.014016726483372339,0.034553179133736345,0.0385248333328901,0.16397430183988412
8233,0.41008827145795523,-0.38882383672684917,-0.820681081500664,0.7397570688704445
16633,1.2111236253355733,0.3546284428023379,1.3831307880154478,-0.1592302314212176
10033,-0.7516091921878657,-0.9862597110599846,-0.6139976515387229,-1.1260394267773355
4353,-0.8954714011373728,-0.1436588089216412,-0.4809890402961047,-0.03513250207704983
22513,-0.4824548250374496,-0.5631400567971788,0.4403626706728397,-1.8338715451640821
30833,0.38522087443920006,-1.1094466040733904,-0.4251669975405291,-1.8814128836626989
2313,0.642307092556246,1.403026371326989,0.41736613590512284,-0.25856847950014245
2873,0.04663614956507491,-1.438151984183037,1.730276744685509,1.0120807663946747
10513,-1.5008503721863375,0.15221136572239397,0.668092479049616,0.6653328959262264
11993,-0.6397080378099852,0.8366318422015965,-0.2081638551891809,-0.21822777020126388
18713,-0.7354529851939939,0.6613510892570822,-0.9380084491387225,1.1873035172960094
6433,-0.18103253669331149,0.8032631028225037,0.06240420221154151,-0.7358921966442836
8193,1.035554693162178,1.0523494521681114,-1.092908944893988,0.2559451767400818
12353,-2.3759508184701166,-1.4436523573687547,0.5483469026525313,-1.7997887644943822
26673,-0.3543813327091811,-1.228271246497093,0.6594258579915023,1.1423116905709063
10913,0.08755395695762334,0.37780101730308846,-1.7202855280433094,0.27103864174951886
4393,0.691422138201691,0.05476207679374409,0.9508128814436847,-0.9596658443532113
20673,0.9087706712086949,-0.7477287355911857,-0.5978522423232411,2.2073116775740256
28993,-0.4270998904418691,-0.5621787472355102,-0.9040634130689218,-1.37284515204216
2353,0.7882643338354427,-1.254448266171172,0.24324101784828697,0.18193064243199894
15753,-1.023953149509029,1.2387567767340029,1.421309608975105,-0.081215288866225
20793,-2.0000112636824388,1.8821267121166527,-0.19285915355423697,-2.0247117056820216
5553,-0.6961657901472412,0.640179900038355,-0.8871656543551195,-0.06044461782866141
23993,-0.56969249675349,0.05850868152267858,-0.1730881265726615,-0.3227031602068356
21833,0.9734549185467226,0.9044057434631404,-0.07537119773151409,0.4242994954495097
25993,-0.1446667736778941,-1.2853913907704124,-2.047753048479976,0.21324237527917367
8513,1.8056662767357112,0.7631702866470618,1.3463013467955307,0.8382097035773748
30153,-1.2120479874821912,-0.6097088239224867,-0.6132884525482996,1.0431788317436523
9953,0.971650975264235,-0.9706449953457277,1.6834859889695635,-0.7216785263206739
6473,-0.9783891486889419,1.008625294504493,-0.9902933067206031,-0.7962490382350564
6353,-1.2892458814266652,-0.42403605130009087,-0.7114824322994788,-0.5760499177948072
14673,-0.537762256769563,1.8413395923975246,-0.7081962723886527,0.4461887318752057
22993,0.17681759166807484,0.6153816844689125,0.8770086271819145,-0.29232929990400597
27153,0.04493029171857205,0.24693359818763036,-0.43337202389380064,-0.5254117182343014
31313,0.675581757022199,-0.518721524922159,1.1546329465462608,-1.411579094875746
14393,-0.3006200583855376,-0.773517688612162,-0.8874764203156964,-2.1883318400307314
2393,1.9008475453819313,0.9377980181680197,0.38838962589058873,0.8457435293020702
7513,-0.6283672058089218,1.3920221633626888,0.5904812586645363,0.5505380163626455
27553,0.10098131791660768,-1.2489275372780144,-0.2166689432659281,1.7008016812091267
10593,0.3377308935025613,-0.06161300926868956,0.25924666836732263,0.9717136683628542
15833,0.5138877266725956,0.37964601873041476,-0.08880074036567517,0.19940823904000812
24153,-0.13477132200352726,0.4536682207904044,0.7254777155055229,-1.9999487750241236
29073,1.0311550698774143,-0.22391466606139082,0.045925739436226305,1.5766585288076491
28313,0.16087426852359984,-0.5172217181608905,2.3811672943926268,-2.220904162656302
8553,1.2086289663873406,0.16649403332769744,-1.1460774118462473,-0.08786033587124473
32473,-0.408183234783866,1.3430089077878373,-3.433806274745281,0.21709056870396426
353,1.3933367731866542,1.0531395756746533,1.7399668307194878,0.6877405448151115
6513,1.6523631694456293,0.1939502250973247,-0.8583361152296223,0.5754814449483124
22193,0.11354151260671308,0.2640364015084187,0.9734220566664583,1.3751670255781299
18153,0.27906644992985125,0.42037201018159837,-0.1130011901239383,0.698560165619886
4473,-0.6423461527552884,-0.6004647381658581,-0.819452874211657,0.5636228779755196
25313,-0.25036150660591866,-0.9445191044914121,-0.2424461564733517,0.7122441943188181
31113,0.8754292517974992,0.5309520896775056,-0.880340020725153,0.027903778455367338
2433,-0.7265907421950278,-1.0517212452552163,-0.012084977550057106,1.8156442504208152
1513,-0.0745118219984981,0.1523564140576063,-0.30602530563400065,-0.22528645197343966
22593,0.9987594257173094,0.18166155044562557,1.2372112197302783,-0.4130582058784102
10633,0.33437311948023973,-0.7250176096266318,-0.31861831934171886,-1.2143095530039143
22313,-0.08812888867125918,-1.178060677395109,0.23358456916701428,-1.5417941994988444
26473,0.7033222420283208,1.821015667071755,2.5306888361969695,-1.4693598382215012
8593,-0.709087380039373,0.5448857538158718,-0.10157671559661377,-0.3065569377802122
21913,-0.4063911679132236,-0.6452915067467824,0.0832707525134375,0.6374156532136954
16793,1.612914167785311,0.3175375503576114,-0.3493258958586024,0.27712848060525724
10993,-0.4623040545105062,0.7300865856390081,-1.4804773206585418,1.061577312279999
15153,0.5063079685816945,0.6426747671924389,0.3116420697070931,0.9997786190441844
14753,1.5189961983383509,-1.4561957671782146,1.1851439950901188,-0.3259687263737757
31793,-0.30798726484559585,0.1806426171335625,-1.2677006928571506,-1.0560001263971914
32033,0.2032228268976681,-0.6648532048304027,-1.3231706706006234,0.03455981454633491
21233,-0.8525687427171057,0.4127657465141346,-1.0468490962176873,-1.092394538630711
2473,0.21698825772703664,-1.1444465008526774,-0.6334958942160351,0.7558518505537031
3833,0.07026539342742134,-0.5310304453549441,0.35052975394045593,1.166448901395499
7993,-0.31659034418634585,1.5105939796001424,-0.5859531166563495,1.0528836141184263
10873,0.867796228668441,1.181314943008359,-0.2766469592924642,2.459648480098158
12153,0.5242417684083559,2.01376918779553,0.5563209868608061,-1.8198632595727549
20913,0.41177694375232554,-0.9323917730064576,1.3321754190764692,0.6020913573543046
20473,0.7367966494525673,-0.31919353163314257,-0.7133967187501244,0.03738288775335264
15433,-0.10749042475534375,0.13330769250011876,-0.10251981242211132,0.14712268525672278
29113,0.578492280027216,-1.6701029788817068,-1.0354421863046952,0.5019225437111171
16833,-0.29525089266872884,0.5220041058069792,1.1706106774507419,1.4784803181627135
31673,-1.2410083434471002,0.07898108697745074,-1.0628419453205575,1.6632277805843354
9633,0.08072782704274127,-0.16984712523974296,0.8955989845308748,-0.3297754296623453
21633,-0.856742161099242,0.06249932084912609,0.48092153000940474,0.2783771344233149
4553,1.7768406753157107,-0.9244674070090975,-0.8294637217165658,1.1018331224500653
12753,-0.9365809804010178,-0.20521239951661327,-1.2413265044224822,-0.39893346127222157
14073,1.266683736593271,0.30279539882617795,1.9038479955028211,0.17841295157634363
20953,-0.03993940518395734,-0.24726386731273142,-1.8180944186994294,0.5123813184678817
22793,0.9411106708916828,1.3574250329919406,0.46591342128207,1.2532047026657436
26953,-0.29317686995711395,-0.8688609249583286,-0.11205557275073212,-0.1873400480247423
18593,-0.6632622739190721,-1.1523170266033642,-0.5950773870220232,0.380451099117338
18913,0.1892981445091561,1.148667744030396,1.419243981600229,-1.1953730757020946
18513,0.23866172253043547,0.7272319291108066,-2.0197811262783905,-1.0370290233211075
16873,0.5644611287745571,-0.3281090367138418,0.7694951478558169,-1.0038025514208266
25073,-0.35506309868492814,0.2447533420859282,-0.1505920465126587,-0.06889724758667018
28113,0.9860718257048123,0.4588682197612316,-1.1416454101474758,-1.0098868251612239
32273,-0.49556115338476225,-1.0599563852897225,-0.7542297755787548,1.8526266817644983
22953,-1.5022516303935476,-1.3012289524356604,-0.2988413677221752,-0.5064753447708896
2553,0.2703646811979446,-0.3085078722657635,1.0177621680672226,-1.5426161010017299
4313,0.01157306535134335,1.2112529061766257,0.4455263494649881,-0.3855212680895539
8473,0.4900930203903534,-2.7431749355203783,-0.22187547803723687,-1.0914606957463442
12633,0.06872036968497426,-0.5826450013491674,0.00144612419570859,1.955566678046122
10753,0.8045340704334419,-0.10556398203561285,-0.020799986131458663,-0.16876503099637527
12033,0.0790582260907945,-0.9952156724191407,-0.5402044839346213,0.6934669766067426
8713,-0.3489942235712149,0.8038052348970571,-1.111432931884635,0.4393881065280227
5473,0.9319769815454261,0.3108765674796649,0.13951245132845486,0.6541874362910292
16913,1.3026670450701097,-0.3761696619958196,-0.2896514463480145,-0.4108900706280558
13793,-0.37305373806685976,-0.8721339793139654,1.048700266694173,1.7298707591420173
31833,-0.029746525775266004,-0.35760892378627146,-2.5027921046729573,-1.2444492550318478
14873,0.7285106578083977,0.20115908540164334,-0.6573019962157276,-0.9725857188651109
7273,-0.3454373601024633,-0.44549039396717977,2.2588041881591203,-1.0869042922044623
25713,-0.572966364558648,-1.5371846630908819,-0.1906779479188585,-0.2657820098907501
2593,0.15479103400052152,-0.061253648935854776,-0.5270144462468387,-0.5646437258841357
10793,-1.881910495409919,0.4218425332908766,0.7496055546631266,0.5815084105472526
31153,-0.10257747188935644,0.8630804632071524,1.2686317827368454,-0.7819958587581581
31273,-2.1838363265367855,-0.8725425326104613,-1.6037149587617352,0.21750927292102692
23273,-0.6619864586633937,-1.0278982596838275,0.1741247221900575,0.918848099591079
29233,1.040735630956719,-0.15921712385383396,-0.7398470874242897,-1.4472407994275795
20233,-0.5979926489491868,1.1226228635979885,1.1384818303337996,-0.14106019372067002
6713,0.5515913921964836,0.036505379203847124,-0.9509286140298544,-2.530684736799546
16113,0.044577462119087745,-0.09078812345416977,0.06554496141487891,-0.37683161914004587
24433,-0.7857858973587523,-1.0905686450644536,0.004286133262328361,-0.3717847141218359
21673,-0.5726333468884025,0.3969274364174377,1.182993812840078,-0.9663926354267036
25153,1.8579242609430293,0.40467056445226046,0.7183311927398791,0.2419281497063431
32753,1.2495216377548,-0.18899850406091265,0.7946479784293986,-0.5712421303480772
14433,0.3729101488146024,-2.0009358166189055,-0.48247696752142516,-0.39578471630232703
23113,0.4091099629877623,0.08558853192105424,-0.6486911163926194,-0.8209667809495228
13113,-1.5870722029406858,0.033664818365043175,-1.3566660443011869,-1.065324226820861
21073,-0.027376904446447005,0.18322471052390277,0.09104848644955646,1.5965425997925273
713,1.3236751046606636,-0.23502424502204491,1.0844656927391778,-0.9052095150430932
29753,-1.8715341854164995,-1.0653631331655287,1.7173175558022755,0.6513803649263789
8633,0.9882464646959489,-0.1546756756371218,0.21302832057500717,1.7225245001987242
29273,-1.0850241717784344,-0.41729780713743503,0.15493263539914381,0.24828680428584315
16993,-0.41478145813493306,1.6941684622514677,0.2854571874128155,-0.8208274872629804
18553,0.23432393664874032,-1.9999023793955335,0.09893376826904822,-1.2426808942726217
28433,-1.0988686283816647,0.19822351159643578,1.0609678783125769,-1.8017611622329734
26753,-0.43029252460667133,0.14878586905698618,2.0598562688254614,-0.31735486351846304
25193,-0.9269563257370285,1.2230534566810345,2.7564563326495803,0.5410186584513852
30913,0.23750834974670018,0.497734895343128,-0.6641844954894953,-2.308230569161653
2953,0.9983081982255345,-0.7959240731220701,0.44730000929087743,-0.5496387519698193
12913,-0.27416702995274356,-0.5381391817789574,-0.50665809928972,0.631481171727984
7113,-0.4650781778109327,0.7530266692628036,0.17598217336593094,0.03503016386148484
22713,-0.23452323564995828,1.8578882157461376,-0.8670616120693491,-0.19159137630016052
22633,0.40764301546711884,0.7523307864262765,0.16527020666836467,-0.1394670294679432
19593,0.30306530875268867,-0.5477469936726871,-0.3969642153588103,0.10951216080303497
633,-0.9398385983685008,0.5664019693975436,1.2488699084928152,-1.5626829545822625
23753,3.337202182606427,0.17637942014771066,-1.3020844432255219,-1.6878137828140454
8833,1.56251456996291,-0.341539186533907,-1.8553651770952595,1.6367478754097868
32193,-0.5148836493487386,-0.43110409311182507,-1.4167277491222627,-0.7465966670656332
12433,0.7898444810359474,1.261372222963133,0.2010686923417248,0.056194656200979
27273,1.3104808175018285,1.4602402822202487,1.1964035552719383,-0.01949983086681691
16593,0.4618268870248706,-1.4511410101065914,1.0541200560338744,0.11035954883357703
20753,0.21469948340762618,0.8083968764554443,-0.8422807426633673,-0.5335622281587882
24913,-1.065942986752787,-0.0828683776941594,-1.8669796667500353,0.9094543090698285
25233,1.0588105660157379,0.5178195896690097,0.6165692819033511,0.726060366270107
31513,-0.254152611840223,0.5018514091612715,0.697850494033062,-0.44278346497712323
12953,0.20794248304554935,-0.9533959450845297,-1.3719996188697594,0.3684190026638323
31393,-0.31448189351841727,-0.9844624261072393,-1.1686315780197902,-0.3004418399815456
10353,-0.6318019925796654,2.0217982472882445,-0.4334138391489099,-0.12901510075537226
29353,0.2085322797289757,-0.23066264602933986,0.40583302348261474,-0.19404577680666568
2273,-0.8377866230419709,-1.1573224825534723,0.09472390470384293,0.3634215655616062
17073,0.5249668838314805,0.7894535502666329,-0.4417433107949231,-1.435840555725169
23073,0.3828072583720965,-0.07218784825875754,-0.35997699682152756,-0.6822443122025245
14793,0.9745030881916312,1.576079323869764,0.937315570238076,-0.7651734127838116
15033,0.9214221084864891,-1.1145345328460952,-0.22310791798405374,-0.07859774332969154
2753,-1.237725262013137,-1.8661049583896292,2.0130375930902726,1.863448377003041
11753,-0.13825111655525701,-0.49168160305394604,1.0609741905619163,-0.6381710465089185
15913,-0.0538411971563701,1.495492382329865,-1.7094534515008386,0.20124076571789087
29473,-0.40584712827482927,0.33776349940713846,-0.028599995344897204,-2.3683040521012075
10953,-0.38764095620514394,0.1964089714639765,-0.15313416468123398,-0.026407098716051458
32553,-1.1388534103011518,0.7474728095925158,1.4009157043496143,-0.38231676128378134
11433,0.024618560318770685,-0.03125316762081699,0.5793914220864399,-0.010364588719690808
8913,-0.7866678858393876,0.4881826372293592,0.38051769356750587,0.7484818183785353
8753,-0.7515825535159517,-0.6311041507872871,1.0702462311245244,1.6925504019813873
28793,-0.832103387289781,-0.693241543180992,-0.6153263895415945,-0.7289027730635693
27353,0.20358614164969155,0.08122131513708294,0.9031366706522318,-0.37356212675498085
29553,0.9844818850383195,1.2283067301390704,0.24990379499305107,-0.35670196688507033
19113,-0.453252007443716,-1.003620796275207,0.22475916437350207,-0.14001823690363427
4833,-0.3715958161422918,-0.012777645537521035,-1.4196232018910975,-0.2520285273433662
2513,0.17930504229794478,-0.3605692868614596,0.44026352474578,0.11691640847156762
13033,-0.289036381559491,0.04853287666876083,-0.503703291197248,0.5040773107642978
22393,0.3790378653360064,-0.603248540166023,-0.061888245062154096,-0.388973169019596
26553,0.9097671221429999,-0.9240399185475363,0.2398104814126945,-0.31877883293585346
17193,-0.3876452887190246,-1.584740905860497,0.011450883469608783,-1.8827404767585902
19193,-0.21681247138862902,2.3680528306958517,-0.00889857300567759,0.9477796119908336
6913,0.21598584812424443,-1.9841479253109524,1.791704733826721,-0.8783647025123399
11073,-0.9900903372055307,1.2887899782301737,-0.5058162561914326,-1.642786915814562
15233,2.037881296940967,-0.552989696590022,-1.4079398582007376,-0.6411288915425533
17153,-0.6147046205538054,1.401661747811673,0.26287969923217075,-1.6369608327116536
19393,-2.214907354928154,-0.47677954571171055,-0.07625245907389253,0.15635137382105144
23553,-2.023811976101522,-0.22261686114961746,1.8616761205220733,-0.9173113667722416
27713,1.2796312510349706,-2.073400665114465,-0.015180423675673448,-0.020193572617450795
11393,-1.5509930985209692,-1.3117908129273046,-0.3345261515995753,-0.3316595523724897
31873,1.488025870862746,0.8083689815719927,-0.7940750111897799,0.09968416008733105
15113,-0.33991329095796097,-0.6458355999872585,-1.6288757312510347,1.546929564455654
8073,-0.8581198127689121,1.1742350202888094,-0.7635527857924019,-1.3433886991484343
2833,-0.8564437335504267,1.1526019704410175,-0.12756750602104672,0.13263976939916822
12233,0.9972044263040818,-0.43127485812976235,-0.8772225927398128,1.206984137731942
16393,1.1279929141359903,-0.4062712565806087,-1.0781476659370053,-0.3674446264094855
31193,-1.458552910798625,0.19615093300340186,-1.3468031736918713,-0.20929515129101278
24713,0.7082115067871988,2.1768789575578316,-0.7844934211218452,1.6120145709778873
11033,0.0007402593668833432,-0.7280319451365304,0.18959825130275199,0.11877577606334908
28873,-0.30560529498907596,-0.9360318830514689,0.03104715208417723,-0.4294271806072142
7793,0.4324064765473148,-1.3238032860729494,-0.13619242133942588,1.7562469948487947
8993,-0.22703463348194297,0.37368899795481775,0.06359584003961859,0.9268502526627276
5073,0.4890899113539757,-0.8196983879228568,0.5041163786332232,0.3840890004301026
13393,-1.2996523070955233,0.02010067088457641,-0.7560238763095966,0.7026929565746852
25393,-1.1394870424807297,0.40745838016720654,0.75086691504804,0.03288003847522524
17553,-2.040903652948701,-0.1990681275826739,0.6832167479234909,0.07486052161404676
6953,-0.2665700615714167,0.06875930706746185,0.3974370046848463,-1.6006629925068612
30393,-0.2806274871312355,1.2990069747688753,1.2007213030484924,1.6567764109866592
4913,-0.6959046151455519,0.9826999972867082,0.11371995687660985,1.4013790466546128
29833,1.4540165432161303,-0.14639470592010637,0.853486846439647,1.2252424051504422
23353,1.1415242492335391,-0.9459782669649435,-1.4470819356760614,-0.9604474410973372
833,1.0414165566259563,-0.32645426469988925,-0.29788394360767606,0.5707091057045688
8673,-0.1917333125324533,-0.1375456851590304,-0.20137454520582335,0.41098597826942185
29513,-2.2062945681335635,0.9458240952622028,0.7280371221113219,1.9791017260892916
19873,0.030702657036893448,-0.2716196294326591,0.22241760187206153,-0.4317654531222878
27473,0.5903239656826172,0.0007407549222386914,0.3091760911706626,0.18422453424697519
28193,-0.7229469710181666,-0.6382261895032164,-0.8233250666953066,-1.3210375031220878
18233,1.4564945982178694,0.9713694567874382,-0.15046657778356431,-0.14070326571197514
15193,-0.7308979194072027,-0.2093675332918128,-0.4609799837526991,-1.078208403010843
233,-0.6255891264026548,0.9457877927232219,-2.63654233942605,0.6091375821408953
2913,0.8940365365251003,-0.3761393582353897,-0.24070610085442237,-0.6788613079436644
19633,0.7516309129037423,-0.4522028781211942,1.4474659119146458,3.569720001231597
2193,0.5980466290400327,-1.787308034811623,0.6893490562503304,0.8418205911326059
873,-0.7975933249800716,1.4576771696700528,0.02664352949208126,0.4282132094059568
9073,-1.3160824393781487,0.5717261222204351,-0.22238436150411367,-0.5982040714913959
4793,-1.2271028082245568,0.13305548756467608,0.3562751127201917,0.6827516908092581
9713,-0.21520030635864407,0.512379903215485,0.7573734959310612,-1.2308810191852908
13873,2.6476260325613055,0.988707360606838,-2.8035427542805835,1.48650818673881
27113,0.8303570637593658,1.6152134653114767,-0.21689365392867635,-0.43771771655689923
17273,-1.0455818404600525,1.580555554131086,1.5569497428758836,-0.375057394321136
26353,1.1628510414621593,0.25228978293314325,-0.036757763783346435,0.5661733206564917
30513,-0.6061524093665248,-0.21584090917242962,-0.23619105120535377,1.7093342289648685
25473,-0.683776094242761,0.6520633478739886,0.4116215744647993,1.053005674545885
31553,-0.9318058215738186,-0.08581974180369421,-0.012483568135847063,0.2508619562889534
13193,-0.5482699987282128,2.1654792178656397,0.2639737900289465,1.4411053301389773
27513,-0.979827281857161,0.5519278806426697,-2.7585364738228964,0.5291054069153533
913,1.131328684312715,0.3025778512675976,-0.8970219115628216,-1.401502583221163
153,0.7583277651491092,-1.195802939764504,-0.3327338733524577,1.8370812917194523
9113,-1.0687058042383224,-0.519878299884987,1.086189743593717,0.8827155094666856
7873,-2.1488708773258716,0.6999731704473641,-1.1406018780219953,1.3935801839352526
20353,0.6126606116634716,-0.43755514614473257,1.5673700738996337,-0.8366145259715595
17313,-0.02786173686594909,0.4289623771982212,1.898728350689066,-0.24065438185648214
24513,-0.33536261714159277,-1.1035441643386024,2.8685397685830587,-0.005096001177128497
28673,0.008850627980034203,-0.4131162472668696,-1.1091753670589635,-0.4837369337645795
32833,0.2203359629390424,1.2386725978940887,-1.423167923567641,0.4772737297883183
4593,-1.0328735949516656,-0.3312529056702409,-1.987011244846467,-0.0604448915025213
15273,-0.8715986445160661,1.0092033253569057,-1.498153406533183,-0.16291127235436226
21433,-0.12704263069594882,0.6216604494210451,-0.14225626518796852,-0.26269823822847466
4873,-0.6387407829672517,-0.9795520504872186,0.4217442498449257,0.901660422813109
9033,-0.5074110549252103,-0.8275511278348985,-1.00566382719639,-1.8733417547050921
13233,1.014146221081762,-0.8050452015623722,-0.46527868396563415,1.2371409569544771
21513,1.9863007378649562,0.6138446872191283,-0.026296096041564125,-0.5721453478736858
25673,-0.06483199061852071,0.5099208592575789,1.359271042599915,-0.05769902825173438
19273,1.2861257677382854,-0.4627868651271095,-1.926952178755011,1.3652198977664847
953,-1.6664163698188355,1.1115385332490098,-0.9423081601162233,0.12857503066178066
1873,1.8193418345698078,-2.602884861587843,-0.3704405996602752,-1.172945072409416
6033,-0.8736967156550366,-1.0101149078782319,1.0620506036754664,-0.4273370813375874
9153,-0.6276561990075037,-0.04720574542589024,0.6622731727769066,-1.2160121445086987
10193,1.7588097686388406,1.0043841036755214,0.3253297369406374,-0.9587420504918228
14353,-1.9367748663935966,-1.0454757930756948,0.4541376235252851,0.2484925367814857
8353,-0.6926163271204321,0.8959255044690436,-0.19974789775211266,-0.23224880096259223
17353,-0.43089337000698513,-1.828844460878557,1.0842691500900858,-1.6373185540095412
30993,0.4010535056278033,0.30666471240158083,0.13366419138625227,1.0081781163075105
24993,0.3634139566232577,-0.6915575789336134,0.36630311279196587,-0.21674834890634342
25553,0.8882109127634674,0.3049250538359175,0.4063308091577412,-0.7449614280825368
15473,0.2806501077827632,1.1658656623149786,-0.0886770226839982,0.6628147440195146
11353,1.4924183000856253,-0.9480300412378905,2.462187841179811,0.5345334499001968
7673,0.2635890118231708,-0.08517088086109056,-1.4486702844278871,-0.5015656308578058
3033,-0.7828630057643831,1.9648391656772193,0.9211289325981203,0.9827235737322032
19673,0.7582133326051014,-1.0140959250358337,-1.381500832704876,1.471478533638353
32153,0.31843237451611384,0.4270253063381713,-1.7537058037333444,0.693894086034909
11233,-1.452890700211129,0.3326723545434519,-1.1937276020791303,0.22733226201769036
33,-1.4003081133886532,-0.5278314138706293,1.485307354514184,-1.2406167968504274
6993,-0.47919642252572037,-1.35979024769141,-0.9610351159608307,0.485400742913969
29673,-0.2352454937885989,-0.2752512078268244,-0.7473811365652079,1.341802478580985
16673,-0.7349765756175078,-1.6551353508384812,1.378623480691236,-0.9463026808641561
20833,0.7429699132025176,-1.6717317817002517,1.423576692291107,-0.12470765302613683
27633,0.8827877207384965,-0.38980809827423585,0.14525218127165992,-1.0877690820266572
29153,-0.5061463737244306,-0.4784681273809044,-0.7698800496082484,0.6014776436260278
9393,-0.5076603043963067,-0.08275008214915673,-0.2932338853063564,-0.8729782220056109
6313,-1.4415911465963531,0.7602892551142034,1.3755217703794411,-0.2755643127497087
25593,-1.4036313930770912,-0.8271089677759534,-0.7610166742726608,-0.8977948417170294
27833,-1.403810363755451,-0.17788534295003935,0.9058951111714889,-0.4069285006088156
3073,-1.3602079844568598,0.4839641164197434,-0.5874915790840769,-1.2158688357614977
31233,-0.7628699884108383,0.10429709973557366,0.020860962517477356,0.23248817015631687
1033,0.5547509515974584,-0.9111645814204826,0.028884510677424508,0.4790865553726449
29713,-0.046875278436671115,2.432069562798547,-0.6414798120044377,-0.9102623938584833
14833,0.6615602603553854,-1.3389977646048432,0.7251957596716823,-0.5373341994347598
18993,0.920320224223219,-0.18337022105032666,-0.8044584402610998,-0.6066787939413832
10073,-1.107582631601202,2.3139801931662767,-0.39913117495710876,-1.2939334311758526
7193,-0.8201097479648877,0.017733476695422114,1.3526398915623,0.057565939481196274
31473,-0.3561918827373546,1.0426606979107844,1.1246748756041614,-1.1636807840508083
5153,-0.5554785808861921,0.8042343332757874,-1.6960670659239918,0.00544988414589841
24753,-0.8410333300535124,-0.5587916033690932,0.7066643448737446,-2.76527790762635
3113,-0.3064490848346271,0.3192580774550247,-1.1468118116933357,-0.11949819958407742
1073,0.7615153197231225,1.3375384008941775,0.5251708784892744,1.396693131370696
513,-0.8268272508915994,0.2381944743797735,-0.6900661188381013,-1.0771004785870149
4673,-0.7391053789917785,1.175431055574517,1.0067608762198015,2.3313924520274205
29193,-1.1474014993418746,-1.206909430171708,-3.017548785773933,0.008084979052762179
19513,-0.37049384149257264,0.17797916267803235,-2.5148655184980666,1.4563004058746423
21313,0.570147855237992,-0.6033832717439089,0.2542296079741702,0.28900938560239237
11873,0.2662748885845597,-2.3079462232798704,-0.37103228220330126,-1.2746690296662582
17473,-0.5740811755168995,0.47506239582290466,0.7264054602667643,3.0575020125214936
13433,-0.7488396359840472,-0.26266549111258597,-0.30376282856048026,-0.20507251074704405
8033,0.4231104534877304,-0.7249341713585798,0.6205461233031162,0.4328994891010878
1673,-2.122843369554485,0.9351493894720493,-0.43051722665854736,-0.5626831091852051
5193,0.4423329448136954,-0.7207116665663855,-0.6909327855070746,0.7976658768064999
9993,0.8118368506533381,-2.253017994911309,0.03345376774972459,2.2903229960119513
16033,0.04158190971097733,0.4595661362590441,0.6551511510593202,0.8090695434701118
14153,-0.08174295781105378,-0.23747412337458831,1.7124766907969922,-0.32994216109748287
3153,0.036915290828845246,0.13317980025016157,0.013792311747058757,-0.08626713694149672
22473,0.8009041262629342,-0.44317752555292717,1.6624560368885752,-0.8463137006645707
30793,0.23712906144579007,0.07753246819600103,-0.09745877437552951,-0.41430359182216053
2233,-0.42584244027423374,2.426190782231522,0.27533725197806386,1.3129399114876663
1113,0.3666232280752583,0.7020540202549695,-0.07449141248975794,0.08781422480345344
11153,1.1452831955339902,-0.14665340862038112,-0.6137695079974718,-0.19482732809064138
19553,-0.4038790813789134,1.9932003273667767,-0.36130065922505605,-0.9037510724436073
15313,-0.23732616548839847,1.0643159726197582,-1.8830366078982654,-1.1116084279918368
23633,-0.601373933214331,-0.8157901271467014,1.484063197910968,-0.7422676802082173
6673,-0.3391273348913618,-1.3354781029202496,-0.34019078105399025,2.0424921179533206
17513,-2.59956176023468,0.401222277634575,1.9403929236689212,1.64048817929173
3993,1.7690885799417755,-0.6903092779779931,0.7663522787681608,-0.34343230511108785
5233,1.1252255831332056,-1.5490154144412283,0.608187962702504,0.03392605982945475
12313,-0.9215929990692563,1.60274848629189,-0.37404616118175765,1.6698464817530454
16473,-0.5282100246005097,0.1729810833623031,0.2516561218962039,0.6471502089178414
31593,-0.7883160309310296,2.0235820203496306,0.26328450723440006,0.9481066956705141
20633,-0.735587694689735,0.8640835776112517,-0.9364586870517171,0.26290436659487365
23673,0.32737425556149424,0.29048722112916336,1.309487515404124,-0.8424251801300193
24793,0.8661803372437993,-1.039073985870134,-0.9054133046974617,-0.5992014712241234
28953,-1.036658051893301,1.2299518580700157,0.43313894039162465,0.4307529547808309
1153,-0.49778045475533705,0.0029283630891643285,2.490810861671141,0.01814424117473256
993,-0.4246211389151364,-1.4112822129626974,0.07708705058335479,-0.04419980953925493
25793,-1.4711234589460953,0.5384739247724996,0.08704946985127927,-1.0266061252573762
4713,0.1403429290856959,-0.6749401879911741,-0.011825931922730992,-0.022439051919227064
9353,0.272760450922005,0.6433775822236844,0.2633481239190037,-0.5672554491163478
23153,0.9698207166905953,-1.640894349273522,0.28313023861274617,0.5021439461417653
7313,-1.0530786751795334,1.0632715793710508,-1.072343754857869,1.6997689080889962
8873,-0.47324257302502565,-0.3862751443665257,1.0636778295881097,-1.6863699951079345
30233,-0.3621457506685797,-0.48145357515548676,0.28861394346076286,0.33932024317266635
15513,-0.8638639238243474,0.39633768853293877,0.5404215977518838,0.8553225358762486
14633,-0.1906044838084036,0.9230436314044965,1.495800543535373,2.4395445343437454
23713,0.4141306407878195,0.10275806801674216,0.8759569020264587,0.3758672326305925
19313,-0.7676900190868455,-0.5159974299276643,-0.5128420180132502,-0.15239236014820573
1193,-0.16567160355328953,0.6910529684796259,0.17557371105912006,-0.4971608204839304
3313,-0.8986823006552521,-0.14877078961707085,-0.3059846729585036,-1.5064508348027634
22113,-1.015175704982882,-1.5014617953487406,0.8391752651758686,0.5011565114178749
11633,-0.3828820906249922,1.315901705283047,1.4279124413061917,-1.1378944217373876
29873,-0.15642706764479372,-0.5826570964898974,-0.7755794401240252,1.625534069182896
19953,0.21875888953897388,0.5105471693833148,-0.10088363648193435,-1.327403562766344
8393,-0.6281261486672549,1.304429816687136,0.17088518651098075,0.667393794809519
7353,-0.326999440711472,-0.47854692646672675,-0.02389149488492905,-0.4292588879613172
313,-0.589713656290432,0.016454113880392616,-1.5268921598752143,0.0607816539464014
5313,-0.6313160596725528,0.6904224531497849,1.136060875399729,0.5704670827245548
12793,-0.5417776019354125,0.42686420156312377,0.15448360100444578,0.27449248216754074
16953,2.23392365843873,0.6287865399726976,0.9926697929663612,-0.6462538653466877
12833,-0.6545974058625017,-0.5678651062225192,0.17529628371651512,-0.42783943906597666
13513,-0.8727425249014553,-0.522687427491763,0.7479116148700231,-0.68496438094104
29433,1.1017743017286692,-0.5100091494366609,1.2281972408423738,-0.8086862161340448
7073,-1.4677892260830816,-1.0841356263561148,1.162872117412098,0.8260851688158966
25513,0.844269078780288,-0.10091815020922304,-0.15329005077746216,-0.02668637983229543
21713,-1.790872998481146,-0.4130577023522097,-1.1607716431533674,-0.9775932775453371
1473,-0.8710232594457223,0.822872371472389,1.4395962587125435,1.5066563034880616
15993,0.5060332187375807,-0.42058473746519254,1.6411555850632968,-1.9047252845059908
5633,-0.5025689407140614,0.28659261994661417,0.8873550196766424,1.080684188138808
7033,-0.7393091699526732,1.115854403835481,0.013856046958086158,0.2954136800639522
9433,1.1395411056283322,-1.4690508512341296,0.4945639557786844,0.758317711649839
18113,-1.0107057059273885,-1.0658179015949858,-0.4363772254310446,-1.2025885690202711
22273,-0.09880857346967241,-0.4843683508017107,-1.3376011995108674,0.08753566676194781
26433,1.491763751039152,0.8861419089737302,0.4760659566474967,0.5207677562191174
1713,-0.3778936600128157,0.9902363759666853,0.035375028619573555,0.582999271494888
30593,-0.6502803824790908,-1.1895167798364972,0.711195642624781,-2.0275614050462942
7393,1.0510879212951278,0.00662533943793696,0.5887333692921217,0.49699804576406875
2633,0.14708093134701636,0.7724090040791075,-0.61483098783809,0.7056074855100368
11473,-0.6524070683291227,-0.5243564968970287,0.7411177391463744,-0.7116061015047153
5353,-0.944131919702355,-0.7641123996951383,1.2364416111887115,-0.7642655399070599
23433,-0.2537308880404746,0.1440417201667141,-0.577976841988989,-0.7575699194305684
13553,-0.3887751974550862,-0.057021172675770324,-0.4794799273679415,0.18440048890400687
31753,-1.8553519054221779,1.0500594005871164,1.8269937773592715,0.18225334685199648
21033,-1.069410380286091,1.1837613177670359,0.6305369947866518,-0.7382490690816863
11513,-0.12238712710348736,0.5603571731014395,-1.7181065873752013,-0.21732961223503708
7953,-1.166563475960003,0.2132635890065171,-1.971031755950494,0.3974153868562465
12113,0.745651358303051,-1.463966747499636,0.9686837837228157,-2.345665197627902
29953,0.016747423381041827,0.7618049025793439,-1.3283598992980294,0.6940354104619129
28753,-0.8478278641648954,-0.8687519801463865,-0.2514717452031371,0.466039897225969
4993,1.1580844770559846,-0.13072553023172123,-1.7304002317487304,-1.2166076202426037
27913,0.45664101805538315,-0.4502505311676197,-0.16946182713002092,1.3581700615880745
793,-0.9154876433287356,-0.07083740207802638,0.22927397775640027,0.2640220599855092
5393,0.6949832244996422,-1.4706476551335699,-0.12380145389351906,0.05913961581167739
13273,-0.5333905009239092,0.8766371530699465,0.16578378041313124,0.6829324568562714
21593,0.05599994307292001,3.2495940806722547,1.428759157199022,-2.706367903062718
18353,-0.2870221847399458,0.8760256041226028,1.1630310405427873,0.08772098912078534
3353,0.12729607094807002,0.24676801448650837,-0.9717866589378165,0.9816403537678202
29913,-0.6754658314401583,1.165879320647675,1.2739189691322945,1.3842058874297447
11553,0.9650516364766806,2.1330340694738874,-0.4865400535113086,0.040413951866818974
6113,1.6074715558911385,0.547197629649944,-0.24980692842544416,0.7640527663566817
3633,-1.0780918738536025,-1.4153997447251672,-0.5187901850530687,-0.5096907482261723
29993,0.5814588871861878,0.3112970867509579,0.8778465045461114,0.783264411053171
31073,-0.5551380774427601,0.046678411446855604,-1.1800820958069782,0.3909974123968067
7473,1.268337274512563,1.9263247170496973,-0.4283298494891908,0.7024146391177244
28553,0.21450611333377315,-0.07808361558831291,0.3513445935642121,1.110911536736567
15673,-1.9224730945233193,1.2843202214450702,1.1595198301990486,-0.5471498744475024
15593,0.040317676237162384,-0.7303449394844269,0.7938079318451876,0.479837070103221
12393,1.0607297999326795,-0.2586955427601928,-1.2692517222714539,0.5350343073320519
13633,-0.7248914593606153,1.1731019863437993,0.8079414383175818,1.1280248052508066
7633,-0.36497459171685226,1.1912232215402623,-0.0491193655753039,0.07060833112769437
32233,0.12291126871047066,-0.5706026567716661,0.8244081051778215,1.4806641843574941
22753,0.03908538971419779,-0.701605775229007,-0.07058511552786219,-2.5802651519472635
32073,0.8342503255574736,0.19307427199356542,0.8877628884785627,-0.8398777831980232
12593,0.2614659158138371,0.329078078549019,0.8027350998109165,-0.4116507204738375
16553,1.2593841058954227,1.2591010052975002,0.6766326463647914,0.795885131204908
16753,-0.4107091726179142,-0.06671140775116509,0.9152421266317615,-0.5969925266148413
30033,-0.1373353740754699,-0.6639522481437127,-1.1585259667048837,1.2671711579580904
11833,0.22764304676262775,2.1477794255112626,1.1530593513752572,-1.0124089100649445
27993,-1.2009338640876854,1.9519482473718968,1.1939615146589395,-0.161787356804021
9593,1.1210843357435583,0.2558286336037745,-1.5869424464349975,-0.7879897795596402
11193,-1.2983560366061062,-0.847346314055912,2.4687338494186406,-0.18600975729717759
25953,1.0840016080396682,-0.23832670319861704,-0.4557677852516743,1.3117193167273602
21393,0.4061059400058679,0.2912417522667627,0.8127472000743736,0.23964329892844816
3433,0.5221772967186196,0.688596325093618,-0.5663723460248802,-0.6976030842122879
32113,1.8323561733773095,0.44839472613553555,0.28403151325213855,1.419331411350646
6593,0.09568096834710091,0.5008332977961326,2.8376155490314816,0.053058066076341656
14913,0.4585822794484623,-0.4093407718391875,-0.5215749776350317,-0.8301059053482494
30953,-0.6574239907650709,0.270955892160748,0.5840802203248254,-1.702297547622448
19833,-0.08229843854716376,0.07406341282017914,0.3127454999235311,0.18996771682590255
23233,-0.17430954660452042,-1.5825944095316322,-1.5557601078517431,-1.3494734819748933
27393,1.6285600992488418,2.115039211519345,1.034540285617141,-1.5144344631750861
17793,0.827849086816921,0.8895305926007381,0.1653505838433258,-1.9011002901352216
3593,0.0374438424519017,-1.57039654040649,-0.5307395923984015,0.394993703785857
20033,0.5318115465592255,1.1706341902523876,-2.024890486898351,-0.08094957116831838
11913,-0.14976605005276614,0.16906320378657597,-1.8954018229788296,0.5008706495075705
5513,0.5232140723603418,0.7408963405038729,-1.2672546535472964,-0.9824439585009025
24393,0.11504657200914331,1.1673692476379505,-1.0827509640902462,0.8200608949183965
13713,0.3812922883342456,-0.6555603976844291,-0.8555673095650785,-0.1399039013460906
593,0.11126551915554578,0.06338933868284631,-0.593515449462995,1.4458955706291778
19353,-0.19997847460379542,-0.20361568807178734,0.4621231002730011,-0.2611537573241728
1433,0.24693695474680427,0.49114733263168986,1.4108338247236079,-0.2517334224045741
13073,-1.7084013178905666,-0.12254684370747185,0.0032025569072971693,-0.9357515925567188
17233,1.6280734903337895,1.8902074263290147,0.8115535640914233,0.34945223254559715
30113,-1.4576350756691545,-1.9470550320154432,-0.9629675278975011,-0.7809410430774321
23793,-0.26110661117030887,0.2153396361721851,0.45797475998357684,-1.384019851560848
28073,0.7188978302643481,-0.11378140391157643,0.3037070059692856,-1.0594672088267105
5913,0.4862428369164624,-0.2956589811463543,0.5000018878718291,0.42033096702827505
27233,-1.7852860201539427,0.11186945322128132,0.04144470037714541,-1.041655734109656
14233,1.6349844967073102,0.42353989170996204,-0.20833642590841164,0.7320461996269646
15793,0.5655573790105933,1.9085857534301196,0.941352895968024,-0.11669059059580544
18393,-0.21216927054886786,0.7220812777528771,-0.02445312444132432,0.1313531223716066
22553,-1.195169444476524,1.060930628337111,1.1398674918423515,0.46853767158282134
12873,-0.005032086749593174,0.2874483477488128,0.21276430506554722,0.18288794851261028
30873,-0.6624922957765875,0.03443044994657926,-0.4521104801990836,-2.1285339005418344
13753,0.8558071281207867,1.0117507898757774,1.4671283943723985,1.0246225746408135
11713,-0.1724749097560288,0.12974941059146888,0.1253627202316725,0.17825009574213557
15393,0.08393017844669834,-0.453086062902256,0.8212133001921202,-0.6426087658618531
22433,-1.8517195248946678,-0.16152976237511626,-0.09107095637671517,0.5514894491511224
9673,0.6323655161852301,-0.5789305538720034,1.013798635998127,-0.36380929240159654
27873,3.1539308030096747,1.5685270390777837,0.7601864985605292,-1.0770866937502015
7593,-0.1986411770542466,-1.0736043544845313,2.932759400608559,-1.0763610778472288
26033,0.7975276180689284,-1.077224499964295,2.477944180999551,-0.6227179858143206
17873,-1.163636910129696,-0.5438448615387537,0.9553318996854802,2.2695415069891247
1273,-0.5183796040193615,0.055699951459971496,-0.8625339132280817,0.7294630965281602
26073,0.6654421758906336,0.8425378374748873,-0.11271394280181006,0.43805819681250674
20713,0.5792525035467906,0.8874205109200702,0.6051058529319577,0.5805548144401581
24873,2.1789471393458912,-0.850192562927841,1.6178842985300983,-1.2077217758588288
29033,-0.5981099090639665,0.1272862213285651,-0.32244205296352124,0.9673025074353845
3553,0.28348707296576087,0.771802913418899,0.4722030820038549,-1.5828539599322762
26193,0.1736704269109159,-0.423111998442119,0.4323147509670327,-0.10629997733846666
21993,-0.002722660559743624,0.754718710264397,0.3567058280066317,-0.1227220959774814
17713,0.8306831465368115,-0.3528330042821813,2.062566882826515,0.5296308562872466
21873,-1.9645553475388655,1.8948064036539294,-0.5430049318118446,0.5923910951304889
30193,-0.9202963119823664,-0.101843378177838,1.083565938430553,0.34735098889870336
10153,-0.005947550931030977,-0.085907000695083,-0.5460737168309742,-0.8114188046746846
17913,2.2609604139814756,0.9622773489598612,0.15859785510206403,-2.1057865429364595
6393,-0.04810190554667634,0.9234621437233145,-0.7656722573647129,-0.6697216165348656
10553,-0.34096175144322,1.5627667654012016,0.20677330941587235,1.7351904795745077
14713,0.15589531390424327,0.266673675455562,-0.6632681855990812,-1.0797947858435624
26113,0.8806017449033424,0.08381655653541681,-1.137801886515987,-0.8115646513442654
23033,1.0552846537114926,-0.6166638076130369,-0.7441195519502795,-0.47485666256123144
24233,-2.335594922868524,0.6477415357425539,0.7528261696138983,0.09175867840721137
24833,-1.1854567671638814,1.143543350017402,-0.5741912763097629,1.0641833012378605
13833,0.19262377667745492,0.9480905722783174,2.1861019916954088,-0.8194061357396596
7553,-0.2157542230638993,0.8343577047920591,1.0673893139543744,-2.0920321094448555
11793,0.3207324807665868,0.8668911389672975,0.2522624155100953,0.3197995438645939
15873,0.06972357972767373,0.06252792566956392,1.2548829116448632,-0.8400410986293079
433,-0.04182035083498605,-0.05563205311029682,0.07608019457011721,-1.335076649196168
8793,-2.4558405698249928,1.8958819160278098,-1.2525025708465765,1.0669763970790684
24193,-0.47071238247005115,-1.0380683366931676,-1.3562504958316852,-0.19805779341135957
19993,-1.4110675237655814,-0.052615809291739465,-0.26046237670151245,-0.8795798007843805
32513,-0.3529483617215489,1.7881241590188997,0.8177054076594075,-1.0381918607754306
393,0.4115971412658077,1.1240603845000319,-1.1000393718665105,-0.8565273015646842
17953,1.31502145415977,-1.1683093220045662,0.6246064858187297,0.07242087358859096
8113,0.6515923946466544,0.0925944651812578,0.46127108728568533,0.9712533846215754
17033,-0.008354745106582564,0.8090637193070379,-0.06595529560833112,0.15885910790914257
5673,0.013956420112536186,0.20302516495901632,0.16227454941838496,0.49131951599576085
21193,-0.020000634048227876,0.6966097249710911,-1.6798783995218642,1.7202416455318277
25353,0.2270715442622403,0.6891148695184707,-1.2942819901929727,0.21080512171249335
24113,-1.0443688226778125,-0.1355001407853161,-0.6238123482134253,-0.35835064387158383
1553,0.4491413058887943,0.5148686017760568,0.6048166407221341,0.3763120648663224
17673,0.42013895715228183,-0.6696960698847637,-2.6528058538405093,0.47294778956055633
9873,1.0380166985488237,2.7212842321776143,1.372922688580294,-1.1123317899984273
1593,-0.1987584796968046,-0.2688384135330806,-1.0736437988479244,0.0004942260345854837
22353,-0.07651456706772203,-0.21798120824079306,0.8711680623959054,0.8695896509987678
9793,1.3816345646455972,1.7076371978365217,-0.08939650213452903,-0.8928706446315233
31353,-1.7800208484613482,-0.29473863795492833,0.4020354467384181,0.689458516931842
17833,0.7291027413223975,1.2964536766173,1.107832294060249,0.5119021367081252
32353,0.37633464266333805,0.1528882345415013,-1.3621440144668364,-0.8290163244053781
2713,0.2756421975608795,0.25913431808664467,1.0725208943220943,0.7788502281518138
7753,-1.0229228412216158,1.0799729542083885,0.3655598026643642,0.001502563994860047
6873,-2.020766271649149,0.858764772816698,0.4241651102492666,0.9456208635934323
5713,0.5460633666805246,-2.3657551500834475,0.030507199173813723,-0.4063369313180547
23513,-0.9004204183542447,-0.7313623168537218,0.29152078587847,-0.21110788948034037
27673,2.0116428562714384,1.2400756267302737,0.05478468469656435,0.4013681603349987
16313,-1.3839748621205346,-0.17388423803907296,1.062081138240959,0.4630824177192054
3673,-0.18655386987421696,0.4978659724673134,-1.0704822745267386,0.9857065797828743
3873,-0.9782423097377153,-1.3031014472635858,1.2370841402914567,-0.9733291017708117
1633,-0.14200515907301525,-0.5773288530751398,0.5226448551713244,-0.09642570243874246
16353,-1.6462736304896524,-0.9663986924499626,-0.4689512587874464,0.16363173462289543
20513,-1.3965018210192213,-1.0369430045869432,-0.21757643707829757,0.0910452373550573
15633,0.6110951444341656,-0.6830669525699951,0.3676403465590429,0.8897218688843488
30313,-1.1050687691757894,-0.3246732847277052,0.4647058029618389,1.5026837749765318
18033,1.0346938449429406,0.3335401492243815,0.9300616547864908,-0.013564258576235218
9193,1.267663297130139,-1.0537175632389406,0.12909410302368243,0.5811087637129486
13353,-0.648080473556996,0.11002845629409798,-0.6386301558061626,1.6734620571573897
20073,0.4236799781410954,-0.5435589738254393,0.5384796100046108,-1.942824933850379
5753,0.953350321570227,1.1779984906073235,-0.9069379932445655,-0.07612760070999318
25833,1.5791966896091527,-0.9586596836297165,0.8853766761070637,-0.31955816142184
3713,-0.661396500530997,1.8344710276484173,0.9036625044873059,-0.11097689598622945
29633,-0.5254512439946376,-0.18210532188014977,0.8340918382592727,-1.7047269466344477
32393,1.2105685375597643,-1.6558644826833873,0.6777070354640381,-0.03729080959192017
18673,-2.2271814598470163,-0.5846112962688181,0.3286222609683625,-0.27811065243214006
22833,-1.0891331392353887,-0.2485006211556054,-1.7474867919545891,0.9416522375092802
26993,0.9910831893849862,1.5485490021834267,-0.6399788392481812,-0.6143995841556578
30353,-1.678632687750615,-0.6855672479456882,0.8553154366955438,-0.5086680501492372
23833,-0.06570747341110172,-0.03344063777608669,-0.009442634380993471,-0.17174695520823025
18073,0.4146068096128409,0.21840296692825245,0.19797470363520986,-0.18346387940381023
5793,-0.38698870062249574,-0.2306395228628386,-1.6329120782742728,-1.986705442550494
28153,-0.3108224569369503,-1.4605237878728663,0.15462990146536748,-0.32741498059861257
32313,0.23995126658906837,1.4338695427391326,-0.34776925066448544,-1.1321183400042474
28273,0.3085190244853586,1.784271250170391,0.15660473698382324,0.7627422372415241
3753,0.6741538213956603,0.6734462875255495,1.064651813508843,0.660972028449691
9313,0.6290180838867778,1.2842997179931535,1.645247292926783,-0.1174150484799196
12673,0.45530965936686935,-0.7387067670816531,0.1381660963860498,1.4675129123479564
11953,-0.21691521604074773,-0.4255868647656401,0.7023717489751609,0.9377717590793646
27593,-0.2763868946926056,0.056942143970258305,-0.08148295191057067,0.23800572222614863
9913,0.8130096028851201,-1.737311278694553,0.553628696997278,0.9966816280710964
13473,0.7917210286419539,-1.0187743183541975,1.4349257318662352,-1.002491312210889
31913,-0.24526105347075394,0.793495449213446,-0.16204570116802003,0.51811882300622
28353,-0.15459428777335782,1.4511816678396365,-0.9446342175365279,1.7270952634676606
17993,-0.7507005048067589,1.3230251535269857,0.44445276405688516,0.838331219639654
26913,1.4197733698626571,1.1822765286050596,1.5813897217453572,0.5483933055106344
5833,0.8343699332737167,-1.407262263156732,-0.25909171620596094,-0.8569371152588529
26313,-0.07671614647792617,-0.7610771798624884,-0.5153998769650792,-0.8139740746807096
14033,-0.9294672882173984,-0.17252738217449745,0.688739134712785,-0.33228185331112026
10833,-0.5809819866890394,1.6159799612156511,-0.8263436840341923,-0.2675557773118307
26233,-0.5462461541809873,0.5157861579914231,0.4731629951562143,-0.520289665497259
14993,0.3135601375466575,-0.9371730809106555,1.3761393123232015,-0.9693852041975644
1753,2.437397513128236,0.18659160710439482,-0.17054194503737372,1.2472126252417126
23313,-0.7525374146856906,-1.0043908685246743,-0.560677848001771,-0.43588935439657583
31633,1.275119682716214,1.421172612033269,-0.9639414210336713,0.8638463833984691
30433,0.7651290615894739,0.8028238847616075,0.13575384617147282,-0.40510758729714647
20433,0.4879899348184705,-0.6948471765479435,-1.7242017190476224,0.6391722359329626
7833,0.9299736701233006,0.7612761643652906,0.5033861866409189,0.6125587503621354
28393,0.7923957956318781,0.16816288969015142,-0.33881600832723424,-0.606128873427205
16153,0.3411134081934271,-1.0427133332988912,0.3450998625788569,0.04557647514363479
5873,-1.2366448705910287,0.3681909068539689,0.269665598536019,0.7101952078220779
32793,0.047006120102547795,-0.383971807156056,-0.6515358501039568,-2.47017930286724
2153,2.355794754579136,-0.6844662793879518,-1.9213353869333538,0.5790133481442161
19753,-0.8439458004389482,0.16037916504790958,-1.0756866451832012,0.6177736831523367
20593,-0.2288070336086167,-0.2448873737818406,0.6746881064782948,-1.2500994811467492
24313,0.6095516754070377,-0.19636527647624422,-0.5317451563415162,-0.7817635811966784
13153,0.8075818683944346,0.9971388288283639,-1.502955200788266,0.46470940096210067
1793,1.0811350115711442,0.20395440965282857,-0.561562007088042,0.2264290658496965
27193,-1.638115438520154,-0.4392995459291646,0.17856012170877097,0.28778675334797094
29313,-0.0004997880244388057,0.5038326210157855,-0.28714273126089174,-0.4648948817832211
30473,-0.028881922987644863,-0.11231253254116413,-0.08208678270658681,-1.0118652424345689
1833,-1.4277456209206727,-1.1143431982107488,1.638596108580963,1.1312599949790452
18193,-1.1677125245659197,0.7146659764110271,-0.030009626467315125,0.17271684281549415
18473,-0.6746554022948508,0.36342669699667296,0.9745044670676964,2.42812479623329
8153,-0.9505234782408744,-0.5199737705912099,-0.10277298939658297,-0.47615049618723493
26393,0.35253781484730035,-0.27490249034448255,-1.1064523096879821,-2.696826005662142
14113,1.1368319090706973,-0.4463648932153481,-0.20554517170454303,0.05543242239275359
7153,1.0644913206218953,0.6164944965629048,0.9546104532285549,2.002700721783572
11313,1.3420071075966389,-0.09499242163991015,0.7458322430473924,1.3466502084254788
27953,-0.8552865973500118,-2.412915704592116,0.9425607640527431,-1.404194297186427
12073,-0.3042543349051404,-1.014400904033242,-0.19120759672196905,1.393997465811726
20273,-1.1860774556007019,0.09600677646562791,0.8261862812128568,0.4184178601429749
4153,1.3147927496721026,-1.437776207513486,1.3873726682268623,1.8959791593849016
22153,0.3232398098143509,0.21047291866681245,0.1779128649193259,0.25659179939959587
28473,1.4580046645077342,-1.0211411120387999,0.18612804336604005,-1.2588186280218916
4513,0.7189508182597318,0.37713244448379807,1.1022673992437142,-1.9406102990462983
16193,1.46035376128755,0.6334820555977524,-1.6140060473001756,-1.2042459561146934
21473,0.48711432578341995,0.6335746335300226,0.10328482445378318,-0.17707320562898402
3913,-0.8540970056486774,-1.9353916380979608,-0.04923569770951554,0.011903985227193204
9473,-0.5078104212428619,0.6448607140019194,-1.0723739211763523,0.3693503075097296
3513,-1.3045630876677314,0.5375932910544174,0.569023893723612,-1.0442775181461446
32593,-1.056228164324019,-0.18988977919106306,-0.1065770177561064,0.2797479255887752
21953,-0.3771785374260492,-0.4674464618958547,-0.2836064245074764,-0.06490882264308345
30273,-0.1706455138504301,-1.0706437556416974,-0.25481368933210047,-0.22284300746433633
5433,1.3013562705741126,0.8668810259061243,-0.08773692891668709,-1.802742431278168
20313,0.05738531039045738,-0.08811726480884718,1.7814258178253917,-0.8371741004742959
18273,0.14565801368619125,-0.2433658763192276,1.9543441246740054,0.5013926920943678
18953,-2.0601493523452454,-0.21742885348779445,-1.231039720840865,-0.9204276449217352
4753,0.17390505500761244,-0.3026580035703491,-0.8967344927149783,0.5516701356978829
5993,0.6987517466768777,-0.6054932778254368,-1.9829202886193105,1.5168026704463862
31433,-1.1327881381642089,1.4790941873786754,-2.321341007899322,0.7241905455680475
3473,-0.21048440022572754,0.033666730117323726,2.176293514236027,-1.8038658371225995
3953,2.071295113992433,0.21690013259567933,1.296209722564293,-0.5146090270429906
21153,0.4498351258435405,0.7298504435126326,-0.8033638345408436,0.08667560600656461
15953,1.2600319619290898,-0.06258026453850055,-0.4862156292259324,0.6223710624602214
4073,1.7571958968348729,0.5004381828223434,0.583346355236249,0.2656130165025437
20113,0.3897804368322881,0.07838030226853133,1.3069644476983175,0.6800391454273739
32633,1.2276797682268943,0.1449920736388851,0.036403637152958815,0.4163853706399128
24273,-0.6470187422477559,-1.7547468674307733,1.0274291658723025,0.9938621817204671
10113,0.07303434090895307,0.1686523135428527,-1.0059751608383318,1.045969869107998
473,-0.2553500732365125,1.2094991966454407,-0.8894002473834497,1.9535962366396558
4633,0.23546842053639072,-1.3613155984426144,-0.19087804419501078,-0.6405588233974506
3393,0.7687933167034534,1.173162153294726,0.2599677315803098,-0.8744188113435193
18313,0.2179057993093856,0.7725467852055656,0.3559006261780239,-0.7779547422886004
17113,-1.9498607056838242,-0.6633198995757642,1.739747838614725,-0.8110129787743465
21273,-0.6160153083842838,0.2788802878207722,-0.048108404492946184,0.8922018800596853
25433,-0.5187359823671109,2.222005940958059,2.472032942848327,0.20053411816250907
29593,-1.7249541917471918,-0.5357029198475054,-1.2236994566316246,0.5689951587619722
16273,1.6100535864527443,-0.02790962906207766,-0.45846543103214626,-0.5393114157845917
23193,0.5234474996056642,-0.13929547023673436,-1.3717685774715929,-0.0949658951981795
24473,0.4529357581167088,0.5853231157631895,0.5812210317782857,-1.1045328256054685
1953,-0.6360450398906106,0.4522765711185371,0.5126331121738902,0.8909896171701308
30753,-1.7750207333545585,1.7076722384272585,-0.6633128465476081,0.13041562780594415
17393,-0.7082532610490937,0.19786383187132878,1.1858536546870182,0.8253207289725963
30633,-0.7981551581050299,0.92815921787613,-0.31703859680970553,-0.2114731393305666
2793,0.33124763994698814,-0.4586873336958381,-0.0031606542164494588,-0.30366338863235487
11113,-0.5620334411846657,0.028482166276951833,-0.9171073867698446,-0.35585494636491694
28593,-1.5539974342799054,1.0612714859870527,-0.5695754133038782,1.0380677475496065
19433,0.6147756968725814,-1.0370712035482197,-0.6376644642901858,-0.44139112934580077
23593,-0.2964347127707669,-1.0091261475137148,-0.36818575011901583,0.8369188651013763
12193,-0.3921244991811378,-1.3518007194480288,0.8887088429031044,0.7003858101779119
27753,-1.2054592739679448,-0.9698438996278793,0.8929518294342429,-0.04850458941171428
6073,0.5187666031668202,0.45226503939566404,-1.3823301989625674,-1.3064056748864403
32433,-2.0393413388527484,-0.4921725050735349,-0.09614044562191222,-0.09175422219663024
4033,0.6454720749647772,0.07662848709558978,1.0408790559458445,0.6632744555221213
12273,4.066779640103619,0.38919997653295013,-1.7802069676552992,0.7760399524731538
16433,2.0012367288315027,0.6262245875646967,0.46552393562667027,-0.5866113211597036
26273,-0.9254686739698307,-0.10906807219820984,-0.7168688502957686,0.5110207263418479
1993,1.9893377614769632,1.3070634921145654,-0.8153651972870815,0.7844079434876526
28913,1.466700304677852,-0.7449979384825332,-0.8502707932783644,1.9185130305487383
30673,0.1220594534884704,0.36600120701502264,-1.267960701244746,0.5227495153078199
5113,0.4989968704187973,1.2227749979210252,-1.2917956009743956,-0.8685159748051331
9273,-0.4538867849801143,1.5636678879073638,1.0253452905747251,0.6544027425349637
15353,0.9613701702189836,-0.606097927026411,-0.007883188099845714,-0.6477298865441125
28633,0.0066844244904090844,0.4972518402587421,-0.37696983406178985,-0.26064766496392167
21753,-0.011716750445060466,0.7674844987858482,-0.317884513147092,-0.8041901410725545
25913,-1.0099558699217257,-0.9154000949027599,-0.5758594671793161,-1.5899840166317452
30073,0.3343731794784427,0.6497973388179098,-1.3786122740515938,-0.6153471652593641
26593,-1.1615706045030867,-0.4861368670525839,-0.12568164722552289,0.6344297753011356
4433,-1.423779875729902,0.6941779084235703,-0.61184294000095,0.5126157590892385
6273,0.915871803973523,-1.1334899533392864,0.21787329319024012,0.6251123522662871
14313,-1.0363404421076778,0.5508473591852505,1.064060873231037,0.003144276206123056
10433,0.3826671962172726,-1.3785034975417572,-0.6221382342202041,-0.0003252318403738349
18753,0.4261513948808036,-0.22723980412480768,0.13605959090252703,-0.9943111058935339
22913,-1.1468848490821124,0.13143966031064794,-1.3953339996042597,-0.516944401922981
2033,-0.24528973709858012,0.8070970981523048,0.7923562710600108,0.3248173492102951
27073,-1.3105302302592752,-1.2832240681105436,-0.004275707192199912,-0.9835994778401655
2673,1.5466664636907463,-1.3765446180013887,-0.04413514116182002,-0.8968825872895829
13993,2.3054932224419313,0.01362933807786226,0.5833512426799257,0.4216665389180094
21113,-0.6575307509283154,-0.9344707460525441,0.2711987185282264,1.3163185628079743
30713,-1.2474583761182427,0.3846626730819557,-0.3364309531423929,-0.35133122035641606
3273,1.7112169475822911,-0.5873187090967738,-0.3288470521436114,-0.4154767202689999
7433,-1.0431778910332636,-0.8542595076630953,-0.8748458600440953,-0.014273416218109252
11593,-0.36508029259158037,0.7886050210918085,0.2654090673706612,-0.34729814319675156
