24581,-0.7071720362939519,0.452640832973215,-1.2093875898368593,-0.09587710009606767
4501,0.05446696420039815,0.8745348380640031,-1.2134174301349354,-1.1681600360620035
5941,-0.18316591995595247,-0.5344503332663599,0.22509842253076445,0.5563581377050568
32781,-0.3920097594084257,-0.5369875674415872,0.633000212065997,0.24285738901849618
16981,1.1214346061526623,-0.06795298810558718,0.609368414800615,0.20943217334007683
25261,2.0271825159080885,0.5890479904659097,0.12329659627553029,1.6933425173220937
29461,0.17809180437358002,-0.9529606281660085,-0.6831452638236667,-0.047107753933155784
21,-0.639018266728817,0.4640794092674839,-1.6111959918588046,0.8249441602990769
8221,-0.015627175103769864,-0.21799549446907193,2.5737222143368768,0.5868727801363134
9821,0.8840408250540458,-1.9611468888909043,0.41008701912153456,-1.2401685763936758
14341,-0.2872554279097228,-0.6941534909669406,-0.043918749734527474,-1.5129399228485438
13981,0.16986049823284616,1.0517041790750243,0.8435281004587921,1.4562461951883414
6181,0.716188675883786,0.8902313872930898,-1.1294329713791056,-0.7944585354536845
26461,-2.4781285588091437,1.0378557988419563,0.4750326914493298,-0.5740146241437011
24621,-0.058178430356462585,0.6319212162439991,-1.8820445881983863,-0.062248404221509
23901,0.16354083922417886,-0.9352259856298426,-1.1076547238736496,0.42411672385462845
22581,1.926119748718368,0.5845392974250553,1.867555458224048,-0.10815252790842536
23461,0.02814525215604348,1.0115358760792683,0.9325218502184782,0.5302067868767941
31861,0.3021503604389731,-0.03920524961015724,-0.12224841658615349,0.40270676887837087
31781,0.39164544846676064,0.5544486945012879,1.0073137728226182,-0.3170377449526089
7861,0.017111532299227225,0.60933122905734,0.07634678018354028,-0.3840056994503759
3821,0.07942005751849925,-1.4896451415072702,0.8262753452991305,-0.8994376598585985
18501,-0.011499676202792035,-0.47289238618395496,0.023526560123510967,1.432924064052689
19501,0.3448103939246502,-0.027467234264850496,0.7077806099310104,0.44941622202235487
20461,-0.6931179821535371,0.39176670524675755,0.7570821491457552,-0.640141996065216
6221,-0.0940767455040207,0.8927013642532498,0.05129762075497656,0.14895899636635462
17421,0.2727281314243256,1.2825276750637729,0.8669008348939353,0.3243212454790996
821,-0.09412341921224933,-1.0533191984853643,0.6890527651971802,0.7112548537708758
4981,0.4724361638642727,0.7148824447399882,-0.07696021402729213,-0.763217703696423
13301,-1.0026476394327415,-0.46625380565328695,0.6324019369955912,0.6539660481626608
22621,-0.3394333654180023,0.05098473412287743,-0.3032803909365475,0.25413654222284776
11621,-1.6343711060831385,0.01146969918598029,0.16445761887669277,-2.3947947863432875
25781,-0.3935728536455471,1.066838453755204,-0.714889117621652,-0.45328812613917896
30821,-1.0774143076274443,-0.13942242848161743,0.42906135589290384,0.40008672063338924
1981,-0.6879947493534568,-1.1517529639752795,0.21501483857559844,-0.28727584781115645
18541,-0.07319154672933174,0.14631842171449608,0.8201351279145311,0.11190818304622584
21181,0.12589368945918888,1.1441974745249583,0.5224634364333839,1.024316801748502
22781,1.3263591220903457,-0.10033437478810793,0.4718365627393732,-0.38032390759477713
2101,-0.25067892032828476,-1.0858608467070348,-0.326798782453971,-0.9674226517086612
6261,-2.902906039725053,-0.02362713984575459,-0.719292547366407,0.6149333490091641
31101,-0.6925001080093937,0.7846578655375921,0.28012901249697775,0.03731532406042148
4221,0.9633837531526512,1.5147186869810647,-1.4548283328308198,0.09409944648123357
15381,1.2426507148927224,-0.3401555871097074,1.6203390232817203,0.24385411957565672
11461,0.8368886555554141,-0.9120691318448726,0.8097611997123083,0.01900247662888159
24701,-0.06793545219829991,-0.46336189429921415,-0.8587305379481968,1.747462036555149
12421,0.8348576532959573,0.7417814263013514,2.1288013351923136,0.6896997455812048
23941,0.41075261307893435,0.781178980718426,0.7517167700745178,0.3044397921765875
32261,0.026638585171837367,-0.06161212199940572,0.9153175576869708,0.2934622279170911
30861,0.038410771057296844,-0.9282327774187957,0.30522031115722886,-0.5336146227110221
9581,0.21526332002133478,1.029979502631112,1.0539076598382051,-2.3316214980741723
10421,0.8060986177025484,1.0364668458016764,-1.0266546338544578,0.08469915395325188
4301,0.49358119684985646,-0.6167114812168942,-0.7506530293696967,-0.907041868952294
8461,-2.42088472841297,-0.7862407929368932,0.12515719685686952,0.15161461410442212
18581,1.039819265037654,-1.287909975401683,-1.313590700160655,0.5471959011948069
12621,-0.7946996292784114,0.7036298199865858,-0.08005243627070864,-0.44872040441981886
16781,-0.6603411296723523,-0.08272301000364098,-0.98895619670628,0.6810546763037069
16541,-0.46068011871642744,-0.7928188476531435,1.1570078248067908,-0.6308362807075272
29261,-1.195689587735578,-0.9474239616865071,-0.3228190003697663,0.5436076937934233
14021,-0.9342439354188041,1.1067561228276055,1.8696901482697523,0.44882847065000137
1301,-1.07995202872281,0.6175526464953008,-0.3512858587960238,0.43321984934444663
24741,1.2698473176922884,0.8352662371339177,-0.33512296507234374,0.6719666159367775
9621,0.05580952558025359,0.2228415723092961,0.5220245457085707,-0.19563852995968606
13781,-1.5431623881073002,1.0235773254271099,0.01891624626143228,-1.4946081103707185
2221,-0.2688016970857913,-0.7957253306143981,-0.28002516183989146,0.5292274643444276
13341,-0.16292198864555665,-0.2801505239490313,1.5369419200037648,0.3143912675418876
30421,-1.381684958341173,-0.011065856408312286,0.22627906312957663,0.7879466178166908
181,1.0404190533896032,0.7639557251126381,-0.5139887845703314,-1.732596711382777
18621,0.19795881026929588,-1.0453102989488365,1.8576018146404614,1.1400488960193953
14941,-0.45355343218397576,0.8094961839483678,1.0529762184129248,0.7689474938214736
12661,-0.057051416866691726,-0.7713854633192282,-1.7702338940890634,-1.4330761296674475
6341,-0.789840758950171,0.045644752722834414,0.2899966294208608,0.6387904758823603
24781,-1.3162932842724095,-0.4893613602359141,-0.18390067639148547,1.8753523432487227
11981,-2.0327699156703254,-1.0562667166328334,-0.2013648365205714,0.19897985879971405
22741,0.6925252607533313,0.7876489898396001,0.6832376082758872,-0.28706330107583516
32741,0.21559188377653737,-0.5661501867005936,-0.6036551743812737,0.9607217505655283
20701,1.7677706502263901,-0.8911229029097781,0.21149976574019724,2.2938390776664224
621,-0.608806116577939,-1.9578678598848167,2.4071639580782347,-0.9962131810411253
16941,-0.7637334659665767,0.08763270150727831,0.9819905683739611,0.4195552465630937
8421,-1.9212842527993554,-0.6131472317146349,-1.5275374621576907,-1.8394656330066548
17261,-0.13357682060376078,0.0475956959318002,-0.12749404288413324,-1.0069983586674662
25581,-1.1714924091610759,0.6413245397526696,0.46098806367803685,0.018396409077947862
6381,1.282279369061983,0.19431786980579774,-0.6872615191696827,-1.7389717861967189
25981,0.04635953783445259,-0.7140558213171975,0.2120738784760489,-0.3620446125707284
4341,1.4659183121858992,1.237188919725581,0.5910734399058175,-0.14820770320044982
18421,0.6392072246202902,0.3262654979290075,0.0442148883539763,0.0060477996603239305
2301,-0.7971617509459908,0.2974311208899964,0.39002306262389463,1.7079095966255449
25301,1.3780844846211233,-0.11504763497467027,0.3067879905665714,-0.887698590140321
261,-0.48812567915613875,0.6374548729906038,-0.295349519094587,-0.87012850394664
2941,-0.6158524139261959,-0.7137244760528529,-0.712053172797284,0.4575944132609819
7101,-1.9654462052008883,0.9377243256111714,-0.3324517269297212,-0.5094121257075144
11261,0.8361496769789574,-0.6042011821445372,0.654707269446807,-0.574219279656191
28941,-0.35844664892755446,0.5479113813533852,0.10088627341810277,0.02330059245822066
4141,-0.1476594040476996,0.0527048593775236,0.8095508498773697,-0.4457835947211313
27901,0.08909223049346607,1.0455382077074915,-0.931228551201833,-0.5541466127431312
26901,0.1400649801856143,0.6869013404621763,-0.341155299542797,0.3611304555162064
10381,-1.7746773066284607,-1.0737346900576936,-1.8198508936910613,0.9335836432060979
4101,-0.08488164259823867,0.1843493120919841,-0.6454686419916355,-0.21830184163435248
24861,-0.4890169905599717,-0.3034264475537048,-2.290492392329804,0.5928751031290362
8261,0.886902826086078,-0.2147466817725252,-0.8093696935509611,-1.647598682418707
13701,-0.15798442713697702,1.329996055948932,-1.0107870182915966,-0.734735090336007
16581,0.3512235191266355,0.014122807619130373,-0.6358742247721046,1.5713431793807808
20741,-1.2233496221677378,-0.6500838821638388,0.29744223812847176,1.7961515595744302
2341,1.780459111777479,-1.4197506840494851,-0.09058598133119478,-0.2459239194697836
24901,1.2709087671671433,0.08090761918876078,0.033832619520538024,1.2851769669451472
20781,1.3488484416159894,-0.1042373886676199,0.6496429358416319,0.6059497245221944
18141,0.24418804555536175,-1.0241892440031173,1.7197314026395707,-0.629191332735975
18741,1.0815787535041388,-0.6015184039322038,0.14604714687805703,0.8213497966191774
17741,-0.032902838975250884,0.6204854946370523,0.36053769172552863,-0.15249969622352788
21901,-0.4278716793013507,-0.9643056128245425,0.01747506335764767,1.5123860524649102
26061,-1.0468595570563797,1.3161297379829426,1.4647841340021122,-1.6435300985567107
32381,0.5658377483659089,-1.0571621263746998,-1.1210235967628657,-0.7895878895612447
30221,0.48716330140241804,-0.18099274484099048,-0.48100662531368177,-0.3287627878496731
16701,0.45912203426729514,1.1834329836853696,1.4728192593760625,0.4908756578357964
32821,2.7937295130396316,0.677747614676879,-0.13929055537735885,-0.7832838129746296
4421,-0.44691058131742417,0.0630782642651469,-2.0865749960647633,-1.5485515559533807
10581,0.4073960716070278,-1.0562949180759034,0.9958802442829063,0.26467009599432945
23061,0.831154752987484,1.1690478564677913,1.124152079532892,-2.776902635749856
22861,-0.701955156931855,0.5404027376443947,1.6623425905264004,-0.684472991921421
27221,0.6144436761086264,-0.36601921368978074,1.7680753849277693,0.00683104292147705
11661,-0.4453659075559675,0.6333648476591786,-1.4239815981070842,0.9266317118091416
31381,-0.49629828385523916,-1.1922463918156514,0.28815995528094024,0.07706686633372592
341,0.008525632329300255,-0.7887031023662004,0.3472759408967749,1.494334195739648
11741,-0.1917188986349304,-0.4554424559693494,-0.09485307616176046,-0.5376005761784036
15901,1.838603667201553,0.5632287406170873,-0.7158298731120963,-0.670110381369996
18781,-2.3704461393730516,0.2102924215834643,0.8257542986695143,0.42802800131083296
20061,-0.7137951644684698,-0.10996657956071837,0.9391857981884594,0.704821807198058
31461,1.126627465924347,0.20650436922112003,-0.8429073279249497,0.9537632637395266
24221,-1.0498026392239737,-2.0727903981230797,-0.2849939386387025,-0.7506430924906331
32541,-1.9568543142624049,-0.3928118929164208,0.49008417441175117,-0.9300702130335957
16741,0.035409453034134515,-0.1494604590200302,-1.4214100678361326,-0.77578533866409
14701,-0.16671089892444318,-0.6033424200958997,0.5042426665446226,0.954235335420751
25661,-0.16656052639674226,-1.0943311352594152,-1.039281460168331,0.48877334221007745
17061,-0.8372415144927852,0.5145688208547574,0.9831734882773057,0.20959216329648117
21221,-0.13922641139167327,1.3295745702173427,0.5713647803510593,-0.9850335095669853
22901,-0.046764458949487435,0.1541666792678695,0.05366750539320092,0.18312318451098572
29541,0.8443451167516897,-0.5864126280496075,-1.7708713622081802,1.33546230576435
20861,-0.5723456787569505,0.5761119306952746,0.8074854615753612,0.7281770825430356
30101,-0.35666042725642505,-1.1354237276681,-0.6420886596922583,-1.4144759824243642
9901,-0.7247679671001229,0.0064163850456612345,0.442684671609182,0.2822013331431274
6781,0.16134036401174995,-0.07078232502555008,0.12370065472289378,-0.5683157510087486
29061,-0.1451993746128051,-0.025208803798886653,0.22866200596394362,0.15410395764533424
30701,-0.03326423901284659,-0.2577688064587879,0.4904380349958532,-0.41993725107355645
6541,-0.12032127365318204,0.7610774738428812,-0.16057307769698884,-0.8185167116684757
29421,-0.061547800302718066,-0.26042045811791614,-0.585772640008616,0.1402588864629216
2741,0.7131859926068344,0.11827875211494109,-0.15120857596117826,0.668718570440635
14741,-0.4436821267880232,0.21602406646725159,-0.4882803518887749,-1.1384615777202527
19381,0.7317316427949585,0.8102782392792113,0.6669528406768076,-0.35017794959852205
23541,1.1357427227763137,-1.688201560030564,-0.3099692723376715,-0.5413352572561997
2461,1.736137626817276,-0.5044124207842077,1.0935534227015968,1.1467887948721984
28741,0.35854464597532537,-1.4956548683658775,-0.5663534667424147,0.5436693228091809
20901,-1.7312723113913522,-1.3226185981341012,-0.5499775130390007,-0.09039231205674907
10341,0.6267663304053455,-0.8390774100462168,-1.49009655371805,-1.650882788775738
8061,-0.21890920971374866,-0.014754461711107107,-0.35416777838994723,-0.8136397371653342
28781,-0.49048213049068085,-1.0694898024305175,0.026625552973371526,0.5175187607804217
19261,-0.39489946644639984,0.7405865806718703,0.4065878530359066,-0.12584086576401127
18861,0.2861701220703808,1.334146146475161,-0.11580235168072887,0.7953688534015707
7581,1.4220691678351955,0.14958405531129973,-0.8729428580831387,-0.9197942465630976
28861,0.09806224095283915,-1.5137017130799235,1.6218771904928726,-0.7457701658112527
16821,1.0495850481207152,-1.562219304970719,0.6184496222115835,0.43636015097086434
901,0.1020790870061658,0.012552537186823955,0.5485632781795692,0.9032469363127237
5061,1.145874273112134,0.8069031754687332,-1.120942178759113,0.688116831619673
16501,-0.250570217318585,-0.5511785712515609,1.1808324252396918,-0.17226736945776355
9221,-1.199995978353283,0.2992797977138826,-0.07767776654103611,1.4945685985358848
25021,-0.012754295440055703,-0.4951229669008575,1.247523651562866,-0.9714609761923514
13381,1.417657777687119,-0.6657811809448304,-0.8266396421607964,1.0176185319707562
1781,-0.44502949312845025,1.1453047252743416,0.7639043816292814,1.8383243164595418
17541,-1.132544108237636,-0.24486022725506715,-0.23254127303676578,0.52134921962093
13901,-0.2737419410843762,0.5159857574033895,0.8275338469040622,-2.2909799660372516
22981,0.9503865344568126,0.9394446960357613,-1.0255280665724842,0.5212454773677784
2061,-1.4489990973512425,0.07445663090669156,-0.8387395231452106,0.06942745219146304
20941,2.008444902440742,1.2018917967288196,-0.22856715586478754,0.9074744355867507
21581,-0.08336905970936856,-0.7533897603176458,-0.6172236207661705,-0.24426510615821964
22821,-0.05145931844578849,0.18204694661955764,-0.24362139278072983,0.0032507986741899886
3181,-1.5949158996549437,0.06797876702202524,-0.483423748856221,0.1851543768800578
18701,0.08762159277081995,-0.41876585002329786,1.4698457418531405,-0.10939113956447145
8661,-0.04332163232369387,-0.5669336319994686,-0.00033198548465717325,-0.5226966324550859
27021,0.5989144948672991,-0.20453203257392585,-0.38087900410700054,-1.8247688905152535
31181,-0.6895282475618755,-0.01106752133249159,-1.563957863762923,-0.42139634574352847
6621,0.5553430278983208,-0.08613678897541746,-0.011360125524940961,-0.6637099863000839
15781,-0.8540817092363714,1.0670810105856623,1.2893167666845227,-0.3540830191734286
7381,1.465670014340478,1.7063939589068304,0.09775469411843546,-0.41972224594209256
17461,-0.5834884693198962,0.04595490034464093,-0.3394808265172031,-0.2330103575789664
4581,1.1372669190751723,0.4951179816235264,-0.8842074807414949,-1.3638902755281943
15701,-0.39166155392751784,0.5726009075840122,1.5221534371817638,-0.28255020404506337
2541,-1.3276929945777907,0.992920071051664,-1.0420545535238617,0.5947290268459586
32341,1.0828724581326923,1.1702280084899834,0.039949662072564736,-0.11044731838756988
9981,-0.27589158591847196,0.38570023164469885,0.1295952739489766,-0.5101077474535014
221,-0.577578016761157,-0.4313986608278311,1.2495727273390806,-1.196892892657951
4381,-0.1839781655418615,-1.043911325175092,-1.9496940203694326,-1.7348872115264888
31221,1.174523805275274,0.3207186885130762,-0.798582101644512,-0.05966877163202674
8541,-0.0045347399177436175,0.22271345308640741,-0.6445336027309431,-1.5307139945349764
12701,0.13820988636465786,-1.7234197359041346,0.9573779242991968,1.5281014713163794
16861,0.4532751895446688,0.4534939077948326,0.6354162444750894,0.6137715877839413
29181,1.215456670078966,-0.18241138971250115,-0.03558755078275547,-0.15025002677014998
9301,-0.9019964493307894,2.1224580084961624,-0.35916262565978074,1.8331306876491558
6661,0.43213581712015436,1.802490439113252,-0.41260014480231666,0.3308149058822655
4621,0.6127983928470462,0.3339354148992019,1.4708314580258062,-1.0320891656849995
23981,-1.2469031643462567,1.3459970693223284,0.26710942734250187,-0.10989756297458608
12821,-0.8914014658056396,1.9647474627349717,0.17246914085993822,-0.7229541689910447
21021,0.5339039470449546,-0.633857516479173,-0.8935809771879916,0.7848596527639289
18181,-0.13756650754695748,0.02064199228201825,1.0656876905952468,1.5076421644641729
15021,0.8416942449531202,1.118956708056562,-1.8969028579947367,-2.1215116652499635
19181,-0.2568715768021679,0.0006048352487001221,1.1119811340334655,0.3244555607587259
18981,-0.40090896641459367,-1.0377418128312992,0.9630563721926972,0.9095194842277202
31661,-0.15040632284254427,0.7391512900969753,-0.7576012371335317,1.0358776221611217
10301,-0.8604067981440714,0.8294688475125627,1.9218813682308284,0.2655670279917177
6701,0.6222534010855006,0.44648817811293134,0.9973873023171523,1.3092615540360466
27741,-0.535605300891157,0.5678160797143351,0.04429364590261817,0.7382843366258387
4661,-1.3652235987492982,-1.1830678710349947,-0.0013994888761763567,-0.3808941406360665
20341,0.07974243630570065,-0.20120679927477747,-0.4323234341844594,0.9963099756953907
14461,0.9011519025920971,-1.9389597994376975,0.7619178658713052,-0.3615137465024298
2621,-0.53791433590356,-0.6529237345598413,0.16584261460018804,0.8758961653867394
1461,-0.7693075688329625,0.8214450478548319,-0.5151683713646455,0.28568940690926214
701,1.8738106054144388,-1.4334452072181587,-1.8758251709614744,-1.8107482683572163
581,1.436409590187536,1.2512035513516624,-0.6384158920894909,0.271427544294276
17341,1.7740948900515647,3.0764816509401958,1.6424981778894856,-1.2203667746683649
21501,1.4352051600170752,1.1302625319159363,0.9586473507415143,0.7830661906340779
8781,-1.5913007631477638,-0.5764454901245433,-0.9506357200484088,-0.47692623205514706
781,0.21589862335088963,-0.6817748460984441,-0.638574948580197,-0.8664482789657724
32301,-0.7570473336925574,0.08816616287489626,1.1432446587375984,-0.6283225630581223
6741,-0.5094983066347986,-1.350864763547391,0.48284060686731606,-1.1190490355364449
1861,-1.0749004725682252,-0.5376772485737223,-1.114143947166313,-2.649380684025339
25181,-0.35375713190302144,2.2113459721580115,1.4284791600039684,-1.0082310637527052
20581,0.18770568405200697,0.43257835352160107,1.065682914985514,0.3913399365413293
22661,-0.7766075758129799,-0.822289438585886,-0.22404437238849853,-0.2258437279051877
26821,-0.8096798474954443,-0.5669681225754004,0.16849482073272432,1.0049254491270019
26941,0.47017631443677277,-0.021888625053301906,-1.379135895714633,0.27037493348586256
12901,0.269833818570593,-1.313793036555904,0.8129407946651562,1.607787261769588
21101,0.947793690044332,0.21583578543942472,-1.3321282422257235,0.13040153786769404
11341,0.48661592309252943,1.1495455955575669,2.0418117433440974,-1.0676895287061667
30141,0.2693210920759176,0.18566520221665722,0.03195152280106335,-0.16091444622255735
19061,-0.08552606988186896,0.34969642325001954,-0.1802760656316762,-0.015347088267736567
27261,-1.5664304791496226,-0.3993215398871276,-1.0928729272491322,-0.3168343906710848
4181,0.07470273279098297,-0.4108526524276192,0.06767534442121916,-0.6838482152354413
24341,-1.0254775114309822,-0.7206353507681817,0.9205932102619372,-0.757581668587403
8341,-1.3770617963732903,2.291716028005464,-0.16893549528841212,0.22787960001068977
12501,-1.7496492610208372,-0.19631367319538304,-0.7673092716352476,-0.10168761637276526
14981,0.899649072561138,0.3452588424693691,1.2025264252031334,0.23209437620219175
20821,-0.15639313629560073,-1.8538765606958842,0.24811820842126006,2.270241823805695
12941,1.1440722119114355,-0.38031121631796494,-2.3849885723401596,-0.41141467670838744
13421,0.96490838595093,-0.824941322460091,0.15767233543816733,0.8798134033721854
21141,-0.1551048187332056,-0.7006922224328643,0.9218960074946121,-0.9058850767735965
13661,1.373404798551249,-0.24055141291504362,-0.4335640824177527,1.4331211885994302
26141,-1.959017290158894,1.545773530064194,-0.021766912352919107,-0.8783282333320643
29341,-0.6344490727986069,-0.061546857975792846,-0.1624492912340041,0.3879306864393948
7621,-1.4604501745750404,-0.20536890178892117,-0.0012545119648238422,-0.9185810473219123
6821,1.6783526814940675,-0.239931589729704,-1.0951527119248992,-1.4720563515087508
10861,0.7923847709314518,0.4642308283698062,0.5997562815736036,0.6437272153362774
6501,-1.1940372128449175,-1.79786886868479,-0.30213865695327935,0.2983925551076118
10661,0.4212599520267971,0.6987049962230174,0.1784873951462843,-1.2823656969328594
14821,-0.017599311867009894,-0.7374457768027091,-1.330740407745642,-2.1914313011805535
4781,1.1717286365031745,-0.5540041531738437,1.6317365473304284,-2.0051587218837192
22301,0.863469277438781,0.0381264404730629,1.1576882926282415,1.125308672553052
27301,0.12416721306900082,0.21412507372524292,0.0060797672415153214,-0.007502414817362538
12981,-0.7275327391800803,0.06242805915367319,0.6782863744486852,-0.2743105892453862
7661,-0.7239248913728206,-1.1223816533894635,0.5817127360461393,0.681504494793939
31421,-2.4102718647064205,-1.6811783933756403,-0.11406035603195407,-0.56795162596138
21621,0.3814716828486446,0.9462220407606151,0.9325901088583982,1.2487903135750609
24301,0.9202899803189621,0.17401480432142602,-0.12322756323488332,-0.5007239658869154
8901,0.3425663314340638,1.1407212993195295,-0.38216953555898736,-0.08008467582670795
32621,-0.07075369927362028,-0.06801558411141224,1.0535569615329892,-1.0406384302206209
501,-0.8896497274179828,-1.2114160638851637,-0.3182068895963549,0.7937064512579279
6861,-0.824721771347721,-0.10522410509353572,-0.0976851319297604,1.2793382860031743
4901,-1.0042316410763112,1.0272471226731816,0.23782398143210073,-0.23370881198510177
15821,-0.0593826141437258,-0.9126157327825445,0.9831440124433506,-0.034974677885498504
141,0.19078905052959372,-1.6226534154264596,-0.4582955617525134,-0.4315123854609766
1141,0.47032941537934747,0.50760556060776,0.5331237425141442,-0.49507163211455363
17141,-0.5812621609964143,0.19753713574516127,1.1669738387597541,0.005467094975666394
15061,1.3216403167932647,-0.009468712113459735,0.2819906429031856,1.4539248906727074
25461,-0.6608853814293963,0.5292548515386257,-0.42035823173534004,-0.5279726641985822
29621,-1.4800532456893192,1.4896561327869695,-1.5078193297481366,-0.896693463909594
23261,1.372495887279496,0.3021538933680011,0.1291653549333826,-0.8889613888761355
20261,-0.18235557235116193,-0.9082617617666046,0.24493155698195496,0.5876765447177037
10981,-1.0614961563255703,-0.3675647266377571,-1.7112867564214371,0.4264213474230898
22461,1.8922396680276836,-1.5959472430644963,-0.9197375975249659,0.5354974129617581
26621,0.5031454548239063,0.7674509241426712,-1.2676679097152066,-0.6295712588400219
8941,-0.5492201754593974,-1.1681990706265961,1.0834124651523005,-1.0189214204009114
9341,-0.27818921820296194,0.6026242386168391,-1.0464111584224487,0.20765546127012954
2821,-0.2840310071025932,-0.10746455090941731,1.5017108774303118,0.3840825844740343
6901,-0.5080232134491359,-0.7906953416384671,0.14760339577748266,0.2764525689025029
6981,-0.29789122301364346,-0.5037564305472405,-1.404373371964152,-0.4390107785858372
11141,-0.03789497745105885,0.4373498627829038,-0.8838823782101638,0.34216053975758504
4861,-1.0851215720215637,-0.8183978350375285,-0.10801981579651501,-0.5859373339579356
29141,0.8454855577106933,1.0752813430037733,0.19665630045653,-0.18827581149643846
31941,-1.9493996834580865,-0.48090491336834673,-0.5550903011873104,-1.1342388379206412
13061,0.059491458747053944,1.1556628672996763,0.21711895214615248,0.19979354599058544
21541,0.19864164220057667,-3.019674006002219,-0.1827875071332995,-1.2572660960729969
3981,0.8062667183219837,3.8614823459329775,1.1411719053836362,-0.8099085505459257
8141,-1.1000012403145598,-0.6248127380390526,0.5186748919733429,0.04303052681621256
12301,-1.7159298169714,1.4445895818360934,-1.1697011313296253,1.2238104468584392
11021,-1.0911526833203176,0.9003945962723892,1.1001864277079711,0.09363602668397264
16461,1.4614778121921361,1.431103624634892,0.17958705601398603,-0.22378401974243706
23341,-0.9308204179985288,0.39728322511887787,0.9644166894782009,-1.0093828029257175
20621,1.365488996876178,1.5568066045896556,-1.1061305281647182,1.4880914128765146
8981,-0.2796131270989839,0.11268496242397529,-1.0667854900397251,0.6356298305480045
981,-1.2888837529723511,-1.5506960951983675,-0.6650535737449689,0.0247100075890508
5141,0.978712602332702,-0.8297267325477271,-0.2769054284852476,-0.09662368110825888
27421,0.6064708117186128,-0.03952686662896389,-1.0010924345448087,0.29541524642172307
27781,-0.15341365183931555,0.4098993675885961,-0.6672243222646748,-0.05036483877210982
17621,-2.4159263525160664,0.3401985907325479,-1.823722451465704,0.1897888577110608
21781,-0.7959939904421842,-0.5110607540653829,0.9460284554946271,0.7737669583019793
15141,-0.6741276247742036,0.09257557635320898,-0.5158898632931952,0.1011256218751346
2861,-0.9172042464304214,1.1624871250248974,1.221896889796027,0.42903908669096774
2141,-0.20291773935099866,-0.3096559452445618,1.2517305683347233,-0.2798698787547604
21981,0.6579230202907941,0.8123778971121633,0.31816871587936973,-0.9859394603794377
11061,0.07770659401259924,0.28653173304669133,0.023945620246484813,0.31519057277541157
27101,-0.640804970268032,-1.1761323085416484,1.0526451188157735,0.8438333003637561
31261,1.222594677550028,1.0791230889318102,-0.26018300935377464,-0.8017247349560777
9021,-0.04015135622399699,-0.3175179564854817,0.7403528872297707,1.5236944031298716
21301,-1.0597681615254841,0.5018239811912177,-1.728595209254962,2.3395288693087735
3301,-1.237347218098162,0.6695994842305,0.49302102914167056,0.08805766514824233
7461,-0.5187882357894746,-0.07848998248911174,-0.6681722547093294,-0.6578798725084319
15181,-0.5888929056653297,1.2344928892545686,1.224463614731326,2.411624760620409
28261,-0.004139594416288551,-0.14065011012135994,-0.26030285569765177,-0.6569399967805144
14381,0.10905371823287263,-0.9961600756801371,-1.1313422271641773,0.7023107303266044
32421,0.5162987335790632,-1.38050692949218,0.027009651095919247,-2.1346344189680413
301,0.6129958516010755,-0.4884497356623341,0.5617144329125776,0.3772716839749567
23381,-1.2103170526333717,-0.3709721377076864,-0.822964988690309,-0.8142720427403959
4461,-0.6434940982605325,-0.7633873686110518,0.4058457287265959,-1.566761454981971
8621,1.5306547421440955,0.0695953674572467,1.1274995025833991,0.7822356087391975
101,-0.3089762296910535,-0.9454184148062208,1.1700040528272382,-0.9512866834943244
31581,1.1769347427846788,-0.030624549149651625,1.5441392335020976,-0.8046780697631485
9701,0.7470481480132196,-0.7776059321505602,0.5327493742887657,0.043912903666283594
19301,-0.4363650183337034,-0.8875201860255109,1.8696708779332656,0.1367968290229114
27501,-0.022956108322954562,0.6826770220671815,0.681460704697008,0.33841943070541197
29501,0.6753155267673604,1.9878416865305897,1.341729060626627,-0.26303496110481805
22261,0.7357353746361522,-1.1458501304898627,0.20107716743657192,-2.033520367259051
15221,0.4640020313409023,-0.40731420635522536,0.6502792086375017,0.04052195933354539
30581,1.0310707970599584,-0.3262097798179495,0.4808069322456678,0.017871343534699026
13181,-0.61224764285358,-1.1950671130332435,0.13485280586624898,-1.015898614323187
13461,-0.8035262730893777,-0.7412438024059073,-0.36451030034819154,-0.455282342948253
10941,1.8647551496370853,-0.711201535487493,1.1428359211654175,1.0004210430967153
15101,-1.1628367032916027,1.2804244722122065,-0.11933035982198699,-1.5282917196342618
21381,0.8327771249183811,1.3762581193438428,-1.747602504291107,-0.3614236876937802
12581,0.8293699809033761,0.3799858267251222,1.3522905662117515,2.759238402542649
31021,0.8518419546561035,-2.369396147084438,0.5614352799303086,-0.07234938001109921
31741,0.9633152918078968,0.5245535754586873,0.32566573738265187,-0.5628699065001845
9101,2.4317633537040706,0.4396111982200788,0.49921172534717917,-1.2553868442833076
12781,-0.6988227680902791,-0.021256801638723927,0.38821006643191197,-1.0952163242376607
3781,-1.153688025165756,1.783141893980588,0.5451524011633979,2.140816059672146
7941,-0.6099639545403287,1.2143547554911696,-0.6703036332845786,1.8835299200813578
7061,0.5811957162372637,0.40420288779210556,0.4088249720329142,2.0350510676277147
16261,0.3621183598901481,-0.28538524637120993,0.3028564426454074,1.2579774037851776
7221,0.48873677111025887,-1.1339177462113532,0.904905109778735,1.8472094810110913
5021,-1.2394217698109,1.3052239586450352,0.35999557450740405,-0.23568806681887564
12101,-0.6751933414075127,0.2666842788741802,-0.8305635238314809,0.17229575489101698
32901,1.3873778467924693,-0.842751003783369,-1.0110845050873096,-0.5817197142757732
2981,0.03431197475509086,-0.017504955130134683,1.714810423700953,2.0092007363777418
4941,-1.5913035618717128,-0.18242794978014099,0.3490938368438545,-0.5890707482347665
29821,0.27398434569040564,-1.1286408016600475,0.1668634634711262,-0.24659507465078734
13261,-0.30805281601940454,-1.9554072150261945,0.7350245616499765,2.245701828701192
21421,0.33003598655642785,-0.9976411769325167,0.3618271026382715,1.3596241513474756
21661,0.38748770772276236,0.03609009512056464,-1.6195835406284833,-0.945150222745131
25741,-1.103970316193416,-0.43706980346495145,0.0623553723954309,0.43398059634054803
9141,-0.7654328011278235,-1.1988810818708089,0.5324901840232866,1.208395384893549
1941,0.41733835982810197,1.1753254968244544,1.3219113214972829,-1.7752638742700084
6101,-0.38918325532122583,-0.31195093411577685,-0.810604960675319,-2.498747082074391
10261,-1.312340815043996,-0.33002346215390416,2.419734526393785,-0.07714555223417563
27581,0.9733550182275065,0.5393162122069718,-0.02224435636461876,-2.221482157240738
29221,-0.22596335534245704,0.8072006497843373,0.18916645567651208,-1.4140313145987644
20981,0.43929750389582667,-0.4112592764392658,1.4835797649696794,-0.18579553970333126
15301,-0.18672707531908847,-0.7293740793984805,0.6126030406330039,0.4856392817874176
31061,-0.6974834454734682,-0.5910036052682767,-1.3784030868713493,-1.2009068170015127
3021,1.6311593509101088,-0.7030949009081915,-1.1605320982111575,-0.15473070020211688
20301,0.5947146766473664,1.5214106756378902,0.07558155051901996,0.2623580694959855
11421,-0.06035712138200827,-2.0278947846326543,3.0532762672851104,0.4808773138807447
23861,-0.9971174756420844,0.45187460503923965,-0.04409789609995176,0.7508531970083925
15581,-1.1288683657582494,-1.3909121566035552,1.3937308942209266,-0.22485367362180497
31701,1.0848970193446215,0.2421549717223306,1.329613800421532,-0.39088788336712205
28061,1.4133070301027788,-2.3883294794966154,-0.37625299241784455,1.456004584650303
32221,-1.366736191646802,0.8048509599821975,-1.2082719885385236,0.8269499063512522
19421,-2.177265872142328,0.1202608854289706,-1.7529019507760912,-0.4385217075768244
4261,1.012667077713392,0.5086346024996722,-0.21725013297777196,0.23744313891811378
61,1.242425659379458,0.09402341516974833,0.08878217488248051,1.0185872927908244
27621,-0.3167316289767505,-0.9725846497545889,0.8905760575436287,1.8734586646046991
25061,0.757167833488784,-0.450408711941782,-0.38850489064559923,0.35417934637392257
5101,0.417370493183481,0.24161824559022016,-1.0411029407919534,0.45505017108840523
18941,0.24296834656660257,0.8009759703510296,2.256389781393011,1.7187357676214137
3061,-0.11667608584206136,0.311128356369957,-0.10908150158337089,-1.576557583156454
13741,2.6443972348067004,-1.3771767039224798,1.2219101034323827,1.140700808328152
17901,0.7475031488028046,-0.3058520505598831,-0.8057483067721026,-0.8789350935365
1021,2.89900412323748,1.1691516320109214,-0.2660145698597607,-0.7025752376613437
18261,-0.640593662447334,-0.48133197970618213,-0.5138343814647132,1.015586582622107
19461,-0.9020478890675347,1.0412636259688874,0.4401352407168227,0.025355572905095405
2421,-1.1647475239898055,-0.18608911264111014,0.6763407485738511,0.9886074149902421
6581,-1.7984526916999206,0.7164465199260591,0.45515931355538647,0.35474523098477695
10741,-0.6851876179717461,-0.4293187533939936,-0.36166608804502254,0.3246781688001496
7181,0.7680819925532394,1.383757518948415,-1.157880609623072,2.998173556853904
22701,-1.391929892961666,-0.8330313930920397,0.8596296945737895,1.1870730773001108
23221,-0.6766437186763776,1.7439769824893165,-1.7911201725089365,0.947863668703993
7781,0.016781393094290456,1.3799686997842089,-1.5862961434163823,0.1357151544729291
25621,-0.6571924788399924,-1.3447975772427714,0.34992268452982556,-0.6010960879069253
3101,-0.32668028949128336,0.1385425206127385,-0.6551741008134719,-0.4192307899871419
1541,0.3203554165773886,0.8725231685200182,-0.1131203210292724,0.6688183804824736
16061,-0.46334656816664926,-1.6115589210838561,-0.337571046350968,-1.0900801760893084
1061,-0.1250186371767517,0.38285709879901236,0.54368045586957,-1.4954455185635203
9261,0.07544412213943019,0.44503191131596503,-2.554820052087369,0.7595982448553555
21341,-0.020647814531654974,-0.5115529389983309,0.14375272235941342,1.2431017027516755
4741,1.9459715833463194,1.5037536712948232,0.40031108470388815,0.054384487648357696
3381,-0.17090698030615076,1.1483898267063015,1.5889119708064536,0.5282991601996996
27701,0.5443622080038338,-0.696272883735259,-0.4919419031638579,-0.29453185308802976
17221,1.2079910319765808,0.2499688561528684,0.15432177030592895,1.733440627597319
25541,1.2286173745104376,-0.31748324704479597,0.04379393009113626,1.0448949123230917
29701,1.9824549229097463,-3.2283901603565517,-1.2209247007669333,-0.45633777518047286
5181,2.67913996406548,-0.8418953479682777,-0.48985875112575383,0.9649325363304803
5301,-0.41044217740414923,-1.1434363293463354,0.24606267693500994,0.07729665798167176
1741,0.9618664699490307,0.9631465907287422,-0.5675201855903248,0.6288486439232525
5901,0.8554455777220724,-0.025429367204960533,-0.949139770028093,0.33298177545512503
3141,-0.4713853151390004,-0.3815971941715813,-0.30634611187758276,1.7888317229395878
22541,1.6982718925603968,1.477079194399034,1.1323703134931178,1.3303623767647643
1101,0.035985646719988995,-1.1012682022799578,0.35320969545967706,-0.6391436050899303
26701,-1.1747533735962925,-0.4848697064612799,-0.19629661665190498,1.0214970328151003
14861,0.8540382994750367,-0.37232240660032206,1.4583144884122772,1.5725415833017453
14901,0.9436570676013435,0.1820166288808154,2.709669526496566,0.034087062097767615
19541,0.32950790320252105,1.1561784478828052,-0.23845342188119073,0.5593987562412107
2901,-0.7693383274202327,-1.1093507086839238,1.6161597771388596,1.2535208463945544
11221,0.974594200317391,0.24805798723689754,-0.0357071513320834,0.11601859493531244
7261,0.15290515428342424,-1.2881319087491956,0.7204900065327792,0.5116613808461352
24421,-0.5308937361522501,0.21378896485281146,-1.5620441845842263,1.279937669427563
30981,0.8652548493839688,-0.7189630637406758,0.8278322172908525,2.6634845556452253
25701,1.3878450004705785,-0.010076372253058498,0.1170188643408791,-0.35139495810474153
26221,0.22197064166094613,0.055147738606465824,-0.8350365829294869,-0.7484777195059251
23661,0.5107940247376704,2.573161882971776,-0.5152325494315018,0.35233697316821655
12381,0.6209408825585904,-0.2746279882971284,1.1893308260739783,1.9094118982220758
8381,0.66007242292065,-2.0202121511813815,0.21986831473989518,-0.7035787537356855
11381,-0.32274364821609763,-0.757415046794592,1.009452100180693,0.3660391582920321
29021,0.5594511730238507,0.3748386907758356,0.7033041078736216,-1.2407937482382392
27381,0.1839940126918908,0.09766468082451753,-1.0698113257461306,1.7885251566660045
19581,0.645624466537042,-0.426923487972279,-0.15564363792146246,0.6165546213962863
28181,1.3348654009457441,-1.208122245657728,0.9255550547651367,0.5440958502230058
9381,0.5720751365078351,0.24305315006959888,-0.4969338361508148,0.7214988004879059
7301,-0.3668903582928973,0.16543991365925811,-0.4788822234095637,-0.287836749922466
21861,0.7019253638490569,0.09344339184951311,-0.8571322391311572,0.17795470665374866
31541,1.4571363918419489,0.9480004644249818,-1.7391155184289164,1.7223894977357943
26021,0.8737385482125838,2.1210138472411617,0.6392846386936748,1.3433935070149743
30181,-0.6782567129486823,-1.8093836111017234,-0.3721347226623183,-1.8289556383467074
5261,-0.6886766494454721,-0.14541794594840235,0.0119123517169222,0.5552216272791728
22381,0.10490889249422289,-0.47434379396833365,0.07598166421279119,0.277764044693582
3221,0.26771864837478393,-0.11819943372231088,1.2680200289598966,1.1695870354612075
1181,0.3103083478929902,0.018606590078118226,0.49506173645372875,-0.8408190138629341
1221,-0.2193814012499735,0.039325865365867296,0.07264216652570929,0.16701734843977536
29861,0.7595328782503238,0.150337220530065,-2.059997000826445,-0.08137475467977587
11701,-0.14968601122900668,0.19697404485777706,1.1289895202318303,-1.2443290569475527
15861,-1.0024020071963573,-1.1349569716649044,-1.183006928526739,-1.2084160308174663
7341,-0.41091598901956905,0.16253462296352403,0.13053390773963877,-0.0171977202800446
10781,-0.7783197686789406,-0.44145556138418374,0.26404573756152855,1.060097215710516
28341,2.159812568094327,0.593386200104992,1.6906045361148034,-0.39398799508217336
15541,1.3929935087874938,0.7402240143860408,0.20114245202713227,3.0522823010597637
381,-0.1262748568804954,-0.33182024423851036,0.0682004491742282,-1.244666140073201
4541,-1.6840142522253114,1.3122860756482373,-0.9199079962453217,0.751097132907499
8701,-0.21227307883502056,-0.11899278527869113,-0.12208291208063995,0.11410855738487624
3261,0.9089397556254566,-0.7328626242838644,0.3373915307201056,-1.0824902014056053
17021,-0.19645333096599918,-0.9192280216926757,-1.0900295413436927,-0.24763946030021844
25341,0.5196323635832317,-0.615922606393953,-0.6038027881633515,1.9952865124961543
21701,-0.5489197401377126,0.14082391905397793,0.7225040843134549,0.5975305073820176
15461,-2.045189199548173,0.5920642626036532,-1.1206889124835142,-0.8284052603064797
9421,-0.4271730923174119,0.7539087239243479,0.3762345127750436,-0.11355514695538575
19661,-0.31151048107527696,0.16024662612980653,0.3041846510064881,0.9075596914493146
24381,0.6830280787229471,-1.1846977766337636,-0.2625524461834071,0.839797223591752
27861,0.036938015881879276,0.255468702143975,-0.5183767899999393,0.29673810203240797
26501,-1.5962264996174356,1.2357394248066313,-0.6829070949098353,1.0103441871482752
5341,0.6991297719642594,-1.607410796388034,0.35174849623077853,0.18051125848051225
3621,0.7743152312236946,-2.4402058806991946,-0.5071258734368654,-0.3324866290216912
13541,-0.800401742216569,0.2413166642372197,0.5195295873372914,0.6351594091038368
25381,-0.6639916245696678,-0.6238954768918252,0.24167287468993767,2.1080996507885734
27661,0.437393395308545,2.2730748196963844,-0.8094487576920846,-0.5500646725949759
1261,0.08799398276116462,-0.6589559298745521,-0.6090580730636618,0.2697412797429173
18301,1.5756920658981097,-0.6993198706483129,-0.06415310517854081,-1.6642723976224045
3861,0.5096874289520352,-0.9128406860122299,-0.18449973166222383,-0.145180217048288
9461,-0.9302851186637718,-0.11982434278553625,0.1418595587455445,-0.05090451469008176
20501,-0.9883923000683373,1.137968453087865,-1.0241550643074542,-1.3378908588613616
7421,-1.3106476451219478,-2.171076889753782,-0.41004536975857014,0.5488003310573155
2261,1.8275708885426276,-0.7493660885120282,0.8628526251362404,0.14096766872982683
28821,0.6437481009917111,0.08588198520490037,0.3729959414001239,0.20983171893925615
15621,1.1300245496162291,-0.018642267357133594,-0.367481784885271,0.7667090902035936
861,0.1695878783000161,-0.510320535549759,-0.7194114096754156,-0.3840908515452602
23821,-0.2231899162659558,-1.1919695860698372,0.9222594908726596,2.4796581349170284
17501,0.3332597551671931,-0.9940881563303985,-1.7138586305782662,-1.123802838968743
1581,0.3419194159690487,-0.8471376668184816,-0.219412633789931,-0.8083083186636657
25821,1.0076843890370892,0.04819188346811356,0.189075411198465,-0.16119663465411632
29981,-1.397921115578893,-0.48378728093464896,-0.9214076960625905,-0.5735006140318717
32021,-2.1844704111668793,1.1048657580718309,1.2293325719401287,0.38381907887545047
26741,0.07521820886336411,-1.803330758387754,0.6626258221133026,0.10918668708694183
9501,-0.30131348032533223,-0.27101073556058397,0.038248101030536184,0.9090443045126234
31621,-0.3188526936606048,0.12191531823431109,-1.0527971724331515,0.9233101889583387
14501,-0.14910667299464522,0.6548857136402894,0.37279019769197397,0.240695895461335
18661,0.9543389950391209,-0.27114784631674077,0.33988444474163454,-0.2138008140868715
27941,-0.19202517656435003,-0.11511587791058936,0.028069497018201894,0.05862747037267157
31141,-1.238761308489151,0.17384601255603677,0.0653218318294628,-1.6486096931128391
5421,-1.5189905999825877,-1.1914865736013027,1.4727219466489172,-0.8121374548101616
10461,-1.1730525973789907,-1.0826666042899706,1.152868706367532,0.7234397156297345
11501,0.7368507966940535,1.6472189811965676,-1.3547075163109827,-0.041206000997278024
15661,-1.7473830408102455,-0.7332202658658289,1.0177603951044638,-0.16332217908125793
19821,1.8958467962837637,-0.6430893963533941,-0.41651659909812166,0.28470989524126183
28141,0.10100478303939103,0.4039018551248827,-0.9506206059110966,-1.1908333448169672
11581,-0.40508170392291737,0.2745472134304748,0.2495662630546283,-0.4032125269172523
25141,-1.290047492138532,-1.9239047014055008,-0.6922967457209869,-0.283059784625121
19781,-0.6044065576490817,0.06711903304891159,0.8945757180285198,-0.3822946719239618
20021,-0.2855154404660411,-2.4299268268089933,0.6059193134290374,0.6866061926055548
27981,0.7536370372569947,-1.5303822219980696,1.811568474852949,0.20515565162788707
29301,-0.588628942474853,0.6818382227735607,0.11547979675458096,0.17245020413894607
15421,0.4930878532036819,1.7053942797079058,0.016443174739646613,0.7875715500951651
25941,0.6511285768032321,1.2490797568625958,0.6486515778898166,-1.8426562190655689
1341,-0.26242198411138346,-1.3923428476700659,1.4262944530261819,-0.39702869317010675
9661,0.04256164953983704,-0.9567365062532566,0.30155858929480844,0.6414309749967743
13821,0.501834159762382,-1.848265648698997,0.4564539406173786,0.3244143860080907
3421,1.196592862503692,-0.4829933010629574,0.07030712048165323,-0.501359215913228
23781,-0.7729296778904282,0.531178539454578,1.1948481942198055,1.1844996634017926
26301,-0.009897396691958125,-0.5034174555820701,0.1665789384255485,0.4573681904000114
30461,0.8631020254162918,1.6863382910834679,0.5626023970070745,0.39390168749018345
1381,-0.3468764507008741,-0.5300788601320257,-1.3061929384019075,-1.4423075855134668
30061,2.7873354139038278,0.3167895226549334,-0.8315755213820418,1.179616482059499
7741,1.151402783419589,1.7663536922901857,0.697649040169208,0.3269308679725512
19141,0.7437979328273852,0.2515428880847993,-1.2441681147164452,-0.3972772860995776
23301,0.07258814559773265,0.8423033671492396,1.0389100409999346,-0.71908637291909
7541,0.11611159646205614,-0.5915716701527071,0.6074871738602932,-0.2160792510857241
27461,0.9004895178916246,-0.6986038001436115,-0.652566249879867,2.536944682444838
5501,-1.1975773826500475,-1.2677983441353518,0.6121259478430652,-2.27554691462403
3661,-0.643771935107649,-1.6297569966600998,-0.0842543484398131,-0.00827141040312073
12181,0.28063057922125634,0.09476133620941408,-0.5544265288317527,-1.2370075254244026
23141,-0.09188142764384073,0.7769750114773039,0.08646632148459818,1.35344655400652
3461,-0.02585112822141761,-1.2672686768613297,-0.846712081025774,-0.4220693022826061
24461,0.46611232888878323,-0.17190689259630085,-3.2620517680864776,0.9142451767632354
32061,-0.9732755940369388,0.20763401674804588,0.03252939006691923,0.0015088249749849745
28621,0.055032120970651376,0.6179956912349184,-0.0526699488864628,0.6824952961840963
32141,-0.8967264742481138,-0.0013324169149874585,-0.5987852623699702,0.35008241665723133
21741,0.5771958641051824,-1.0039048382747076,-1.4958522316367848,0.596662267087701
4821,0.643572962188279,0.10976763086765089,0.3464839026266498,0.7143775757704144
19861,0.24667868725622702,0.8374623298980197,0.5166946243338197,0.6377228036892547
13141,-0.005682132463954187,2.564318382891944,0.10303015590012869,0.32399288766299705
17301,-1.1635537174586488,2.788517478982687,-2.086832242835818,0.29777968935492277
17821,0.11913152667353476,1.0473362259894483,-0.18180171112263202,0.3878105584133599
29781,-1.2602838996835415,0.9999975502329699,2.4081255835848556,-0.26516881668655046
26181,0.44874029183870484,-2.6542490756192176,-0.3695938854857168,1.589396762295722
1821,1.8417756093179245,-0.38049169230677005,0.45590229180696473,0.5989897382387552
5541,-0.6266309961342053,1.6553827735590807,0.8110372288654045,0.6524255047925891
10141,-0.346590146602951,0.22544270434453384,-0.46602708440018437,0.7467367851947213
14301,0.2901126251282793,-1.5555939371701144,0.49401383882809374,-1.0308454269341898
18461,-1.8406941588334464,0.22205028227622273,-1.2702771627587939,-0.15583970557168536
3501,-0.4926659081424976,0.9424858374202237,0.8543772380503792,-0.10772823589441896
30621,-0.5827168337197175,1.4778602608965552,0.9757817232677904,1.581137136354267
26781,1.0394652195108607,0.10764784856175126,-0.8894328676368112,-1.0028639563514101
30941,-0.23373599086828353,-0.3028811397130361,1.0723422439784391,-0.2897848215080361
32181,-0.9219586233826447,-1.22325877096719,0.46720092554158854,0.4298550457156643
11821,0.15672603803714596,0.30043675563195144,0.4020896616572378,-0.4585863069506335
29941,0.010029814798215526,-0.11792811157186449,-1.1370988527975459,-0.7663366275288747
19621,-1.216810554414582,0.47265133307344714,-0.18429809096855232,0.3085726324623914
17861,-0.5287889763140978,0.9826680909987262,-0.4137411582266066,0.827032887301907
32101,-0.8267343803819228,-0.6087996737543558,-0.24362922457011696,0.9257105597141094
28461,-0.28155232455549284,0.050819156017586596,-0.3287891445804779,0.6496808944504039
5581,-0.7233169712414546,-1.1923503053811033,-0.7553530711546199,-0.2201618348447068
19021,0.7902506494097362,0.7763712696225795,0.6859858480239215,0.07610619378451083
12461,0.2856135564697891,2.4048980830655555,-0.18412414931879534,0.7309999550442561
24021,0.4020763248784879,1.929577746767424,1.3118611434498206,-1.4661768902553325
24941,-0.4767223923416086,-0.906346277842103,0.6056719322276011,0.07864732584323046
1501,1.0190624095112524,0.6308546407043297,-0.2195063045606276,-0.6713603153648717
28581,0.32763036130979767,0.2559405344111252,-0.08909857624276386,0.39320433943606375
19941,1.1629169290259085,0.9699155126386695,1.8254814942427855,-0.3561232502281764
17781,0.0025451660925403805,0.8027656833009563,1.4505116709724595,0.09332697294148708
21941,0.35128621893916845,-0.5468906701980667,-0.8168342484555086,-0.9150970852959945
26101,0.7942282964431626,-0.3286194096885995,0.5644687331905232,-0.07844693855044634
30261,-0.5015217953113377,-0.8752905881853088,-0.02264389026836368,-0.006937327524571246
12541,-0.3652261744763129,-0.14377371474134348,-0.6692105909321904,-0.5879340529447945
10021,-0.18161269672906308,-0.5081739746255381,-0.567870185522744,0.09944393434659035
5621,-0.2721163959494174,0.49236847316475524,0.8468300463656533,1.5701753688439561
14781,0.9530841199871177,0.6357410016035192,0.6971786864374029,0.4149482614906049
3581,0.1815300567019074,-1.1410833087586403,1.486244635972957,-0.09025544708532018
22101,-0.2842426705789561,-0.23676695812658324,-0.8024694242786784,0.35868720502306045
11781,0.20748628542288144,-0.56481211534204,-0.9701647804360009,2.882375832325171
19981,1.5821713806743252,1.26938589218705,-2.589160209472724,-0.5052050265746297
15941,-0.4032584263617285,0.2220411519765425,0.19456280233514933,0.9185346256981857
26541,0.08995917437456509,-0.06898496358171788,-0.9917235692610883,-0.5521906795346677
20101,0.4113410743034027,-0.04541742659591244,0.8515924654087473,1.134148247755497
17941,0.36028907130124666,-0.5934561562800253,-3.4593366329446007,0.4561378076342496
32581,-1.0987589888040412,-0.5761026418167239,1.4672127831247999,0.1134521421441397
461,0.3836983907556086,0.5739443698501608,-0.489869748131134,0.5586835135196198
5661,1.515221353431055,0.47724308563810924,0.38564826662429486,0.48243065305205934
25861,0.12707660461475176,0.442222755118877,-0.4050756330098507,-0.38615416666583147
17101,1.613410699096526,-1.451858448487437,0.6802649877209789,0.01364801999513967
21261,-0.455070778298074,0.0007682837834632768,1.334615373192448,-1.8106468745562938
24101,-0.7892594733602741,0.7510101231527423,0.4861807790149233,0.8741522957269872
25421,1.5031195404501294,-0.5909163921742524,2.7858231575302455,0.22413526930290512
29581,0.30981874305367757,0.25872078229540857,0.5319839153648225,-0.48595808108804595
26661,0.36925250826542794,-0.07268799195014554,-2.2364759293796266,0.3036147718704639
22061,0.4314634414570954,-1.6157057500019547,-0.20927673206827577,-1.392765120887909
4701,-0.014816137972790699,0.8563716574793868,0.38844303068707375,-1.1279735143242686
9941,0.8889091342920269,0.4142842093349842,0.1610704939905463,0.8757121442437056
9781,-0.43005134779885246,0.9010808742605645,0.9717240167625122,-0.3904601607669786
22421,-0.2523941171432209,-0.7773615685927246,0.8500207535780301,-0.6991977797134329
26581,-2.2636143846923824,-0.710376984697288,0.6415900659813558,-0.14785766757765542
30741,-1.0546072475772095,-0.36071530017740433,-0.7655727425513416,1.8807072800560933
17981,0.4204015028661345,-0.5124092299853849,-1.3334490630435414,-0.14182017608741815
14261,-1.248925916047276,-2.1693409664895316,-0.8134736752451145,0.28576711306059893
2781,-0.38678312935632875,0.5820772406539695,0.6543839418792734,-0.9606456414910592
6941,0.034509292728143764,-0.7844194261217343,0.8543353445888784,0.8517233046056696
5701,2.026465825118701,2.0572881627303725,0.503863526291464,-1.2056752972941072
11101,-1.3312991149222768,1.2382034614213049,1.032995452680202,-0.7531680644043676
15261,-0.4278960340680008,1.4135467865100415,0.556655587157113,0.8770930119207613
23581,-0.8640623086195897,0.27800894739864734,-0.4258881933416793,-0.35332370078733055
24141,0.40465621146619907,-0.6447471949604568,1.1927581560080969,-0.6000894535703323
13581,0.476197145564307,1.6647444780147027,-0.268879519436745,0.8856429779587109
31901,0.257376299953011,-1.3026076299942602,0.2635776703759435,-1.2231319155678886
1621,-0.9077829293733296,-0.22045687677721212,-1.2899128930781643,0.49693664800403736
30301,-0.7396528160547043,-0.008044198277829599,1.1614452734630445,0.6444767876481271
2661,-1.0994789838628707,0.25511185861923746,0.05441952383266071,2.7224438974733514
28901,1.2499628909835176,-0.8611745568380809,-0.5589984647427946,-1.096399145551199
18021,-0.009956959802992757,-1.2263922328668788,0.08764500687525806,-1.6854793537216692
941,0.43665164316934907,0.5470273866111562,1.0351983158526996,-0.05153892293350527
5741,0.14641616001841323,1.06886158027024,-0.11711879595038564,0.38066710709665286
32701,0.18399345250019483,-0.9905998740381329,-0.34964015194091236,0.509372276878284
17581,-0.25775925425451773,1.367512914624562,-0.5270062913598269,0.622124799380914
13941,-0.03792662454195818,-0.8591196782310159,0.5385134172107523,0.5253417143925316
11901,-0.29347152954180106,1.048695781403192,-0.16993252294287944,-0.11266435097024408
11541,-0.992904626514121,-0.02511444674265681,-0.5927890715745033,0.016919059119607588
5221,-1.1202779371838176,0.3509109848339016,-0.24550652832947006,-1.3409713966597798
14581,1.1420450861231213,-0.24743629435418585,-1.0092808565238631,-0.8829180546467486
30341,0.08791399063282795,-0.6236364087276466,-1.1963558466788595,1.5468400894724923
14141,-1.2987830533603946,1.350302757450014,0.42345612613248673,-0.22068635080007948
27061,-0.6936864895925213,-1.0503398922908076,0.1730223723724602,-1.1505152427822762
18061,-0.15971267782916745,0.7265392859798966,0.6598177680794223,-0.7012461807904947
15981,-1.398611958572414,0.28864971257559324,-0.11656589743381111,-1.0455784836894169
16021,-0.688479007992734,-0.06270115589768081,-0.8470170845700399,1.0808309364521327
15741,0.37900634178128795,0.354242230423992,-2.620884899505176,-1.8837695129331118
19901,0.13593272519083496,0.2872765144041892,2.1280132298173022,-2.2505171597283096
24061,0.13257134367626364,-0.4622727004701616,1.565709993151401,-0.2868237175975151
3741,-0.05110290721359027,1.2458071346564499,0.7468846223392277,-1.3495639126503869
20421,-0.4111115310405283,-1.361605001219327,-1.1164105598599652,0.08247714187482545
22181,-0.3026025728613695,-0.11694344921083233,1.540189749435631,-0.7276037029072724
8581,-1.3259210276645872,-1.1868333116361716,0.06701328966997482,0.21592136234078907
12741,-0.2024742394444501,-0.5505089961826669,0.6662421143310164,-1.352481366931156
16901,-0.28074075570026646,-1.3860802392517342,-1.219576942075037,0.6950998094434346
30381,-2.4921070419014932,1.17857381724297,-0.6528765757542118,-1.6514880680392627
21061,-0.3374959458114649,0.4489791473165519,-1.0635153433800428,0.07281383053728394
14621,0.4848202330795743,0.08874295320486998,0.12468214451638165,0.8664444991262755
25221,0.4568339345755265,-1.0960740969436789,0.40846280442234423,-1.1976547994057252
29381,1.1201655980006135,0.614643600522517,-0.29901431660121375,0.07082601524297073
18101,-0.935981078538851,0.3748335186014868,-1.46690980284174,0.33425416214572845
1421,0.2382416746824449,0.021426694309221662,-1.475810852002708,1.071619388790409
9741,-2.996121994992888,0.24038478727205598,1.5219349614376434,0.34725001857174226
5821,0.025789459567540862,1.081138066611027,0.5437652011170433,-1.8762812213714912
12341,-0.8817887946614429,0.5252555118667804,-1.5223872759834394,1.0308153126967463
8821,-0.13023253227270234,0.14468755536065075,0.11564030123460331,0.27215494625409337
30781,1.3260299844051728,1.658230789039577,0.5910416139380825,1.0070084271315096
22221,0.9153542113928576,0.2269071256025866,0.6038770950706155,1.3116118463870194
26381,0.5456365828838415,0.42421584980253746,1.0757958077292438,-1.3822808551443677
24261,-0.8679437293802882,0.07390759505307112,-0.4139530382979533,1.3370684246317674
2581,-0.6480194757832195,0.47188862157734524,-0.6009701110476035,1.0475842486480462
32461,0.19844692230706534,-0.11892971204573036,0.33818944180337945,0.5435616762681482
23501,-0.2120534469478706,-0.6484696261079939,0.7085890798113107,-0.5754166628817791
10901,-0.498456438105857,0.3511701856619611,-0.7106583196520256,0.012624709961509268
3701,0.2184917530522595,-1.390005301348956,0.009824205209530113,-2.0525025393082568
19221,0.12819472546865907,0.7472384436768518,-0.6018391950042765,0.27704156871442837
20181,0.2573456970427941,-0.4259024623163341,0.11317442849502811,-0.6673593342986347
27541,-0.9342190486232821,-0.2509449986005307,-1.230707497685621,-1.4081159785032837
28381,-0.4307282511931692,-0.549990924264668,-0.6063459456435488,-0.39619446064551306
17701,-1.0580306340163403,-1.3806048516281206,-0.5486102216201707,1.416287038938141
7901,-0.6920114177270209,1.7821153759621573,0.41590821534209454,1.7958789541603861
26341,-2.1106322513086497,0.33504086319974874,1.735998656542928,0.5192332415021086
16221,-0.9851107122740145,0.7380813288931384,-0.28452342356199245,-1.1855811234086966
28701,0.45507202749361225,1.1873105575700797,-1.3205082909802428,0.33445613548655484
14061,2.900684210751412,0.18882406294067733,-0.47825713346177595,-0.24610467855776097
32861,0.724730956076435,0.8520061374731946,-0.3073334626614242,0.5461181995651415
1661,-0.06252124835573517,-1.6037934327066274,-0.27155944765287426,0.880979460572767
741,0.8027932076744976,-1.612825046156468,-0.9635134248011658,-2.0535123324064606
32501,0.13121637487724727,-0.46082866765764197,-0.6753405501400652,-3.3985839574147376
28981,1.514733275846256,0.006084812230479643,-1.4695685372109508,0.7263520600426229
9061,1.1646807533635026,0.5349650121472106,1.2058543762745864,-0.2671934004247996
8301,0.33973595956189645,-2.0311443635569035,-0.4720131629272396,0.49133538126965526
17381,-1.561226737515644,-0.08138704517060945,1.7952539534879768,0.9902547452810806
20221,-0.5056192616916232,-0.8497296114328332,0.4329644928897431,-0.8551572397646858
21461,-0.039867557492856615,-0.2519882526455953,-0.6777163799273241,-0.12087194491454337
28421,0.7125206664947956,1.4426414699088843,0.20071864467574474,-1.0920645155357782
1901,0.29114448328180637,1.6666490854657585,1.7997113682036778,-1.9208033421654238
6061,1.3913123061152388,-0.7913937692411386,0.2942857781511645,-2.345393642355827
16141,-0.2324339426766913,0.3492844556033317,-0.11290522355808556,-0.23076403538275927
10541,-0.11870468920954613,-0.4338255843310617,-1.3571382321266832,0.10300884355691009
26861,-1.3324403744638829,-1.4209199794731706,-0.9981685590783749,0.9208192581210604
14101,-0.7464552231758003,-0.44267915445241757,-1.3912516938925152,1.7594093411891918
12061,-1.6012437891872515,-0.3405690280061521,2.229622749129409,-0.9161312492939573
9861,0.11174057455675453,0.5742365404993649,0.028506215150914952,-0.5895089045741191
19701,-0.675746665256701,-0.9312293958441773,0.6701370813955305,0.08207130421949142
30501,-0.6360762674646268,0.09624619999140106,2.2706744747018037,-2.2353769816389693
28021,-0.7742333717200985,-1.2296482741445065,0.21186999882691365,-0.2422922155245017
8741,0.5087317329089375,1.051627312460257,0.6723624018737108,0.2885182704770859
27181,-0.7439298913838835,-0.8477700004487737,1.4080369482396797,-1.4464349439442794
7981,1.634570963080863,0.8818125386768179,1.0120700120540194,-1.1038461276081188
24541,0.27794404764863084,0.1961950358015336,0.7071633433990757,2.6032938334347877
26421,-0.9360108089534296,-0.7592380543010201,0.37262083999247964,1.379971264504116
31341,-0.8513362010280188,-0.7096492874593473,-0.22799163493432834,-1.0146012574009353
3901,0.12576283454996723,-1.1276497126333058,0.7578545353844276,0.2712902772195257
8501,1.6051482006718254,-0.08566717991237074,-1.3426113269111632,0.1328437285529038
5381,0.5651480222276756,-2.5139104122118217,0.6064479172616378,-1.5508231363301919
22341,0.3152178198338233,1.4472566714261608,0.7685286699289067,-1.8598113392656357
9541,-0.4037395555567316,0.6601766197517333,-0.8224881506716334,-1.0960867082066057
22021,-1.3046330046652415,-0.9650342466106019,-0.9060312914184238,0.4826860595753285
10061,-0.5503576286578278,-0.19545760591123404,-0.14459128903804694,-0.3311359255870592
28301,-0.2825316975570502,0.4760492956357095,-0.06392849453078905,0.35317304025318275
8021,0.09507267836084289,0.6783071234353919,0.6447863842104423,-0.7023914164744732
2381,-1.574974313205188,1.0788100661646591,0.8131577692179837,-0.4864279000521849
10701,-0.21323220901485918,-0.4870066810837016,0.5396707982303143,0.9162253870912129
5981,-0.17513939243914456,0.3485069912519682,2.916174143959774,2.378485491185198
12261,-0.23381911782652087,-1.9493725594322715,0.5562067490033923,-1.7535276694616806
23181,-0.1813426615253176,-1.1851649825539692,-0.7653708159932905,-1.1681073705445635
27341,0.8523979139914366,0.16156302069965797,-0.2394528693686414,0.11472045831150636
31501,-0.3100409721247657,0.8233594133382006,0.32293393411915516,0.7690333782207753
3941,-1.9797118383515016,-0.3094805680085801,-0.12647385879198939,-1.1020122298137807
3541,-1.8544459050386555,-1.0036641568691165,0.37091839817934025,-0.030986449350347993
7701,-0.9774955875668349,-0.9561148829733916,0.7462323572342807,-0.18709514351460663
12141,2.1157497895429027,-0.691641170511489,0.27123971007959014,-1.538922095451565
11861,-0.32410364395076297,-1.1767151826138436,0.16907312855187623,0.15545990695047796
21821,0.2829381046625173,-1.3993093831720635,-0.8672266552780807,0.5758731069826248
10101,-1.488676461142844,1.56530587121895,0.5306592369754445,-0.7103502454498294
28501,-0.6880075947700497,-0.6731489076916343,0.5181604340685545,-1.3435646115729158
541,1.3035273945850732,0.21707847603468716,0.9228345041985352,1.153390339545751
28541,-0.1032686728311858,0.11317841241032353,-0.6252385195743545,0.023398440260516823
26261,0.5499260366484351,-1.042766741846992,1.431468434485141,-2.8781386434948
8861,1.3873132715263783,-0.06632423338318115,-0.9501652611181992,-0.96365023364277
13021,-1.5256541131898043,0.15069760904570348,0.4822839362365562,0.32510264059695465
24181,0.30221621248078107,0.9083717305813748,-0.37569299333694134,0.4756617673487377
17181,0.07359491558796613,-1.5277428837673943,-2.3379763818456407,-0.03979205643773412
6021,-0.00926358267288565,-0.46560911797749505,-0.0522409887784874,0.20876931273287075
25501,0.6696964180391229,0.24385300715240274,-0.6762812386883454,0.7145154040748083
29661,-0.25760658668913083,-0.6785215859433541,-0.1702772708796463,-1.0241018018905395
14221,-0.609971449292331,0.01160248761009024,-1.4946150937206162,1.7306107172470078
15341,2.0359869932177874,-0.6729708056549968,0.5195973313061342,-0.3556735481250189
5861,-0.19856950248358737,-0.5883932762513441,-0.040944778378825354,0.2132478274655184
32661,0.9134561658958453,0.6727370480203038,-0.8074363876427034,0.9072834887049898
14181,-0.8594518006640299,1.0110396104617825,-1.2178216774786603,-0.6048012574096114
18341,0.04655396267401386,-1.1418830949754586,0.4236846516927578,0.31741610894399525
22501,-0.861049318024446,-0.1273219849336127,1.3912095618381501,-0.220110944505443
20381,-0.43865398602299155,-0.03596409317322638,-1.5493899560887916,0.6789892961524112
30021,0.07273594723033074,-2.2657876120211022,-1.1599245892866294,0.9223430701168386
8101,0.34647076820698536,-0.2018290981810695,-1.4320912154228633,0.785558089941096
7021,-0.021577837386313577,0.8124291820352462,-0.1421178702708098,0.2872310374704866
11181,-0.06311320231451885,1.0914053165635411,0.2161537529802066,0.3876957743378711
18221,2.3411542074538554,-0.4223549915899783,-0.5610871474105533,0.7781230373367609
16301,-1.5136002214627953,1.1091007973556484,1.2133263318650471,-0.16576621354006837
19101,-0.48119076278326367,-0.8151911663591397,0.45950997643510605,-2.2274300112731256
27821,-0.4691460713636088,-0.8178634016563716,-0.13418187477736393,-0.04999672007654792
11301,-2.08887826667443,2.445910706960205,0.1281375043785543,0.5572737493760725
31981,0.07890021589469724,-0.6273759835585202,-0.8658832911331011,0.7488988738110501
24501,-1.7361938660336176,0.389729612914794,-1.7185445624853928,-0.9945613128648794
4021,-0.7341050862362609,2.292214191693902,1.433320987547454,-0.17560930895467722
29741,-0.9903745297561027,-0.5632856368902645,1.0156308828369855,-0.45755847225388235
12221,-0.6576363656829829,0.1502291626294339,-0.13416824639462205,-0.010521669477889337
12861,1.507536204228595,0.3530937294250434,-0.020137919454946685,1.0494939225156923
8181,-0.9408759853549244,0.0035145100271144003,0.8945313133771485,-1.0368500833451373
24821,-1.491179590119554,-0.7150770890068934,-0.16256996081368977,0.48228038605531776
10181,-0.8543579280095149,-1.2221928317379744,0.667828258698844,0.37268772477948575
18381,0.4607197908710167,1.3820126782853865,0.32722643517090255,0.06390122452009005
7501,0.2665943115817416,-0.7329117741502696,1.6387328881919527,-0.15804924795892203
13501,-1.4367104139581703,0.04405180610742934,0.5757913377405037,0.22531193888173623
17661,0.11533152131437437,-0.4857301730742975,-0.7573653016289664,-0.6151646826836266
16341,-0.3953491973132029,-0.5743985411637026,0.3340345237596651,0.570346403157705
4061,0.6629675097054524,-1.5856118004140485,-0.14136563686439702,0.5725731475879758
11941,0.022834001647334647,0.7095230837956111,-0.17851081321137002,0.2657403733963107
2181,0.7742374822443843,-0.35212330108173356,-0.0735432794028454,0.018725256817575482
16421,-0.2103827866019346,1.398442540627068,-0.5751287547671909,0.7392913033484919
10501,0.4595141494700615,0.25305235029527345,-1.1053460865428033,0.3806562691955598
2021,-0.0007991521530855555,-1.2538737041861483,-0.8286290099315998,-0.567259384052419
14661,-0.5204401819759034,-1.2791692677920974,0.4319745927019841,0.7772762205446684
18821,0.5061225035802421,-0.5658684643655743,1.5525439903302205,0.2358452436974709
27141,-0.038908034044971326,1.5046921594201703,1.0627555963964799,-0.14351146399053608
10221,-1.2995803394100731,1.0320058348931138,-0.6665706734766319,-0.34135032116920405
31301,1.0909484421008215,0.1002051208115099,0.7810417281573819,0.5034262835696044
16381,-1.6741029695971228,0.05462802667681151,-0.13881946509223547,0.5486901215534832
3341,0.8185005411502864,-0.8695556924316933,1.5380912974402599,-0.6222387443680909
28661,-0.44828608506400697,0.48499373212960434,-0.5725045845608258,-0.32547253633403345
6141,-0.328675719505716,-1.9704781521579207,-0.10421831624668051,-0.24105101704704018
5461,1.522583547987252,1.5352523714732924,-0.1932665436062457,-0.10590813256505623
