30183,0.33185655143188375,0.784283179240914,-1.696486552056594,-0.47029872158382097
14343,-2.003176374888292,0.2332843736955871,-0.6073823313302468,0.5598150962582709
5183,0.8448869433138382,0.28524970826760876,0.8914545821101114,0.1876835607979757
5463,-0.5057669909867932,-1.2022855084359008,-1.1654964430431083,-0.6908711565511624
13503,0.2100818575056842,0.8629967469144695,-0.17658584598114024,0.8676205468048458
22543,0.15157796396308304,-1.7480491217109,-0.8337013945109418,-0.008343146037314706
11503,-0.5948027061041931,0.029229123117740976,-0.47422491356565805,1.3417308530706675
30743,0.1801503233503241,2.1868662037377473,0.72029242471059,-0.33496188052953557
4783,-1.0488947604467185,-0.7066672021472589,0.14798290053935848,-0.5484001895634425
8223,-0.36372223065827014,1.4652426475869533,1.4313556942729684,0.04927253115605812
10503,0.12564628595940439,1.3472224367946504,0.010867673853113144,-0.2900146800843008
18823,1.505106506180553,-0.12276497203707319,0.11984322146775533,0.8445172369779504
16423,0.177789750109953,-1.0319790494958123,0.17743304366473536,-0.9607742428352647
27143,-1.247843594084868,-0.44857330770467696,-0.8487588360463915,-0.24194725125168104
29703,1.139067464067183,0.4140740871730957,-0.2183474912632324,-2.359420136023456
4143,-1.143980948638862,0.37973395356824513,0.7795957308070354,0.3504828569655765
7503,0.5515538662748364,1.4490678416134786,0.7861077977009523,-2.3399512306390107
11663,0.7649826902136031,0.12891575372782837,3.0436160404356074,0.6508929645587426
15823,1.9349407452986187,1.1804070520670724,-0.3644539999993778,0.0692549471785318
22583,-1.3082417381085587,-0.82437880625918,0.102783166017413,-0.5423922642095121
19983,0.4998606545396344,0.8734380655070177,-0.3788086051292643,-1.6925866497419615
24143,0.12005916561916606,-0.16227369382953885,-0.22717480387399222,0.13886770265368117
13663,-0.2522787418285528,-0.5712951663578409,-0.3638186858571191,0.7351362756156242
28303,0.3167787326092077,0.7251145411750455,0.879324986709659,1.1249464075032665
10303,0.08479098486603105,-2.529915938398529,-0.08807877592948272,0.4126779908994572
9343,-0.7123566302122191,0.7555931524644701,-0.5550264230837666,0.13130649209596928
343,-0.0634338304134399,0.4651984521124739,1.883884721917537,-0.7639153903500608
4503,0.5474040260895241,0.7277023563442329,0.5969895176345607,1.3020521211423857
28743,0.8850048851059898,0.20953969446194123,-1.6584075694214497,-0.5291001002414426
12823,0.6200777228038478,-0.4450724621804816,0.5468050820587287,1.0492264390239956
23023,-0.04744915458647452,-0.30038615068749414,-1.0211949210120006,1.3811143926678873
28343,0.5934971960287239,-1.1157108347113733,1.7890307910265475,-0.764735882159488
25303,1.292404838365994,1.2889120111683654,-0.6301234286198903,0.5235496736702178
26703,-0.31973337620643066,0.400433305320654,-0.3450417123370287,0.15526687585952473
1503,-0.9146993796501762,1.6230987489707753,0.20469435466030653,0.6561879549691347
24663,-1.3528793786957671,0.3112896656229087,-3.9349488999578948,-0.6588842384166396
9823,1.2769921565892681,-0.48153058550979205,-0.7065308214229075,0.32675954328240064
17423,1.141442618470982,-0.6603958190749701,-0.07083790932186805,-0.5343652061558852
13983,-0.22460962594945705,-0.5603046294419444,-2.878872247210346,0.28764813857691784
2143,0.3345419257922346,-1.0199728031740283,1.0138689963829057,-1.0867527123150007
22303,0.7761532086209068,0.2520666700543195,1.0466783800528123,0.456608789730902
26463,0.7113353970005472,-0.634192817609765,0.6132088860062732,2.136086720565481
12903,-0.14117980606630565,-0.3542970600574573,-0.09629156524747708,-0.20380580648121221
31343,0.08238908614360897,0.3981303248606419,1.0362397859956938,0.9320729351582665
20583,0.353050698104311,-0.16519479842772772,-0.4742731061405603,-0.22683314187591738
21863,-0.09015100074083321,1.1089382585508327,-0.2194733025178768,-1.256975988295369
28783,-0.43979798422718497,0.35073241596065347,-0.00613728447052469,0.4083536083442759
19303,-0.053294102589135715,-0.5004220446279748,1.2108656757932834,-0.8373306370357817
16503,0.05819471703326107,1.0994548265434385,-0.06623747119648016,0.5773714887898265
31783,-0.5595374758079931,1.207055544489031,-0.07174999728204562,0.12454495517658677
703,0.008249013229702503,0.5004611795715111,0.41778599492055335,-0.17366590461548978
24703,0.18187713133933114,-0.06953297508321396,0.9258096843844162,0.39799884341439934
21223,2.018034892848002,1.0604430824643443,2.1819154431547294,0.8290600792391336
12143,2.11474014139122,0.976892063950326,-0.9267500044743622,0.8150787030741854
16303,-0.19479263318060933,-1.8772841446285005,-0.7702426332165382,-0.2412185733625456
2183,0.42224127001325235,-0.6398960260806815,1.4269099648060593,1.6201194328911086
24623,0.17887355632497787,0.07783609565509539,1.2947318833804713,3.221060826655599
25623,-0.13654863202253986,0.177286856952173,1.3738868786735934,0.9305372916224176
10383,-0.5944130575317835,-0.20672480166433724,-0.6870030041830633,-2.3526712241399217
823,-0.4086056848614544,-0.6284687330579657,0.6052473576059554,0.48397328375749604
19943,0.10660681848250747,-0.3771204361744886,-1.4474397256752405,-1.2580754698705006
8343,0.7061179272146261,1.0650187416266719,-0.6155406971742664,0.5892410634919757
17463,0.8802633298650722,1.2594504077784425,-0.018721634235634506,-0.07346709168438399
4463,1.7555022295662106,0.8274078123221794,0.04378669161633117,0.2547743808269578
16543,-0.5146999929491239,-0.12977689508316098,1.1474022887774888,0.06238398613392619
6143,0.775036092576008,-0.8809373383407647,1.0246262874689314,0.16120687783715465
8903,-0.6677684778556601,-0.5318277375819707,-0.582352539440816,0.5137745569106664
5743,-0.9355196377597547,-0.6425707113166996,1.274410705281503,-0.42854425598488183
22783,-0.15852185855429585,1.285906620027043,-0.14737864245619817,0.061795007041481824
31103,-0.824576217134525,-1.573850405307594,1.170377387024116,0.1638609175225489
1023,-0.9277019348115947,-0.15879408567692924,0.27984822203704873,-0.5776514864172293
10423,-0.5376059991008443,-1.6865555851706324,-1.0166856012257377,-0.396957975787074
19583,0.6320018972584799,-0.21234336026529294,-0.7020806985034438,1.7139839294540753
13343,-0.03903537879475933,-1.679228417644165,-1.6572223379471749,-0.6624087963804713
11463,-0.028712092925964505,-0.13469501790683722,0.26306397979042007,0.560293064166838
28863,0.29673600937263733,1.0517996296171637,0.5585989746476524,-0.42228008017811297
23943,0.5830863097048635,-1.9482113046390614,-1.2887888575515793,-0.05341446079471152
6343,-1.5103976686568819,-2.542128939824663,0.8675939873555167,-0.5384598526346764
32503,0.8156022122597602,-0.428528395628985,-1.4335299659183567,0.04993591846927438
143,-0.10974687849894797,-0.9046825610090098,0.5240441152391189,-0.6907594796262888
4303,2.068753330769012,-0.5841702062652187,1.2572140442825117,-0.6880390904877393
24783,-1.1884213623983897,0.6398672284234609,-1.5010340482557385,0.524549077911318
16783,-0.040161671540596224,-0.043783260558548816,-2.879645192273673,0.4340786870934834
20943,-0.595183615945469,0.846069191619882,0.19826648963653584,0.8528715029311198
22743,0.8226013841290591,-0.9458708798883004,-0.7804237096105369,-0.7289957144657341
25103,-0.30574365144103977,0.6603239787054485,-0.6426774591210269,-2.1431607348070916
22223,-0.6505187913425563,-0.7578573902777918,-1.6783168849072803,-0.2047775148263904
223,-2.230407617158439,-0.2920059729463167,0.16109269734077877,-0.5734029291270932
13783,1.3713058103457252,-0.5869863687433245,-0.7881368968882895,0.8058199095316424
18663,0.3740313374539223,2.6751010176418473,0.13952400756149408,0.9657677377634085
26663,1.3897116234099143,-0.9976808587661636,-0.004466344591937219,-0.02832154122459235
26263,1.4977926610986456,2.0515875192704964,-0.7841830952989818,0.5046086776513208
16623,0.30807070053139074,0.910779855921174,-0.3350538410123363,-0.42140828724007445
6623,-0.3079632671034439,0.024769605822902836,0.8120666945761111,-0.29180693089486787
24823,-1.9840911487712551,0.7847311792152754,-0.44412048388403885,-0.48810949977379353
10783,0.1645374795316034,0.44106270434110595,0.8032605686993468,1.8618004303670954
15743,0.5095459345260571,-0.28069585089271204,0.5402573489854757,-0.09595613114686793
19103,0.4336417921269341,-0.7629976257437887,-0.8444997613990615,-0.4272004221695992
2303,0.8570603318234921,0.08145410434791282,0.2859449413054881,-0.265974097750794
27423,1.4036537245232679,0.5471639716817316,1.1900912286737084,-1.1953933024212047
20743,0.24206860108901135,-0.4616698883292026,2.026391092640003,0.3045453545122681
20183,-0.44250548745890916,0.6631921442329738,2.1080351642547694,0.25924675435786887
11943,0.8374281945854384,0.4163341646163902,-0.3604197830510691,-0.41384348069689103
8463,-2.3658167624493576,-0.21903509074815183,0.1265320772865761,0.923832359171294
20263,-0.41087997396266296,-0.36191718134105205,0.3138306869674192,1.547974344259209
28583,0.08035829092740049,-1.2668567394218035,-1.2246072107520283,-0.8590977413105577
16663,0.809274050213609,1.450743844186978,0.19517509654691512,0.3644396521146882
9263,0.03178051083828362,-0.568525083876398,-0.7527560539447667,-1.8161867297183045
24863,0.27327446704199027,0.30300451963183894,0.5984878973391478,-0.27927821418584653
17263,-1.211475480545014,0.9669618402452154,-0.19697154577656772,1.2394073881141066
21423,0.5715631143859291,-1.7789172827680357,0.2268663517812174,3.1620330349381494
12583,0.12533990703938602,0.5869989864529535,0.07866853160726318,-0.9448523937709953
29743,-1.1653259240883487,0.4725025622748385,-1.918355686242747,0.534133380271607
13703,0.9550355399100214,-1.4063533399479777,-0.6084450901562615,-1.1960979746754425
28143,-1.7792023598418996,1.606324624751999,-0.004702708215370471,0.5677570829365305
20783,1.448817407860042,-0.6820298212986687,-0.1118239104465701,-2.5167990514121676
10103,-0.9691053358342891,1.7815956525946268,1.3255457068838175,0.266222275540934
8503,-0.6424666749306394,0.04144709330154253,-0.7557256955165947,0.3213491545766267
28903,-0.28798165334471376,-0.6173635204832908,1.6153164944147618,0.140388996595671
943,-0.8165388731269102,0.28213523410929703,1.2874146809457128,0.507600242591857
7903,0.20978083290551164,-1.3319850007485539,-1.2088531520879071,0.42848199433312273
26943,-0.03958381281619826,0.9005882676985498,-0.057831563388459524,2.5437196179337427
2943,-0.6890184617311625,0.6319496204339579,-0.3779626556192967,0.9811847605060001
4423,-1.6591246129720192,0.27042444893594586,-1.7274892026902193,-1.7945305021351414
5103,0.8418327407051385,-0.581288092001579,0.17306441321373425,-1.2664356052299595
15423,0.06758576358829432,-1.8153109902903912,0.2726998495818547,-0.9104161762754281
23543,-1.2370716791896725,2.0620649644275186,1.9931980900622177,0.8567017452370139
32823,1.2664014701554802,-0.32039151650638126,-0.2581501678618753,-0.7981251473289784
22863,-0.2529968033177766,-1.0992310880886793,0.3589848970677827,1.0870801749988732
20823,0.6001081457151363,2.8719922397790607,1.3621419268891133,1.673879758694298
4103,0.7444922971710742,0.8686412983790711,0.600524180002884,0.4261539623983343
8263,1.2700265286303347,-1.1603043988424608,0.9353259049989867,0.331113445984992
21903,2.2185929863669895,-0.7549511032169066,-1.0242120217005828,-0.019920940712610864
16583,-0.5164529043007148,0.7655861589642763,-0.31380569225797006,-0.17216447959860992
18783,0.09412379910393263,0.5881286549087308,-0.744771538369837,0.6148185815654972
24903,-0.43843131286671044,1.3800666156041987,-1.1470323366570492,-0.22910787404513247
29063,1.0280170990461996,-0.197741477268871,-0.5339906719139863,1.34290407146588
6503,-1.3294095245100797,0.4978986393343011,0.5529721438447067,1.7955295149726318
4583,0.20754942240477678,1.062259636964811,-1.6658508682093809,0.9578341944003639
1103,0.5627486161897545,0.006426319339273172,0.6961210622706759,0.49420102685251555
31463,-1.1191284026919228,-0.6973610461646609,-0.2771039419446831,0.7007651009261484
5263,0.31871998275487823,0.38873645014355185,-0.2585406345723821,-1.8858231393036302
9423,0.05161835633660988,-0.28037182175836817,1.5227372924141866,0.7503316393372179
24943,-0.4302358562232738,-1.7254449908404024,0.5493764650863945,-1.8350493828561638
12663,1.9052191610304379,-0.5036157865613198,0.18450919930902737,1.1267608975567622
30223,-1.1228350362047317,-0.7544455474002666,-0.5669108605760289,-0.6669089048781341
30783,0.66423013788295,0.6989099043262388,0.7647737529052374,-0.11050002557104247
3303,-0.9777712881517308,-0.1843179780290547,1.1597241837992225,-0.2003146607360409
6423,-1.3888922322079527,-0.09614463221890264,0.09781730271613889,0.4378286526330968
21743,0.6520493005608436,-2.235365077897896,0.9762879475140642,0.44586617191427064
10583,0.35483645229720595,-0.7515044914661994,0.7446049989342005,0.9848151950921634
14743,-0.516634423737711,0.5538304110474431,-0.824764647199451,0.3781220146387881
8583,-1.941747723395278,-0.11503613517523072,-0.7597754508437713,-0.11921837653048371
23063,0.8097354652634168,-1.788308312327132,-1.5881338491554784,-0.0744545721118675
27223,-0.04143876098900825,0.3794482700788209,-1.8852953801309382,-0.5671651583331704
9623,0.16025099405237786,-0.7078190273718846,0.752367747476168,0.5570943792841057
31383,0.6991355152042582,-0.8163312842153525,-0.8830374383769459,-0.05653350915146394
27023,1.5765725720682242,1.570357807034274,-0.6596024218453207,-1.3500247742321236
3423,0.8766393405959985,-0.20747175873287424,0.7262477892451189,-0.17752874228338164
7583,0.9378558485822188,-0.7710082503897782,-0.040458312916771655,-2.266515826945362
11743,0.11553522840857115,1.479203126512375,0.13976259004319516,-0.27763755814278357
24983,-0.27333977899641343,-0.15654636068076294,0.46533227879177164,1.1364302877920482
15903,-0.24074516607884716,-0.914449346223521,0.10131710854498804,-0.9327452618722197
3823,0.4767287837320467,0.42724194563122947,-1.4450048945192995,-0.914712855139821
28383,-0.5290903450155451,-0.8895855459466206,0.13512922333363261,-1.3334117585600322
2463,-0.04895063365244454,-0.0577198638237339,0.9295886671716911,1.0197089001163255
32543,-0.17501451957375905,0.8005256352516698,1.2461094527321028,-2.0274274183181072e-05
423,0.6260778045390195,0.05958645173377049,0.8745945511873104,-1.2343848894700944
31143,-0.09480924038810615,-0.3323706521273169,0.4033015717796679,-1.1714030738795127
8743,1.3248898510567422,-1.3635793639690261,-0.5977414649669662,-0.24110335783877967
13383,0.757596735382465,-1.7580761636182654,-1.227587624614265,-1.7502000068011858
17063,0.04229984489729502,1.2139138800246876,-0.7635598563075779,-0.8964278009524149
6263,-0.001149148679983785,1.627579253230216,-0.9481699319303114,-0.4616737151743418
18863,0.10496133313903332,0.17981501691438087,-0.6681693976903839,-0.6948499680655348
25383,1.0988692457519629,0.5546332651492458,0.3200132905122219,-1.6492342144346155
29543,1.1085161152105212,-0.06998374359491534,-0.44315038287005054,-0.2093679385066397
6583,-0.4834227914934218,-1.542156454975405,1.0600344289850985,-1.703952280321437
28063,0.9166505166389671,-0.24220580880292125,0.22338998856957326,1.2969584436104502
9903,-1.6709011644670657,0.4481523288162267,0.876655229319397,0.6621779881042859
14783,0.8614919264155787,0.9915894064021924,-0.3850989583037264,0.1870534505154632
22383,-1.5926564932509413,1.5960728988541086,-0.03899529870433071,0.7511117075657039
2503,-1.3099415624840005,1.087791542257793,1.0973337066918238,0.023475540697880538
14583,1.3770033894538063,-0.35135274677922407,0.4041800588632576,0.871877147655104
6903,-0.2389030656848263,2.5001765849345072,1.6022344456987274,1.1035869605895419
2743,0.8855840552810195,-0.34310603502210446,-2.092547189802018,1.1797939555784136
31183,0.1211181597860088,0.3161001740794824,-0.6066635401260229,-0.6709700267369907
15223,-1.3279892863428135,-0.8886838332300966,-0.2356336717117602,-1.138117410034026
19383,1.1439056778236805,1.3670075645571953,-2.082840981906396,0.8196393660697294
8663,-0.37435953993285553,-0.7593967873325564,-0.5847137246712996,0.09814777891730316
27703,-0.16633087971624558,-0.4802522696436776,-1.1224643813972153,-1.07603360614243
31823,-0.10914892789306818,-0.5888540592984765,-0.6312188732343865,0.8714948939401431
16863,1.7552829589532735,-0.9409802084905627,-1.801666045447857,0.3273698498546913
12223,0.28161694056106934,0.009953531102905647,0.6016026118639577,-0.12213252354376582
25063,-0.7556848038643312,-0.5498343039855647,-0.4326004742660365,0.43238304006330186
20543,1.7547966120025695,-0.8650890112661022,-0.45459584399024244,1.6019330226629414
10663,0.31932410045478066,-1.306636834252909,1.0679882826636113,-0.5915853760823996
2543,0.7356457151735736,-1.6192270785190859,1.55702739394313,0.665855760299857
31223,-0.8115567376874387,-0.3155700234385515,1.485889952565731,1.2033681785644503
9223,1.879528735036053,0.975420426916519,1.41101456951598,-1.5005085891085215
9983,-0.580328828840419,1.0103136566578266,1.2767750141565164,0.8184980462276262
17543,0.15854276671772766,-0.7118114619102252,0.2631859579809964,-0.3921756628300667
8703,-3.1196405804850142,0.3139097296827714,0.009306085803830848,-0.6193034643744272
25863,0.9811709630189123,-0.2708744008839425,-0.6077063265459843,-0.06007926624015002
12783,1.956700745232018,-0.40863425658124475,2.4387022790663613,-0.07458881197545604
6663,0.01482220824446506,-2.1930398492011607,1.1682905084822994,0.38818590239654155
2063,0.5869305851307699,-1.286986611595058,-1.9540286058097824,-0.6997818513637265
6223,0.7756948712418467,0.33497411203638805,-0.866020316126208,-1.1627843120485193
19543,-0.5628350320114125,0.3013981223479487,-1.0042184386467659,0.2374007090010136
14543,0.43316023165522755,1.9427057154311445,-0.253273160171857,-0.36262500380611024
14863,1.7906883651987036,0.3020721012413388,1.5392928528988365,-0.8545335852260393
18703,1.9567872651112481,-1.8699670713418048,-1.546485900029456,0.5461230726269394
2583,0.16362994372934425,0.9195944911356244,0.40418151643380446,0.12485519196465937
29103,-0.8625994743734083,0.029881392576756167,-1.2025003014548483,-0.8497296083192319
7383,-2.225203845080766,0.16864216724174158,-0.8873923476901558,0.27297179261165583
21023,-0.7363206392660209,0.843221449465409,-0.03002868308360336,2.0814877872616693
11543,1.2876687742485242,-0.5816390304047733,-1.1006284439266525,-0.47237422940278706
19863,1.4452150063942004,0.4171617320061245,-0.3616679642308896,0.46114604731313047
29223,-1.4798462214632713,1.0271962304586522,-0.27455417735889176,-0.21053088717701254
32343,-0.22346790884514725,0.11003246713149074,1.4023995129775102,-0.17096415784081342
23303,0.17137391450016748,-0.6298120981235615,0.550557400704922,-0.10706386473092462
6703,0.31075832638345524,0.021334746708174254,0.09389259707611379,0.08896108487774249
4383,1.4087071237695583,-0.3834899677172268,-0.1144130456885599,0.9811968797303905
8543,-1.5734947852148868,0.3034441551300161,1.4014567556468405,0.583896785750381
12703,0.16448719653848004,0.880641924403477,-0.7795350095807178,-0.008483324320463484
4663,0.3834780931759751,0.057989510923280904,1.2604704942158553,0.602810720425804
12383,-0.31788033322027454,0.7028752902254881,0.4476613449350782,-0.36463248274197835
12863,0.7167130811257514,-0.39287207797666096,1.718041123652887,-0.35047289840812723
1383,-1.5662209286619675,0.4932611388399288,0.8072238753191431,-0.4803909107323732
5543,-0.13775420674581548,0.5427809695616936,-0.8215258677342139,1.8139959689471483
31303,-0.02812058605706088,-0.03088401675978303,0.21965983173378256,0.27046819375321235
5623,-0.38879376898039947,0.6929767434848606,-0.7361091933547459,-1.346066863347479
11703,-1.1207773179989626,-0.7242786600826028,2.041379003621041,1.3287547070278742
22183,-0.8695759134845074,-0.02494792417552496,-0.1838287328541861,0.6226381518075066
29263,0.5896137049391481,1.6533303003619095,0.8143543359792623,-0.07461883709266345
30503,-0.693361259788333,-0.1813253897042338,-0.5798881325272971,-0.3587641642826671
16983,0.9722174227890363,-0.2955774498832465,-0.8047516683329403,-1.2106331469782128
21263,-1.3638082760080457,-0.5144695541983297,-1.1111640870856803,-1.6398420221879177
25183,0.5021124658414033,-1.3358822160621815,-0.4832376546032549,-0.9694933898959616
23343,-1.8019068179923958,0.7437299404248937,-1.1266868130822323,1.472732559543011
13943,1.7741794827188355,-0.2111083470634026,0.399567029183942,-1.1165467319776536
2663,-0.31326810110509173,0.6053219779639886,-0.1623226438427516,-0.3512723335678221
25703,0.768597828606886,0.17843609889291365,1.1854245225101665,0.1913870492970547
27623,0.6030517241864897,0.8519011929849227,1.6280486091301951,0.3832045997969917
21103,-0.6155095821007422,0.25051112928950847,0.2429648688181076,0.013135525204814667
16183,0.20723691953278692,-0.20415209959231212,-0.14337178104050505,-1.2430754559904709
20343,-0.29014854170547755,0.1089223666331115,-1.3338774048402124,-0.8021430227965476
24503,1.1452566985872517,-0.38988230931095297,0.2914346854198721,0.2577314619757421
19063,0.8216990434293167,0.5500701916868711,-1.4669650317693468,0.4664574006567852
25023,-1.1003404809215835,-0.4655524800433743,0.36641543027538837,-1.137054457564829
17023,0.5932930122248583,1.9401530907474178,-1.3725917026673582,0.25970868728472757
25223,-0.0675134541250039,-0.3350154881357423,0.6833370092759875,0.32042452902172713
8983,0.4351389175516302,-0.05306384889278385,-1.1450541880716991,0.8386015476024594
2703,0.1849749640601885,-0.11360530455647577,0.48143497769502064,0.03482620226191338
1863,-1.056545769755375,-2.314105017133118,-0.267306825789322,-1.0949426638205444
663,-0.05221415178559889,0.1636376343372626,-0.15870936025966953,-0.44168586391160514
18503,-0.5753519609600679,-0.9296120917894646,-0.5147435867196207,0.7950012288156532
13423,-0.7815124483933389,-0.8352219936102113,0.1998635355217107,0.6378053403499948
22663,0.005232198440286679,-0.5172271712149854,-2.4693713666125254,-0.22123985225399992
29343,0.16659667221249028,-0.027122113501896267,0.12590827871627122,-1.4999683434323567
6823,-1.648729813891896,0.73189254738823,1.8526264540428954,-0.9081695896633274
7183,-0.48108101205334347,-0.793568738809617,0.2686715818952089,1.99484211505194
7623,1.5124440768425234,-1.5435067649407457,-0.02080740400167148,0.5997751590513464
6783,-2.159273915297052,0.2704658504387754,0.7271710704871697,0.12192985149399316
15023,0.10155953865161586,1.756311253626699,-1.434159585961326,-0.8126756803337348
23823,0.8005156208729083,0.7297818160137064,-0.9874533182086779,-1.0123065873878803
27983,-0.1764804126580591,1.3356130908341564,0.434805198477355,0.16224060062865023
2023,0.2913789762460337,-1.1681214464006746,-1.6142871505150271,-0.13074538111631842
12983,-1.490358592532479,0.45660430833628857,-0.9136375992504905,-0.9081335714170489
4183,-0.9230728855817517,-0.39774605347795844,-0.169901874854932,0.6261899283928
12063,0.1746297976326131,0.48876316267071285,-0.5977603374277457,0.7174302767235333
12503,-1.115738664885673,-0.3353938611314676,0.4324075175247427,0.5542307522558233
10943,-0.8752033296807262,-0.4098266019886321,-1.7077921959011706,0.35399060196645293
29143,-3.5500298085394824,-0.6234861701031865,-1.0253488624802705,1.0004342144143898
29383,-0.20974295896298129,-1.6677696952338905,1.7727448042753653,0.792329355593379
15103,1.6050437105429098,1.132508488701553,0.5701867870060483,1.0983689197414015
31863,0.33904088441598673,1.3454571349122413,0.6889079261337213,-0.3083748567593962
1183,-0.8479440110739132,0.5770254046412931,2.035988782899639,-1.996124074415148
27343,1.1942717201767323,1.1862955890281466,0.7520551088705512,1.2057037185997743
15983,0.5353685017532788,1.206737465220328,0.42489955138569724,0.07793081267388441
4823,-0.1111221888017658,-0.6916894824884521,1.7344980736819906,-0.533658173621962
26143,-0.6178543847032797,-1.3294595421815312,-0.3946782189790724,0.6196937416827312
30303,1.0642521722662104,-2.1616475785462272,1.6914310537808592,0.5790403941615695
10703,0.7122701418775208,0.10479416665114155,1.073120610504831,-1.0736804188834441
23263,-0.32293673890212987,0.4353550972661347,-1.3556470419528273,-1.2841482905492327
743,-0.2332525921011134,-0.41758233672150313,0.28228397213924444,0.18699147692312812
23143,1.9611331763636284,-0.9767902284355863,0.603090068728787,-1.3986376695595744
29423,-1.3210944433942233,-1.877299932377307,-0.669464925948281,0.510552493864659
3503,-0.6290658575268908,0.29011418334385286,0.12754392283525934,0.32784729298163845
17143,0.14997661041457663,-1.608939772846059,-0.8555003967051564,-0.18961938919464502
14463,0.08846253439303252,-0.1662657645542165,-0.2573592189733045,1.0092239850674212
25343,-0.17723635317102424,-0.8676070111746662,1.3728216150052643,-0.2972068878903665
28463,-0.8779606682745381,0.7839785716475428,-0.6449889521791521,-1.111494793980503
2823,-0.19947772436703204,-0.9086252078270827,0.6511876345117859,1.455524419243612
18903,-0.08070106499023741,-0.746300088623777,0.9512438659415006,0.04127767122790006
11023,0.6438083819162898,0.1558890779619105,-0.17374959536244694,3.0984466213206523
29623,-0.1468548784708048,0.38731565258910555,0.26621357331887135,0.4261535481298079
19223,-0.9803381090695621,0.9268983121187687,1.0808587015862723,0.09433116588526742
18223,0.2050787884144096,-0.6679027571831104,0.08758880226807562,-0.6774134082858759
5903,-1.5274639389916067,-0.6569954054791861,0.3888336786339827,-0.658100955483207
21623,-0.9379435997129265,-1.478006382004968,-1.4756176356259085,0.6399625001868613
17183,0.007226859622209494,0.11364857066940473,0.16285549710122704,0.21224592587622687
18303,-0.9702966779143121,0.3390299482997384,0.698711539503284,-1.9912911578481307
29303,-0.5584461759956166,0.06490170212328368,-2.609027458651223,2.1802146731931282
15143,-1.0762217232422604,-0.5157253305394041,-1.4274165775232412,-0.012817140090315331
12423,0.3328858377914072,0.4474144127062819,-0.22088247602557143,0.6490455625453299
13103,-0.474944332835775,0.9384220668094201,0.853530206544965,0.41242648831729867
11143,1.5928052394100936,1.9504444195501143,1.211417375603108,-1.2326085492990577
15303,-0.25232868758866317,0.012702949481770554,-0.18460429151557703,-0.6747854248402683
11063,-1.3164686523518112,-2.025448190909505,-1.199088496368195,0.9646340455527812
27103,0.48218830486282144,0.6251996119603893,-0.6338065644690342,-1.1470693220934844
27783,1.2357580696810553,1.5659406698105611,0.24562610655233877,-1.6995736711899445
31943,1.4604663995561749,-0.8648497917095415,-0.2969816179019178,-0.13339447186030756
9023,-2.442001097898497,-1.2216028235150078,-0.5218835065738272,-0.021151785074649945
3983,0.09574878229967945,-2.39961116650288,-1.448864629964157,0.4129769956915898
8143,-0.940358493880315,-1.6147471962127475,1.6420217450573318,-1.6629174692496225
6983,0.0819404514935704,0.32816194031674023,1.4712870706164891,-0.8863766377468418
12303,-0.35619513419659826,1.141540060961805,1.5840393558874855,0.485557000021599
16463,0.9323335704968363,-0.36364931498207925,0.6148987210222672,-0.5852736551984765
26423,0.8934647292543065,0.850220497311774,-1.1061305625838609,1.721644423322106
4943,-0.23952014860961415,-0.033581245971371264,1.0304975100856006,-0.4152357772107598
2903,-1.1839072884967785,-0.8623989549085015,1.4843324317864368,1.0806144295429796
5143,0.14472946041949808,-0.015057302603009116,0.7484151968772493,-1.0063175402867215
9303,-0.1335504297695917,0.1997375405375597,-0.3989371437991162,-0.8500548933405355
20623,1.6838259449906787,-0.5935513214062255,0.4976576865153864,0.5562174317366654
31583,-1.2150177274005216,1.50802973406209,-0.791956598752977,-2.449499600626802
21783,-0.2556397110448837,-1.1994739621512138,0.05321063984641484,1.20474216535546
25943,0.819679611266298,-0.4779715389518537,3.121686784378649,-3.0463164080424785
9063,-0.5236073972989073,-0.6304041757884922,-0.8853133462510622,0.3663777903527572
14823,-0.14906889932127454,-0.5366692967421886,0.58777840237773,-0.6201112783574829
6303,-0.40375302551694087,-0.8964154919908323,0.4590880874157437,-1.1075574944570905
27503,-0.749550300695721,0.7892290930732319,-0.040142611035642914,-0.10413569981489139
14623,2.128396597709982,0.5774042236392359,-0.63005890979548,-2.008233141260932
4983,0.17602191000272854,0.39408038827858227,0.07017337176239952,-0.20242279614766132
24063,-0.11808163808416679,-2.145679576144024,1.7710068009652493,-1.9964121362762928
3903,-0.9369615346030769,-1.2297822332726267,-0.8372926940604425,-0.5940421355336079
13183,0.2932660071516159,0.09835691821032119,-0.14266434035792291,0.257245818681179
7463,-2.0238128973459046,-0.36410148951308474,-0.3064261128151523,0.3054547406076863
11623,0.3604073715876221,-0.8012891612865858,-1.8536396165223696,-0.5212723257516483
15783,-1.8179458378300208,1.5863276355154132,1.1902412933677926,-1.3535267523632541
903,0.6903087565199844,0.04286347076351103,1.0638915145764087,0.2153653210788645
28263,0.02647535916273084,-1.5480236243923864,0.4638513045211492,-0.9167287807680808
32423,0.8167745176799819,-0.4175775267681162,-1.559561505604683,-0.8631753729895868
9103,0.8451910306056537,0.19181191283496157,-0.361363195877907,0.3805862119853044
303,-0.19141311128796648,1.2928307273565858,0.18243605461144552,0.24801664704094925
8623,0.9187569582613632,0.690228486385832,0.17491272220126838,-1.2378183127042708
17303,-0.03953703303803767,0.5266252018351114,-0.9755425757443303,0.17751323234465727
16943,-1.2515631235606681,-0.7006524231257795,0.015801539815959737,0.1450258729772819
7663,1.8301266388470552,0.7619264689623292,0.35135185133824587,2.1660866840675426
25263,0.5057970939730422,0.4899908075669701,0.7527706319415552,-0.28336679512414087
15263,-1.7875756772227445,-1.220573099311423,0.18976931290120316,1.069958487097585
13223,-0.2025806765396859,1.5427518376328877,-0.17697023421822292,-0.5609478359058138
9783,-0.166505611336348,0.02486039848718048,1.3561959736140556,1.1860696824783215
22343,-1.6232767043200103,0.9713723548597657,-0.35243629804429527,0.37256547654762096
18103,-0.4996187725061715,0.6610291151416857,-0.8481291141228536,1.4611624811627448
22263,-1.7840354942041146,-0.8024172866669288,0.5271637687686626,-0.4683494808324247
9143,-0.08926767172254027,1.4817683163822857,-1.3210944193865062,-0.8584482043713474
20983,-0.6418016959595744,0.15364600152531221,1.2522902384703272,-2.0353246004564283
2623,-0.5812000435726012,-0.3746914585695454,1.7600201777986066,-0.3936970480642691
21663,-0.4034976643977487,1.0687954238874322,0.20694837006674474,1.1403416254346697
27583,0.4467899201909285,0.6576584207728259,-0.3293112072794604,-1.0274429169289843
19263,-0.29300893359267055,1.3173574348533827,-1.3522722715429243,-0.4220611377105477
23423,0.20118304109493268,-0.8085275113332098,-0.998570896336005,1.7000570581770102
5063,-1.4780905124862325,-2.034107754936731,0.9774236516528805,0.502203333386818
20383,0.03218900167025246,2.133784662602098,0.3018543909880903,0.08822549452385488
26103,0.881029770090705,-0.49525245983420124,0.5857268190177967,0.3114410780566082
3783,0.4153237547855101,0.16311069075640086,0.9700476867882644,-0.5635764656955189
3023,-0.278649978052363,1.8665719422035454,-0.66625721680878,0.2206046004061471
10863,-1.0969579095041828,1.9164247208559289,1.2509311856353105,-0.306169859533301
16263,0.20973391473967512,-1.2987197911335024,-1.5010528708581712,-0.7870254005179338
983,1.0757078602722423,1.3118173731125529,-0.48625828808071786,-0.14548035532102294
24583,-0.8966072195572581,0.4098536525564526,0.8937291083170527,-0.7630207007021959
25423,0.603428141432018,-0.3835865065741771,1.8025768730966154,-0.2284749375863843
32903,-0.14403989263960226,-2.8123969069875425,0.7092865639162171,0.5532644644287521
29663,-0.5162639548257679,-0.059430283850020166,0.9274712812991277,1.0876839611932354
783,0.030795860709300373,0.15541447742531317,-0.11820625880698897,-0.39653270306574134
17383,-0.6234676512702276,0.5773867357082713,-0.012118712022790695,0.711392643023885
21583,0.4460539976098892,2.0674338940125394,0.5327112964407994,0.9704436258737074
4263,-0.44561683285821063,-0.7597377818547839,-0.041817766496862176,-2.316259956614482
25743,-0.6656082950982344,-2.769432232493796,0.3554594399793402,-1.0537909385012365
19183,0.19957276729599158,0.13976624722527467,-0.041487726740631566,1.3352211319905039
25583,-0.014572855690524678,-0.6787386639677069,-0.18001312694100374,0.5944798743641052
1943,1.3031124165893457,-0.4807117799912209,1.5514168493796956,0.07336762674370088
13303,0.3624177003698328,0.3025791793454603,0.1569133887768328,-1.0560966606918156
14423,-3.3973706590077293,1.1169051707120796,0.3536680758028959,-0.21334877696564683
3583,1.0304872198230741,1.0976262627662967,-0.30112569280340534,-0.9717942867866487
18583,0.8493424998342333,-0.1310075249709139,1.1981978952119845,-0.23937160187707826
31743,-0.09381770947666611,-0.7868784167272109,0.5682945687217158,0.4390519770046426
31063,0.7002423729907835,0.7680235612303431,-1.8034424471272728,0.525340125290665
19463,-2.8355205491181996,0.3263181274860208,0.11276575084035764,0.23134267611892936
7263,0.6510922871872165,0.4972053298181546,-0.3929932550589548,1.3345696875318185
18263,-1.0692770763215467,-0.08890326738377076,0.7151272816089627,-0.3065398316273174
11423,-0.8104020714320734,-0.7836085382882106,-0.7058969874003429,1.6077253218814374
15583,-1.9636381095215218,-0.36413441050200773,0.35345826840156436,0.5277853764327429
27663,1.5103678268147158,-0.604259466536175,0.1828198822195952,-0.7282731059738186
19743,1.2574866922785473,-1.5667725893882216,-0.36069641405736014,-0.21503446981245847
32223,-0.11396036400971556,-0.11070268196756483,0.9464605272208126,0.4097374747698969
15383,-0.7483016459424592,-0.8635178016059964,0.18256631924576325,0.8937452337941294
103,-0.0619194919981017,-1.1167922135662616,0.14528112710885527,0.7985837494139109
3103,-1.2247930902205677,2.3152730195538753,1.1000340471073908,-1.5124780208484938
20903,0.0642069053697048,0.9387316775386085,-0.13866058633678377,1.10213727839518
21543,-0.4359132793562529,0.332227507432111,-0.060174774474196356,0.3885830606608159
32263,1.4356037580993444,-0.8015666646376308,0.07688259046477769,-1.0152559999752495
19503,-0.15821434153015473,0.19398378573195107,0.030300552014291667,-1.705118691006142
5423,0.1494170525236683,2.602599019087774,-0.6371042414550299,0.15650538851381643
9583,-0.5785956701454581,1.7979446567867154,1.3331029286256,-0.20414919386548946
13743,1.540295981967514,1.464257909148199,-0.20372924482338584,-0.7734138902677107
7223,-2.1286397850574463,2.205147535877535,-0.9544373156962619,0.8284016362834887
22063,-0.7431692433965902,-0.6910667290802028,0.6101886916975168,-0.20282944152076998
863,-0.7909855034869239,0.33613370162583056,-0.6196929372158199,0.3186049991252836
30383,-0.3289262466999075,-0.40111526693544314,0.07269948590096188,-0.8038736653650683
25663,0.7289358396317545,-0.4386001682207922,0.8503446909721206,-0.1123654994572285
2423,-1.8777838082382967,2.312700097525925,1.1077429640958008,-0.7213779492590523
3143,-0.7537980224830123,0.31314010700295597,-0.5248991993299776,0.6926258720692041
30903,0.5613225487947509,-0.14209485880326997,-0.7532382921338904,-0.0048078313294110855
23223,0.6500588981498301,0.28857776846292504,0.509917861783191,0.8463113739775447
11343,1.1475752081761703,0.451230181210858,-0.9982223531349909,1.876689229702039
31543,-0.3523616117195346,-2.1138753153775354,-1.1034316469759353,-0.41761708720159557
29783,1.583301872743136,1.2070018495234687,-0.24014188814895565,-0.12993529484415195
4623,-0.20347323796370748,0.32298618553414593,0.6975915552823077,0.257356029139799
16063,-1.3567617868016126,-0.036053570413373114,-1.037402882818578,-0.6961027748876525
17503,0.922072219421531,-0.7816741776010614,-0.10544498007277563,-0.7643582335336007
24383,0.5862506673297458,0.07369438801407245,0.48313802050019433,0.7741956087694002
32703,-2.2101180478123963,0.9616893343369942,0.9882628857711241,-1.548885874409825
5223,-0.31608848147187507,-0.26472822600007073,0.21977822972317324,0.29731638452820974
3943,0.7200778197133806,1.1604748164683916,1.8995786170952769,0.6673161508682156
4743,0.8730786479799113,1.2600442064618282,1.4900623409692162,-0.21413226989599402
10223,0.6903230845041813,0.2427060116215513,-0.21489823517094847,0.4204237236486109
23663,1.4773848074696196,0.017123401304248994,-1.0347421118446853,0.07444034391843121
13063,0.47573632266447335,-0.13021954224750473,0.3661877426362545,0.7301330855946113
21383,-0.8773354466791069,0.4232626408285509,0.356131187718323,0.5895487307675217
25543,-0.5068367060965028,-1.3035422756189343,0.754687948936124,2.127767011194208
11383,-0.5879797064818841,-1.9081379717650784,0.6222552050900254,0.44648499813904363
3263,1.2241310496096596,0.39199300345775073,-1.1360262902763132,-1.1726591515009617
14383,0.04009492164256886,-0.1786195796820175,-1.2476297316509455,0.25704707592379
29823,-1.1621028807593548,1.3811055346591303,-0.04071616364518274,1.330974787634507
4863,0.6816338042753546,-0.3262478421459123,0.631883081804385,-1.4549905652727377
10063,1.0716236467858236,-0.009930342692365783,1.280635211003437,1.6259720416113441
14223,1.3997817177884746,0.26798414805167636,-2.3126856737767567,0.5064472911827739
18383,0.7228451238764931,0.7828270683942318,-0.8625846907293478,0.8651610557795358
7303,-0.7693624339945538,-0.16646207935013618,0.31287652589407755,-0.19503343659603256
18543,0.6158354119576606,-0.9997307061828385,0.3082265847608581,0.11105944430529877
17943,-0.05243792165778252,-0.3793521981850694,-1.0675051536003202,-0.4238596422326564
30863,1.525680626642814,-1.0712057778709174,0.3084118842630165,-1.9767490764363727
15503,-0.7617567850012563,0.3247195883002709,-0.33421909253908216,0.6754143749146059
11223,1.0212287013307781,-0.3423953838412597,0.8580403340117834,1.2128448776572198
13463,-0.49735156680764814,0.2834951866593281,0.7971036559112561,0.6458788000930339
32623,-0.5548426108647857,-0.5325823869614957,-1.235847943846522,0.7238746512174116
27863,0.6044863127092335,0.8081626885482885,-1.2020797620427845,1.253641165357229
31903,-0.2530695740728229,-1.5919071846622503,-0.29420765576945684,-0.15081505541578588
26863,-0.658517110053012,-0.6784507573837778,0.35316405656948086,0.5702041019570706
19623,-0.11785267897949739,0.03969886315945165,0.15260462039522657,0.541876383394214
26823,-0.5589035674799459,2.975671506729761,1.0273284879255737,0.7719025838339658
20703,-1.5879640971282734,-0.07762917299132671,0.596391998131801,0.7685460329743606
7343,1.064790547946376,0.05858522973464633,0.3766103808941553,1.9060268702915033
25783,-0.6938429089463871,0.7510091889194156,-1.261771845649467,1.4315336012338702
21503,0.2604489518495109,1.2418556643511338,-0.008695049442772638,0.034626054425437335
1063,-0.14699317245060206,1.7619178928032775,-2.1950546283972714,0.525674648589437
31263,1.9795469966416706,-1.6141658139777066,0.18395278405780258,0.12764137700425884
9383,1.1501884685190988,0.062008489417176495,-0.9264476952474734,1.2749923234790563
23743,0.6615342480918331,0.1905607516692203,-1.0802625947974362,-0.770956488534492
1223,1.1216301115757707,0.8057789215760003,-1.102437195811526,-0.5441433696223331
25463,-1.2816109854646187,-1.2278543322620568,-0.11295168804875898,1.5438612667572191
2223,-1.14802121811945,-0.7426035271543879,-0.26586433651457375,-0.845613302507482
19663,1.6177109749526872,-1.0968841173652408,-0.772459090876593,-0.6251783377086276
17623,-0.3034018795509716,0.4221371694221328,1.5207884486297074,-0.09341198231505941
27183,0.08548095623401139,-0.49302015327170506,-0.0056918447953268865,0.7277391687052668
29903,0.6265869067197103,0.2038541175322231,1.192200378064841,1.4405625317820838
25823,0.1931149373921701,0.42065187587304076,-1.5265975203632676,-0.4916802560523566
3383,0.7977013178988902,1.0230073585620094,0.6990369446193117,-1.2925903832136103
7543,-0.2409760698236662,-1.1791470307268404,0.7931079002796447,0.15088081416802737
23783,2.1294132665339998,0.35662913380202665,1.3505656559078463,-0.2414009820292286
20023,-0.8137212674541074,-0.08139577326832367,0.4767524085260191,-1.0951711622383233
24103,-0.5290567757954678,0.6849218942174677,1.0372631230724043,-0.593641410667217
1263,0.2208421669704883,1.455142863876895,0.3291785726980795,-1.100080495048556
31983,0.17232784418631072,0.09884115620948612,0.6163506233831865,-2.008710418113796
383,0.5047361776464718,-0.7991048234953703,-1.8043121566611573,0.34118186324490213
4543,-0.19588460166369803,0.8562862398358072,-0.5986724755209063,-0.9250420927692543
19703,-0.26209494290884955,0.10586139149713605,0.14238459338574458,0.4908781787888
8063,-1.3236849013258354,1.4805127960918854,0.3948805409699834,1.387022640542643
21183,0.5561791134406232,-1.0110872170736156,-0.36936236879107015,2.514234761837599
17663,2.2155474836552984,-0.7635872110303913,0.26968625330254226,-0.9893401967593596
29503,0.48260555406580435,-0.6233130408808866,0.9989436944697804,-0.26309271282348856
15623,0.10011869258679112,0.030809691376131966,-0.43427775328910945,2.1568464336050983
1543,-0.7459887210750801,-2.00627547881647,1.1498043187068645,0.21967616241482324
2263,1.0783380131846076,-0.7527556008631315,1.8258758369555887,-0.07757986208624913
14023,0.0613544779325427,-0.36373855933562177,0.016417372997639818,0.3177773955751123
13583,-0.00394928656366869,-0.632868899207427,0.2959416816492419,-1.6069823886133776
18183,-0.4228581396355355,0.19852778146882524,-0.7837653797352402,1.3794350823356487
30663,0.7892951693631206,1.3210825872928091,0.3018662966102578,-0.48692477084061087
32023,0.2563938676760015,0.880561940621117,-0.5609465595875918,-0.8881841871148954
11823,-0.9408104580915468,-0.07738997536730245,0.5220792663931146,0.1557539256106881
6863,-1.039010785799281,0.180434664268098,-1.400562513151199,0.9700666755140015
9503,-0.4767861078034965,0.42487011957960336,-0.053575516946031444,-0.31014398253615943
15183,-0.5862565455237608,-0.7488258334434913,0.9962765733128757,0.7115545329870833
19343,-0.5297109260081254,-0.5430255492930852,1.00232355694634,0.255945793001406
17703,1.6934642718515156,-1.1215970084536768,0.6246262664229374,-0.8146207598163596
26503,-0.5779684413996522,0.27354734334591235,-1.2658622804970845,1.1369244188480638
25903,0.7965604041821274,-1.6980953190970183,0.2500776335135567,-0.9813244473330259
3863,-1.1162923486292156,-0.05804830344260332,0.5918430677383495,-0.04611726622555092
12183,0.4842761307819636,0.22722341532519008,-1.2472568433942777,0.17144938974985136
16343,-1.122676908312843,-0.7082114886812058,1.3391792077266567,-0.8013806371965747
23863,-0.11008553885996986,-0.1304962188693718,-0.00802940013490706,-0.08059994314160501
20503,-1.6955778400297297,0.43443838021049647,0.2766127549225218,-1.017735226774706
10463,1.3177010536383766,-0.5817424251248225,0.7496517988603325,0.09380576737552851
28823,0.347148692451328,0.761355926445114,1.1626524959809188,-1.30632896535138
32063,1.5704467386804286,0.8440164394923215,-0.2981277910058336,2.5044081397826523
5023,-0.306157179577117,1.3979347177709986,-1.5607923298113076,2.2637599834213806
9183,0.28951756264185147,0.12323207075123326,-0.9257981008416938,1.3136310757977214
19783,-0.4522974618157392,0.31725096750673715,1.3869774084303816,-1.9206548131302021
14903,1.8624919425050284,-0.2327470309580721,-0.07372684311929009,1.2580050856466833
17743,0.2879387616653957,-0.5096835988095193,0.850264280341838,0.9918837388102882
15703,-1.1287162624327887,-0.577199691673605,-1.5838445884909802,0.2030633720179094
6183,0.7164314286472301,0.5107286839474444,-0.03800254401884936,-0.810370283377597
10343,0.28989449447590654,1.547439682732258,-0.6274135743257069,-0.23013050950037803
14503,-0.24439733529100566,-1.0838947406741526,1.1399001805841305,-0.14578273799744168
23903,1.4987162065233999,1.8000188002429838,-0.9482658317338125,0.9059905588961712
26983,0.3271206385756879,0.6301994082556912,-0.12187578662300334,1.3585281765433528
32103,1.3037878639916436,0.13566798047930614,0.17201686207143513,0.39682289582133956
8423,-0.6920477973476595,0.7444792909954338,-1.0005096286863393,1.013310436713873
10743,-0.8916075055019453,-0.5554192962198204,1.3801460498410905,-0.04272202438541434
30063,-0.17115195873112507,0.01215745589465043,-0.011506406731603516,0.8827819067286787
29183,-0.8721769133567956,0.33795436532114903,0.38529761685745595,0.8322671072720194
15663,1.0788931931306271,0.1363619263376756,0.894346495356794,0.5404572494499348
19823,-1.0106646285370733,-0.23910526508201016,0.8754080549284561,-1.6751257366234278
28023,-1.0127969280941973,-0.20895545480106023,1.9988824422339433,-0.006158727633417998
32303,-0.97039200264021,-1.6749137674889216,-0.6790384342125158,1.5930835173873203
17983,-0.9946118737246806,0.7931043127661891,1.9646841821104226,-2.5776806818855333
183,-0.8879186985130648,1.3304962279279267,-1.4178877077247787,1.7607247805057011
25983,0.14354985528873423,0.09561453266882002,-0.3935105722617497,0.6996010548239585
16823,2.1033716479015565,0.0023086312508031766,-1.5739533076428858,-1.1425500342388282
3463,-0.11738258420193738,-0.40228425585838784,0.7852915641583302,-1.001255707843829
25143,-0.9149618510860615,0.8372939135366768,0.001978445917405272,0.048068734931506804
7063,-0.10490605864801211,-1.5068240206914714,-0.10534620462578788,-0.145741431291515
32143,-0.4644376415568634,-0.28245735959322193,0.3789491663283988,-0.32204813186612763
32743,-0.9641815967683561,-0.2980303444210726,-1.0141577701142148,0.5657477492713813
20463,-1.2060715285660177,0.5948895952799521,0.6767208103695405,-0.16153052619950717
9663,0.6858920577672841,0.3430000105108676,1.0121162956772265,0.932837477667574
30103,1.769100890727702,1.317203502219768,0.08047464246235464,1.1832411943314258
6383,-0.3641335202488558,-0.31947140574390953,-1.6701075951645001,0.5358533910470391
26303,0.574448401559823,-0.6123856735543769,-0.057565554999061935,1.6717666140421337
17823,2.1018520461637498,-0.0808504460203744,0.22441055278647898,0.4988643689082276
8943,1.5651823008517172,-1.1076790923395132,-0.3661326168484075,-0.11353544016606049
27383,0.10384544588410866,1.2085551182036691,0.20429646137940524,-0.9323580009995132
26023,1.4335986288375717,2.0424759807419477,-1.0545459002936768,0.6644923358372342
3183,-0.41766791762362565,1.6623031869880402,0.9212971298931705,-0.8594561925712325
10823,-1.8227156519297938,-1.40947842921294,0.43170305797212916,0.7476722388363393
583,0.06028907657618933,-0.5356361348079988,-0.06529912040919703,0.20850988872295773
14983,-0.026921737544017884,-0.26046858101099096,0.5067632687080366,0.20444389500252005
19143,-0.29476632734687813,0.23419226267339419,0.27323481482516365,-0.1951673862703166
23983,1.0152914920847322,1.638567678343282,-0.5217099439106826,-0.11300938218264908
27463,-0.22876161625268696,0.644144425478587,-0.5830380103607281,-1.2598769319371406
31623,-0.28111041067359377,0.39255586711440915,-1.5771910314250008,-0.21219252593242635
1463,0.06395585207554684,0.7941218532507446,-0.8823145439222101,1.6590481536373107
3663,0.7475488607163279,-0.8177216379721562,-0.5197181906417379,-1.22975976394825
10143,-0.3541306961924629,0.4515785363149959,-1.4703003239078234,0.5911466846037919
11983,-0.9030281607311526,-0.49758204156410557,0.5713317015914193,-0.637078106118119
19903,0.9592684856270434,-0.5901625629138384,-0.9350608825575087,0.39749031746012886
16143,-0.9598248292718919,-1.3377451343893036,0.05120252068806257,0.12603944081142174
20303,-0.13214260984543796,-1.686231240062872,2.4101217945516056,-0.950060202778475
28103,1.8461716688369179,1.1054496677910348,1.0132850556348998,-0.11116860856086935
29943,0.43906030977590443,-1.2293201083185175,0.9947361635696983,0.06610375985756059
5583,-0.15329684271092078,-1.2440629426298244,-0.2127026128951957,-0.36639335728945577
13143,-0.08656936134166889,-1.5989298431954428,0.9371647546876876,0.7219084764211823
11903,0.43381658325001615,-0.20152503287691015,0.3203098521512739,-0.7962673622470934
21463,0.4131243745340883,-1.8813758795712316,1.1516362745645758,1.4974156750089607
24023,-0.7173774627446766,-0.12102178168055065,-1.8532644447050748,0.8052012867716689
7143,-1.789488245738523,-0.869507216189228,0.4292651943336937,0.9817559718064792
19023,-0.47060787999569154,0.748424253798232,-1.6851894360813162,0.4627144885924005
21983,0.40030533602835117,-0.6904567205234906,-1.1140853644014788,-0.8984352725398723
9703,1.52121088403125,1.1054556537550373,0.35631495267035057,-0.03424884703773211
18463,-2.3611941461918793,-0.952171797926834,-0.08428301778670982,-0.46740072113330033
23463,1.790038820316527,-0.8214284094199545,2.191917800854355,-0.882741452292627
26783,0.6096467860769724,-2.1147128806262927,-0.5111000160243819,1.2963402491608553
1783,-0.5995591038189491,0.37075946109763025,-0.16629990302773914,0.5851335745696007
30943,-0.22119858999680395,0.2892801089309084,2.4468179048429217,0.47437442417311304
17903,-1.0247859778014086,-0.2837490970117339,0.08374206296030716,0.5840133224260535
2983,1.7799876038387925,0.7112863600387807,1.2269831459113343,-0.3091354407790604
15863,0.49544099801132585,0.25112519312762116,0.43538490951690245,-0.40356093030016094
11303,1.2173049290077194,-0.08388381820140585,1.3838132681757143,-1.681784278753774
7423,-0.24597651155833142,-0.7121043524022431,1.0165021237605016,-1.121112775924422
13823,0.24295335701962553,0.6117356718380503,-0.02217090573486207,-1.0582852063553907
27943,-0.4843397812354096,-1.170063919151672,0.022109726058749207,-1.6057755362530186
11783,-0.025984451226134582,0.36956708686027645,-0.6649108754692861,-0.8745447948882036
22103,-0.20259109817797363,-0.4184035324993216,0.15909635013970838,0.1753636146260098
12463,1.7078729440710287,1.2126560890235918,-0.8274954211923886,-0.35195922611443436
9743,-0.42777250390084975,0.905742209761384,0.2685234030276237,0.09161176726873552
7703,-0.7274485761655801,0.5569454543240075,-0.621866425414838,1.8099522105550485
26543,-0.8805628044640157,-2.0391882204218277,-0.2732674531663883,-0.48518369972311925
5663,-0.2673334613496352,0.32044898368751945,-1.2010153507479873,0.44496820003908527
17783,0.694472381273226,0.6547787196597561,-1.5919230065333785,-0.18836171797739015
3623,2.0322111325944805,1.439836637603931,-0.25610820967037834,0.2539604628675957
30983,-1.8686016957042364,1.9062332564393358,-0.8850340734380283,0.06430617120935038
1583,-0.8709392532820847,-0.19064504372774496,0.4330998602550762,0.7102743420629352
6463,0.06467935371396309,-0.5320987319116103,-1.5097052220097933,0.7564380100526205
10623,0.7124551769914844,0.23617407410684318,-0.13189090430742312,-0.6800411161819644
30263,-0.8907058415991035,0.07244256986322248,-0.871559759933794,-0.031444549521332944
23103,-1.4382606703400633,-0.615847305637073,1.5128834034105672,-0.5450129366240928
14943,0.06873874801954309,-1.3219484917506215,-2.140605646804509,-1.01151063057585
31423,-1.1641495645111182,1.2232779015728565,0.1708504282817117,0.6874244185278656
7743,2.1949749080502157,0.2832066159788137,-0.5527765331439405,-1.2202491114097422
8303,0.8164087043457691,-1.3747213484087968,-1.4847293706532405,-1.5333187286337224
26743,-0.13354593032184642,1.056979329158102,0.65902716670488,-0.7099452894345674
5703,0.2518221699139159,1.5126595610752929,0.058155013382010984,0.8544419918108016
15943,0.48588874006783184,-0.6736082306274278,0.02349393219645732,0.7440338156163324
4023,0.5586506513360657,-0.5643425065719886,1.4121732379678609,-0.44733502083230603
13903,-0.08323715235460193,0.42391878625333507,0.49794823375606073,-1.5380516041158363
28423,1.0022170674835322,-0.5606333968495594,0.12984512564592027,-0.5119503572147036
32583,0.7661839406070493,-1.3536557971772534,1.0031133630723252,-0.5249305957550988
463,0.3954394542815851,1.3867648768966807,-2.39730700316379,0.20536338444867283
1623,-0.23783926817085413,0.15598506449357916,0.20018001610445657,0.09802506167462482
28943,-0.22878023621662216,-0.5466794791415891,0.5778376411992999,-0.015236115051121553
12943,-0.8468378060761023,1.4398487490321958,-0.6085384320232804,-0.24010061952582118
17103,-0.2664801594990777,-0.8381553638007045,-0.06388508839826702,1.0339051441678577
20063,-0.22989792337776574,0.6578411256712777,0.5432774180096585,2.2486799815865783
29583,0.26809437084309434,1.4344091757813504,-2.1668556294396097,0.6182056432733155
7783,-0.9253288756664002,-0.45247993576046885,0.9364010963893866,-1.5916337060367036
18023,0.4844591217049633,-0.8280917238762567,-1.307118391778086,0.9417900784654228
5783,1.2915093415141796,0.9971531143197829,0.2974905362072939,1.3271038687746954
9943,-0.09294391430153127,0.7418781460445492,-0.7327919864569616,0.6250862877612992
26223,-0.513556106019628,-0.046427948640998244,0.7290747315758104,1.6361872438627285
14103,0.9598739035639863,0.3687766131084934,-0.9199974503726864,0.6981908632670176
26583,-0.0007296879337033112,-1.1272299983500407,0.5018624826386637,0.5453183241327035
24183,0.7171107185638684,-0.833555309032327,-0.270244351332026,0.11032492130343578
17343,1.3426718394953838,1.2040903056623224,-0.5776017603146734,-0.4283942693583519
2783,1.2912358179579027,-0.18765532791952325,0.22091129425596048,0.975753733466704
22143,1.1093799268395568,0.6675942569835498,-0.7123786802145502,2.025957469550834
6943,0.21937825624546167,0.6818867564074097,-1.1406159776307405,-0.5133932834618022
11103,-0.2935145942155706,-0.4542180641689594,-0.55112694053762,0.3332653651386657
19423,-0.2533713032680637,1.036693625393733,-1.6726461538088118,-2.092996248138748
20103,0.106355385606064,1.1396944631004842,1.6867460530284348,0.023484283643379043
1143,-1.776318995106405,-0.2922947729397101,-1.3965578997226515,-0.08390216874287948
27743,-0.5154717282614586,-1.654553661681933,-0.6142023303921941,1.4705289883830122
1303,0.09491823987131218,0.3346900641012853,0.8161476840221943,0.8680449819864359
18063,-0.7222823743016425,0.9716891947071196,-0.023889974377062997,1.2546126896627816
16023,-1.4109993537754069,1.9320125503994707,0.8738554208573389,0.6259218831677708
623,-0.1946404144502723,1.0001950113608913,-1.086058996639932,0.9187072389706378
24743,1.6555000191024394,-1.1179858539419412,-0.13532057098612058,0.730100621342234
24223,-0.31272106598439364,0.8414289912394657,0.9590826849658065,0.579981542827505
9463,-1.2008817414268569,0.4680796425032863,-0.18828599485420622,-0.14983226954815396
27903,-0.2869230868513145,0.6832898122636107,0.3313946086448805,0.47595868985199874
20423,-0.04829851212730644,0.5905425343002827,-0.33912612840802564,0.28182395596547594
17583,0.9395402178825494,-1.7785988794607632,-0.9810330366116538,-0.18734246573483881
20143,0.08431674031734458,0.9043764977161382,0.020202995965654544,0.5825965545589737
7863,-0.7826723140158063,-0.5491682802398279,-0.274856901107003,-0.3128060769933256
2103,1.2614443552033445,-0.5731647630375136,0.5131569910235774,-1.1167928128162226
29983,0.8073428877831839,0.4247370302775767,-1.2803231994011253,0.08680694508041237
5823,-0.17830798864000086,-1.0401105054443667,0.18250442796702476,0.5507716596159303
18743,-0.2999470781144235,-0.2536481031477135,-1.2390004146960665,1.0130048122525188
22903,-0.1335309645893272,2.327782189352449,-1.3760711467834053,2.594022744301721
27063,-2.1347624905501545,-0.18392884143324362,1.387207746337836,0.2536873858642638
24263,1.344448642698267,1.058953276177999,-0.36745384316567026,-1.4090242276527483
8823,0.4248948765663437,-0.6149223140383195,-1.3944652864348122,-1.902840138319113
32463,-0.16331064640834622,-0.3322923919102516,0.27384001670074165,0.1914193762109349
11583,-1.1162555887970116,1.2231177079083597,-1.4068245239056008,0.3387486072571763
30423,0.3795552023762112,-0.056039680892001766,-0.9832151682235609,0.5944806531596919
28223,1.2497734722657907,1.455923566259147,0.05258309515577461,0.29312739876077853
23503,0.4494355085824599,0.2864276599706477,-0.4392805433274833,-1.6989011803182053
18143,-0.14268642429060538,-0.19255462453048985,-0.3983010682984843,0.7914509790790476
263,-0.27271033449059456,-1.1847739228637937,0.68505948162496,0.4938135847712768
12743,1.6820878271100055,-1.7030760537587972,-0.41541138973145625,-0.15825319234753954
16103,0.9215601658374584,-1.0891559092555434,-1.2350755859840647,-0.919703418184577
16903,0.5398420566146381,-0.05713662454581029,-0.5271239039258063,-0.4491532652647271
21063,1.7624072807361675,-1.421038328751001,0.20272822412304659,-0.628724594672532
2343,-1.072356343898905,0.3782286619056946,2.405145688561538,1.11917522241533
14063,2.613053572612044,0.3009628962810693,1.4678121058039635,1.1389991568444542
1423,0.3656120233988553,0.22306542123750608,-0.36049218818332296,-0.18803590740794943
12023,0.00017272751505633077,0.08965542541934109,1.7250943816446278,1.3572888362400186
27263,0.008335194175039036,-0.9219638805731912,-0.24391083452025702,0.3594335821713143
20223,-0.3144058089881281,0.5786931961817545,0.7133134950481783,-2.297940845503467
7943,2.3454846807643004,-0.6703618974070736,-0.9186820543583339,-0.41238077531728995
31703,0.016895080392899633,-0.046409829233770884,1.8073631719240475,-0.1929689702779764
15063,1.907193131290734,1.3333979037470076,0.2163243949011063,-0.07523077767336019
26383,1.1676141839504341,-1.2441265391223508,0.2209789259736144,0.31498643192299625
5863,0.19847254514369825,0.8875153230794248,0.8545581241094419,1.376415603701725
23383,0.16332278013101517,-0.5508103064113258,-0.16603479056501663,0.5689661521885389
24303,-0.8397269662324836,-0.15176073772662402,1.6642786875969453,0.4285680998869934
27543,-0.33375532959554066,-1.1595396536067046,-0.41700913089498454,-0.9430381971642227
24343,-0.7652636086565942,-0.4587417008248215,0.08981263409541823,-1.4568227655381962
10543,0.019316513811229792,-0.7418985937798673,1.2235208443804637,0.6048418524871491
3743,0.18265064151737964,0.05810875025080411,1.4618507194409436,2.2588931083085964
1823,-0.003100403325365822,0.841840078074843,0.11448533897198887,0.4051160158347447
503,-0.6805492655266352,1.1211294065648345,0.2062633771266367,1.4328902318105738
18943,0.7395069006725521,-0.005262173727935752,-0.6344766036949907,0.9787444059033735
10023,-1.2423662886826894,-0.5414664937374761,-0.906704598461926,-0.48251833811003264
28703,0.0031277985932304116,1.2750186763380884,0.1139613867206653,-0.47290368200465627
32863,1.3569080022571534,-0.01749936925474469,0.3481065753076215,0.8474239362000303
9863,-0.7029610259971208,-0.45984123946823896,-1.15965425379471,0.952400281698538
7983,1.0432632729112246,0.2379251148359241,-1.142630920452297,0.5253989684724684
4903,-0.8679622859687252,-0.6461890542343941,-0.715588342066466,-1.344518392735976
5943,0.08816830281139772,0.3345269089082491,0.5544569886705399,-0.09783727276191648
14303,1.2607319578714724,0.4448057335300722,0.01196222300690045,-0.20943522819951146
29863,0.7534522680643658,0.20027761746964942,1.9328286654991829,0.7482546026978043
14143,-1.3009897968801403,0.4799743843767478,-0.805152629621328,0.548888875160305
4063,0.3255957887456126,0.3113272270366591,1.3340225504088297,0.8184980535320558
1903,1.2371667589953494,-1.4850462033325091,-1.7371360257913488,-0.6587714261992654
12103,-0.18405785933388408,-1.5631419693316093,-1.5408465957030024,-0.22357484945293973
8183,-1.3481326028022866,-1.2017874660144416,-0.3690514234858662,-0.1215388478797023
22503,-1.176591639943349,-0.17761506535335733,0.48434303080327107,0.13549716685665983
28983,0.3983362978096486,-0.6915068245134552,-0.3507808503945656,-0.6530933502826182
22703,-0.5635570643483642,1.299298686846942,1.2215948643392271,1.0264673136560856
30543,-0.6351677108005805,-0.4586885247666738,-0.6067185579848835,-0.40563645887126837
31023,0.9056314750364581,-1.3348975364361813,0.28174977141356927,0.7954696417589402
8023,-0.4073548680863846,-1.8050034757825975,0.5327812151320933,0.6783233139353825
7823,-0.8256234436805323,-0.40597436986337787,0.7444468755928674,-0.37537382767089994
15543,-0.8696516239167307,0.3323300586964206,-0.9158979509488899,-1.0090452871426159
5983,0.7672410075130357,1.530287358491173,0.4901868605324471,0.5404126965511945
32183,-0.6346258703579727,-0.49327122682997854,2.430377932725448,0.2579550454392742
30823,-0.5430951665305471,-1.308407133812868,0.8156982521691319,0.7871968986792222
24423,-0.3609524923453628,-0.4549449445654326,-0.5257706798214485,0.038897170106905195
63,0.7337176230728787,1.3489555744325725,0.19295841801430413,-0.7776183454850182
4223,-0.3082425116698326,-0.4481206480889061,0.968381591688834,1.1255930133979075
8383,-1.745441037419964,0.49729928709299687,-0.9955260199257429,-0.3036718505182155
12543,-0.0293428240304272,1.0068761823549426,-1.0465492869918942,-0.2807359831245315
16703,-0.19971720494716427,1.1073147388529319,-1.3457052021813338,-2.590223119455597
20863,-1.4829529295294566,-0.6452497623087655,0.6796766034480258,-0.24391725648096327
30583,-0.1611165231153781,-0.08531926968415891,-1.577916339853146,-0.8550874170703732
21823,-0.37798441771752883,0.7597759956679964,-1.692462372268973,-0.23476680774724135
28543,1.5730601951801215,0.35462209723537874,-0.7548795408702911,-0.30898874268105636
5383,0.8799139226567735,-0.04085753404175596,-0.5938640405538186,-0.2711303247088178
9543,-0.4615327480437379,0.9037710738052082,-0.4235739901699512,-0.8376152282458493
17863,-0.38377274277486545,-0.7680498771097313,-0.4617684885715428,0.8508509883235352
6023,-1.2793524634137539,1.9034999762188136,0.20996239699990255,-0.001732642031911799
22023,1.0137876749309247,2.0165603308163056,0.3774236455905838,-0.7781559095696474
1663,-0.10493892134935888,0.6216383240676994,2.491489771855463,-2.4586891266639235
26183,-0.8467963723896647,0.6226950513654324,0.7831126584104647,-0.507912993038851
21143,0.3863452394358705,1.3323735912759302,0.819229153221736,0.1483701637829673
30343,1.4838645934106816,-0.4342111621529715,-0.058361162198926536,0.07843868975646398
24463,-0.5189700424084221,-0.671078546403063,1.2810767079452723,0.6555522856144292
2383,1.038835266534687,-0.8480325377345379,-1.3591443178006704,0.03170466991462685
6543,0.19667154617520635,-0.7739289792591847,0.6653667492576426,-0.4358141343196677
22423,0.40204663437572746,1.3367843508598984,0.37960626449508456,0.7074227822970318
15343,-2.041258212289868,-0.23839124972899634,-0.0955522381058952,-0.3124665849914354
23183,-1.3734821576972922,-1.322301328283328,-2.377212932400195,-1.3003476724429102
30623,0.1530525871456975,0.21558840142594854,0.21762549928645253,-0.9764199734118818
31503,-0.7909821247940272,0.4477896862179172,0.8983337874750105,1.0313070827926905
3543,-0.06632000364999899,-0.6197322208603008,1.5486233059967223,-0.957150489181474
8103,-1.6723655525110135,-0.33391569881304684,0.3634225941269566,0.9448021509098485
11863,-0.33683392621782254,0.08557559680028473,-0.48456083488521207,-0.7924338277095941
14663,0.8741112028108705,0.3899638771157736,0.638741237279036,-1.0040004006071281
6063,1.7852507715367378,-0.684724959809211,0.3005844156818885,-0.41431982846818194
28503,-2.396739215755008,-0.9235362927788491,0.032560596360781256,-0.6086518072328064
32663,0.6420936130028851,-0.14863596716912433,-0.4038965059229116,0.30330712543653826
14263,0.8921896596837806,0.03630304836693092,-2.2191526107620003,-1.726325977834785
543,-0.7855868656102454,0.4859031209793765,-0.8222840356304526,0.806768512630079
4703,-2.0898960393801254,-1.340367873898424,0.31538158844524294,0.7415898411320117
8863,-0.5044357459361513,-1.4608872263596566,-2.1878487865511236,0.3492799414857191
13023,0.9064237678390611,-0.506159766467514,-0.838920061987389,2.264817988188333
1983,0.6239113589103357,0.3817675267363694,-0.3039090920840078,-0.5845229171796443
21343,0.4089395028729553,-0.348480084155474,1.1084712558224417,-1.7858183389752613
25503,-1.9915307529326203,0.8717366797176628,-0.020592303023683676,-1.8014817523793893
10183,-0.033292484356965905,-0.1974329551281796,-0.5851712769530075,0.2858595636007493
13543,0.11615595237095676,0.3245858357535837,-0.9815800681280632,-0.1861583198401775
18423,-0.7075611386097359,0.46305013129208494,-1.2225404799923185,0.8715168686898889
1703,0.24474646027376673,-0.023874677508622644,-0.8167394819726675,1.1309960473038871
28623,1.1742075559485539,-0.837331860424699,0.6941560702888997,-0.1219248380882571
18343,0.34168474316482333,-2.5586896491765425,0.357923893595168,0.3638523926845286
6103,-0.8694892754557881,-1.060902379236282,-1.519793011847273,0.23646861293680657
12623,-0.42907357412868724,0.42822932183877516,0.13938187095980958,0.3924979784340015
26623,0.08745108459975627,0.3444845717867567,0.1758426175284461,0.22497128806620523
24543,0.333872743910427,0.26984779225045136,-1.3338699490462993,-0.6401703201928567
2863,0.30122923002521684,-1.0655888806853528,0.09667500941342674,-0.007644585700926254
7023,-1.886288597648323,0.23377290796717604,-0.681837346759607,-0.9749753258713604
11183,0.6818597129494762,0.6317201625794351,-1.55575553672406,-0.36039641140177475
12263,-0.07735720259361793,-1.783621962282182,-1.106595333663964,-1.1858878082320634
27303,0.34597741711870356,0.65227580031487,-0.19077116757709578,-0.27318425619301107
27823,-0.138633712704085,0.049275001727058114,0.44485507733222135,0.3569809242800212
30703,0.17917316030362454,-1.0795375657989674,0.01460286046985303,-1.2572031853868084
28663,0.33994126038354217,0.9655013078280861,1.1480949211175704,-0.3800073688533476
12343,-0.6932154839547194,1.5026394018504383,0.20346287416868025,-1.6843607098126858
11263,-0.6691284983396504,0.9016149645272513,0.6799420125122462,-0.34694335368039375
20663,3.001709545025997,-0.23935050966076982,0.20448399345264473,1.0186548008683203
16383,-0.5843533175350876,0.5274179631822149,0.565189363111663,-0.608219149648221
