10843,1.0833228695063202,-0.6653091731739252,-0.12888414766134348,0.21245194595048703
26283,-0.3027031915885322,-0.2195709690750084,0.6810791021197878,0.17841189950588443
15003,0.26385867869756596,-0.26044326617892316,-1.8148065499901367,0.7227077079619217
19163,-0.6287116249028913,0.30697314827595784,0.398095024767893,-1.4833240848099862
23323,-0.47265772883563595,-0.28309817163360584,-1.4593403043615618,1.6468135471543446
8203,1.510805000972731,1.3835078009386037,1.1033751247566652,-1.6968081464398312
20483,-1.3578587602941237,-0.30677064325148334,0.2613360197137309,-0.6814293920702076
7843,-1.213588417634294,-1.4366961459278154,0.8193117669871769,-0.7246653260826398
12003,-0.09835153486460203,0.9248145849081147,-0.7568264645698067,0.1143081548425576
16163,0.7041114030598081,0.7905923037979639,1.4348456069310969,-0.3812215386272112
24603,-1.2361941268630776,0.49788667752701193,0.39763427963554143,1.3708231415041048
29283,-1.2720443212555859,1.882337143273438,1.6084750359141085,-1.1827263451567565
32803,0.3134686531438152,0.9030800476894597,0.7954983179065606,0.7349370189866035
2083,-0.3394436914305835,0.2375785865182082,0.061212721436158454,0.14190154693352935
683,0.6853374818867152,-0.9333572811937781,1.3846368422716147,-1.3206888002896928
4843,0.1305578205904036,-0.00026129341529225556,-1.28920689495467,0.7345114831779634
9003,-0.6250030326545548,0.9939270611207718,0.508729127805085,-0.8709381937721346
10283,0.9203471103428796,1.609713060795817,-0.5897353416622355,0.4020427409959383
17323,0.3476007336678424,-0.9692604852440613,-0.43313483259972796,-2.0944977146824737
23923,0.6197647482978195,0.9270546946600863,-0.22432243085152004,0.7720419531439301
25643,0.724279165743179,-1.5971417590912265,-2.611391748743133,0.3491622505126617
8883,0.16599691881986253,-0.0854034600157609,0.022744746591937395,-0.7654347411224613
1843,-0.3007374177851061,0.8323601443977413,-0.46046109351967135,0.9980125366101469
6203,-0.2577269005551625,0.25977560114021064,-0.3076684160766899,-0.09402212681171271
10163,0.9833027159545423,-0.9331697788102197,-1.117468159589266,0.9507793107240952
123,-0.16538503087989076,2.1043560715334864,-1.0266207782927783,-0.5968923771121851
18483,-0.5818185209251794,0.33193557286371184,0.9980047428702524,0.2675407958891666
4163,0.8883252137196299,0.4252901759266458,0.07226817545707434,-0.05978215347249745
26803,-0.3245500403630328,-0.9877663317421219,0.6402269113190769,0.017404499438017758
30963,0.5790826110282048,-2.0377075412426557,-0.2572626160472743,-1.380939578075498
2123,-2.5247500923629644,0.05071555019929942,-0.15102949293278098,0.846060119892106
3003,0.4955893373430204,0.3762895068578429,-0.535811308864058,0.2588487563129657
7163,1.3306164914050116,-0.09162511640178464,-0.3618107842961799,0.37690288325562404
11323,1.153604664762203,0.6602062153491065,1.0754419269018738,0.8521062569814338
20563,-0.04359732839474079,0.4396807479331156,-1.2974080009976,-0.20342286687612635
15723,-0.1950199984872774,0.010903962232891877,-0.7603693110660299,-0.359362501704388
19643,1.31872014516545,-0.7504459987223646,-0.22457511189157814,0.7330956916148621
23803,0.2909153310530924,0.357796338233603,-0.7790670066622841,0.8681007620217545
8283,-0.031149304363020165,0.04894977023107088,0.7099952346468534,-1.0513122279021725
3,-1.089123341087248,0.15578877118873835,0.0990512580192765,0.638733912822749
11963,1.5582822789872104,0.01976742534310363,1.7554248711792688,0.40273681965092095
22123,-0.24111994208997897,0.5580896023968352,0.5312762775700294,-0.26591800742310373
20803,1.5922523397663702,0.2582641962044497,-0.6573034373656971,-0.9371001502018659
14443,-1.4111748996850983,0.8170240592901218,0.9921618683903213,0.06823265081699026
24963,0.8513673545245578,-0.48248996659486587,1.7278909729354488,0.5482405560233056
29123,0.4499659505949704,1.0882979038979976,-0.06537866911631993,0.22458012366266517
1043,0.7195179492395436,0.9362178170183502,-2.5030321913627347,-1.8819541409408767
1163,-0.8382814135668534,0.6396316730865957,-0.8074404697398868,0.11171365190467414
5323,0.4383542903591927,1.232754163634182,-0.0630236862295331,-2.225100160440206
9483,-1.20313936320316,-1.3542156483713996,0.7781984506871891,-0.961478982690559
10363,-1.5047364800163696,0.8498890640030264,0.8561985241161665,-0.9112718620704654
17803,-0.9794390420039732,1.6013671639711617,-0.23004521892932414,1.733661882186137
8323,1.3877520189132686,1.1812502730439587,-0.3049683352513999,0.20117532239384553
6483,0.0539298737572449,-0.1949265878785507,0.26509603606807997,-1.254692787886793
26763,0.12768221668969174,-0.8755359569131975,0.6442337578758205,0.3227223480700471
10643,-0.9416135724208194,-0.06428196679531654,0.16972084241453333,-0.010622988540943698
14803,-0.6231101268078003,-0.24596087329004176,-0.2352434318739251,-0.9860207354654739
18963,1.4447749650919537,-0.5231516261465889,1.9737011198195018,0.2572149512359047
23123,0.4518805328343562,0.06531524066696573,0.6398859283210224,1.528307440118355
14483,-0.35291859369908196,-0.3529940502420724,-0.7805345980176677,0.10914022723395803
27283,0.7160723851968672,-0.5431887045774061,1.5191116642743892,1.7535330610700133
2203,-0.8936370323411215,-0.9198774332210212,1.7462153621437133,1.6128111264783265
11803,0.7772092573974955,1.0357090042909107,0.41175121542072995,0.3785987369226213
15963,-0.7946663487498324,-0.3441178449881983,-1.191332073465458,-0.33526869966069794
163,-1.0271014320504228,-0.32849069983207324,1.1274937457660563,0.4131980718516003
20123,-0.9189061596842838,-0.7076486075796394,-1.642441056499934,-0.3553072392571779
28443,-0.2691962651862776,-0.06699517796628868,1.8226181606989098,1.736159242286954
32603,-1.230095930814086,-1.2792461151506065,0.2915135329322267,-0.19528094582142155
18603,1.0834769378809328,0.7815771748235152,0.5823883184612214,-0.7935039205224188
483,-0.04895414511977455,-1.057630686596903,-0.541293312488567,0.5125430449104896
16563,-0.39746947658772114,-0.5262534987053733,-1.675378056257947,-0.8605764014658809
17123,-0.6240469816122359,1.1216252869054473,-1.1726772874683213,-0.7073428917749958
4283,-0.8694882645937394,1.1697590604049404,0.0790781330701755,-0.4059740547526398
29603,-0.4596371739065486,-1.0765042666322457,-1.7516594880024001,-0.37755951805682536
12483,0.6710867398879866,0.5896810831838736,-0.3381420695588956,-0.5436406657836592
5803,-1.6212727848816275,1.3746242399434603,-1.3933597320194693,0.11138525770227077
10443,1.1525115360103604,0.8618437388408575,0.7669476135724089,-0.31821627546507925
26603,-1.347212497134469,0.6734070340239138,-0.2786415126575353,0.6384990740267035
30763,-0.9527582060317102,0.5138681564759595,-0.9492665367160301,-1.756460124192302
28883,0.11225084711951534,0.0074865372098493815,-0.24705990135639042,0.7723248181536544
2803,1.2556010811542544,1.4416241747625569,0.6195779574632428,0.3272291742242364
11123,-0.9405536357276782,-0.20165446603120707,-0.7076507893579628,0.4533991376280305
23603,-1.8663263868895232,0.5527644377748849,-1.4658603611253906,-0.14908076365499395
6523,-1.0947664678959683,0.14154765511426196,0.3119726934903385,1.1737622436709823
31923,1.8418702404049703,-1.6341815780962192,-1.3619489751079508,-1.2285417447338869
31603,-0.09451734752376113,-0.01913067714188186,0.48457546195342227,-0.21818285438999696
12523,1.0502754015770657,1.5860127104742323,2.0332939802850007,-0.40865307456165234
16443,-0.02450106802203452,-0.4641342328275293,-0.47903197171501594,-0.40435944261945644
10483,-0.5732767433490457,1.2353084743044087,-0.3255617165628089,-0.454362202679158
24763,-0.16640595909633146,0.07356433350579882,0.048396860988972674,-0.42292199633732924
28923,0.5654699978647805,-1.6695698054049282,-1.8897208042883917,-1.13052003937543
18683,0.46914983856121917,-0.27173787546386896,0.3150767375675613,0.3952408089827367
5123,-1.096757853167215,-0.08303385707251616,-0.441241437245316,0.8200834133473397
16643,0.7947468862899061,0.5742337888617655,-1.285301031448705,-0.9362570809444041
17603,-1.0912687539044088,0.8570821189144334,-0.2829611071599342,-0.5533639525516083
21763,-0.3524498928847175,-0.833293627532542,0.8832700761303179,-0.7202450168557006
25923,1.0817971724427877,-0.6371981064277138,0.6058767297409016,-1.0876364587109364
4363,-0.42624787975578016,-0.2913240079348155,-0.4285086455218407,-1.2590054802088992
2323,-0.5002238317762853,-1.3495108233712225,-0.6775634002604709,0.38951002801131424
6283,0.3764609947051595,-1.374321733276183,-0.5457731850057731,-0.04888188776838005
14603,-1.6328945957487682,1.7276111412989625,-1.042012347714449,1.0306006903880958
18763,-0.8683048189689059,-0.011523891507703346,-0.5278206266751805,1.1024620982510844
10523,0.9468855881037277,0.24742493169820887,1.207562839857854,-0.23624950255786684
22923,1.5131117093976334,0.6003300856280721,0.7833490164779706,-0.31152653974706174
29803,1.7174179449189277,-0.8620158095424241,-1.3276282490650748,1.1360049380057993
27083,-0.06483161824176677,-0.23105164065223432,1.3387478957219998,-1.4945638079264478
31243,0.5370406062984718,0.07694950977911405,-0.7284876042737399,1.7172289344825222
8483,-1.5738578021212033,-0.6986045426997238,-1.276077940898553,0.09892129707239376
7443,0.34337202086295115,0.19468738080463052,-0.626939325687638,1.3873871626288474
32843,0.1047625342943465,1.2223537206803337,0.3136066658729742,-0.20871406647756635
26923,-1.3255455302547616,-1.2695944085643025,-1.9157556037713688,-0.849295370313428
15763,-0.29063315815582214,0.45399608616126613,-0.6287279201412095,1.0526191084771972
6003,1.2042271050113313,0.0037942661305208304,1.3817223634409608,-0.39456257324249544
19923,-0.708766180999456,-0.5222993005047667,-0.4211127719879774,-0.6997421623630329
4403,-0.8290416858822256,-0.16982561227674114,-0.846517193167035,-2.1437852785692306
32403,-0.7077941398887665,-0.8708196899405287,-0.37556426032753243,1.9689113417955237
283,0.34948625743956546,0.12418669861138602,0.39006065732065665,-0.4624893275534229
2363,3.6247499154847094,-1.2041390945814139,-0.21987873412745898,-2.543567738779165
8603,0.7571412425226932,0.6988223699633188,0.4762764958084938,1.0083647418261252
12763,0.14125294715289344,-0.8175674151549956,0.56289949129674,0.3358485967083599
16923,-0.8689747817958867,-0.6674099549110689,-1.0221555022656241,-0.36393741883611136
21083,0.027204561430286767,-0.8267483452266883,0.7582083443833907,-0.48404184632819863
10563,-0.2561829692541732,-0.16394893258565868,0.7920746253817532,-1.3492897029765782
25243,1.7906811252111867,0.5713179138105224,-2.748151008548679,1.227509516986243
29403,-0.3890287302549872,1.2843711693474376,-1.2556602238036545,1.266757249196931
8523,0.051024142453665836,-0.8678776135448442,0.7393922275717478,0.36439691376694633
5603,0.25347653409382387,1.3665167257347768,-1.3101861925692768,1.636410961576003
9763,0.568490405831399,0.6823036609273853,-0.13135723650841682,1.8944526005541487
32483,0.44958888997752655,2.2437462103331525,0.5593606693540354,0.05345058072195963
18083,-0.7313464797362431,-1.087292129262195,0.0645404452857153,-1.1815257773202645
22243,-0.36237912690405644,-0.3487696575786501,0.8925387419441279,0.11346355929987433
4443,-1.3476295264918918,-0.2654322121803955,-0.6993704974998397,1.0662748027492206
6763,0.06602443556173175,0.8578178953354936,0.9052114253756265,0.5537785734762503
4203,-1.7777061117944688,-1.7360628518159844,0.25935055537805285,0.7529584513096466
22643,1.9458159644611766,1.1767769387399247,-1.183706764605932,-2.182661602159104
363,1.1612981447546515,0.03925169390649994,0.38041911536443784,-1.4685097135053558
27563,-0.48995073569770475,-1.1622809080480452,1.7834383681063304,-0.5831315447390215
18803,-0.1844203796765886,0.2587585039689547,0.16156161846668388,0.8859988259259696
3763,-2.1581963478780883,0.4928252952466074,-0.3673919901582152,-0.2893514847196566
7923,0.29136535597917357,-0.44459993557408933,0.6087171585575808,-0.8583761392883819
27003,-1.6138260038481795,1.8690693801104956,0.3139730236481096,0.7978275368185653
24563,0.7152529854409071,-0.3359956978548296,-0.940510951118727,-0.13868426580070545
28723,-0.45180665950806603,0.19919426352580877,1.2310736335891537,-0.59316173257482
9963,-1.2498284587259068,0.14961717071627642,-0.367601621725666,1.1421814744459489
763,1.2367997105003272,-0.6356695307559701,1.56466125369477,-0.4791088756738483
4923,0.013477894135306754,1.3889548826002132,-1.028364411754791,-0.015974019796207065
2443,-1.1645402554290396,-0.2624465991375213,-0.4824007625102006,0.7873700671138779
13243,-0.061881832041845976,-1.16476582699774,-0.02308636274562749,0.4687828122756611
21563,-0.24821478767764107,-0.13840508590097284,-0.12280455409577246,-0.30075239884003374
20883,0.336070603595934,-0.3493249530578898,2.3414482179014904,-0.3807322052851212
29083,0.009749149229842324,-0.6882079696403816,1.4244442241638853,1.4806259080013735
20843,-0.2388293852293607,-0.9938746581033965,1.284868883835087,-2.1163598546605185
6083,1.981579005623298,0.4001532917174747,-0.14438876485753363,0.3849838959174397
10243,-0.7218852635638896,0.17211170747506213,-2.134707164093707,-1.382319955420551
14403,0.057497389099453816,1.4988420629261212,1.7221288193331528,-0.7437466112440937
27043,-0.5678836503666572,0.34197884466255435,-0.8807694848931242,-0.15621408835865072
18563,-0.008606163221586636,0.08806450723214795,-0.7380801613619654,-0.9988446544913988
22723,1.7513506147889055,-0.7157801365558146,0.021802014012279724,-0.511168466726273
26883,0.47906160571001966,-0.17422871450537375,0.6873123145814637,0.22582585873952712
31043,1.2897996842949644,0.6820331781235474,-0.006043815289393279,0.9064614787835098
4523,0.17802162616691636,0.8121023939987317,0.026499595076864387,-0.41481860184891517
3083,0.8939343519443044,-1.803413167211148,-2.1620429663732765,0.7728075624646267
12723,0.9729188219580178,-1.050766104530176,0.81968781436674,-0.45210542762145695
11403,-0.45152997869957917,0.13316337118921212,-0.525945844959616,0.7827413967161342
15563,0.46234432082728255,0.4491208031868841,-0.7194843276312441,0.13335642834875586
19723,-0.06801002927550356,-1.3449739096935744,2.0848403696563564,-0.6466616759210286
23883,2.1934647412611863,1.2410552449380108,-1.1050316102865931,0.09818475902504525
20923,1.180626562779343,-0.11226314384378384,-0.5647076002457698,-0.7800461922115038
28043,-0.7451853771211993,1.734471781616693,0.3748782785330923,0.29937041339075254
32203,0.15224707923467581,1.413864858348433,1.2788910567584084,-0.3156234173110063
83,-1.7820003956668837,1.4938351653713375,-0.7177129919931642,0.3394568495942694
18883,-0.2714846596889045,-1.3294412684318222,1.0997736723712306,0.5086373206622863
4243,-1.4650110906948715,-0.531669234870824,0.507196234910456,0.7646695731499981
8403,0.00968600005690155,0.39946016432378956,0.3138616290322599,-0.3364918612177156
12563,-0.25990679038489906,0.9227322003991133,1.8873680287562213,-1.3862138742667514
16723,0.754885613985744,-0.9429003927457219,0.7948146244377133,-1.2531995145127384
6603,-0.27045277444017557,-0.34647148561738406,1.112177609826583,-0.1287904771104877
29203,-0.08006822512631159,-0.39302025304572746,-0.23458759644904725,-0.8849432552213922
4563,0.23493058442213982,1.6130745379974332,-0.36423811490718916,0.18764092951989983
1243,-2.2972388105958537,-0.5172675026920261,1.5390789540446452,0.25016047171505973
9563,1.228656253680102,0.7643646205951476,-0.8942432951680974,-0.23895830515865857
2523,1.5155892911887263,-0.5892865816601546,0.7742703167398,-1.5582869825193912
13723,0.3294103611970699,1.1654713329445638,-1.1843146813591965,-0.4795399522258583
17883,0.2943317103867518,-0.2718612813969584,1.607762456840906,1.5879896687012587
22043,1.8582404138759805,0.09394788093204118,-0.408399017798817,0.4578600602624965
31203,0.7531972644736208,1.6091210440062917,-0.0920030965431608,-0.31133090831959914
13683,0.36682927116554104,-0.5346567292077917,2.1091607802077035,-0.4887456960787738
32123,-0.28483406765535013,0.6261855408075755,1.6811019587915745,2.2311616797931073
29163,-0.15565920245717058,-0.23636833734874246,0.40031047324477376,0.49462818451224644
6563,0.0694414686077745,-0.9306868989301131,0.07330366079258319,-0.41670384317063586
3683,0.6605710892575848,0.46208622856427406,-1.1808170543414,-0.17093010340965475
14883,-1.2858969986094815,2.295667654103587,-0.5428653059270316,0.3957448343368424
25683,0.5778281888065163,1.234632225520275,-0.6041179678384624,-0.5652875629991074
23203,-0.625137882893593,-1.5832952874996424,-0.33260694864051676,-1.0271786521223307
27363,-2.643683787173281,-0.8800853100178012,-0.06758889132689737,-0.5444427983859454
31523,0.002275936888058281,0.5237119571470432,-0.9693942057488274,0.624047363179457
4603,-0.16850955722363103,-0.9534172113949803,1.6677194983556585,0.6353995284947803
3563,-0.19578808711855053,1.3695303667462133,3.026410606890804,-0.574016373675711
12803,-0.007298459290967864,-0.83177394075343,-1.8612142420582893,-0.10653193312055605
20203,0.6894912342571287,-0.2618667791756808,-2.1972098315242814,0.04794212460410526
3443,-0.5242447554602411,-0.4371575740232653,1.011752939004439,1.601259340259796
523,0.4067207651941321,-0.3524561200271244,0.3761717416351794,0.302930383015036
32683,3.426054429508214,0.962072299593751,-0.2970058141801366,0.4551036917549126
563,-0.8759027252569832,-0.1658027923425989,0.3346421585155335,-2.141736928994633
29443,0.25584692333950976,0.8263876126542131,-0.08614348394022993,0.26662543409606215
13043,0.6813985280182164,2.0019050375186196,0.536377874220318,0.25042484335936116
17203,0.20628321776184225,0.09993947605611876,1.33318839734172,-0.6688309659616426
6683,0.538876948382899,-0.8126799720117551,0.5631785667957389,-1.2847098328287074
30323,-0.8192430647603609,-0.9338264732629987,1.3149485193487283,0.12572177135245413
29683,0.07083822713009659,-1.158566630140089,-1.6150931296411417,-1.4370522231668528
28523,1.6319827129146192,0.8553373618687371,0.0658776203796364,0.37499599137481177
4643,-1.2549115674270204,-0.318331777851569,-0.8102496456598774,-0.7983357872185447
12843,-0.6207476281097934,-0.8278218169113017,-1.8719729305563164,-0.9996840766608269
22523,0.37191197906031537,0.31924012791940853,0.9236489479294239,-0.41244016041603254
26683,0.2814108939408896,-1.0784558994950726,0.7818808397991717,0.7592109168097184
17843,0.7023720193013784,2.0129324124816406,0.9995132546678343,-0.6475684665315609
29243,-0.28283432037459794,-0.6960429823276716,0.5228287727101196,-1.4659642997308198
11203,3.032771404832933,-0.00851571577934673,0.31465146476092376,-0.5151267179754055
19523,0.27071340177326864,-1.3894593611747303,-1.2228131482819946,1.1836289453641344
6723,0.41676780891735266,-0.40934270403277073,0.4956639545642131,-0.3287585699712685
27843,-0.8191850654726724,-1.2162721022881708,1.8184847018635044,0.03779402906312473
32003,0.576172075532977,-0.4093166783746589,-2.1594094390396608,-0.19010426902212732
14923,0.4270172750059464,-0.3537056999576147,-0.7847552748104419,-1.490832853801472
12363,-0.15554454992727107,1.058495963653095,1.8259172355879394,0.9025011672717426
2643,-0.5961230295589909,-0.21621387721978347,-1.0653177493001855,-0.37359195724384314
16523,-0.4329093303807136,-0.0380824347590084,-0.19131883363162294,-1.004451578845824
20683,-0.6561977976520805,-0.8102376444934168,0.48716641849005055,0.5170342993577717
24843,0.6780337237903693,-0.0417911697804498,-0.18711417917811257,0.0986534668709862
16763,-0.20710496278322355,-0.9108241405662716,0.8779418085018987,-1.1622490679830726
29003,-0.019460111239873634,-1.1087285279316594,0.6811605643425904,-0.8037690544150758
31323,-0.970581265416864,-1.3645498468043378,0.2555879375820605,-1.1530298458833268
8803,-0.8771224980405444,1.3617646292684038,-1.409776502981488,-2.1577027645586173
9363,0.6157727503956366,0.9924675700255239,0.49566777842472315,-1.517575547621096
13523,-0.3033096377858914,1.4126276652717054,-0.919640292000086,-1.5104987943070336
17683,-1.9779169576148767,2.2339559462528595,-0.09597540692546214,0.8637265854775175
21843,-0.5293032988867814,-1.3137458908617872,-0.453848433406703,-0.710908077663118
17003,0.03023593203016063,1.4401629286699555,-0.7963805758296381,-0.16282244086848058
4723,0.9668845877138119,0.6268850413722247,0.8143809123437902,-0.07304485134650096
14683,0.7277770777301165,-0.7182429934441504,-1.4230373960093028,-0.8153252812742667
23163,-1.2996042485219146,-0.2582771536555617,-0.2929074672923888,-0.47013427442957473
23003,0.8773204901688336,-0.9802179810709276,-0.6537176758746325,-0.18484449580709622
27163,0.973402516463961,0.8451276068843614,-0.8278014566839969,-0.32698734048679323
19563,0.7785761753334952,0.7304466754332077,0.18912668460939555,-0.061784100069728794
26723,0.28499834843178273,-0.05210533768613345,0.5118412408039141,0.318242964847562
8843,1.2695467826866622,-1.4260810220350528,-0.5024672230569662,2.4567010955734947
11683,-0.899677164854662,0.24099693923743068,0.4592293235271665,1.604798116358162
20003,2.021917345155576,-0.6203895420897145,-0.5645320815773204,0.16415538125185
17043,0.5147379738510763,-0.7299162225953132,-1.276437020548145,-1.0898164184192511
28323,1.3642114768297742,0.03498721780640724,-0.7194909375089225,0.2869374136720647
4763,0.3393615259932359,0.2815111416983851,0.4994500398669657,-0.0029511565457437106
8683,-0.627935980229866,-1.3680076120124502,-0.10274247878413204,-0.8594005713254725
11643,-1.3045647805838236,0.4256474160553355,-0.25647290855358695,1.8074516129822467
12963,0.5168465138312973,-0.9538919435248152,0.23510261052781586,-1.027030642315415
21163,-1.7801617312415599,-0.9615418112279163,0.24896861370484485,1.0489692859079178
25323,-0.5010464811977252,0.9012162086567415,-1.7122047376395249,0.5901528427325569
25523,0.7277922415692359,-0.6726212807092744,0.3108319143710785,0.6849681472363588
10923,-0.5660638910211172,0.13434029345020795,-1.1938587356284165,-0.9938507510234446
20763,-0.17288688639920882,0.4370160428875318,1.165494957952287,0.41949897959181076
5683,1.8507091678422387,-0.5998865761814064,-0.6181080632499469,-0.36843264325478986
29363,0.9719626383187709,-0.5495348921106361,0.9083341046296,2.4120110347182706
14003,-0.6718816933783855,-2.795778780025501,-0.8702361201782222,-1.2092857275349007
18163,-0.4834542331579416,0.2124989967365405,0.1887324544737118,-1.8111400423734625
22323,0.4941754416817222,2.2301422943950233,-1.5117424512332627,1.8756675706613093
27323,-0.4699651969334427,-0.9006901954581049,-1.31252757925064,-0.15370643240418433
25283,-2.8980249661774944,-0.08429830675458744,0.7707749579085251,0.10623412756216792
6843,0.6550582545766369,0.6597787300036764,-0.8716736000797644,1.0784200946841116
23243,-0.4786241936254224,0.4433680690680647,1.8733892276184152,0.6116411144497235
27643,0.8866400193616505,0.6983096109150974,-0.09354664576593286,0.12731268748246916
1123,-0.22343128841499899,-0.5399347111715423,-0.6496808461171616,0.18940151819425266
31443,-0.38715072613338,0.02271113011775223,-0.3749192959812879,-0.7280962994088227
8003,-1.6685465142450961,0.6338990928742527,-0.10051184536887325,-0.01285249800753885
8923,-0.7269897941264181,0.468887626010765,0.7655403910400919,-1.1700579340400485
16323,0.7992924256658533,1.0601705338150327,0.744201405200861,0.7501541887031276
24643,-0.04708461665873527,2.1567278372376557,0.7216931173002723,2.1214297418796493
20603,-0.535070131798345,0.411782998234161,0.5781850838736929,-0.5243519472609868
28803,1.6496442939477103,1.3855977563967268,-0.9680426614917825,-0.38129180602810486
14203,0.28098150157943586,0.6478231192545952,0.389740347424107,-0.797385434395118
843,0.21394728038519217,-0.44771873264392403,-0.22506759004388494,-1.0142704668743816
15083,-0.6176936408062922,0.21186784092164057,-0.18131637162454933,-1.2270040115743015
5003,1.083515873164079,0.47785400249145565,0.29881512060497467,-0.3724359722857339
9163,-0.5346575843826323,-0.049585601686648,0.5993671342252538,1.697833710013294
13323,-1.2482862352136888,0.08560648293046594,-0.8025863039548803,-0.05793125620720211
25043,-0.8574425950359819,-1.9816255666715676,2.214365393261403,-0.4761992238497221
29963,0.6070705569182907,0.4425949054346103,-0.308543393761696,0.017597266437689073
11003,0.47339682915671155,-0.6352223018132057,1.2169135908186341,-0.7647154580415271
6163,1.842785418765297,0.6018317744866611,-0.9986025393779325,-0.7242372019114015
10323,0.838268666180709,1.501040839775925,0.6101178618934434,0.3108392100671395
19203,-0.5262307160961891,0.09814893507546497,0.243505319018087,-0.3379977910778433
18643,0.3756872895478984,0.15429012733705944,-0.9265622424543228,-0.11407411124382814
22803,-0.27715467997702264,-0.3148281425224892,-0.34906300936373186,2.3491762109569967
17763,-0.854951036214463,0.16928899218668178,2.002708531651367,0.6587175927999315
26963,-0.5413147781962708,-1.19441569985947,0.4016740073819613,-0.6681655165503175
27403,1.694039768611551,1.0031924693711085,0.8876746772274331,-0.32308650475704326
31123,0.6705030843131182,-1.0658034842565836,1.1598730284708418,-0.5939966216433488
3163,1.2082009092254775,-0.5186912721287319,-0.3530094926004178,1.4682903415375899
13443,0.1310243879611384,0.14164779605563138,-1.5080914049523273,0.13448027188509531
15643,-0.4163976169768902,-1.4611043595473199,0.1249697034047653,-0.3722237450374955
19803,0.8050925189487003,-1.946836912753649,0.16733084626054026,-0.605664839904764
13083,-0.03173014896402395,0.6411374068359621,0.27116272607436936,-0.3156000998218067
23963,1.0746103138582204,1.0419430158503125,0.25764706709233154,-1.4297624063971826
30843,0.38007326494839117,-0.13018875158737478,0.8426189517487941,-0.6158535410525683
32283,-0.010052334635532255,0.9972425786764844,-0.439189900977814,0.3806099084683045
21283,1.2414537302581055,-1.0571066555783264,-0.406398679411354,-0.6198892253186903
4323,0.46813878526665803,1.086862978450274,1.6190750218972099,0.5108806685563984
29483,-0.31070729980975825,-0.4277502848176583,-0.22824958922242988,-0.7954490536718739
16803,-0.28204148223378306,-0.16568847222507138,-0.9320696307102728,-0.9431542967342975
20963,-0.540534298674041,-1.4053603658767282,1.9725381425622772,-0.3270427411669421
25123,-0.5211959788896628,0.23925036444642095,-1.732843400296474,0.4693628727823399
12083,-0.22633692592975227,-0.40907196279358016,-1.3332028452792435,-0.09127398151716194
1323,-0.5636142220374672,-0.05636038117166511,0.3473141852234985,0.11098031860249179
25403,-0.38072835443088293,-0.06509000505376454,0.20069499083321996,1.6993229798036351
17963,-1.4783512231840552,0.002917403923393185,0.4039505915094258,-0.2544630059467661
2883,0.9595508541883633,-0.07044817567069013,1.0132835116294747,1.1936114091761707
30443,-0.01988741561697722,0.24680959474910416,0.18520497397411217,1.7153365966455532
21323,0.35657870873411357,0.4920731517816485,-0.22803073087748577,2.146292784789784
6643,-1.6945078574027912,-0.2855041483117996,-0.022958321283981845,0.7448829151409412
10803,0.5084251500866769,0.032822217636869294,-0.4007441911986088,-0.184500834297665
10603,1.8506135181664631,0.4519292722307317,1.333611616577481,-1.2739966690679125
10723,0.06764107209297777,-0.20819338757244452,-0.4218734210610237,0.6835081235601105
29043,0.9574853902681096,0.40649261639216155,2.6060615718871563,-1.0348070218321028
19123,-0.7170839971530065,-2.5668457277974523,0.6718284262072008,-1.341793630261656
23283,0.6121208990758766,1.062245399969306,-0.1623210327572374,-0.5208378211141746
27443,0.6904397927387765,-0.8110524519091612,-0.8829653378814103,-0.4880346987879814
27483,-0.8456724756035301,-0.3668597318785995,-1.5363039507465701,-0.5935382370574352
15163,1.4313549269908692,1.9691693370405896,-1.6933451222902214,-1.2397087274786012
5243,0.7965637650961913,-0.2666239810040278,0.3943851967166287,-1.4750148313545952
16123,-0.8039153742281162,-0.4472730571982823,2.1620503154634205,1.817512074471428
20283,0.6516696105366899,-0.11650063902052316,-0.024835526827515667,-0.001790395536817949
13163,-0.6918417765402822,-0.41011713125197313,1.0483078473952874,0.10950757728774058
28603,-1.1033219161276626,0.7360050133574971,0.5909025880347847,-0.17869979887138154
883,1.1633776268904867,-0.9632663235815866,-0.1439695530810624,0.4270335053143692
643,0.36841358877041347,-0.29850881474599694,0.46837460246370144,0.2590203997818664
4803,0.4226097005857805,-0.93078516050514,-1.3088483563977726,0.738766043903129
8963,-2.6428203634555096,0.6540280953963191,-0.692938367984196,-0.478210657143523
13123,-0.25948000794780013,-0.7225499391557244,0.6616797949930396,0.918737787480826
9083,-1.7158411339692803,1.9142806197603237,2.3425884423690806,-1.6008307617951953
17283,1.0785345901335883,-0.1473962516667892,0.9548112420246856,-0.518247321507559
21443,1.3134450180540982,-0.2279065946555789,-0.7656077952219225,0.062297529104023044
25603,0.7737573959082649,-1.0155894916355022,0.28363218861022294,-1.4773071392391857
29763,-0.17032767216960887,0.38257586586684605,1.1535083646370634,-0.14800004390169838
7043,1.6402472784531203,-0.7358763063618847,0.945414123468637,-1.0908962995732183
1803,2.195547420991112,-0.025111581269278715,0.14976059001012168,0.2053739018731252
5963,-0.4909163908182558,0.24282380777842602,0.11277208357820093,-0.7986818141065519
15243,1.4149012188381764,-1.6148829502059308,0.11909283841518799,-1.6281013310743278
14283,1.1395370686479727,-0.47199178263646224,0.7397572198201209,0.25503123521510346
18443,0.6920449742144618,-0.44213351471607015,-0.4920455905713784,-2.1329695927804786
22603,-1.2536326898973167,-0.7597375157646475,-0.2846473705245699,0.3369718091491537
13203,-0.8498248024198964,-3.137360279457165,0.26220847470248215,0.5015936792695301
14723,-0.8589421185976226,2.0158172770577214,0.5836363778427563,-1.8611057004036187
31643,-0.3489283186973601,0.8867894284228394,1.152318974338435,1.5184073767792
2963,0.06226178865824179,0.46718360225210204,0.2425564426191708,0.008979673238466178
21883,-0.8062320551329109,1.025040730083865,1.0397054298143598,-2.3786216810476506
7123,0.021189413946651955,0.004668620872519234,-0.2620057767158401,-1.4649691148820163
11283,1.1147676823360628,-2.29752745445164,-0.07198189497400179,0.017921135387862497
12443,0.9894248227001001,1.8467002336109644,0.8091394583597576,-0.6240297965197501
27923,-0.46659716287498026,-0.32144759134113565,-0.8294321286210508,0.3004661474947777
11363,-1.0469353613937993,-0.25282600247787107,-1.5923658252976995,0.19416511693697228
32083,-0.7787904823776653,3.2529120382862993,1.1268724682240712,-0.5201317383309504
7083,-0.6865499157286442,-0.34839400341373666,0.6725280246895093,-0.2442932597244447
4123,0.7783063019681609,-0.6577446416223309,-0.1899507214600134,0.38963471139918665
1523,-0.21729086668248887,0.49880455724059225,0.4876976078532333,-0.2952806133822728
16603,-0.5875640437789719,1.3178166196287178,1.0949377620830296,1.3640060082115881
28283,0.31380147736359526,-0.11775879768648001,0.08838610053927248,0.3998521627416843
24923,0.5462457264262393,1.0215338567994543,-1.6800862922406181,-0.5006682860741033
23483,-1.048114135356563,-0.22913461280495814,-1.1312921559952978,-1.3668187887019911
31683,-0.9443931647580492,0.1767835284934367,1.8902285243436925,-1.791485805296906
13603,2.433820076849372,1.808607730888037,-0.9227817533299787,-0.596865543494767
19403,-0.5324104911890103,-0.5794617913439051,0.4868121859656661,1.0539338024776368
26083,-0.7833346808463366,-1.9628332668544666,-0.7020466101890361,-0.8745564554159598
30243,0.3832799391395527,0.6740763801832309,-0.26928995360163327,-1.2713556322489157
17363,-1.2141692640834958,1.2809418424265542,0.08654689024587932,-0.3774234905897247
2283,0.10299842829182898,0.7850642772822607,0.5336552568078546,-0.17574859515265634
6443,-0.9625880411037143,1.2578771934107589,0.2611664852736195,1.4985789037661024
5083,-1.2410754740306513,0.43989110346402593,0.3691983658463334,0.6981650845435324
14763,-0.13177981330663238,0.28271003332333905,-0.3112125935308102,-0.2840250138630209
23083,2.2280215208190675,-0.3536778981560668,0.9383167917546362,0.16876086505083693
27243,0.31568405176031517,1.664531468555074,0.21229574394769174,-1.4934449183716296
31403,-0.4875967743731516,2.90240883605089,0.5061126668920597,0.4633366675977045
21483,0.08803181689277403,0.1807413047915883,0.18348710702850246,1.6024314542511797
7603,-0.8574691582864139,0.8315149286957676,-0.7942141274099371,-0.7357960572690406
11763,-2.0711444934678496,-0.8024244667414984,0.26232873225847136,2.0525467790816734
15923,0.4110932172876015,0.15332672332887307,-0.27876276448331594,-0.4459059974524673
14163,-0.7414520287970495,-0.5170042970532115,0.6593869310369921,-1.1745350933172705
24243,-1.283049314889466,0.6711361842949198,-0.3468259002429247,-0.6115704910152602
28403,-0.21157043130784622,-0.17618161891769318,-1.9068868491392668,-0.5660809199560282
32563,-0.22169723262084307,-0.6981103918809946,-0.5377942376788958,-0.8744141108193774
17403,-2.0358877668204958,2.1334246867810616,0.5408565718956012,-0.27101349480537046
443,0.7660370251393473,0.19082314250721227,1.320093042897887,0.6633256304593032
8763,-0.9426909528941836,-0.14487284486260776,-1.103914059650742,2.466722438600854
15363,-1.4074444991945967,0.7168928671956057,1.5937842702856249,0.37000327119582255
17083,0.27807270112845767,0.6359093397416375,1.1290413129165993,-0.5962120694188421
21243,1.2774058606260705,1.4939547460420601,0.22604678156163685,-0.43986101359887314
29563,-0.3081220418923822,1.9732866169762442,-1.653476446392924,-1.4049337798162347
31763,-1.245175889299213,0.4110492039361666,1.1728991664056114,-0.491059062599313
5763,-0.5540732962778502,0.19187796958625725,-0.7436833466888989,0.2694481048890545
9923,-0.5177761237799625,-1.1858897270806266,-1.6891769902324107,0.5876996169347115
14083,-0.9811693057723823,0.8335579212994484,-0.02755897100206421,-0.6534165348965989
18243,1.432476508571474,-0.9535100385077179,-1.2682287911757049,0.45124215053676153
19483,0.8504864622169725,1.344037301004174,-0.062412261628852286,0.3097389780086448
22403,-1.3512083421055379,-0.9772520438385516,1.8063746380509351,-0.24013094292462445
30723,-0.3167960052075826,-0.4002246292401112,-0.18284817386880314,-1.3555349288206862
7203,-0.2753821941972377,-0.8628033201873146,-0.42494257530796836,1.2322954210553125
2763,-1.19547347034682,0.12562931284929493,-0.746115482117913,1.2311826281708789
6923,-0.12161270552658568,0.8948269603473124,-0.19726876638033555,0.5832610834044291
11083,-0.41363875928567123,-0.8892572067034569,0.23692858884601423,-0.8623301159844756
5163,-0.8307958000994595,0.9830079215241809,1.1986827770438908,0.9865679005494082
27723,0.3800234603729859,1.2235671868027929,-0.34746755196618484,-0.2605110472242145
13363,0.053832147106593745,-0.4739329418750519,0.8185405053980336,0.07876162447768936
3923,1.8973488870599378,-0.32170971397966697,-1.5271335890900437,-0.16385131147006338
1083,-0.9188710024152161,-0.4406354851158826,0.07921419903485769,-1.416712664416763
8083,0.11352419857473552,-1.7538878383781527,0.6863518215777711,-0.41439891015841573
16403,-0.8686396347744327,0.21673687798923016,0.5364178942811889,-0.4352978211000712
9283,-0.85302232237506,0.8677586765140975,0.24954871961421574,2.514642926168534
24723,-0.38763810272705307,0.24659297211913808,-1.395837876563326,-0.04460673855523762
7243,-0.3283083702524673,-0.09302397772798132,0.3817839458838119,-1.0414137663617475
923,0.8017662415007473,-1.4990035640746904,0.012000618118889573,-0.8346732741959942
9243,-0.12199337390246484,0.32907752003432855,-0.07025121050753681,-0.8239356634388958
13403,-0.2143545501109934,-0.6799122396031476,-0.11115390598781638,-0.5832494696341802
25443,0.7040308317469479,-1.814009898936081,-1.8085127879767748,0.5198338812571519
17563,-0.5935135583284767,-0.4122694424538948,0.9669277536399258,-0.9701622457940997
23643,-0.8059223124757918,-0.5311721649269667,-0.6705608242164283,-2.082451434330427
17523,-0.683054839036913,1.066728907869541,-1.3504499367086171,-0.03733310484288192
21603,-1.0652473361391972,-1.7720172809624932,-0.1423389417437135,-1.0905042394866993
10403,1.6395872751445741,-0.5063308055286595,1.502083200015554,0.15897104733170347
14563,-0.027696836080664644,0.20183159144945034,0.07336796685413431,2.635825460999427
18723,-0.7394635087205745,1.2131915537693145,0.14207493430854415,0.9856129189411075
9323,-0.03863542016605388,-0.18469777883267524,-0.49549881144842706,0.2343792218308141
31843,0.565933943582873,0.29887307760331855,1.2910250204202447,-2.358900274674419
27763,0.18754522208326752,-0.8718738922575304,-1.1258586454222124,0.1370373808674412
3243,0.12759111422464642,-0.34479928615044136,0.6896784895723473,-0.09475544649004752
15483,0.4854873823759195,-0.37248543883898894,-0.7659980731566003,-1.0203141640227225
24043,1.3249744178313372,0.8963551782623826,-1.63580204449839,0.6948590497890373
28203,-1.3870626702965758,0.6998272737894883,0.2119680722111092,1.7075473371981875
23683,-0.17340698112090486,-0.5419733044328168,-0.08343939057283352,-2.55568823557818
243,-0.4615735336001144,0.6434598372935665,-1.9598640852811238,0.2295226656355106
31883,-0.16750225395348803,0.2929076682406204,-0.14418295467996084,-1.3241422416119566
21043,1.404294228562545,1.3316694168640701,-0.7530076748800332,0.23580176628613678
19603,2.9531437787681885,2.0432359319815103,-0.8685846502183427,-1.831098538856169
7323,0.6090387617042048,0.6057752153040894,0.6343144825797346,1.0472184177936055
5563,0.32811237430480006,-0.8421200429695059,0.2105001672682431,0.6888989178371722
9723,-0.19911515993242568,-0.1726514359635665,-0.9765799342428048,-1.8237809824322244
13883,1.4910498256235423,0.8343448869476426,0.1959679661734409,-0.09420978747107482
5283,-0.3869071782601174,-0.06661129440185062,-0.030249249290180222,-1.1901450617328362
22203,-0.7368824440334412,-1.411701419630282,1.7496600039883015,-0.9182311026566333
26363,-0.10196880659680552,0.11121084199733466,-0.0482222555973512,0.14690852497875798
30523,0.7856361978955679,0.5909197125415876,1.0756035993049888,-1.2237615341741925
13483,0.07447690235365981,-1.3197982107239175,0.5503032664697444,0.05576139439290958
21363,-1.9158589845775655,0.15574636106294998,-0.6471163552482022,-0.7659442691142143
10883,-0.43779404296012014,-1.3473192698103114,-0.6866642568122422,0.17828342522676052
15043,1.0169568971006784,0.15978414306877547,-0.0817001522071142,-0.520911945614716
23363,-0.7992011652456928,-0.53932440795151,-0.15491137584146505,-1.2842683033350097
29883,-1.0877363737788894,0.9684720069510484,0.7307978643214172,0.012949571497396258
27523,-0.15065724605813952,-0.9365636478469139,-0.5413098138002199,1.1070131535035783
25963,-0.8414883776477707,1.1823166313890778,-0.07325970919169211,-0.7765953258482231
30923,0.15820397685332924,1.266747269343761,-0.4442768750898813,0.2370934155385257
3723,-0.6724991602792371,0.0894152259945766,-0.5772459287888724,0.5229501644911794
7883,0.7132104685128795,-0.2451857447098717,-0.5099174904290574,-1.3380299884977893
16203,0.36806593378653885,0.12222599544514581,-1.308176514429572,2.1514032780361037
25803,-2.5039081263036422,1.3325120809845599,0.8050624710797295,0.3679921498858533
20363,-1.3242097618755704,0.1812586865673502,-1.6807794319308909,-0.4686441190864805
28683,-1.0883746735343651,0.8480152631026161,-1.1895722395435886,0.4349351631687442
2163,-0.4484369417944934,0.036015779112313906,2.171043370775837,-0.16728377290169658
23763,-0.05073286894078147,1.8815624126707684,0.5061771948679558,1.0222787870765417
723,-0.5617782214301433,0.8357542619127575,1.000903514141959,0.17040282286189193
4883,-0.37134042572946857,1.9285579219521827,-1.4672151717805353,-0.359168957113075
9043,-0.49442321382549703,0.29077566852971415,0.3388602174696023,-1.1968975247668463
21723,-0.9887216917676972,0.5986060997435424,-0.30021337575343543,0.16620320983306355
21523,0.12506897533199243,0.6334467135448132,0.18418455610714235,0.051408456623451705
9443,-0.10873386416207943,-0.4531042113439334,0.08681746151279877,0.22543304603341446
29843,-1.4137209890565647,0.17664648498087754,1.532183243186972,0.547972155730147
7403,0.7615635978030176,-0.14201915046416178,-0.9862456806849896,-2.193207506835397
6043,0.35914335252783175,0.7407617319307694,-0.24634920433663982,-0.04909502618043105
14363,-1.6262093285669392,-1.3235913959969383,2.243425317862474,-0.14490087129461543
18523,-0.47350572598964713,-1.1333276323785548,-0.007395994655636718,1.1393454056872587
3283,0.6703794835308385,1.1045406294501867,-0.7633048504784818,0.731102202471026
26843,0.8009753249107836,1.524755182248154,1.055846282701094,0.0983260439260574
24163,0.7717849784986268,2.378988135445113,1.8585160846523778,-0.8733057337383665
31003,0.1470872669133193,0.3315096959344819,0.0380581452842889,-0.10264448542462407
3323,0.31730585450997284,0.03860527140471276,0.5718988698582499,-0.5198188150788015
3043,1.140679357457983,-0.9565272977776352,0.4490043632625942,0.17238904926424767
1283,0.16064685234340384,-0.1548612922392345,0.6507125682596967,0.9889433200215131
19683,-1.4046744506208886,1.4869517821420584,-0.26804041861388345,0.811060039374512
23843,-0.21597797084786838,-0.10631242723190501,-1.0043039444627913,-1.106377931376847
28003,-0.5077918927858176,-0.8076761236367608,0.3191340909575252,0.4565115843581077
32163,-1.0135544886338805,-0.30792484666449205,-0.012737321980666898,-1.258422395300098
43,-0.6283047146156677,0.48222077916541967,0.5327585434075176,-0.9139775189537354
1923,-0.489315053898206,-0.018626574509051187,-0.3535707889236777,-0.04133031417752805
8363,-0.03877138253199852,0.2434252790198623,0.5029126162028625,-0.8682275251442784
16683,0.35187666660184075,-0.9836496873792985,-0.022709886677602126,-1.0156940975681488
25883,2.177660023259741,-0.28882296201616536,-0.2411077020189619,1.49436454635076
25003,0.1872233966487849,0.9881864288576013,-0.3985866544060144,-0.21521000530197357
6363,0.805871246317123,0.9518596120130279,-1.558028167603851,1.0332629508875062
1203,1.40781248227629,1.0982673254891104,-1.2490953852631073,0.8012462662963477
11563,1.2250413880054931,-0.6273233597045745,-1.540332967943247,0.47233736069662763
26163,1.0042892645073513,-0.15409433345576562,-1.3665940894336712,1.8783368707369514
19763,-1.3024935634437103,1.3953951961512614,0.7284653068619652,0.5822911904291611
16243,0.1341747317329717,-1.4524262149591836,0.4854532617129594,0.43226915974866403
27963,-0.23697867736439954,0.6915263689659084,0.7278269705474356,0.008181089893599468
19003,-0.6139499498279423,0.49445219031104837,-1.7341873863743948,-0.9098198034159567
25483,0.4247926915891798,-0.5270757753207552,-0.10002166749028357,1.001675776066352
31483,-0.45260339526233645,-0.29191042988273064,0.851765014429579,-1.9575559920857908
13643,-0.013762411002207833,0.4185116351116834,0.22639421919335226,1.8969755940831396
3523,1.1302655692629384,-0.4014619318316187,-0.7553637223363613,-0.6120991002358224
7683,1.4397055480095402,1.29364187625292,-0.7323465916905557,-0.6475904646823325
11843,0.7791780356100291,-1.1353710604090426,-0.7098848093754241,-0.8899180554006866
11603,2.3459993837400575,1.0294040715398742,0.07123904595198476,-1.615780971472047
16003,-0.4814669927715023,1.3935574727713613,0.2835619809600666,-0.9556251493730242
20163,-0.7400438472288122,1.5341973260316288,1.20316553793489,-0.38019860897300956
24323,0.12170972759267772,0.4148359477589933,-0.6141497158194529,2.1505047222056346
28483,-1.146108444402093,-0.2981572942061397,1.2456787647272975,0.44710160967820756
30043,-1.1920946010398557,0.5767391243667482,-1.4533073389839168,0.4188593344272653
4683,-1.796799299894283,-0.17025065076287876,-0.6719520313532135,0.8475100620462236
24123,-0.3749440362703002,-0.27353594638986795,-0.47306840840991493,0.8390742359255049
13003,0.1276098334573057,-0.4928503251447963,-0.3782230909425481,0.16353506313594915
17163,0.8105463442722767,-0.5494487056560854,-1.376601512284866,1.2072225189506414
5483,1.0192868507327022,0.48265644550215475,-1.0877103561568315,0.4659061007591422
29643,-0.03232625081196349,1.121718809147307,-1.5378339205811713,-0.8423512111319627
18323,-0.037897476562494516,0.015609630384275498,0.039312982461124524,-0.04620798022415601
5843,0.23918867716047226,-0.20447959042062502,-1.4391016416605034,0.46347407937723634
1403,0.11476899681825405,0.10783650701330498,-0.8831289709510235,0.4055408913097187
22483,0.06506536643351475,-0.4911124950898724,-0.046514211468638614,-0.669477072516737
26643,-1.463786091780917,-0.9154902371841994,0.0009330643276495197,-0.40512168345401506
30803,-0.29223593988431706,0.39987430906964144,0.03627481600986809,0.3776395877530319
30083,-1.1318659388283674,-1.2812311965050174,-0.0717067859632025,0.3367348667377607
2843,-0.3464361304394994,0.5512288783968349,0.30017560376552194,0.7780159763908272
9843,1.1421702121411323,0.838624938097621,-0.14330228606352635,-0.642883746881747
7003,1.1976778223786142,1.2906839015716145,1.2954332487605436,2.952005381652626
7563,0.9576667964662833,1.5041639398300524,-0.54964128902717,1.022454516070015
11163,-0.9400524968524074,1.3609040288200336,0.5475010616116782,-0.08408180039375082
15323,0.204516198279389,-0.3640434213288501,-1.9040744495904653,0.8208763174199771
32323,0.0515264308640409,-0.3824385886221939,2.3803565381346763,1.0091028453387676
27803,0.6768791976500873,-0.47845690077361724,-1.68294860554255,-0.6608670564989002
31963,-1.8293323468970313,0.009272662783768678,-0.4392273073884532,0.5107979292968514
3483,-0.02965397001767264,1.2355318340860804,1.1173083942651467,-0.014545798206011484
4003,-1.9944157930778976,-0.6942013951269735,0.040044338094025626,-1.4188693941858361
8163,0.5767789039220225,-0.08844947701262308,0.018332297652885056,-1.5776608953305462
12323,-1.2158911709344447,0.4923731803881219,0.8182091879224203,0.560206563186745
16483,-1.5142485352692374,-0.25066790787324394,-0.557127143387342,0.6482087841380949
20643,-0.6815536961012194,0.17594277569590974,1.1305198107194203,0.758882701472919
24803,0.9055460615239725,0.34446003784280316,-1.7294439670015531,-1.760379014214156
28963,-1.9759049101392492,0.7543948180470765,0.12087766608872902,0.9124976220002661
30123,0.560815148816841,0.055868315384079624,0.5874574639905039,-2.3363295264600072
1003,-0.966279284297245,-0.12780018706469984,0.08557369667048675,0.911295511228464
5363,-0.8528378910654053,0.6120555480231118,-0.4818691308473259,0.49989553389510993
21803,0.15032532367918885,-1.285751535800048,0.2272280548392354,0.6434481539033731
15803,0.8415247825128103,-0.6592315376280771,-0.21560789376459247,-0.28751532421756604
26483,-0.8344140270740897,-1.6558611067481783,1.6814937922629989,-1.4309290962381698
12403,0.6380680244930533,0.035175248265545696,0.804610439369066,-0.4227635939674165
24003,1.948022181336482,-0.3210779155571166,-0.5902293802281526,-0.0250055765586754
6323,0.06495505429623429,1.5534885634298157,-0.36012000164926916,-0.9767089378281768
14643,-0.18611533808452332,-1.5035397106127866,0.5349585170178316,0.4318346331835945
11723,0.19258070894407253,0.1121207342583371,-0.3817321628771517,1.5585219760703595
22963,-1.0419678327618052,0.5979218609924032,0.04830953722257118,0.11668016515309292
27123,0.8634807978163289,1.2554001862898059,0.8073550518079545,2.8617657642703596
31283,0.5240361194282324,0.8918054247347122,2.323449998847363,-0.11233199462833375
2683,0.25906043240720456,-1.4445517271307275,-1.4149161370970125,0.18071061222275767
30163,-0.13613601088591643,-0.0974189030106024,-0.5021429714152557,-0.14075442221839568
7483,1.439984301768005,2.173554547725042,0.46837887409539275,-1.345529050786689
28123,0.4617268237294167,-0.37378675868219186,0.785518472057305,-0.7787297824147676
19963,0.8454245079457514,-1.3151257973048691,-1.3515110246433109,-0.011779719902344103
15843,-2.043055489678001,-1.3783569055043026,-0.05553994908181987,0.25532241294965596
323,2.316587381815639,0.19290530879743054,-0.38226147848285813,-0.5737634387581036
13803,0.5878512858013327,1.3171311098569602,0.29079093448642584,-1.0993072653256237
4483,-0.13683555981622436,-0.6158920140812367,1.5412031163514899,-0.6938565532065313
8643,1.630416941769082,0.8521430323168943,0.23082130068926096,0.7506292573571975
16963,-0.22999904802077997,-0.317409695451614,1.0537373090991966,-0.3517429776768478
22003,-0.30183545280395646,-0.2944471124837393,-0.4379132175678975,0.16917466239013274
21123,-0.5890059264588963,1.3319791860616557,-1.1222303600834045,0.7324386119888259
6243,-0.21885308779013088,1.6864195703234148,-1.4192027369483042,-0.9318525486700152
24683,1.0790782407622186,-2.784379390214437,1.6364510362313405,-0.10853564370086113
30203,-1.7305454957209527,-0.40935251912898163,0.5151010741571442,0.45956819225474965
5643,-0.6854035016527118,0.7579417279894993,-0.3670603359648728,-0.39774422933142917
9803,0.3549434442282798,0.17061689149115583,-0.37440533575703516,0.22231757804353872
17923,-0.7722228008539995,0.8988297689425192,-0.5951970157283104,1.0441252162784587
19323,0.5233966545141829,-0.6504149843182366,-0.2356747315495998,0.47406542465390794
26123,0.7647342282128753,-1.383117068060562,0.6543341101335457,-0.7895251942024198
30603,-0.6817065803644279,0.18605436938934575,0.47161098341686436,-1.4883908586956969
24083,0.030324026771462807,-0.1073033146984024,0.09779997596237036,0.26074072660013303
6803,0.4069765688960431,-0.34331166856285317,-0.5375476950365993,0.648555650460629
10963,-0.3931695698848986,-2.0560292276246517,1.1698320594287537,1.0147202811566063
15123,-0.2925901036049456,0.04394290703715845,0.9043367493113565,-0.2855792053343793
19283,2.485742909098557,-1.2532872209997121,-1.6783352999564731,-0.4976151560657162
1563,0.27733566184560604,1.4437826963406921,-0.3502204414155963,-1.208435056555989
23443,-1.843965649293884,0.20415910555764438,0.7941911753436954,1.2667915432668473
27603,0.2872571606807188,0.2784638135762711,0.9313019094895932,-0.856002901418135
603,0.7770250875461445,0.2597238586880721,-0.08970316728490413,0.9077316326751492
3803,-0.628076064643376,-1.344909932975673,0.268040913001534,-1.5320246204275294
7963,-1.421498114102108,-0.380420480950332,0.27087113505444177,-0.4762360642122228
12123,-0.3416248650651686,-1.1249436250488045,-0.47286959835114883,0.8228823429596553
7723,0.1576086124366887,-0.5554498947160056,-0.04178080771762596,0.5731684450429944
16283,-0.6743511431458676,-0.3998550747060506,-0.03513984647797257,1.5818271871366956
22883,-1.0290600148211297,0.8070402594206371,0.6058734170709833,0.3356300697016454
28763,-0.808113026030824,-0.2531488246730173,0.03312457853083621,-1.2888218173986934
15283,0.7312000115924384,-0.0270373793170159,0.04858728950940299,-0.21458037794275925
31803,0.3024555393624592,0.5142285566234126,-0.7422043118238391,1.2017840868518652
803,0.8983438643740791,-0.7735015977077278,0.5310728418180982,1.3392908375899715
3643,-1.1754780689223625,-1.4070787935584386,0.33619854049898584,1.093647121646058
9123,0.18337890912867605,0.377073180456283,-0.6347787489978395,-1.438080161693042
13283,1.4517268377615211,0.8625106072382416,0.008914202030892004,-2.0784191102180127
17443,-0.07050858777146977,-0.5214475128759918,1.7958747161985802,0.13598475620300043
1603,0.7622969540627228,1.3035720558474575,-1.2935812056603222,0.6155576448538324
25763,0.5666415502869899,0.8380625036072656,-0.8262368525555218,0.7080710568813507
29923,0.5125288948156183,-0.8154814824215761,0.19999331838617584,-1.043660304859213
30283,1.4360856831868214,-0.5243207602135199,-0.9291611943623224,1.3056630496758932
1963,-0.1934079073060187,-1.157508491969377,0.8959003605462725,-1.288458771217864
28243,1.2513034588271577,0.786434345478025,-1.2395133492897754,-0.5394690219186733
22763,-1.7206401619324436,-0.0891745687991382,0.901929808843383,-0.3022123072266428
26203,0.5555791775233772,0.35657426838170414,-0.5060868827994286,1.1765684899315494
3123,0.005019191637410435,-0.8798467341903969,-0.08942765107769346,-0.3557289548128029
8123,-0.1414666396419605,0.08925659242557137,-0.17415195022276114,-0.0306616301593471
11443,-0.4759925083613445,0.21762199441092794,1.1123985207201077,-0.817701237948192
15603,0.4049452911134493,-0.045792338620165185,0.8194205468285009,-0.7671530203730104
1643,1.0150815975514103,-2.6808156800255625,-0.5042449786973563,0.4287833561424423
28083,0.422629813394122,1.4398549851367362,0.23089824393594738,1.5356893599486214
32243,-0.10079036745162179,0.25180478043430315,0.8582428859065881,1.3271447386651953
20083,-1.7639522375288497,-1.9187134417310332,0.7084085930247808,-0.2294828866413373
8443,-0.36811369497719093,0.3623500094107465,0.715731900106348,-0.5419528962182284
12603,0.2973116108036411,-0.8871950165902184,0.8972692195022411,-0.8519729219422236
7803,-0.692778030741838,0.04209300276071466,1.2247459342130207,-1.5130780804713002
25083,1.4828425148702717,1.0980953390666677,-0.765874973466156,2.0450096094180665
26243,0.13579102571432605,0.7411657866719595,0.7348996395939794,1.1626689475857381
5443,0.6455158660609213,0.715556822726828,0.2677458748715863,0.14076094069313136
13963,1.1781017447355924,-0.13685437971697836,0.8561464916234087,0.13980827727042075
9603,-1.0275475473217677,1.1633650199974135,0.5337580826743886,-0.18685314304274303
13763,-1.2933516766505164,-1.375384144984565,-0.1745400698935321,-0.05596540717317661
22083,0.3987970061274308,0.47473150399096686,-1.2397242007775333,1.4107150329610738
1683,2.3021805193011615,0.8596211546408844,-0.39334107361040394,1.480786278675694
30403,-0.11950002536066141,-1.0703709716007963,0.22528718510164827,0.32061533197753944
30363,0.5210409642655608,-0.8942870814419493,-0.3063889063771575,-0.21844452780218873
10763,0.9186926941429541,-0.8586437446102346,-0.7551060253545334,-0.2618464638410561
5403,-1.3247287031565727,1.163745083955814,0.4466099289736016,0.684184502787007
31563,1.3884070441887486,-0.8020467057306953,-0.9692408308927305,1.4303671340250061
16043,-0.8332887577289857,-0.8606459264844096,0.06258535348564065,0.5037723238966179
13923,0.14407114669065907,1.7607794547817688,-0.7587489490282681,0.8708847029062117
32363,-1.9036894582923063,-0.7841261318140405,0.023929548969211803,-0.6972513181778659
3603,-0.36654805520563555,-0.33765299335846616,0.019878938086946407,-0.32955844730953143
7763,-1.5235740955259276,0.042220404193782306,0.750918931063875,-0.06529958727538035
25203,1.6609234135072732,0.44014819739810757,1.3810226796243823,-2.1275032622472896
16083,2.053587168104679,0.669598766252711,1.675902499016359,-2.087051393141792
20243,-1.3912494178818262,0.7484987942146591,0.17109949485966983,0.0032771488025558084
1723,-0.12224651150220175,0.04493651870265618,-0.27529304183966613,-1.2363122391230867
32723,0.4092634231345547,0.23985957668241034,0.21526196173834364,0.5414875263624148
8563,0.3118734467573588,-0.48370223657613487,0.6672833872001492,0.3823191308657442
24523,-1.2133401395096304,-1.4286110174482047,1.0682781931071883,-1.0456964012824015
17243,-0.33090940862484114,0.4239352929109089,0.26526355707482785,0.26231667981711854
18123,1.873768206422599,1.250265286070724,-1.5137977330522965,0.22390260709742618
21403,-0.6628524856053992,0.9704222951897491,0.40359270045851514,0.1629503509272052
25563,-0.6851685533739538,-1.208460251778913,0.6286274315435377,-0.0840857745082935
29723,0.7204499830616726,1.4586584400468148,-1.5694804718483588,-1.2383413074140062
3363,0.036923292327978384,-0.8835175892835525,-0.4638152444780568,0.2082734150050206
1763,-0.18088494430290494,-2.1703756556234803,0.5353028796211432,1.3430108982251057
24283,-0.21308226314765288,-1.074869415306394,1.2072804801125572,0.29290192969022955
14243,-0.6145059774025867,-0.005015992868976225,1.0948993993867373,1.6191651144003238
18403,1.6030301792904726,0.560553103426697,0.13517418369617795,0.4704947429328268
22563,-0.2344757627407608,-0.09540215622140798,-0.9252667198824682,1.0610137712472083
18043,1.2621269197487814,0.2862281521024773,0.5157831833974852,-1.9702201857753092
30563,-1.0852505718489907,0.45361918618090136,1.6658109889045924,0.20448892516442413
2923,1.0487172054884688,0.9082663430955729,0.001900761197064449,0.8176856555248204
11243,-0.27793123378797996,1.5567221858947493,0.5140138235176004,-0.8566776168866178
15403,1.1354094038537965,0.9015403532036368,1.044292452727787,-1.135003418726193
2003,-0.015554211637366037,-0.015609944013542206,0.43813029486862665,-0.7687539786888102
23723,-0.4510925714199633,1.8068052832861192,0.5531240328891055,1.5013881726864702
27883,-0.9242481299655535,-0.34189901230249664,0.3368959276539276,-1.2382706083694774
32043,0.31545905012011055,-2.025649869570471,-0.33536711201955643,0.20922136807162306
5883,1.6751815512577615,-0.8263294955221538,0.09502565287976177,-0.40459928313429266
4083,0.6666217396558193,1.4768088430057984,-0.09022824938968636,0.8156501926287828
8243,-1.0309144307398714,-0.7518948828124085,0.5881608123154681,1.0350438207685482
3843,0.8894558794399637,0.46018441804749133,0.10035713847391098,1.6979367333891344
20723,-0.23156227440750796,2.951031401857786,-0.007561513827171815,-0.10996837411770041
3963,0.43177914806518086,-0.7527816601034268,-0.7700949814132999,-0.47795215864437285
24883,0.19652100241624895,0.750564850417095,2.4058468070550236,0.6190080026579581
12043,0.17681472537614526,0.19624629921353526,0.6746296403971209,0.23364706373267838
10003,-0.47713080329411794,-0.737615579243998,0.3505344627614686,-2.617951814628977
9403,1.3359969840893706,1.009081248407043,-1.3470430408126006,0.4331052909566691
13563,-0.9612754671863877,1.1391040567287767,-1.2669138123167822,-1.0638157409393307
17723,-1.1737225082200264,0.3459493018514092,1.6254360534760806,-0.8504353272215025
18203,-1.4073361032515903,1.6569964213657848,-1.4235791434614926,0.062135438978157174
26043,-0.08965936066803822,-0.3367280329182325,-0.18514638263507113,0.7366606426143224
10203,0.9671204265035056,0.893425071767415,-1.083243577518588,0.4425305833216164
2243,0.47986138753972546,-0.7037232025641852,1.6020901893293908,0.5199995181898741
20323,-2.3643025203431907,-1.5895674780972322,0.06892065506545202,0.5723713902588987
24363,-0.5816788957700016,-1.8732445971728036,1.0006341406911399,1.4777705273151431
4963,1.1809274927444053,0.02050197487974177,-1.1803716046151262,1.6958180588737402
23403,1.1455170026451176,1.7957255932236342,0.2965878917288279,0.6614390512597093
23043,-0.648801931998687,-0.6349857951675542,-0.14833512827984355,0.9644941092827717
27203,0.25451220499570903,-0.12561235967744655,-0.6663757807850618,-0.2932500834681809
9523,-0.7247731682572084,-1.0683054607206957,-0.09757599057328718,-1.0760074169385017
31363,1.6804708894541096,-1.0354895492536424,0.4258169003806858,1.095120212264341
3403,-0.4911652746987948,-0.4071218845878682,0.6580895207328941,0.2825807135259063
10043,-1.2439278163274157,-0.8010780566518054,-1.7815339100991576,0.03043414243247813
15883,-1.745927412818036,1.2058199924432547,0.5769146424641413,0.19648526767609287
20043,-0.7128486012736804,-0.8043152168351145,-0.11147261979977206,0.42421154864891797
29323,1.1595715749795807,0.7851877257879848,1.7292172788850415,0.5008570228193819
24203,-2.009145805257283,-0.5639789262776229,-0.3915587817467557,1.0521845657250621
28363,-2.455863390641147,1.4686067085284193,-0.663719391397618,-1.130857572404371
32523,-0.17968650045722742,-0.27915396370739765,-0.12025992786192505,0.654594565410239
26443,-0.6212854402273289,-0.44614814938917774,-1.0316906160423678,1.2009785176825738
403,-0.8343400613062653,0.6111052926423051,0.7416293169719285,0.15856025613733898
8723,-0.771649290305953,0.3440658408703995,-2.4722472498993153,-0.11374910344576487
12883,0.4083381262090455,-0.8470773348705358,0.5253022554329857,0.9717691667992883
24403,-0.31425260965153823,1.4658062455356362,1.0139501146547172,-1.2141187797491308
21203,-0.3530180848681119,-0.6317349052929023,0.8767761779257881,1.0879676132573979
25363,-0.5840162179438649,0.05272303736518492,0.03700457510058451,2.19155079478066
29523,0.4099509453858631,-0.5777714736340307,-0.5130344144333773,2.0961927700309535
1883,0.09471788327160337,1.3242102636985273,-0.28207270162108744,1.6478557670510434
10083,0.6209036674281185,0.0067443783212463365,0.048403369426424384,-1.1615948181456872
9883,0.40404003421383716,1.0031351503247292,0.91170811961198,0.8504588945796283
14043,0.8013125970645264,2.1094687213338243,1.3950813193339457,-0.9569489663195327
22363,-0.2177210002703182,-0.4162777250876249,-1.9613728243166617,1.9660861049724616
8043,1.9433396413907194,-1.2986930703070174,-0.4457529974436189,-0.6541264906961393
30683,0.3744379025210908,-0.4967873887819349,-0.12487898239923276,1.3811798791690955
11923,-0.38689159403204576,0.042460841817353545,0.057944687407933765,-1.4420244566018559
2723,-0.27719848822683735,1.5181319108045874,-0.5807880255735842,0.1835564017066482
6883,-1.9444105880813405,-0.20177052635061637,0.17438557309912575,-0.005540132474409126
11043,1.240484416593574,0.8239176498077075,-0.09770951129122048,-0.6902766336341335
24443,0.612832658318156,0.24588637043484635,1.368905802914023,0.4440886729711513
19363,-0.4962568114099486,-0.2899150971618697,-1.36048375338265,-0.4468223884842183
23523,0.9287261426604945,-0.6912818313940424,-0.9701484973005978,-0.48594252245073266
27683,1.8889163133699702,0.4552116933347691,-0.15720714177671485,-0.2511308558584808
12163,-0.6325547924676002,2.726298553524478,-2.5391154890012873,-0.8369161563667207
3883,-0.058587614436552894,0.2408799425592531,0.20359505237255707,0.36556142000006947
10123,-0.5899703356237441,-0.6891613671299309,0.26955186951557863,-1.4608138081734838
12203,-1.0204702399088095,-0.1556174025831718,0.2036278685303229,0.3730648452936915
20523,1.033823874619549,0.5162475381390761,0.36445116340874617,1.0356381294714943
28563,-0.3443828685661135,-0.268568165898974,0.33673427664839173,-0.061682467741053716
28843,0.3777216025268276,-1.0588653737066431,-0.20378844639138788,0.3529211559982427
26523,-1.8115888952056032,-0.5037795215459325,0.11409543743470872,-0.8723191356073218
5043,1.034615836261077,0.05252597160445997,-0.4615396737264408,0.6337318494183465
9203,1.91067347982939,-1.093640634275038,-0.20995686442138464,0.39330660210369406
24483,0.32140056393840505,-0.896125199309649,0.4058609077460595,-1.5221148186540692
21683,-0.8719641925928686,0.766573505880004,-0.6916053788720772,-0.050033877108398093
25843,1.4193863837585614,-0.3350208728863438,-0.6266162291066436,1.8409076697682896
30003,0.6914645246177086,-0.8802184207127054,-0.6166004673909387,0.36334980038044423
22443,-0.9391853793630498,0.7986069655546463,0.2925702162322201,-0.5040456774588794
2043,-0.47391365342453806,-0.8968254947663877,-0.0990728362120892,1.2076489158030106
32883,-0.5029928286313525,0.9174351231698216,-1.4919219360825846,-1.0496987427799969
20403,0.2759558972481681,1.1541901799289649,1.1644548075250372,0.05074987687641791
22843,-1.6337937566876475,-1.0086860215755982,0.7131936638707952,2.550852254898167
18363,0.7492422586902666,0.19681852656624085,1.6070184882771072,0.2641335241695414
31163,-1.5017977153418833,0.7222915869765973,0.19119080242625683,-2.32786982843158
26563,-1.5664684862996772,0.6164004431342615,0.4538365700572343,2.1430937594353985
3203,-0.3027865300638862,-2.3358733860440415,0.7475195360502757,0.3945281701174632
11523,-0.014910627865149666,0.3668784917999535,0.7433470435939176,0.9283549023850646
15683,-0.18194636039418446,0.852618538333997,-0.09573950872363002,-0.37773428343158066
4043,-0.40186914568908233,0.6672964875593453,0.31041331790048526,-0.27173936738102766
19843,-0.3885252234454476,0.21217602896550364,-1.615130374985931,0.7348401174365763
28163,1.0473544326109714,-0.2210810423873728,0.2521875588760574,0.2891210443656029
12243,0.01403992226829734,0.041106993107803705,0.7515815961602584,-0.12073297058242036
203,-0.28974707105348046,0.2617870653777416,-0.8836373992995566,0.018562174625956735
20443,0.029116078948746446,0.34829401596946996,-0.4647508759435206,0.007152354193899466
12683,-0.19300868394754014,2.8818378073253696,-0.1890685917253979,-1.3425600880532589
16843,-0.11398624392237741,0.6242972844998756,-0.09875176535152005,-1.5729326250956552
21003,1.659602783997206,0.26374634014020526,-1.1742845637291053,-1.742475975070934
12283,0.6423761396247715,-0.5800089033433767,-0.521568981943549,-0.169919854526158
12643,-0.1469997165331145,-0.19717135905974306,1.0245341358014068,-0.2387788156188081
31083,2.062497241493784,1.4589361715287827,-0.46559510676217103,0.18092809586458547
1363,1.4501688898033365,-0.13909751232472561,0.5963758100728023,0.23589889589345683
6123,0.486944670322921,-0.4645891924756791,0.3880289320470817,0.7562740092017792
5523,0.15380372614173113,-1.6524237523944791,-0.49257574696426676,-0.10753178127219974
9683,0.8304478115706956,0.7840417818525653,0.4093286766681636,2.323714766303384
13843,1.6098454117611576,0.5567310220173001,0.2019082371117876,-1.8656348751800822
18003,0.4591562124703802,-1.0038065610845004,0.2943371398729277,0.8176397870789457
14323,0.27306396129194627,-0.36584878913042185,-0.42452272992861856,0.6447013985818174
22163,0.493738757080418,1.0104943944502096,-0.6377731058320887,-0.26220933719518125
26323,-0.08657214061292906,0.36499118513668966,1.144793133384936,-0.6012699344827073
7283,-1.4104841618629813,-0.0430786562140473,0.524294313233129,-0.767140964978195
30483,0.5698415255361371,-0.7622168290381643,0.5442199463689255,-0.7721400803487366
25723,-0.46467864361150096,-0.922764020992471,2.0024113310028637,1.1217733268696928
32763,0.5825929050659041,0.25334755834627243,1.041323466885823,1.3018530240715822
