16094,0.3923892676511286,-1.094625786811145,-1.3040031751228711,0.9394314601972887
20254,-0.3721158338399735,0.5709514210510546,0.12521769634345115,-0.504415146811019
8534,-1.2457718694161706,1.0012755145280032,0.31538210484030893,-0.19747881705496284
12294,-1.3847024218295692,0.17320855704864796,1.026648928275872,0.4480392889044861
14,1.1247665837531446,0.5802973408819111,1.1365530453184889,1.12096082122178
13094,1.2388053515261297,-1.531298733251671,0.43416931601434244,-0.8034047181353587
17254,-0.7991024526920378,-0.5018573501181903,-1.2291715838383617,-0.3246974477447436
8214,0.41149457655216826,1.1730884748438686,0.019591432404295676,-0.9349893969950165
16414,-0.9618374735211103,0.894421578751069,-0.7857902169122831,-0.2044464073927736
2054,-0.4776792121250038,2.1047086432529545,-1.2271018027735823,1.3149967805586336
4134,-0.43928145852419026,-1.0103302676436903,-0.028554958414662913,-1.2340251183930693
22574,1.2659235416613244,0.9607031846016824,1.4722625798172495,-1.5477936063641462
26734,-0.819264439289213,0.4105482855516223,0.1706189466638854,-1.4360463841118933
32814,0.37157304828628196,0.12939012580371045,-0.9026772187806346,-1.461342884112713
30894,-1.527525096343349,0.11618954188432365,0.8220397415427894,0.5390417502325529
11614,0.5485675252145271,-0.3070455212616155,-0.11546388164834626,-1.0053416765070888
30774,-0.6018299949334435,-0.5782361848781058,0.09197708235657644,1.5107903187400915
7094,-0.451111371697499,-0.14421294018249026,-0.2612931733230216,0.25647795972202597
11254,0.7574801108877363,0.01930700493073978,-0.843395109029885,-1.502279279165949
19574,0.4500197897414495,-2.549424697795936,1.92640812814461,1.4101609260811114
8254,1.542994085682883,0.19966407873923492,-1.1426130746619532,-0.23124011467065964
23734,-2.037607150083536,1.5328599916607697,-0.04514245404885802,-0.5436391726605607
27894,0.5223949545701354,-0.3137018176578455,-0.19296672456585862,-1.0079602609834446
10934,0.50960403269781,-0.4421531581552011,0.8252351801451775,-1.4114196204749416
26694,-0.9985193756385671,2.454464202285916,0.3346834074713056,1.5577811660011318
20854,-0.3985677740970957,-0.9894873670388631,-0.4524927462802574,2.764723827948482
4094,2.221547212268557,-0.011076730857459747,-1.2856304165775998,-1.709679057460216
12414,0.43264865652995116,0.32093319710715723,-0.7687362153848923,0.565017890991255
14414,0.37965075782659546,0.1407879188753372,0.6819385311200387,-0.5684115546171052
20734,1.0255667221108482,0.38401268499216956,-2.3167047606197317,-1.487494104159131
20494,-1.2970252703267764,-0.4181865548788059,-0.5825677639755832,-0.8689932470737272
2134,0.5497942720426304,-0.8142388054521655,-1.2498576506378158,0.36727304055403465
13694,-1.931849814453214,0.2622875437845414,0.9206062348263327,0.5554767150336258
1094,0.04124107029045346,1.2021250739442355,-0.2742687418153588,2.4968534124128907
94,-0.07350956662393841,-0.08222004770469807,2.330382873979535,-0.9071482876981827
13574,1.3963650199929722,0.034231115739370176,-1.1144207667646249,-0.4857856299400641
24934,0.24261127368719354,-0.531196078340055,0.20402259217799765,-0.07758519538805526
18534,-0.2556299696120011,1.0554087717487741,-0.16237330766025132,1.3216940888103617
6254,-0.4418362710640149,0.18438317133537033,-0.3642209975531793,0.23783636735451455
8334,-0.24628295727134852,-0.19049391633405938,-1.6913512376585265,-1.783242598181986
6414,-1.0543056229859868,0.7519638993683129,0.15207631237042699,0.6937601459557097
24254,-0.7520016230873436,1.137919184607413,0.9931114425050724,2.080748278165075
4214,0.3939036963967493,-0.04787331245102615,0.06940721811125096,0.14264701805440283
23054,-0.7776961097162202,1.1326519569151736,-0.2912586887494599,-1.00751907316992
32894,-0.7527720867787757,-1.3287798492642673,-0.48186874658544193,0.9179524466747506
3414,-0.08590743341897496,0.7093454052199586,-1.0219484303121436,3.6153956473136915
13334,-1.5234611123078736,0.42058256118718534,-2.3275256176396995,-1.5166415979867531
10374,0.1486305295283949,0.23625453417135872,0.11399161393776674,-0.1368763316442226
15894,0.9305667309265475,0.23054897475726346,1.2683160593849319,1.0417725736418648
18574,0.29782035910543514,-0.2568590217948403,1.0687374096961662,0.15916266465382573
32534,-0.07318697966835502,-0.6097090449680925,1.0254023598139814,1.4133560397090181
7534,0.15756330995783124,0.5658664828138388,-0.40885159110906355,1.6236968802096683
26774,0.24009685983271847,-0.4237216223214256,-2.4402623502914893,-0.01604616116143715
4574,0.193043389625086,-0.02410863957556827,0.4407835229461514,-0.6066227076762906
8734,-0.4382208032030361,0.5334423734037413,-0.9550918919873982,-1.856009945893865
12894,-1.8359359120321619,-0.18011902450192063,0.5856596148434359,-1.324827028857396
17054,-1.4844424618053391,-0.1446734262742055,-0.4093247505757008,0.29296519603641114
21214,-1.0436720288018284,1.3401513014619562,-0.8967592832323703,-0.017194902603462577
29534,-1.4298742570242653,0.39436182877301934,-0.5468710472916836,-0.5713179871314004
17094,0.989789039974657,-2.21549222482797,-0.17138596349649024,-0.7326912806406741
12454,0.44403474242763197,2.2089493176389503,-1.1960245968552419,0.3289371765428376
24974,1.2135463650076839,-1.310911328559591,-0.029152237577185804,1.109527875730578
1574,1.1134085889868652,0.49170618166066055,0.012056489138648924,0.07806368503715727
20654,1.5126184871412476,-1.629826737077142,-2.3257949937504265,0.8740396165790376
18214,0.5135368149745321,-0.969908980051347,-1.4076082706299993,-0.43300942756301186
1054,0.20475066174230674,0.5831790443518239,-0.34835296482204403,-1.2200085704295718
8374,0.09074698757168978,-0.39640945090530505,-0.6706493685549069,0.5700420653848481
26534,-0.656964115293377,-0.7842720950698451,0.5620044770595619,0.318147337891256
19614,1.3327284490397198,0.2695426222813344,-0.7620636277968597,-0.782575362799135
16574,0.8170352267589936,-0.640093627164353,-0.07994040733268812,0.3070404841916262
15494,0.0032694961453840926,-0.5522185955083693,-0.488221893142526,1.1325583183642296
6894,-0.6743724181981184,0.4835260123149402,-1.7854839164909428,0.7783303275453102
11054,-1.6698185628413285,-2.046861531578119,-2.121002114080661,0.5982699773037083
10614,1.749472030094491,-0.3102963822299865,0.6959359268590793,-0.2874591560029062
4294,-1.662398612787111,-0.2902547878958509,0.15112190687338078,-0.12465515260481894
12494,0.27683693402463727,-2.3796826809707126,-1.4672876481304806,0.5509659579608391
4814,1.060029848900264,0.6845996302004542,-0.9731805224438386,-0.2660044230347579
20694,0.829062111999171,2.444903622247793,0.3732684833824036,-0.4633267704765308
12214,0.13137095463838674,0.8595492843082252,-0.23744303931550167,0.250539223460666
18654,0.4118981384552649,0.021812947674040937,0.6075537265730848,-0.9233335327871898
894,-1.1995690113904098,1.721422220795671,-0.5139658419051725,-0.9031412046165251
26854,-1.1530426569310384,0.9851276118702059,0.8781280095842677,1.02737453962272
5054,0.2353956027293117,1.5916949705712602,-0.28319035293523376,0.24818030752423703
17534,0.39856970679220693,0.37352393033594217,-0.33596591628684624,-0.42927695180623543
4334,-0.8302439579775645,1.9288262304163621,-0.1140258476797813,-0.8743270231830693
21694,1.103547793560751,3.4182815705395875,1.4759430649747032,0.3136730861867419
17814,-0.155655530138391,-0.27981699466611604,1.9535655023856247,-0.1891949619623336
25854,1.797717431972681,0.7542268734314512,-0.18687742718759456,1.035058504898651
23934,-0.2538036329922766,0.5322126733936089,-0.5516298469959737,-0.4956938598198898
22774,-1.6739653891367507,1.0462115497972122,-0.07409480078150364,-0.5695332624894109
6214,0.7437411803368308,0.0011758503218385033,-1.3182259579536872,0.6955551328941835
10494,0.4660744736257275,-0.20495661503441298,-0.23559712447628545,0.3698049755218124
18694,-0.6348379927536458,-1.5767884883405052,0.23235080075308992,0.3544688387166939
22854,1.056747298921741,-0.1608077841229069,1.7028640986615062,-0.6983579153565626
28374,1.3676619968756707,0.7817305726152165,1.495523979223666,0.7618520338604686
28934,-0.6658549170734392,-0.05247923235280654,1.974742719915923,0.9954309312873985
31174,-0.3128015336834532,0.2575147037762096,-0.43152069366476464,1.1972591369270438
16654,-0.5073280905859913,-1.4103458417927912,-0.2051627561258514,-0.5619588019370702
7374,0.6887127559506253,0.3018988165591169,-0.8820445747735318,-0.0002907042622677733
11534,0.7374531577639547,-0.30669548014176023,-0.4024802807424437,-0.9644421822882191
17454,1.552990847233156,0.7689664914504201,0.4485606724796317,0.43340927752597014
14614,0.870900800312848,0.54448470624884,-0.6515581129277515,-0.4079647775170903
24014,0.9307544923782067,-1.1741820994776686,0.6101825159534463,-0.9437364594272707
28174,0.7460905708619283,0.699443761170325,-0.4060492702176618,-1.6927165332225902
32334,0.0833729837580655,-2.029404057374209,-0.15372916493582087,0.2832761038396645
12574,-0.6598172117923884,0.16062887866562087,-0.7239832076027044,-0.43820005079931573
4374,-1.1704488649746676,0.7846725968496037,0.7509236869066362,1.0397967986853451
16774,0.5063244185839159,-0.35354534503593177,1.2313224509623488,0.15434151093301668
294,-0.56528381260074,-0.13793241038225695,0.4892732568619378,-0.4912827122079925
25174,1.0590678612053945,1.162438213027975,0.23581728297047339,-0.3252774774412137
28974,1.035190559033942,0.3751983060915534,-0.43472694827587466,0.035855437478287726
26334,0.47261762852848854,0.6615361952920041,-0.5609471704298954,1.8503629336040088
26934,-1.416024644527464,0.9502623209960558,-0.04557811738924347,-0.03853894520438207
9694,-0.35357963747851257,0.3321408822260228,1.5072447954317547,-1.6701218129721227
10654,-0.32161968724233925,0.5886572331602281,-1.1455233379578893,-1.0274467560512615
24894,-0.1676344402956833,-2.220045290912552,1.056242026590519,-0.060076717128343816
20534,-0.26150590004909796,0.5763753505678084,1.5809449286322594,-0.3762508413105036
12614,0.6796005248179521,0.6203625725796792,0.28330584837390993,-0.4794955967650775
10574,0.203320376323613,-0.04690994542050201,0.2277776915615374,-0.457942800534803
15014,-0.10175367351249387,2.106640427400519,0.2776999826482448,-0.8178606176669865
19174,-1.0387798665025398,1.1202635749333854,1.8701949340109714,-0.7988766162772831
23334,0.8247043325267381,-0.6581070919500919,-1.881034525500864,1.2194139136771724
4494,-0.4138264924970875,0.5086811921827887,-1.1383188659633838,0.6490779540428074
18774,0.5886790263662272,-0.4822739386429827,0.3322081168571384,-0.7508915187966905
31654,0.4752159920694194,0.9397456683668503,1.4227378041943117,-1.6761331393130336
16734,-0.21269755516146277,0.6057483767821711,-2.7552755856068534,2.4364955352545565
12014,0.9826492887516489,0.03359937355380379,0.2959093835345837,1.488535757877448
24294,0.6143197691629029,-0.8728962355953147,-1.9947475487258897,1.0722993253319657
14694,0.16921014787067273,-0.7957764805329414,0.3199103542903373,0.34031062939862633
24494,0.8072674050058012,2.5010591203104378,0.32645823633207716,-0.2552197921065183
23454,0.50538978950015,0.3071258358059433,1.1761304352692958,0.5627857225873742
12654,1.5024196105347434,1.2839080749298193,-0.08819015013359102,-1.0317370810502737
694,-1.0247635858703812,-1.445552767765135,-1.7897818718340077,0.04487377557572577
4854,0.21465132929034675,-1.4473136854702306,-0.764290049251068,2.416214937397013
13374,0.5245171520418637,1.0464816726064854,-1.2720225792893294,-0.258190565087646
31094,1.0305354572512242,0.40713588823387753,-0.7813231361639381,-1.3321489434612086
17334,-0.10713096509935775,-1.0288543978102827,-1.97343035306222,1.3106826699475544
25654,0.512449930572317,0.4593957218527497,-0.657813031389008,-0.7142873710154499
29814,-0.6171194352748519,0.2816460451472371,-1.6759147275573538,-0.46236862365704484
18814,-0.025881188380905584,-1.804071832213154,-0.21398034596631677,-0.37391560696289816
1854,-1.3729223210444088,-0.7219588667159166,0.19333718043568818,-0.5542822758226065
12694,-0.8942042241223113,-0.21044967696029251,0.24268928086033767,0.9901923324690141
6534,-1.614640456293447,1.8696278500920847,-1.7910720922291665,0.4819113097816627
18494,-0.4094308955478324,-1.151985679730393,-0.24421732483534636,0.5847398729303536
22654,1.5669046209149788,-0.5278569261231303,0.3278049884748659,-0.6888682971872525
14734,-0.21356345955672718,0.13173329717609583,-0.12638532989485174,0.28552400059801925
26814,-0.312275804643784,-0.31679568727410795,-0.283834384036566,1.1236740943013876
30974,1.288021865344863,0.1288334456240809,-0.12065218829538861,0.7943365250723757
1774,-1.1526503774188028,-0.5607589767264519,1.2099980362133071,-0.6006651136127495
22934,-0.692764728835308,1.9833042306844442,0.43298085482784743,0.06438706494577331
20894,-0.009189609538088213,-0.6094049580149312,0.4154526047011949,0.6694463057582966
19654,0.41797005520322655,0.8096029075411518,-0.22511644051995033,-0.3319037951380155
23814,-0.9519610668331772,1.28236513322327,-0.06708267652465931,0.41208764333536013
27974,0.7449127305831527,0.04075006689620834,2.0290212501947593,-1.3581058049035013
21574,-0.10912962051270512,-0.5471905468172952,0.058465834096763945,0.16440461892829702
8614,0.31536419481782463,0.10945966338095929,1.1827580446377084,-0.4695234378846913
4174,-0.28473331075086733,-0.8809236098480906,-2.526219743995447,0.36542874558331406
6574,2.5143913061783123,-0.8189830747447912,0.8158160879352534,0.9317509071119506
20814,1.6225362463864925,-0.3826629524107844,-0.3112548279328752,0.47912007253645367
26014,0.6941745990551216,-0.42634046916928225,0.18391932647316736,-1.6521721431544965
25014,0.3694861508128113,0.30806403096744583,0.5175697499396539,-0.49095694706629966
1694,0.38088233017542117,0.5947259000118307,-0.589388248155231,-0.1348595313159201
2494,0.4276734764734304,1.453908526914784,0.48572391878716725,1.1976624940236662
5334,-0.21289422993435725,1.4089858985337382,-0.06711793130173414,0.6971119644234169
13654,-1.043460853116977,1.611347967552117,0.08117216887845789,0.19455782397240004
25334,0.4298753109111383,-0.08639953089694594,0.8631247843264915,-0.11221651602291512
20934,-0.2056544849472527,0.15577888156449,-1.6582743758080674,0.5585241360890576
26134,-0.8893815972566184,-1.1469629274867457,0.96873695125287,1.3419410741744755
29134,0.7651159778289749,-0.8843554573858528,-0.3412892735788487,0.4914151621515039
6494,-0.3473033923472492,0.5367932902729813,1.808765740068592,0.08360551575181613
9294,-0.03642489752702702,0.02967671628426568,0.9587168672002768,-0.2423603951270133
16854,-0.4103937999152552,0.09530946693922288,0.8004136108929945,-0.014616135681047434
32134,0.9893058120494738,1.7047639829786327,0.5233523090304387,0.6168743249433482
14814,-0.32229023100113646,-1.2709949302381187,-0.39863703759137636,-0.4060105400016793
18974,1.2194991278530147,-0.1454140152329263,-0.5065349711044158,1.5935400250098999
25054,1.7383809275489093,0.7647209240631616,1.3218624570574853,-0.20242425986189663
29094,-0.3404263904070391,1.5934872499489248,-0.5157774238652855,-0.9205511391232984
2534,-1.6283248826351562,-1.4434208065564398,-0.5151335398397963,0.42349074973180423
3494,0.7797263222352794,-1.9244673206865053,0.3827165623054414,1.7479117743071477
15974,1.2286100030055325,0.35061405122765754,0.025587360000138334,-0.5638264970821897
31214,2.542887350449435,-0.33301308472999364,-0.7375166556111249,-0.004795929307139762
31894,1.1647516335750356,0.28469272953885666,-1.1288623115214718,0.7959847480050218
18334,1.9102906974330787,-0.040330599530233116,0.849960014629266,-0.345253427616538
7934,-0.5143710302655585,2.065890622949192,-0.27798931260365434,-1.7661942570273763
18934,-0.2747088929658403,0.009669538906382377,0.20719642013022263,-1.3056065796386045
494,-0.23199814404624017,-0.9207140470995876,-0.20820318184610342,-0.5248498117524536
8814,-0.7580243119094132,-2.0940371770419985,-0.5513089166189705,-0.7604537244377733
6654,-0.24915948701816198,0.5701738469493693,0.340468435565164,-0.7909701439998919
21294,0.16396998603182386,-0.8411955868630147,-0.4063773761900856,2.151615535609585
22614,1.7920061169631292,-1.047016269322157,-0.7152493653757442,-1.4337809364534673
4614,-0.968832089443795,0.8819332842180727,-1.3536848023167278,-0.7951780292140632
29614,2.1465124651417384,0.17703429563705006,-0.06552514520777122,1.460047404102639
12814,-0.021232542462421164,0.3927549519618123,0.5422593313809345,-0.6931966582161136
5814,1.147131604831468,0.6064332913101416,0.1251325747806104,0.872801981534403
14134,1.609388641915974,-1.5215287050628892,0.29694484008378896,-0.2742256010724888
21894,-1.3944841897502045,0.35535372146097716,0.020475606902604124,0.6612033868550456
11694,0.9262054348607925,-0.06928076937758382,-1.5905274815883046,-0.33056096084016434
534,-0.6677355828073435,-0.9308951069142944,-0.7608371681578762,0.6161313841325278
26614,0.3146204664837278,-0.7920782798765188,-0.2288186167769784,0.4433203796983134
29214,-1.0841299293283864,-1.172487360762478,-0.5614610544166675,0.7124650362649098
6974,0.20721605956669914,0.28939901981244265,0.5517368956934982,0.11087940673085221
31494,-1.7493070424965194,0.19401516912709887,-1.409810646304305,1.584144769340349
6694,1.4700112256264704,-1.508163688673758,0.3287733308387129,-0.7309792328813441
15294,-0.3723271479857042,1.2435416528161287,0.18468383878935832,1.0454569519497154
19454,-1.4286680499746052,-0.4612399973282676,0.5108211164188455,0.5857378593991861
25134,2.431005598187113,-1.3560382432299278,0.8559846192816003,0.10020236252828396
7014,-0.16080340239681237,-0.42763563743902966,0.18532330394069227,1.9219232525244372
32654,-0.03738937657801054,-1.5849912860287452,0.6759475482996442,-0.3888878150975356
15454,-1.4484422066674323,-0.17057969303044163,-2.2139746742893176,-1.5691771116047564
12854,0.4931499760136245,-0.08085908099530284,0.7654564156230789,0.9267597029666058
8134,0.6104536127781918,-0.766079311735805,1.1150816573782232,0.4544048591287833
16454,1.157735527967243,-1.4316107109082203,-1.1697059775199712,-0.40359912009873095
31294,-0.6568463846895336,-0.158247433500298,0.0021236186236194624,-0.0416769633116644
24774,-2.0946591394898544,-0.21293772774627112,2.1498282039671013,0.23471127487166812
19894,1.3736845396531763,-0.3578217526719097,0.5485609500053795,-0.4524360077081146
19014,0.49241623517191413,-0.30576720352882836,-0.8411580419617132,0.8055530455097334
27214,0.8440148216777239,0.8004719877392111,-0.6251952077105344,-0.5556152216090924
21774,-0.9280142991615372,-0.8420955660089432,1.5957979488178569,-0.7609920257142512
19214,-0.13729367043588503,0.2743771260403124,0.043807136691479835,-0.9495414865229835
4694,0.5614689502310466,2.6074702284821862,-2.3884335426336305,-0.207670679393921
2654,0.10530541613972012,1.220529415542006,1.210286850459453,1.1589175564366652
10454,-1.3249737433520203,1.7586624125157937,0.5595003267155478,-1.3487718341349564
23654,1.5359403490434773,-0.17263873899926938,0.8433260876384154,0.7222977752661474
614,1.1666718113618764,-1.0655751092306425,0.8998787521145653,-0.873196864162141
31254,1.1494549589098646,0.4580821334151975,0.5453134639045099,0.6956687341159731
29294,1.2691751445891213,1.6014342627764326,-0.2300859276069121,-0.9150233841528969
9374,-1.3051193790767908,0.6382561747276715,-1.1889600003868364,0.0788571751882412
22974,0.3207242175223208,-1.678089881914052,1.495051154202316,1.3807793965153672
6774,-0.30943196712383536,-1.7525205844256309,-0.19579912498026425,0.3629088677245265
19934,-0.14147034131347935,0.13542264337512638,-1.334597041337695,-1.2976050188209316
18294,-1.5690674832232643,0.7153805200085301,-0.31277901741396086,0.26845977948931987
28254,0.06287642294511561,-1.0776609964327548,-0.4133025596923363,-0.32480777284386525
4734,0.2694260506047331,-1.0163296516138858,0.1596698839008715,0.7879730267220058
27414,1.1297648106991105,0.41961298569333944,-0.4515131453766939,-0.9145313653731055
2694,1.571270435368234,0.6325544495107153,2.380893885620776,2.113592450437442
12774,0.9492300156517229,-1.2156171494084984,-1.587597590599312,0.45851529252178097
16934,0.2559092905123247,1.1085503696395698,1.4835295784183182,-0.551361412358762
21094,-0.9423989066500547,0.31517013814018563,1.989560296024726,0.6930344426993134
31374,-0.6495626639090137,-1.3650513349901923,-0.6571344395334984,-1.5363867093774883
25254,-0.736827888272593,0.5717609541145429,0.6816937896446396,-3.2835368824936557
29414,2.1119743153409773,0.058931057423401746,-0.3072554479360067,-0.8876930362811576
12934,1.0529643964926496,-0.8580038093669088,-1.7101723293076172,-1.1836757469053498
21614,-0.17084945791389178,-0.17628539630693185,-0.16250752850292727,0.7866866839169853
8854,0.79111675808567,-0.7851732943306016,-1.0217243979602124,-1.863879447300463
1454,-1.1739890404634554,-1.1642303262312785,0.6699720478204022,2.1165458374023425
5614,0.4369361289013703,-0.5850464954239311,-0.9958296070793541,0.04195707006909555
9774,-0.8337123892561381,-2.6211668550407605,-0.7100326607244467,-0.18978998428634897
27294,0.48008108998652477,-0.0034346755995623693,0.6819433027254238,-0.4721312338980279
18094,-0.29360340720479694,1.7539197055887914,0.9152765043294664,0.9297856250494547
26414,0.913441759284487,0.8302230571807843,0.5626082614699582,0.4618597125690093
5574,-0.962154506577044,-0.17403563989712234,0.5141356691981809,-0.6668870408277754
4774,-0.2702031444094211,-0.45031291591119826,-0.10122491068413847,1.033765311581236
12134,-2.469686754432194,1.2388508366318518,1.0132078202553372,-0.31262224456174165
2614,0.8366380887729619,-0.3247196579164631,1.3470646185485715,2.282732589242769
12974,1.1892794039372732,0.31695931836935554,-0.07038171114420183,-1.013475132316435
30494,-0.09106685637271482,-0.8099849466864064,2.7250099537378665,0.47223509422599913
31414,0.005424690109673574,1.1639180481241447,0.5760647047999374,0.17038331313306507
19134,0.31526220171197655,-2.1230655682958255,-1.1901691686865488,-2.1408689535242478
3774,-0.830738352269495,2.048727732364979,0.8497602940839423,2.135937981680729
11134,1.705528807512735,1.009925380085538,-0.9274041743337439,-0.10431477965726728
24694,2.9104882349906083,-1.4929591948735643,0.12742371205252181,0.11705624182419672
6854,1.4836785517400937,0.0617910544671953,0.3752849016501743,0.08576244472633252
28734,-0.9314551553998085,-0.5559240630127161,1.1177995822266373,-2.17739387801336
15054,-0.38649500406040344,0.5430949548700057,-1.9379673010839822,0.6667173782528484
18894,-0.01118577483757712,-0.5183340537102777,0.0752420426772329,1.0994156703081501
23254,-2.0047977323454207,0.533652745703292,-1.4089884220161966,-2.331610824252863
13254,-1.1326087126811881,0.10198259085290393,1.4084078893167071,0.5426418278355968
17414,0.644026497985827,0.3605424645892267,-1.010167485482722,0.7291452707160978
734,2.1429340457772783,0.37983985663836134,-0.6905419030214093,-0.03083565949691501
29894,-1.4770671233108954,-1.947669917518373,-0.5558391991965935,2.210742591291117
28454,0.1654807201282634,-0.26826015854118684,-0.6808567567804077,1.1294363865057861
8934,0.9702249313133493,-0.6112898777060847,-2.084557232119784,0.10714803781097369
6094,0.20937145267257296,-1.5742731731765245,-0.6401401681477005,1.175226677794302
10254,1.3786509707355885,-0.2573670316621858,-1.2949001023847033,-1.7417989973219645
17134,0.22264304517670502,-1.2738686153553167,0.0965547024788709,-0.5211899822035729
414,0.1055728921417844,-0.49435742447528436,-0.12678178818909502,-0.6655188865168824
22734,0.5686202691731695,2.1400109053511915,1.1237174807207866,0.7904533989772864
31054,0.7599173228660693,0.682202575036153,-1.1146612954757904,-0.2150486889512509
2174,0.8371638479676354,-0.030646680273722506,-0.5856850226829476,-0.2459137609716338
15094,0.0012868779784314735,0.23186112995766978,-0.08361797104962065,0.13079538016382047
7254,-0.8372980660346929,-0.6955372000155966,-1.2408606040922583,1.0860217352798034
2814,0.35832745952025574,-1.1596299538577388,-0.7616878641796008,-1.3118910804087807
15574,-0.16957479154542843,-1.2099604438988656,-2.019997280696164,-0.16358901776787632
19734,-1.7316785666917014,-0.6399301977375761,0.8477088205351517,-0.34759820192428814
21974,-1.4364100758212817,-1.1723081974530714,0.4501908141458497,-0.6949375724474318
774,0.8635734139055065,-1.3573258921710005,1.2393719472386506,0.2906841412278837
32214,0.24174324044313,0.05898493596838692,1.7358120181568542,-0.1229945549463636
4254,-1.8985129374540342,0.31835806536092576,-0.856840297304287,1.2998909771329072
8414,-0.7203811393716413,-1.2815519300385585,1.2996668811619383,1.3278426683337328
16174,0.29541902944009046,0.6769506538311918,0.3156259272171886,-0.6611715708482412
17174,-0.16794237812477805,-0.3679185627515479,-0.6167779333669161,0.8836844469672152
15134,0.3398538252711708,-1.0405742510002338,-1.439254843453503,-1.0845104546344493
134,0.7745857264085503,-0.9530475176493224,-0.818668220274863,0.014029373653535055
2854,-0.451690316111256,-1.5755754960823,-2.0079339845705046,0.8305307355281839
13734,0.6015555731323527,-1.634013538900347,-1.4557743396820655,0.27087677524545295
814,1.2464487506132733,2.3414432771515594,1.1875040605805998,-0.6750649769183272
25974,-0.04202895954667514,1.2461273302845177,-1.3460244188049326,0.25601045773812914
2414,1.2486197574056968,-0.3677289785241453,0.9588768536222705,1.7188895393926629
19254,0.8435821767547987,-1.8874238966869743,-0.39416960776655846,0.8006333617482573
10734,1.152422845607963,-0.4138930674628754,1.0200707551272645,1.0418357098115625
14894,-1.0234714472298028,1.5663268105128787,0.5340092169172166,-1.0849066162130467
19054,1.1030285086479181,0.12301338965905036,-1.0817848337199396,-0.43178209863758227
27454,-1.8051190555768968,-0.31471473778128456,-0.1512454107607591,0.907591204328817
23214,1.2105604330627537,1.887836222656121,-0.1949988856091701,-0.7598211140298056
27374,-0.10482759343524652,0.030569554496948547,-1.2484308796189776,0.38486283183726394
31534,-0.033172400416201404,-0.24623875221276162,-1.2631602699717845,-0.7210346615502988
9014,-0.7645043182690762,-0.7344102662991365,-0.18473761692524468,-0.1812889695305889
25414,1.445612154732676,0.13197821278911148,0.06434845690745963,0.6432484517564622
20614,-0.43701281896206,-0.10964634765566585,-1.5863024443462108,0.002047880280230588
11894,-0.5935129203355192,0.17215368639463316,-0.7837965172803845,-1.330269342802832
23374,0.40027675137777785,0.6795567787654911,-0.21255476329456308,-0.8685315026763507
20214,0.09265453373965724,0.7420572001610578,-0.7592172164751078,-1.2318029561989636
23694,0.6459086539814218,-0.1145537381459957,-1.1159293001603823,0.2921272514778911
854,-1.319171961004026,-1.3985378173081477,-1.0030338705689332,1.1962610725671052
32694,0.1585494978962142,0.17282020316561927,-0.9708602153494623,-1.236710149562291
574,-0.8479055927530404,1.119512680081068,-0.8654267358408668,0.9380691266999802
15254,-0.726484338465413,-1.3865530793224017,-0.9030140959707075,-0.539058823023218
9054,1.0530947667267776,-0.2607447140527229,-1.8153175397893948,0.419087137697557
8894,-0.04248236350077864,-0.5127614923139441,0.11942791799087664,-0.9218857687424106
13054,-1.1722697198696999,-0.9012780939011106,-0.18055417040132918,-0.8127789236061862
23014,0.8358850533578909,0.1864873637397324,-0.9078986467560061,-0.5453114490212838
27494,-0.07240085805313742,0.12458118918982153,0.18870336594241666,0.8587432408835908
29694,-0.6324801665953919,-1.3787287230146776,-1.4581188185930058,-0.36710909852930734
25454,2.777618970532745,0.5149870684164117,-0.4439808556017264,-0.07571676985174947
5894,-0.7213184843295651,1.487434844645813,-0.19782096927797793,0.5241108197961175
10054,0.9422412528849958,0.1276044119824878,-0.1477055711786963,1.754998504815592
17214,-0.2278239846725356,1.0742250034219083,-0.7958080252882163,-0.30805119951057075
2934,0.2596238478456627,0.16578750766987654,0.7406953181751178,-0.2800775439917647
374,-0.690172213519219,0.10749645541741845,-0.2883704318171921,1.9545712144807998
30854,-0.21294917232415553,0.6551060966050509,0.3343405147620097,-2.031487995530653
2894,-1.6935411900429747,0.4323779054365711,1.2297625356398965,0.06921013863516558
6294,0.3667479601811756,-0.41141967646002275,0.4192731175284023,-0.5091222902787301
19334,0.30710310781396377,0.33061082709612033,1.1205066698946151,-0.0041923126322893104
11214,0.5740396430904623,-0.5167301725543098,0.5980120064257105,0.823391203703305
15374,1.728699414094672,-1.0179309190785508,1.1264841631436138,1.0810720664259572
7054,-0.12437975016279354,0.631271707604624,0.12976626110882256,-2.035978707230193
27854,-0.017856974883625747,-1.263362882566383,0.1235083915920346,0.9064687538262438
32014,0.1343488571230313,0.6544769797142634,-0.06723435543516192,0.430374664522264
13454,1.1233001275904255,0.6972397310246,-2.1618819707244987,-0.27169365416083785
26094,-0.7003269530859014,-0.3229457778955408,-0.15110130726857504,0.1411733113956562
25494,1.0975589359134401,0.05747070756341344,-0.16079075102111623,-0.3302543072749487
4054,1.8295722110189876,-1.1165473490657125,1.2478189165479472,0.9338990053824764
2974,-0.07292470828826311,0.5460891841763867,0.6540311597591733,-1.427140909964624
24854,0.3921530524162442,0.7241412118207178,0.14587760511008338,0.6879904652927469
29014,0.3796460652651948,-1.9690031693209178,-0.7620061110627339,1.159575471595144
30534,-0.2580941517301297,-0.6520312300763965,-0.8095812056892021,-0.47457712273399794
934,-0.875822808569367,-0.9674079129612615,-0.5642968442921673,0.011907847828616919
5214,1.818139030536431,0.7433584926451048,-1.1407434706065316,-1.8639286740339303
19374,1.6584903960584143,1.0222058975074297,-0.01662156944259441,0.7767191643048659
13534,0.36196495309356047,-0.7554386626321927,-0.6377429206013173,0.557045632263922
17694,-2.3977912484284656,-0.00037490524133573745,0.6967379567981293,1.150545509324754
21854,0.5193789808002035,0.452611472642248,2.168584455779367,-0.7878615557642216
24734,-0.02641740081038083,-0.555198245269191,0.6420506928155056,0.2429864408551503
27574,-1.1469089873220222,0.27416420522188617,-0.02456408443531251,0.6580499582577436
2734,-0.6283274597040994,-1.4200577682933133,1.3199373096526277,-0.6454903581643815
2214,1.632770303193982,0.04154087276097644,1.0376554912236087,-0.9697907929661844
6374,0.3367371090972331,-0.45189861345493104,-0.10165496169356983,0.7767658767806672
24054,-0.038909225018973044,-0.9725806748539373,-0.1298304395724889,0.56568312205343
3014,-0.13438019995340908,0.2145254422521685,-1.2199018876168135,-1.4618703106513598
18854,-1.416995097992107,-1.4473765514767456,0.11493825640443983,-0.23413602717165669
11654,1.4313486898680083,-0.5639025597027072,-0.970237655813622,0.6763229001663675
31334,0.3817186378306986,1.0364950739553578,-0.1676081985443846,-0.2585493159440829
974,-0.7224640044723768,-0.45619195682454683,1.3987228507396032,0.09888071609393183
3374,-0.6872651109464023,1.9882099384767913,-0.27743681719632457,0.03532482949724834
18254,-0.30640934324497404,-0.7374590439380708,0.27635332993651807,0.05592250014272838
19414,0.0772760359190864,0.4786817933215057,-0.2683600232908992,-1.3009570225013178
15854,-1.7442811023847773,-0.012907378912928718,-0.22830394413320426,-0.9054766177447093
20014,0.01425999868057325,-1.0050830345012756,-1.0674203747159952,-0.5664571676033787
24174,0.7537266210001402,1.2403141905241686,-0.14964866468293506,-0.33344317535906165
27614,-1.3468669155627353,0.9721275539322537,0.34055173481514933,1.1179106204538936
32494,-0.9394287657007137,2.2272203538151514,-1.251875559104998,-0.8712901297143458
27814,0.655825296952822,0.03304112842065956,-0.018673831167194562,0.034959499207382484
5094,1.1559733041205398,-0.3209193460743456,-1.086542625168658,0.2740661340616118
4534,-0.5823566168053402,1.0279684645657858,1.6983424201218276,-1.806398857096806
15214,-0.39153274429701385,-0.478519452419809,-0.46228720920210825,-1.2940762449410348
8694,1.6863296843581046,1.9850754782587923,-0.6161882858588322,0.26468608632213203
17014,-1.004582716037685,0.021153762620948237,1.0575436215257783,0.08178895177594081
23534,-1.4263035692962005,0.3402151067605263,-1.2281049048409864,-0.48847065224562713
21174,0.9798506377009727,0.5980379471035101,-1.5028331618367397,0.42362391802218186
16894,0.1254996970115186,0.8276204468347708,0.43809742862620993,-1.1575070746107043
31734,0.5287900824886271,-0.6572688154337561,-0.1489254904142404,1.2894595584232038
9854,0.8329206480765597,0.6754283581283613,0.1769803245550702,-0.5112559144520832
9214,0.2525527813004859,0.25925498000539327,0.25892814526115415,-2.7759477568206115
28294,-0.07535921867181172,1.0006809217998296,-0.22819637472734036,-0.7826454264825693
22334,0.1817404528770683,0.10909495157710618,-0.9091649785059435,0.39203667645708035
5974,0.9097309422156562,0.012031704599947124,2.392547220694372,0.18078551283543504
7174,-0.4468756899676349,-0.5670853501121175,-1.4962342096097345,0.4305812070859383
30654,1.0458008362188689,1.766036824128449,1.0906965658195362,-0.6838194884785239
5134,-0.24380963553169135,0.0180845676195124,-0.5022575783874603,-0.3560540437714652
11014,0.25807297745761903,2.8581609965231136,0.5155569288384391,1.0806986800656755
15174,-0.06432485570340381,-1.2188628081685677,-1.7121007047271122,0.410132212400277
10414,-0.15912230296980306,0.3434727764125975,-2.0561289578122657,-0.3184370271957398
3094,0.5863482376081725,1.5104934753645183,0.12256240360243813,-0.2041684103812001
4974,0.2312525316641004,-0.8539269725191615,-0.9347947833931224,-1.3601290801963575
23494,0.9453864467126242,0.4722653366253886,-0.31656259070350246,0.9142327327257906
27654,-1.1292109084804047,-0.8316323617948549,-1.295962827864102,-0.33793371221282564
31814,0.8030088416190274,-2.459315386005275,0.02900633014809758,0.49897340067589274
11294,0.6504173052839533,-0.09710793415605043,-0.759114709535981,0.6431271645868886
8654,-0.9013331068882362,0.1631738674346978,-0.1081346120421894,0.7931126335547475
8014,0.007429513379521617,-0.6949991427136751,0.02608192008179424,-1.8163760230207329
19974,-0.7186394860175214,0.4920775513696514,-1.509061679031133,0.8403992633246812
29734,-0.9332161345547282,-0.4837157522082481,-0.48239490646662514,-1.6727125557494331
16334,-1.2188661957933482,0.24353805672322384,-0.415152993752393,-0.6103511194611626
24654,-0.7381509461991221,-1.1710799770465676,0.6776720028200285,0.13304004873022576
27694,-0.48051152180104706,-0.10176376373363062,0.7628699765823894,-2.084972291906445
3934,0.18104571493093327,-1.2435552972117336,-1.529811371214513,-0.37392951717323636
5174,0.318033211174113,0.05103430219138971,0.24725961944382438,-0.1600938564190759
9174,1.4670361944060104,0.7242003761123674,-2.916570590149942,-1.3316916231517977
17494,0.29209039843630513,1.2485467757371027,-0.40554305071918884,-0.9616545922975908
23614,-0.9534292572647981,0.6874659193080779,-1.4024198973026991,0.6953955115088583
13494,-0.6701608182729188,-0.991248259877801,0.4219376092556671,-1.5295535364931316
11334,1.1158983639665343,-0.0647722459822482,-0.5536197469731664,-0.9349260147576239
2014,-0.5794745794990982,1.1429684852732083,-0.265330380902516,0.501049740824277
6174,-1.087837957054104,-0.6465208600210174,-0.6697729880860636,-1.0820579830932604
21134,0.7535204587649198,-2.465890336496277,1.1702755491888541,0.8169921983480277
10334,0.4826244939333665,0.3805279744690225,1.6669105613334043,0.47702705626797676
19534,-0.9255985146113346,0.31580089109453446,-1.021244035448811,-0.14010518690162832
26974,1.1816627447654897,-0.02621993088295347,-0.12447605087827021,-0.40052970622427714
2574,-1.5231445995587547,-2.176491717704792,-0.3441560136829963,-0.5612981016220951
31134,0.41949257646759136,0.924101888139399,-0.3399719040748217,0.3106434786607568
3174,-1.6467614485519966,1.1021584833487892,-1.5402325131708208,-0.393211622123307
25694,1.5742003003441856,0.22689916452044656,0.22651424753791666,-0.6048691712737113
11494,-0.7718006848233369,0.2778118108083764,-0.057239991486239636,-0.06820800442220247
15654,0.09187804704270684,1.0460783575560053,-0.7411154454678747,0.5787173947337542
22374,-2.3124152917020933,0.7859837904395319,-1.5695002017488826,0.1368377750843669
13414,2.2075354319838265,0.7268089523652356,-0.5401900618185047,-0.2927684200170632
28134,0.16996137012906815,-0.39771233081256974,0.031756834891993484,1.8756852072407513
32294,2.9412751866655404,0.250162771706453,-0.1815734741441273,0.8604514339708578
31854,0.8213431615040265,1.362900899208202,-0.09865642665797725,-0.35391251615606373
174,-0.5556273691571874,-0.03254716162258456,0.30184647792517927,0.08975472484900393
31934,-1.0721938054154225,-0.024440079038100793,0.14194760050258756,-0.30444480648087185
9334,0.8076419087990839,0.12405172861372883,-0.5869118732863328,1.7431473525838221
20974,0.2255720354280807,0.2142696130690055,0.04386508521914913,0.7423056728857227
27774,0.9243389044515031,0.4835523458151101,2.1807314022091018,0.1652047669759821
21014,-0.06206464141639624,0.9586607352641416,0.34518832560035195,0.755394535836693
5254,0.7391739092900442,0.3693034523161416,-0.7766476611853862,0.7472650507470578
13814,-0.24553732840580883,0.46420239069037084,-1.6560089422202275,-0.06443304772940323
22134,1.1903804971822478,0.8753689037003957,1.1194228032817157,0.6575349303440577
3214,-0.642423595576417,-1.4331594639358383,0.2183773792298666,0.31042434087318216
26294,0.04565872502032882,0.9319576570947129,1.1394481439207227,-0.04155082157463225
20334,0.40732089685192585,0.10128021491343388,0.047542177397561954,-0.37231666396019414
1174,-0.6887417270930344,-1.1639561884415581,-0.8516184884606613,-1.4746963333716663
8774,0.15583539301545232,0.3091741720335538,-1.319287277910796,1.213464420841322
10814,-0.8715101416938813,1.6079256231269927,-1.6423134448096133,-0.7201685786261357
4454,1.0616364496439241,0.9923065062811404,-0.8514050142354309,-0.37846416495984997
22894,0.5780558545902974,0.6052016980602207,0.36299203480683223,0.7390719984974139
23294,0.04683553778974698,-1.4229871383141282,-1.6801695996169452,0.14274298055750478
14534,-0.07252594355922151,-0.06109968885119034,-0.15577453652049036,0.2476898403963288
7334,-0.5566006451720811,-0.7268371002152085,0.23469479042067623,-0.9604235341464924
3654,0.27805436597918426,1.041922864345537,1.1894921929180862,-0.10898022767583089
15534,-0.5897257676656479,-0.10997924723024437,0.6774256157432014,-0.7544206687093071
13174,-0.3837420775264188,1.0454530243646334,1.9550933995570543,-0.30636767210801097
11974,-1.6961689927444765,-1.810471064373915,-0.34921841761492745,0.7879080807081287
16134,0.3285241292560016,-0.22035725480781246,1.8857769652388638,0.7151140771482554
24094,0.2191586668269521,-1.5182689032631824,0.1468902510219112,-0.5078091345444758
3254,-0.44352405449114163,1.1197086468260262,-0.7173678301306343,0.07435397079595332
32774,0.17202820249042763,-1.1568762188551374,-1.417083122907642,-1.2119105327786408
11454,-0.7729986045632231,-1.1860906714111574,0.9189164124025985,0.7224912556786853
8974,0.5367482709727059,0.0952199018803101,-0.02998854128438232,-2.1059195321810984
13134,0.18568641837318137,-1.3060346394620561,0.11787377258802935,-1.1537898480016924
8054,-0.7625533123923462,0.5418882716970874,2.0296262504752773,0.6831396086795678
9414,-1.2739104546660476,-0.7394193169343791,-0.022813199494384536,0.7480746456440286
25614,-0.5605255618859878,-0.5234448155084087,-0.907858766670321,-0.9151179774923331
29774,0.44144490997633384,-0.44205493302117077,-3.4237430626951055,0.8986875343535106
17614,-0.6030347352165892,1.6643908867877701,1.6849829457327652,0.3739795780115018
2254,-2.2843689725715546,0.575458275527745,0.7277201106843031,0.8640301202868658
25814,-2.692179418827113,0.00910607480911561,1.480017198258549,-1.0248211400525125
6814,-0.5040837363096091,0.55623219882991,-0.05623591113507288,1.2801112689815093
3294,-0.05770553827958871,-0.3850593246390486,1.2747409849798796,0.4606810397260616
30934,0.5871543328324881,-0.7588523088029924,-1.734199928034567,0.5377725221495593
22054,0.21499117737194387,0.3017377483783432,1.009786966095685,-0.04790264669075646
21734,-0.791030465183979,1.1361479685384182,0.5910614017600457,1.0079045502513035
7134,1.3179253012592453,0.47935976627573446,0.011153685657243988,1.8159461842188294
9454,1.187510958655928,0.09474728332243916,-0.751799019809974,-1.2344635950477851
32094,0.16662927743535522,-0.7232001166888006,0.18912374311016897,-0.5740348383567233
6014,-0.3959380779751861,-0.40675133423742904,0.5353015462717713,0.9841426935892285
7414,0.8059215482064315,-0.08383912713602089,-1.3380436646434726,1.1076895564386835
8294,-0.704386635809802,0.6799325005910332,-1.2651927284316664,0.36103186593444725
15614,-0.31696001815788927,-0.5132536267596353,1.269352347244362,0.6445705188506661
20774,0.44456568397185897,0.10348674037911591,0.675582329090644,0.9996636928358622
214,1.3590048252645432,-1.0684670066883717,-0.6072720436419018,0.6566780296367074
3334,-0.5634848606322636,0.7310010001746752,-0.6223716125783878,-1.2412803080185468
1134,-1.6026584292021613,0.18411348850236747,0.29859308677172053,-0.46815671027348477
1294,-0.6550913641778933,-1.5554376041938967,1.172858558860412,0.3300703505855112
5294,0.4853085935111771,-1.2101233785891536,0.09327749322688243,1.0517723462291055
17774,0.34296984948022236,-0.2289120175642689,0.3717983981934802,-0.29576109926691785
29974,-0.11462309789381948,0.26163286466303676,-0.07647253358013865,-0.2222822623295913
7454,-0.26520256980178786,1.521533262092766,1.552981541669716,-0.3735547677020869
2294,-0.7277970246333468,0.19881644255935182,-0.04577429995691505,1.3978210595451992
3974,0.5357751854547607,0.9337415772581833,0.4576224782311332,0.3199344229668795
25894,-0.6284379286647179,0.42869895796247676,0.2994019424577273,0.791643376509001
14774,-0.5962054539177389,0.5014866387779052,-0.6592537036951066,0.3761599161856156
23094,0.09521546762123564,-0.9205235258017227,-1.2011232520104727,-0.32049289939818554
13614,-0.7177060160207362,2.0411573334667663,-0.33159200756115087,0.7619090337722799
8574,0.8882304432495195,3.116143704912554,-0.0848378171017805,1.7606536230391243
23774,-0.07087219097983752,0.6056882149836116,-0.7875180145733567,1.6715640629572828
32054,0.23499560029214722,-0.09714008290696474,0.665064415850493,0.7800024107254826
7614,2.487226634569967,-1.5766113184858754,-2.2377212688142833,1.500192437579762
27014,0.044070211834839834,-1.4865317070277906,0.2603011480381074,-0.4478443153022031
9534,0.2703625930996746,-0.6098151189956238,-1.3438106065695987,0.7145938245497866
7574,-0.1422761069668202,-0.6885822181064875,0.7160397699549034,-0.8933335052371022
12734,-0.054134914309199644,-0.1086912734014984,0.18876485305082136,0.1807655803612744
28414,0.5423966427651902,0.5207748137681975,1.135775956177193,0.5890474216628044
7734,-1.5354434069450147,0.6461644400564287,-0.8120925500540996,-0.4802745312951519
17734,-1.1404799305202868,1.484379432143084,0.23990394729654646,-0.3154404073463025
21374,-0.9395789532168696,-0.013278921038449873,0.8460514266805373,0.6466563088322463
454,0.6299546421713221,-0.6116848857801299,-1.9184424531296016,0.9383087783581963
21654,-1.8051295625930908,0.2589120486371175,0.19707189967137562,-0.5490306319234614
25934,-0.8316976032562254,1.4277728451169855,-1.2067097015393868,0.21672634697822588
28814,0.3179006311375118,-1.0120743596966653,0.6604141201369722,0.001687445948853621
12174,0.31375741652660805,-0.33184388636199186,-1.6258566150102358,-1.3519016325239106
23894,1.3543717245268996,0.19675656490622542,0.793206186447479,-1.8271957547714914
30574,0.7673029398255827,-1.6603491505677488,0.6736605966363542,-0.6429480425041969
1374,-1.1046783277558805,-0.620961087524095,-0.11103365798642603,-0.08118467551885343
14094,0.6571947997557102,2.2712636089706724,0.28797871457722873,-0.8235926861937579
16614,0.6625312640968896,-1.391496900648771,0.7019466560840013,-0.6903235871853569
30054,-0.22450817475285095,0.11882722003493416,-0.7757017178989087,-1.663598682894425
30734,-1.2701589030574634,0.491809710577803,-1.307792898351467,-0.13354341836314354
28014,-0.3223380171702779,-0.3865597058410946,0.41195395544425795,0.24964550774811475
2774,-0.6666631755439109,0.24634556374269118,0.8762967278338146,-1.43233053698638
6934,-1.6452681671768723,0.19052195557439158,-0.9714771142983154,-0.014956023081984545
11094,1.3763660163935718,0.4304796440075134,-1.234399140713651,-0.19829597651469189
21054,2.360834836158227,0.6838828061862096,0.7366515359021173,1.373586195413886
15734,2.3285247727480796,-0.35027508181896927,-0.038018239618952454,-0.6544666784950882
27734,-0.7552201211950273,1.0739649266562223,1.2936648833635789,-0.9883670004223437
3454,0.6824616553878683,-0.08881946890141887,-0.1756726544069226,-0.8002073402664096
10134,-1.5313201198506774,-0.44215069875631746,0.15576167361073948,0.2763502761791896
1414,0.4936715191396443,0.40701707990944586,0.00817557375412332,0.0847428628580565
20574,-0.2732547924286767,0.14172829016527877,-0.5588599097683129,-2.419150529087892
30094,0.429911824569032,-0.15134526242900453,-0.669998523359381,-1.2390120900446928
28894,1.188266266780448,-0.5421114773266759,1.9337275028493417,-0.671191227225977
24814,0.348004074515077,0.36233090909211646,-0.2003962631801011,0.8337054090085263
28054,0.270636760169771,0.09122106368170627,2.211118627539356,-0.4678317575782331
9254,-0.7153403248991453,-0.43955118718648595,0.3668334300336303,0.7650337044866767
5534,-0.11140422479424616,-0.7291473218980928,0.22090858934824123,-1.78673629358029
17574,0.2729052094532549,1.5008283203602761,0.032661280648201126,-1.4980886940877802
23414,0.18417284344537996,-0.10125126847484782,0.22148620514594536,-0.9577406622008579
29254,-0.4220962269299154,-1.8150346648954363,0.07327510834477571,-1.3021408154886371
23974,-0.44913442579328555,-0.549679777388865,0.6631333078059791,-0.41565380648652717
2094,0.2412137935864331,-0.37404403159093863,0.9761357587564218,0.45758896933670695
21934,-0.03563769236493691,0.47210558929413404,0.5160886307100025,-0.3027910653389897
14574,-0.8671182509285795,0.8200877836620917,0.3939675799923963,0.44620139183784024
18734,-1.2050007159611886,1.8338759323789018,-0.8340787222014568,-0.22633678247326888
8094,-0.4209783520656976,-0.5908118295351752,0.5225179456336596,0.589497409930065
9654,0.33190329684031505,-0.36436861916988084,-0.37730982572315747,-1.9126341560815128
27054,-0.6902033367459627,0.3660655943082845,1.7106615098742546,-0.8008733735062254
28094,0.19647502640280998,-0.6745748959075536,-0.891258758268789,-0.05727518242010333
11574,-0.5712151895634945,1.5483389292625702,0.6631764938357827,2.278416636212347
17654,-1.5097985245998693,0.7221846556487708,0.0941352554603921,0.46886513372390864
26054,1.023907339318237,-0.49955514309659266,-0.7260539021317751,-1.434700403746866
28214,0.3857522218346264,-0.4807337657043709,-0.2785602309975467,0.03759661483727823
32374,-0.04927976229996533,-0.005374223344079082,-0.1114477326268372,-0.9853798704790614
3534,1.3664443586243453,-0.742417787254017,0.5876489959719849,0.7929455548480228
1614,-0.6157192513381368,-0.6709687385731975,-0.44362903918146446,-1.063732347594682
11734,1.6713335909451164,-0.3054159168977272,0.29687893401352705,0.7892249070307228
15774,0.007874603722569392,-0.034630783713856486,0.8164216349272221,-0.7581574902482752
25214,0.34544639529414883,-0.23561153358242895,-0.5682557842162549,-1.9550450138778235
30174,-1.3273332816653036,-0.7112512762588348,1.7522426718938209,-0.20527841788746332
29374,0.016838821022576344,0.7303848514388216,0.2080233373799086,1.0429021613107563
6054,0.7273885931954563,0.3836038838787882,-0.184317988961008,-1.0611110362430676
7654,1.2286777724879014,-1.2500524335419123,-0.7019835491522466,1.4360564571631387
16254,-1.4416727604881323,0.794434055509959,-0.5119097819895133,-0.5320622819782964
9734,-0.28735476850796776,-0.5342355153121817,-1.2055588181301358,0.5980457006993745
18054,1.2910025028718688,-0.7341933474358863,1.6155449193458244,1.7935502952858162
22214,-2.269985959532792,-0.004521651964006626,0.8438076954532525,0.15231177432398796
254,0.9551413066416301,0.24918540344845613,0.556761222287734,-0.27556910403424095
3574,0.247056307298201,-1.4467230318348003,-0.49577302956712854,0.9561219204566984
29574,-0.9693117163594459,1.1561572129966848,-2.041038986826913,-1.3389087141115257
6734,0.45042655735310455,-0.4623333999838408,0.8264445246268238,0.8612942279363097
1534,-1.038652503596508,-1.25305359140421,-0.1282909393159204,0.7182495402962643
29334,1.1251759570286262,0.018916850385895377,0.004956622589957517,-0.8085844239089833
30294,-0.5238145260376819,-0.4241349526754783,-0.8804318826157862,0.28612659961038045
30214,-0.2141425429848455,-0.7352537770838172,-0.6124182784380274,0.4583440242911829
31694,0.2897240112404882,-0.6191581601943358,0.7476958418072641,-0.13085326410761794
19814,-0.13326669564422514,-0.42894964545188863,0.47169775098697075,1.3121448628355221
7694,0.13562232460293547,2.134625873239827,0.12708229601741947,-0.9797594759146262
12054,-0.521622565027255,1.3077874343307143,-0.49871801289242046,0.6357979150270824
16214,0.033875748507591646,1.2381332699923544,1.3480807458167956,1.288565274285222
9134,0.5345150358209237,0.02540986964766106,-0.8217142710040823,-1.7231425984953104
5654,-1.7751853296071196,0.3173275625962954,0.9648243093316389,1.1788187141464923
32854,0.3445006467733644,-0.577564223658298,0.16873914188713204,0.4544564119172594
3614,-0.7050075934462682,-0.2660462762568242,-0.07964966732466917,-0.8152123884612147
4894,1.2891487701221358,-0.10778179344081616,-0.040071346700839276,-1.432122637854398
8454,0.9161388477780832,-0.6886471456638459,-0.2969007441723397,-0.48490471067910484
11814,-0.7880397051915625,1.7939398499869965,-0.17628675281089853,-0.4716514407210738
17374,2.3961606384719363,0.3754467317763629,-1.1733599776161363,1.312658812007738
21534,-0.4158677561627458,-1.2839008076608958,-0.8118369216906592,1.7661184338522828
30254,0.3296000496736918,0.8353849785445223,-1.1121867806176273,0.6021749320349212
23134,0.4622595260865977,0.3506143197224311,0.9545716083724444,0.13667746054335803
17974,-0.25761644543466583,-0.7825901206088428,0.6155119297272919,1.346375524319789
9094,1.22407487436435,-1.3139860415805638,0.07241596181758066,-0.98499496423922
10214,0.49719356581454127,-1.9420963670226796,1.9803022798694048,-0.4190218408742291
14374,-0.37687681436357706,0.338439108998179,0.4682985709363134,0.039533913870870074
15934,1.4304139288622753,0.893338049707035,-0.42536682236072393,-0.5929067479007047
22694,1.0220028640494456,-1.0385809447716308,0.23367823777670804,0.5203507091652365
1974,0.5270922518688854,-1.5284445892731346,1.0854222417638353,-0.8598193947258211
13894,-0.8708271980361116,-0.7361447543632498,1.3152282629763532,1.9085388318494898
3054,1.2430798325681964,0.5692481937519583,0.302663884201348,0.38419478886549774
7214,1.2094783442090535,-0.28499158717276857,0.4370753179227847,3.325328687240555
22174,-2.3713175718784463,-0.6844791357389693,-0.05510621980320373,-0.5478054738826648
11374,0.0644691751546227,-0.7723720752010922,0.1623707671209203,0.024715325409396957
11854,-0.7505330222893382,-0.7189243641111202,-0.5919964475472582,-0.13417353915181063
19694,1.7637176886062451,2.0187205575396194,-1.9617084085480228,-0.08301801606354108
23854,0.027755312974422974,-2.1834081055339833,0.22392701394322392,-0.06703252127536001
26894,0.023635840100148804,0.011700681343722213,0.5157974683079684,1.1419815412763936
20054,-0.5948048908730548,0.7985338945736108,-0.9430344855209373,1.1286075850645116
32174,0.14794720609737372,0.8331847944028243,0.24307227928441863,-0.22055317120760987
18014,1.1407614974174967,-0.9597575154795789,-0.6884959051789746,0.5781775107281905
12534,0.2569221597425832,0.3684454843699949,-2.0006527546284034,-1.637584451468181
16694,-0.2780023752499323,-1.1850086719110733,-1.980552550605703,0.5119495532742122
5734,0.149709768572666,0.6600834942366072,0.7686289258958612,-0.7781179700993792
26214,0.49943462745086886,-0.5408214456417648,-0.3469949800897094,-0.30000702319892736
13934,-0.2707617087327976,-1.3386859140696263,-1.500192588190809,0.8179742861382132
25734,0.6708412561337684,-1.0463319668687392,-0.5188168088122009,-0.2392623744036515
25534,-1.0755920975473698,-0.26740743748908224,1.0302102572831917,0.5399233023042842
1654,-1.7701370055182333,-0.14629762878265198,-0.41529779712542103,-1.4885296091212858
17854,1.1687943419399316,-0.09398339208818463,0.4712536478534752,0.18559144252391702
22014,1.0994507746698055,-0.7197031467807721,0.09183765815402495,-0.8502463918179733
26174,0.7245321385449448,0.2988294425692289,1.4201665348415686,-0.3524668325660088
30334,0.14568390050499544,1.1373114051955913,-0.5369546209406934,-1.571758159798939
20094,0.7311857699243287,0.233893400004906,-0.043343112275230376,-1.3799095250528928
20374,-0.333403832453212,-0.14220105601947733,0.8114658306840549,0.8582652793787802
9494,-0.22744217140447356,-0.7176253145669208,-0.4759433107803304,0.42337851079851124
7814,2.5406982976192194,-0.11809550728222863,-1.3415099140623443,-0.6166676380442311
10694,1.1126586167286845,-0.8619977228006701,0.1395606896345685,-0.9546739944843782
26254,0.8884635200590305,-1.216314404322222,-0.8916098538293045,-0.3531950959564423
27334,-0.010746516255285828,0.7673884012704061,-0.4813070650386454,0.2377674637736531
3694,0.29107445450088704,0.22227825062118936,0.7943999500414625,1.2687040044898206
3734,0.031694651916013165,2.2208925089148037,0.6168766963491292,-0.16636796439441587
11934,1.3087189959603336,0.5214551844938425,-0.14754548243854843,0.2667337748751958
5494,1.3942756693012825,1.1983224664296126,0.31480121351508483,-1.0652458728356857
28614,0.7740862117389771,1.2057466624936717,-0.5096601024519285,0.7033140367809317
9894,-1.0677766598653853,-1.3401401042893237,0.5379444399385701,-0.6721139319749738
7854,0.12171209443866268,0.33874016209755725,-0.22944029038414404,1.1383562841882917
13014,-0.42348627731713595,-1.2515358643776304,-0.2762800216918158,-0.039846591196918225
21334,-0.9883286505013547,-1.0649878885421709,-1.286828243648599,1.2621813187126283
22814,0.3948507138703151,-0.9366212017124735,-1.7162231026916204,0.23014381321188393
16054,-0.07004761386802241,0.18487569105908971,-1.4855943815385422,-0.7918388532655976
29654,-0.3524378414060411,-0.4612025955604454,-0.35753533855434283,0.9140074829251019
14014,-0.8325103135208819,2.3396084041811536,0.574758420899839,1.4658942593358848
14174,2.332744145235246,0.3876732817542099,-0.5063884876195781,-0.07512812694809916
27254,-0.7096198832067834,-1.2459033849005876,0.1890508946501311,1.8881348410789809
1734,0.6381924990212021,0.18719746587532923,-0.3771739753331119,1.3324412736606797
22494,0.09760220425118617,1.0088125685777085,-0.8667235416807987,-0.4368018212665946
26654,-0.5289016184929136,-0.42655045148288323,0.7753478468394828,-0.24588018676810106
13214,-0.7635064447870515,0.3661226040891781,1.2170892558366209,1.1207743539380104
30814,-0.46454542131861526,-1.0318034594597216,0.8342188559244741,-0.43996007408442106
9934,-1.474254657886809,-0.6384368908913278,0.5560553156410154,-0.36150220261532595
21454,-0.643946583841001,-0.35797538771632287,0.5667174528632595,-1.6003360053913076
7894,-0.18813946016857472,0.2628079854843909,-0.34794361469381324,-0.1769101265661472
11174,-1.4253293323663965,0.4066651574282878,0.12719807650793613,-0.9871552617496547
15334,0.018640272825393597,0.6152695838839458,0.31393184220933795,-1.8020665302710128
19494,-0.09410441660176112,0.43918247610668953,-0.5417911129612689,1.6328659921204933
5854,0.009100322421123182,-0.7597418516783582,-0.7048986423670358,0.6340738785280012
31974,0.37712312518379904,0.9579727728323433,1.0648842414216724,-0.7616797932720555
10534,-0.27353474776294673,-1.5005039866587693,0.06533261244437313,-1.493234177953693
14054,-0.20859872704455176,0.07853482106316717,0.1358929496903234,0.22556048777315635
4014,-1.0773881605477105,0.9187632152663942,-0.992450679416295,-0.46524154385360467
8174,-0.41500059777834575,1.1722055143067536,-1.3027503195819015,-1.6691912691792778
12334,0.37045935046267664,-0.416714268351747,0.6553250902625128,0.7401081279310942
16494,0.050636405449467584,-2.5084429019104793,-1.7888268075313287,-0.9433617338587651
22254,-0.5911090729918353,0.5501269027255418,1.0837135523447763,0.4943234621869907
14974,-1.7713164865191993,-0.25848681538881285,1.409225924903614,-0.18720153932455816
9974,1.3062432945316722,0.45896434632912336,-1.6057618544791536,-0.2899336280139781
1014,-0.5649264050642542,-0.38337223294491746,0.423002940668331,1.0456968018099342
18174,0.07880032625515164,0.0046039617113913505,-0.37632271221408076,1.4135509509426019
11414,0.972860959558254,0.8316464056650039,0.6784361722309953,-0.2393854241498524
21814,-1.3139796867984566,0.7917783793591026,1.068217478605226,0.7315593402650643
29854,-0.9125481659366744,-0.9191791143847654,-0.12556064135588188,-0.7641600951480451
14294,-0.7241585514993982,-0.8689877440457795,-1.1899989532603918,-1.0387008687197838
26374,-0.5984427532808734,1.181956292353459,0.017197806585868572,0.2606080489688449
30134,1.327075498624674,-0.18148282854063919,0.6652052920661887,1.7166874844898816
1894,0.07718440067279946,0.5910156814661374,-1.3159390744403683,-0.8275364264974328
24334,-0.40926143657392394,-0.17471633447100393,0.6879856144873341,-0.0868459384253525
6334,-0.586127041385864,-0.5661335904290626,0.04548665836371856,-0.48467785185767676
14654,0.2223513545468801,0.35834535662941713,0.09642061687099811,0.9608893577958298
8494,1.420092186885477,-0.3297590060964682,-0.2782888273390421,1.788452542319343
22294,-2.3659002391315282,2.4652811642948524,0.6937013152482375,0.11655972253693121
27134,-1.1913719322401402,-0.12719596550602488,0.5069771006183235,0.47361630412398514
10014,-0.07389318783912908,0.8222618001892662,0.08893011022400052,0.782006875617701
7494,1.619509366632834,-0.04981670489327277,0.29908271868407627,1.108934194955023
23174,-0.49342472531115683,-0.07460339610004303,-0.5871637437317367,0.7168683673661078
7974,0.12772733238771855,0.38733132753125277,0.6284234478057701,0.7968069383752732
15814,-0.014342902361633346,-0.0007891698379075022,-0.2105413507050851,-0.5818635361864375
24134,1.4939581784711555,-1.5144400823137445,0.8436828368749542,-0.6308877554525
5934,0.9390811157490055,0.40450051326820236,0.6578474833146369,-0.7973013155139473
32454,-0.03836638714283683,-1.0254390075790514,0.8776828257387776,0.7132588424153063
334,2.7658051156680616,0.20090928936723926,0.18900975711935208,-0.47944922534020223
12254,-0.37435597110889934,1.0579138857104213,-0.6368558779335141,-0.02665964457824468
24374,0.036550676403170314,-0.7031698718698309,-0.9776124454150888,1.076487049647943
9614,2.995595048262355,1.0949950359030178,-0.020498051222957562,-0.2141154228897871
16974,0.16367131199395415,-1.1489683012749377,0.49598834231868816,-1.4289819972807563
32574,-1.9382013189881246,0.7342049926570818,-0.24327980546095876,-0.39890556920927966
25294,-0.7454506122755208,1.681992210908942,-0.8316853110752653,-0.2532613643625251
29454,-1.382523300984041,-0.11830838722491106,0.38584597781951585,-0.20000143508904214
1334,-0.17342552658759575,-1.9533050876513924,0.2582289044347916,1.0710570937259527
20294,0.4710563212632337,-1.8182315625636716,0.3496160340007756,0.7028593513536665
1494,1.4119148254809775,-0.09969981442717508,-1.1289102696053606,-0.6928327861963836
9814,0.18749486923408032,-1.8430497024051486,-0.0412557580716441,1.1672268079771146
28494,-0.7022529672829461,1.0303996760137815,-0.9661273751692729,-0.7270637327373521
18134,-0.7576598163249465,0.4190547267587795,0.3615992502969639,-0.6046458962150395
10894,-1.2438013239593477,-0.4545998156622684,-0.7022435325787657,1.8730610782979824
26454,-0.8040714070712123,0.802880757094938,0.566030259575174,-1.437984864021363
31614,-2.3732224234348256,-0.6458423055471286,-0.3842600005248938,1.224639164918819
24414,0.6083370781089058,-0.3492385901134357,-1.637278109061963,-0.002494981806172878
10974,0.6411405858642313,-0.64218871959284,-1.0461889971714156,0.40294872105900176
19294,-1.1007950516743037,-0.5974427036710389,0.35454049538936616,0.88941560033965
25574,-0.0075525475951328845,0.588264833134603,0.33976203531897115,-0.10863747188134511
32614,0.20926042403871542,-2.378137348842229,0.3020440491935028,-0.3145407122481072
31774,0.05804663399934473,-1.3041653274914826,-1.1806061464144262,0.27531707036314157
10094,0.899766126528816,-0.7500517469876817,-1.3145956009281896,1.2651023067632579
19774,2.063149213664437,-0.4388012831645374,-0.46943678724799015,1.7147540455702637
28534,0.3484823445853626,0.9891661605598637,0.9388961524597194,0.541986927464655
20454,-1.0057626617153579,0.5348768193660075,-0.6073149998582719,-1.2403345699359116
24614,0.29931668755082724,0.5075064290614164,-0.8271085034360438,0.8571918182157353
28774,-0.6719111038290115,1.0856958562225405,0.5440037626469731,1.8655753312395063
26494,0.3325793046238047,-0.06018101431434724,-1.1427665864258096,0.17685367089519474
2454,-0.322913374613493,-1.4195187741756763,-0.5490243456761025,1.3436485144019705
19094,1.0295573664071869,-0.5522112453368633,0.9095894673358992,0.8872230028837627
14214,-0.5766301940071038,0.3398225649460043,1.7431530608433163,-0.6436610180172258
22414,-0.89807553127016,0.29281956362062117,-0.0780058426426728,-1.2163570870272837
25774,-0.6825593702236877,-0.8376402768739338,1.2154970585864213,0.3024347198889511
29934,0.7039119202501031,1.0696807289311006,0.24958136054018568,-1.5171433036547015
13294,-0.12576682320940583,0.18949080942352373,-0.2984095523714092,1.3182493966897517
30614,0.48640292680978725,-0.7193626681346218,-1.1331208321909572,-0.6751785985146642
6134,-0.7298919211718942,-0.11668187547935613,-1.2022998044138413,0.815220638569213
10294,-0.0534817247227445,0.46037033021602786,0.5556531876831462,-0.4133536477845874
14454,-0.9123658051816627,-0.3664060483174072,1.600221395806611,-0.18210812715903316
28574,-1.427912481765868,-0.7204107561319424,0.6151023940582654,1.7092134452782632
18614,-0.36172966845641646,-0.1607403963567887,-0.19817834684092903,0.018207081560252032
2374,0.17204026893796584,-0.447838419901828,2.334677499056634,1.5825322236217554
16294,-1.576336653940808,0.5849693194492525,-2.1366468041245,-0.2488600551705381
3134,0.43339012377392583,0.19876164903687799,-0.7133677871463704,-0.1646622014193224
7294,0.2742419897750859,-0.3005050841617841,-0.9717943093318059,-0.40330257363915734
14254,-0.07473995271943877,-0.4034782074335578,-0.4113114716111965,-1.2682631074049395
32414,1.7207049641589132,-0.6310128392542962,3.2168589680415542,-0.4364556897431805
22454,0.5913478931901525,-0.6039153530818127,1.8968775756250482,1.5632787293274333
654,-1.2124940283938346,-0.8830322878291738,0.015151288510745133,-0.9176662229223279
32254,-0.6303135344377415,-1.2965022144686305,-0.19185658242142986,0.4536161029109249
20414,0.15893584657868182,-1.0154842052542434,0.8882688783148064,0.6293516877133316
9574,0.8377414138359627,0.16855351212957428,0.3627572998619224,-2.5072271696762103
21494,1.58429239353833,-0.2907054241656835,-0.1067141054478949,-0.2524837975368018
18374,-1.475807350879545,-1.2098590258225799,-1.2942647137924166,-1.3696627567515978
25094,-0.6035167730727029,-1.572326884707745,-0.02954889929358252,0.23085701632093134
26574,-0.2318010745770613,-1.3699058152479506,1.1823466472361082,-0.012862729451485578
5454,-0.503315073160418,-0.7229438780918184,-1.1308257452639787,-0.2593593294770178
15694,-0.22735020650204274,-1.3300706579389265,-2.002235018327681,-0.3920912645080772
24534,-0.7511515760364577,1.7665266464707017,1.2433430343169316,-0.46872194505025394
13774,1.1447814382756192,-1.6397533032845324,-1.6411824548352807,-1.3943289680730628
17934,-0.14918093930853987,-1.3243130154766203,0.5678373606763132,0.2997278322235648
22094,1.2414527115608758,-0.3420451137422924,0.04144284394946901,-0.9573225396104541
32734,-0.45078653607815217,-0.35424023491239653,1.0433994352513618,0.027506859168020578
30414,-0.37666882698642923,1.5909749725171718,-0.7272508480890109,1.0386177205263434
30374,0.6846333782476274,-0.645166757610457,0.4952189211258797,-0.0849989821930861
30694,-0.4342970534737085,-0.423021797869794,0.2434753401795762,0.44919660469102246
6614,0.4074372215197068,0.04623370285289181,0.19858306383940472,0.5617788026194529
10774,-0.3058363567714173,1.0341116731925224,0.24210872329521071,0.9518992746582731
14934,0.9510758549134717,1.1006976224440288,-1.664392848509345,-0.03166998455965502
28654,0.04449268305660127,-1.0495047771805706,1.9004978262300878,0.19379633626740858
17294,-0.6826736266009062,1.5241493246390465,-0.12680031872678266,2.389426000642222
31574,-0.7691655912674821,1.9922731437685606,-1.462060925667771,-1.3154290754923574
14334,0.797102719932448,-1.1543788676027376,0.7822546640802214,-1.5036432239589863
16374,-0.6602584208796427,2.2224514336857775,0.3160605601123843,-0.7491787534030081
7774,-0.3327345759938893,0.0610614277585203,1.5234782039497918,1.1220224116534976
24574,-0.22679387243217244,0.9300687774880071,0.11237880242747089,0.6418990830313774
