16385,-2.0924754614893692,-0.7867028422510451,0.3726856572085825,-1.2965092173993498
1025,-0.6743240152651845,1.9903660168303545,0.5394085475435054,-0.4475856963196673
14345,1.9191788719325975,0.14345621170765646,0.03352506309470267,-0.7942451273704799
5865,0.5587722262575309,0.5807638530510418,0.3930859407261061,0.6637426758889535
14185,0.6649591049584598,0.8342411540044488,-0.2414080073354762,-1.515256711162109
2065,0.6665126489693451,-0.07936220455264148,1.7470342132372962,0.48726913323799637
22505,0.8983247121557714,1.8134927084197188,0.13258460686316545,0.5327509954948377
30825,0.9039399355567312,1.6373513095206966,-1.755979967514157,-0.43151377973640415
25,0.4942461403458204,0.21999665942478402,1.6935411658318191,0.5287660524763004
2865,-0.20899130311763525,1.3818881095635682,1.2478513151075148,0.5407662232147552
7025,-0.24803689023147765,-1.3793575445067683,-0.5461467433077706,0.5080652263548602
18465,-1.1414006085261654,0.06831229701138947,1.4909236689985497,-0.4378327865619974
15985,-0.2812517295334769,0.2384817322357815,-0.8906265163056872,0.06430325403442745
19505,-0.8426690227501654,0.04066066182528697,1.915487301616232,0.5047080360223627
20145,-0.38571155861476164,0.47323830694793423,-0.7842826849276947,2.304485927448302
26665,-1.2562804399468968,-0.08192118493690433,-0.6411007606115525,0.17062480939431415
31985,0.4945010513884793,-0.6291624833784965,-0.2404764572831898,-1.209788530725201
6465,-0.9863299216472885,-0.13184712024371303,-1.4701921920819987,-0.817930915834209
1705,1.0188887420711235,-1.0609427020076028,0.2732175064894789,-1.18759072440261
14385,1.531109021200822,-0.019032350770374698,0.3023451556941258,0.8909661866762941
8185,-0.11772254077023697,1.1604035268037043,-0.17802619167777697,-0.15733942914978238
24585,-0.3808443541714253,1.20009818903182,1.4361595972448653,0.11827407982380515
12345,0.4788716469627307,-0.501629389957499,0.16561030069567195,-0.6771773444757748
24825,-1.222526616530293,1.5261204856769932,-0.3376158973014178,0.7913388411848519
28985,-1.6024380566704988,1.0393676204320306,0.032411335665819496,0.397283696987728
20545,-2.4515457693054388,-0.7013885595002542,1.950424668849656,1.5715894538153699
29025,-0.38969797014734747,-0.4094964290017515,-0.22034497370980297,0.4967098164601367
18505,0.22755601162992659,0.6844853713932555,1.1192714416342873,1.1693888993618273
17665,-0.4169114746016983,-0.936655604938018,0.194447351769743,1.218195866758437
6225,1.2038554311974272,-0.13853759211244246,-0.0995940996586343,0.6371446690310355
30145,0.44651784066561173,-0.25432581787618697,-0.45159408338921103,-1.6645658421443466
2745,1.4780658661736157,-1.2018250379406343,0.03267220622300784,1.2666762368910924
4185,-0.03496650984306491,-0.13960048001571285,0.062267129433359214,-0.5214809970342696
18825,0.6029951901131528,-0.2506134722557848,-0.5571286583173551,-0.35943431242399915
12385,-0.019319747415089888,-2.7435976664668926,-0.6794803311962777,1.2559860708614532
7185,-1.9008495945633364,1.4733225308846123,-1.1319005573939416,-0.6497013435008737
20585,0.9793074390528859,-1.3891052280956901,-2.281253376149591,-0.5606594227496469
3345,1.7570138841013225,-0.9923969625383227,-1.3359621828411814,0.1240209494620724
7505,-1.9645314301068402,0.2090723853784678,-0.7936875699570695,0.7452100680353684
8305,0.3556091933111832,1.3986812553714472,0.8509339008739059,-0.01765148739563705
24145,-0.4739943997113647,-0.00039856802336762757,-0.12922595434004047,0.3394588951771956
26985,-0.5828657288620916,0.23541954000359974,1.2121578438072633,-0.6617981550673019
28305,0.7690237893812307,-0.09656843931781026,1.9671359100585422,-1.0624023581854976
16505,0.6790526988119524,-0.3663355803039414,0.593764554485967,0.8499398235336337
32465,-0.3538901729292763,0.13759098777111806,-0.047112737126492256,0.2814326279497399
345,2.0343849736264557,1.4850412146863319,0.5560703029532722,2.927556912190841
24705,-0.9078198918589873,0.9206964248575784,-1.1280308838942565,1.5685293602111547
705,0.25151749276982466,-0.0819338958561969,1.4437552351565226,-0.12468205356062262
32905,1.1364618258567276,-0.3874447083796966,-0.16108307643160788,-1.4242551686977922
29465,-1.0806153689517715,-2.233739144964573,0.9593979155985071,0.42480217096057876
20625,-1.167442521671885,-2.314062810765632,1.830830044380294,0.05673742530081681
10265,-0.8232342506270129,1.213502318053393,-0.2607884163715355,-0.2385010421032583
18585,0.02981033210332927,1.2508360130042415,1.375128644438408,-0.6581127179426047
18145,0.6456535716016752,2.1789070293367003,-0.6240429943836046,-0.7848062110623895
16545,-1.645470847987387,-0.4778992133336322,0.8272616383896119,-0.5426278257742451
26465,2.101169325212268,-0.24603846964104992,-0.4398675012974006,1.7674455733642749
26785,-1.3277176886087905,0.7037781238619886,0.6897110827220682,-1.7519801866084181
9585,-2.632713702660731,1.2204555063146794,0.03852208699013694,0.2787820426119726
24745,0.6200629873824297,0.006112788318439186,0.13431280805842266,1.378029962237812
11185,0.15502864573048936,1.479154553485267,-1.061454187679889,0.30097531539904643
12465,0.17347517444598778,0.6697271709225896,0.623299155931988,1.780262823375077
31785,0.20255751976217762,-0.18383804758660055,0.09688467570042215,-0.9770967965647824
29385,-1.4069418873922712,-0.049192689946513296,-1.954744696547923,-1.3579405388201649
10425,0.11686563603834069,0.46337382177376973,0.2200869658931026,0.5570864240801022
3825,-1.5587646631941794,0.1266880000524862,0.117850864097427,-0.40852191505978275
12145,0.05929250721211501,1.3947540500546107,-1.119402995514537,-1.0869621978273587
28865,0.14021889318302413,-0.1685028344464135,1.2890721690162292,1.326431679816167
20465,-0.504458701123138,-1.9812425681492987,-0.31612043710217475,-0.9686325544705077
28705,-0.037161355464801274,0.14326980180807694,0.5699004725172173,-0.4789916952490139
6345,-0.7748016540443357,-0.8126704387160588,-2.703039448204136,-1.2543558933367664
4305,1.109559120359301,-0.07223298891862286,-1.1067279132797259,-0.5841478433176222
13305,-0.02474137771251408,1.0243420023258576,-0.18206998918200393,0.04290918064630401
22905,-1.4598955047953004,-0.6275449382298187,-0.1230266328231666,-1.8598203739222565
22745,-0.22042275660953123,-1.1656392410422913,1.0669100485120404,0.7873966623719946
29945,-1.418793160170324,0.9166613451425993,-2.064835076897118,-0.3922943011153554
30945,-1.197526673762321,-0.5161530253691528,-0.04167748600861827,0.23590991865090633
1985,0.5456273837891021,-0.3861305929151324,-0.47615064542844115,0.04879815800847724
6145,-0.04568327021657686,-0.37125209725343244,1.2623106933958996,0.49352716881068714
11985,-1.0486732842202584,1.271250856110492,-1.3989173667689627,-1.6716068073606878
28905,-0.8101047036792477,1.5945009283637341,0.06529174895578348,0.7825488124446083
18625,0.8181793477557926,-0.4940884836953161,-0.12093083135977978,-0.03639551557832559
22785,1.0159001768404012,-0.16554234096310477,-1.0250726365730263,-0.6662320188291776
26945,0.04638221373337684,-1.1017590301801046,-0.18936451480745228,0.8126750132723454
16625,0.2548198213270632,1.2058436449284107,1.451158120963507,0.8021796586421357
6185,1.017841911883538,0.13286239369853095,0.04198225166664701,-0.3368337925840737
14585,0.6462017520964178,-0.33504689076161565,-1.6452126298749847,0.18107467441054953
11465,0.2769139285099339,-0.27460714733897457,0.15635913688961384,-0.8388455419457396
15625,-0.49367971352035384,-0.17931854729847674,-0.6054163865653791,-0.0714480136764531
19785,1.1034001667422062,-1.7737500909627968,1.2532792134402213,-0.5488528240025408
2305,-0.9212849322141488,0.9732114246241682,-1.3946980117987622,-0.5705236094984337
1465,-0.5572993663141526,-0.7241509750685061,-1.297261840952054,1.120318180701728
10625,-1.1864806769911906,-0.8379122158232075,-0.2736707809469907,-1.6982224758235012
145,-0.4606377294417413,1.200111164212974,-0.09056836545026999,0.21260638684704164
10505,0.7714880229714257,2.4613398142659237,0.8172399344557559,-0.670415176720405
16785,-2.182268998788678,0.42516258903394893,-0.5408968404078622,0.6247898857717273
8465,0.5125127475792767,-1.108586758773279,0.060567590950668125,-0.3579468785811061
20185,-1.2631205440621902,-0.420366845995677,-0.7896311291245681,-0.21220508978077923
16665,-0.31033322983544714,0.3894651561824941,-0.04514205303740318,0.09066505643318738
7585,-1.095799661991585,-0.6077194028137918,-0.8872906045533069,0.23921914843736874
5465,0.6224961833282296,-0.13487817289857,-2.1064733255947763,0.38168017360913115
4385,0.1550241371168397,-0.18377393508163253,-1.0012202640327525,-0.5756500665790946
22105,1.2256894428530578,-0.8646989184844347,0.4048373342679544,-1.7302304008982805
24625,0.750077850839491,-0.7213696331621897,0.4588295961889628,-0.589121478160901
12585,-0.8202862939401773,0.40619462069950696,1.980027882632973,-1.2073593890611407
20785,0.23032254006104425,-0.5542108444018772,-1.2644653870919422,0.9623918179974693
10785,1.6675112719624097,-1.5136707828717901,0.47762711421175424,-0.21705588629613698
8585,1.9753591733405882,0.5196233635440308,0.14516460984507973,-0.9757932224590153
18745,0.6102395722177151,-2.0548891417773048,-0.1955343655224532,-1.1858711158551953
16705,-0.8892484273899258,0.5312266917819618,-1.434355328393788,0.9410994378584593
23265,-1.587656648215877,-0.557374995246791,0.7611791025803235,1.2295739856632444
24905,0.7017529669776214,0.7474399145533647,-0.6944616637901916,-0.040908307041381806
20265,1.1668030309599045,-0.7279294998536732,-1.575607809193052,0.9484802905382907
22865,-0.19534296777599572,-0.37855197528068135,-1.1651890102150968,-0.2108103675996246
32745,0.6298492356387164,0.40741510618300497,-0.5056960058696474,1.2303555067993222
24225,-0.5737885094302966,-0.5681681634840533,-0.3900236679025004,-0.4042837017693476
22585,-1.2016991356480102,-0.3223892752367251,1.7696871494074842,-1.1050116215430945
31065,1.0556294603218879,-0.54082750702349,-0.5020893054208524,1.038813006338776
18785,-1.4420319084427695,1.3955755777265868,1.8552321673726508,-0.40700471939811117
25585,-1.7227542383202237,0.4930340955434787,0.49765967047857496,0.43518029970937133
29745,0.3648368635541573,-0.015423403202426529,0.2690863989111001,-1.6213547285783187
11665,-0.33243213591941306,-1.416957880746862,-0.6334871841868296,-0.1881144242868413
18865,-0.2510915792230981,-0.19935931072538748,0.6304076586364661,-0.5759132605549884
16745,-0.018394801597337505,0.5733368866299348,0.40850755274447614,0.28194434901793347
10105,0.8151492296465597,-0.19447904334581959,0.2578941642478992,1.0145491027514861
24945,-0.808122751621476,-0.2246271520498042,0.25584793787342197,-0.6297217086627365
28585,2.780320466737643,-0.4267824493359137,-0.724326396745887,-0.4130097472405362
16105,-1.900336849245722,-0.2525366635782615,-0.6865463687077266,1.304687517027277
2425,0.14798177528856266,1.3788011268425007,0.3220709439637235,0.0346985358244878
2945,-1.3142427903576401,0.3943276007582291,-0.2982022762940953,-0.24526280537981857
31105,-0.8564575424394718,-1.5440552379167447,0.7909880835873088,-0.4700674814366125
7105,0.35321235322698785,-0.022983167659484795,-0.03954723474845434,1.5799143759819902
9905,-1.0916029163310899,-1.2587674973230367,-0.4675027431820678,-0.7835732213323807
625,0.13285283079001461,-1.0449846722715792,-0.4003252565534213,-0.48729788973631855
15425,1.6611502801988431,-0.20283691645349886,-0.1888744441317943,-0.600627391204429
10305,0.7005924834486321,-0.5807422224015649,0.8505358741687578,-1.813484718431837
19585,-1.8397246385621469,-0.29502153000785214,-0.4200486792652215,-0.954902570320961
29065,-1.6558274175928969,-1.7303554792005968,1.7229453801064032,0.35770176273108045
23745,-0.37259605019988185,-0.5253684151188488,-0.5408963493071759,0.9667438976790617
32065,0.357711152801268,-0.2865976319369608,0.08340903334278275,-0.1713069412440759
27025,0.2096997333190741,-1.203678460750664,0.667640973740265,0.18501897555331015
31345,0.5295412197688849,0.941569195873137,-0.2967265406726498,-1.5078832706058076
4105,0.9273253322005635,-0.5346791276060164,-0.3133098962995118,-0.09150291981963382
9625,-1.114989761752957,0.79024442788286,0.033298638070505836,0.36589921215913307
12425,-0.8310507741414701,0.07330237996107655,-0.7245315137264428,-1.3119582096978601
4505,0.9155687357114133,-0.5925301074088996,-0.7436403616992979,-0.9599592084566115
16585,2.673350475483816,0.7845270330945613,-1.3057879003183375,1.1885664765816248
20745,-0.8061576104719762,-0.11234872269532195,-0.44557617826881474,-0.02917450518279068
17065,-0.8303834126492491,-0.4206033283510901,-0.5129171601449468,-0.28180772267606335
12705,-1.7569135904791777,-1.2441043284443478,0.7970594406005687,-0.26396277764334514
29425,0.7160544240231211,0.06670704041244556,-0.07606256031613677,-0.32886631774073494
10665,-1.0784002902456007,-0.7914537830223755,0.07731308249726451,-2.573563479887128
13585,0.8175223276019088,-1.7880004895604926,0.0035211973611347916,1.9776153131443197
8625,-0.23836734757318878,-1.0776312358510798,0.6696239142360702,0.42052596694158884
26065,1.6328647697832992,-0.34378723247854776,0.5097402231670176,1.1017482710778808
30225,1.6903629678016452,-1.1019974063671596,-1.555776062869698,-0.7557567660072025
8265,-0.3396994452835526,-1.2643177610405172,-0.24625709765650844,0.377208766533455
6585,-0.04353366995745839,-1.0711901399732608,-1.2391704493529547,0.4876149798869406
6425,0.16538270778330535,-0.004758883462076155,-0.7075062297011195,-0.8605671040438003
10585,-0.1465881531192105,-0.9193747791127259,-0.3205526762285375,0.10921617618128761
14745,0.6610755306765438,-0.885875641867905,1.8216195048598367,0.8707965907490138
25025,1.32792613009858,1.4055167274041755,1.8761488344970225,0.08675040065978623
22945,0.11121653919043499,0.7178108253026808,-0.18423770079613838,-0.0809623337284258
31385,-1.3135796294562752,-0.32527300956577404,0.3469229471413682,1.4804672849725784
22985,0.9864080103017969,-0.6106514977132999,-0.6806608519732148,0.635844687059894
3425,-0.0069785375661478456,0.7545114230355423,0.3868926111004687,0.9663407981785401
465,0.6708776800366053,0.4619169235174221,0.9256953710974196,-0.5831749993644222
15905,-2.734771000879248,2.229312221470096,-0.4859111707849836,-2.3210956221158727
13945,-0.7636621574644504,0.013497742188969078,-0.42399889494706344,-0.08498365826285771
22265,-0.44312466374151227,1.6003199905294565,-0.04931089943864712,-0.3722790886207484
18905,-0.9479139694094398,-0.9231866239414978,1.4467426509316634,0.16048180125110623
24185,-1.2192890085116317,0.44279412087302794,-0.3369600630716375,1.5951712833306693
32545,-0.7285731891950652,-1.2787082710211972,-1.8829100318027248,-0.5270091376824053
6625,-0.8930215613010067,1.4967597913278938,-2.077219684051578,-1.36746608865288
21585,-1.7717248259568117,-0.7844714964467008,-0.7351734148915952,-1.454834033949593
25065,-0.055106316480475245,0.721301890396701,-0.9258424150291253,-0.2892412269887179
21225,0.09334464752757683,-0.9840251494199207,0.08934749823559883,-0.10392526035225745
29545,-0.9514162464975772,-0.7989080140029733,0.2740554337136356,0.006754313714637275
12785,0.28693250460141906,0.6835740877870962,-0.013719537320372148,1.6197868319013904
1585,0.8342613569618254,0.3646138262946234,1.801499432895733,-0.3991994104893018
20905,-0.4511150757590833,-1.1920051782356473,0.5164261958995721,-1.2698308082862515
31225,1.666147135822553,0.5554500198901643,-1.2265957030442,0.16488143425454294
14065,0.5937544232809918,-0.5111979444036241,0.05589211619364454,-0.06748334408628494
18225,-1.0967373041699668,0.3210716743221391,-1.182867437073347,0.18274560607558102
22385,1.0229655431016758,0.24641623272789237,0.682900620963349,-0.4894723044569461
8705,-0.6497785649065554,-0.6003323207961611,0.32158991251633334,-0.5323222710161751
9985,-1.0660963952510156,0.5188638728002481,-0.30348540930280565,-1.5242680634687822
27145,1.024500585235205,-1.3769392517514514,0.4121755437251437,0.19441521516620403
31905,-0.6535686091394813,-1.510242613699298,-1.2967227854525616,-0.26624168400254494
15225,0.4769204022853726,0.5071619930002822,1.447601112324598,0.09254547273462561
25105,-0.4507825801007926,-0.7292132849086572,-1.171473668995762,-1.630714869244716
23545,-2.3628817016155104,-1.3973959753709275,-0.22175553632714756,0.5796732659917657
27705,0.19709064443941937,0.9870665334283417,1.695993804468423,-1.664419137204243
19545,-1.2820266789282413,1.2215975676877362,1.2764851809493862,1.3194048771979079
12825,-1.325239010291082,1.3240707988567528,-0.6608286209257014,0.16380236433573128
8065,-0.10983402961928869,-0.23878954465336422,1.2138653019345889,-0.37310736193692473
21025,0.4830954071560402,0.79732474155496,-0.11958108939479672,0.0920001177614018
3505,0.676988705552417,0.6959267067550436,0.7261855777003111,-0.1631031489530043
8745,0.3242800971797969,0.4454058557495178,0.49861912162155564,0.08496188626289061
6705,0.22899729290652648,-0.8530765618154428,0.6402443595573606,0.34211093385580504
13385,-1.408840070485365,-1.1442323661658331,-1.004485056859145,0.40693492001584874
18185,1.7296565374096915,0.022027932841355798,-0.1331772016006302,-0.08624211416784494
17545,-1.1453918704538482,1.0395607812681997,-0.14505436904564423,-0.07501539501910687
4665,1.5725153589418925,-0.5914376194512977,-0.5905317070338251,0.9204346184509076
30025,-1.69853136174088,-0.6818360710645333,0.5203461646954536,0.7652123881669851
12865,-0.4981588317800908,-0.29946184347141247,0.30170093614502974,0.5691951164979915
2145,0.9983520146341556,-0.08823633562300118,-1.493400832812509,2.061395097160541
32865,-0.2875734058726759,-0.19532617683374212,0.4600327438276435,1.316054097123686
10385,-0.7531372467290413,-0.6326521200686838,1.5266668767758969,1.3746362816344548
10825,-2.351306614728327,-0.483526966859741,-0.833386618246681,-0.48020493220396493
14545,-1.2111778318511615,-0.060043718346259746,-0.8910403725560718,1.5699717593896867
18705,-0.689845808880878,1.7069073808933097,0.11547010417154395,-0.3062970715156038
11705,0.9284091855088247,0.4843306755465095,-0.23978668160156025,0.6030773586722142
8785,0.3361935287636908,0.8009288500614118,0.6607130696322385,-1.0031148703253996
31185,-0.4589459304101928,-0.4464475709527578,1.6255233819173232,1.4509578967852579
27065,1.0236824609778479,-0.7334596522368726,-0.3418564775220047,-0.0750873715900643
6745,-0.5921520383187994,1.2698351152456437,-0.48918347667709333,3.1008915747155643
7385,0.3693814556261574,-0.4979957818613959,2.061004379744124,-0.7836242403224214
11545,-0.36355733624820036,0.2373653822354378,2.091460068001213,-0.20699797978556414
15705,0.677904246901694,0.7039933712394366,1.044986140683182,1.135909616743872
25185,0.18656227372160986,-0.4235849936651592,-0.5802906295550315,0.4462121050490736
24025,-1.3221608591012926,-1.2471570853573304,-0.23069338216132218,1.0132385782824536
12985,0.661506616572292,-1.4149514522308677,0.08408752506989474,-0.9666937191854997
28185,0.4219452018927984,2.075064002609018,0.05722095196316176,2.4873884790919085
32345,1.728271992245477,-0.30358697740536233,-0.9327436369676952,-1.2505638029643258
31505,0.36167709457205044,0.5587318025130033,1.6333299098485496,-0.3988978972521833
23145,-0.04165587301327726,0.46672112270007954,0.7112622078476324,-1.1337585468955071
21105,-0.45120871711042193,-1.9512863570911445,0.7958966958372973,0.03837456602787741
16865,-0.9155861828318461,0.4247178595571952,-1.929956471570022,-0.11581754631086832
10345,0.11156631347827216,-0.0747303047256153,-1.3310588607502725,1.647758280339531
19065,-1.93389497131952,0.09176414482003797,-0.17778593499643533,1.201584793807873
1385,0.2004625178798083,1.0517664391107684,0.9863874096054406,0.5316966883404731
5545,0.3884587815980207,0.9199077490316108,1.2038829796074877,0.46373388477056066
13865,0.9061812481410745,-0.9807137294897763,-0.07697760983477761,-0.08849918631662743
9665,0.6330733635994442,-0.2698994131175641,-1.4992804048793829,1.1251888001144559
25225,0.38037613967932044,-0.5620698158220107,-1.5047082347941538,1.5454880211939293
12945,0.7691934664385811,0.14962723110528114,1.1230937504083929,-0.2284908441334086
31865,0.021334543277307168,0.6946918897078826,-0.2638527100086599,-0.5034608429479629
8985,0.8107633874743474,0.9156518617373565,0.19214465646216483,0.2601507318599649
665,-1.1467893892954355,-0.7379041536373928,-0.6409373897750718,-0.8998977071564204
19185,0.004186584412913433,-1.1297270843697695,1.1624506187102397,-1.356766719182798
23345,-0.014445255551628075,-0.30142669104629194,-2.149043821601538,-1.870461887715183
17585,-0.7897995099245405,0.6438989289495957,1.0305711100881694,0.33395023907254845
8865,0.3530205107396025,-0.16612219644657159,-0.5946620101778151,1.6899437242242281
28785,-1.3283857955364233,-0.7598664106665551,0.44645501398421633,0.30567476437772306
6825,0.42090632121009447,-0.34114480843214123,1.405713740411223,0.927749803100593
12025,0.9832494950854569,0.3225272095281032,1.496804530212996,-0.8791241378757874
20345,0.4071403258801467,-0.23240345178843744,-0.18733285673412922,0.10173164790376776
15025,-0.1672325574099378,0.6993549860701997,-1.3491463340900467,0.5989853471811922
32825,-1.6063092243324368,-0.25074725617394966,-0.6507217221526265,-0.08953491611726808
28105,-0.023733439492777057,-0.312130823000045,-0.5618294698584154,-0.2534123832130327
23225,1.6665782656215824,0.3027666947437884,-1.2113094774087871,1.2778075307149896
4865,-0.08432715051989606,1.6692719786564367,-0.5119374240388121,1.5152108284732857
9025,-1.3701812786451528,-1.006917128156694,0.5129288410960738,1.7460270783971459
31425,-1.455370624567663,-1.443029110783612,-1.9223206876773504,0.48938188851398223
21505,-0.704800012694113,2.1649246679775866,-1.9592549877178376,-0.4279195443805385
25665,0.15348899890799758,0.194257365025976,0.3338720335570583,-0.7945631655767664
22305,-0.4163407847552491,-1.1355577184466437,1.0530008850829138,0.47890778899191655
29825,-0.2878250851556503,-0.1555658668448576,-0.5287061303191364,1.347269249622631
8905,-1.5298243482777623,1.1321794831949732,0.4687059950679288,-2.1428010955165266
17105,0.030207272691982257,-0.183288621346478,-0.011936320049809795,-0.11835544663626153
6265,-1.6425195491951508,0.05259989325314173,0.27692536765795067,-0.26880595686703035
22665,0.9131471727220388,-0.321389605850476,-0.8090953809385802,0.24268188783707487
25305,-1.6244450702674413,-1.380272461458443,-0.5360886947738434,-0.29711951735739217
30985,0.23790632932439992,0.10430956458695924,0.6059266881506047,-0.02727829161083269
2785,-2.7396289832194674,2.454315655521034,-1.9770390020600075,0.3101594742023442
11345,-1.272264125337164,1.3995524974555866,0.9689417145739182,-1.878855956946137
10705,0.11831158739614915,-1.3579977401381635,1.8112936620049447,-0.6873482845376123
15505,0.4147919423445243,1.7711432392158861,-0.479716398763268,-1.7836072818063533
10985,-0.2135345355385862,0.10473422177360328,1.0821943214891878,1.446427252961099
27985,0.3455642777599845,0.23148557116194943,-1.1239156447963374,-2.6890132834391967
8945,0.8759282620056246,-0.739685732187985,-0.8933840395851729,0.8784314412828157
30505,-0.7744228073212438,0.05455054014553211,-1.8408027942286311,-0.6457132535273303
6905,-0.32803441557292573,0.34551343537315093,-0.45549448154094774,0.33653695039694914
12505,-0.4565326497929778,-1.4245331139794715,0.5052127704891429,1.249288341730079
9825,1.2865111179404622,1.6585481354842397,-0.5370212737474551,1.2617367580772871
28265,1.4524628351481135,0.7328814484981702,1.63114071174739,0.9656547166123179
24985,0.38192870642766386,1.497728156908944,-1.2755559134951908,0.0007335172047825409
15105,1.6320021363277026,0.3354443784493572,1.2430777749530844,-0.5655583407065635
14465,0.9193347713019142,-0.5588014276730986,1.067786869283567,0.3565889833013318
2825,-0.7980189547948557,0.498514207613039,0.9136718462997161,-0.3726729172131384
32425,-0.44072900933202597,-0.13434105982254013,1.9221775442362738,0.2948998839949804
4465,0.5396561005110674,-1.2285923929899507,2.623712046621821,0.40227752305650794
11025,-1.009481042886441,-0.3259773752699798,1.4929255617010477,-0.8827244973783995
21985,-0.7847305062639799,-1.0496231939351652,1.114888175523325,1.6543063239352012
26145,1.1830438396959748,-1.2392983366963033,-0.24636999241480048,-0.17236784519658002
8665,-2.1181496059564515,0.0063359480737472836,-0.306665930455267,-1.3361110254065092
19225,-0.4730636127866491,0.3406969823716425,-1.829464238778038,-0.7869510030634826
2345,0.889317877592425,0.2835100289967569,1.6906232758702213,0.5100504053323238
6505,-0.5968234010008299,0.17366076667116725,-0.9293179537985181,0.9777050654375605
27425,0.7297691623574912,0.7678693848883438,-0.9770866678341668,-1.6160662305308227
14825,0.27633727354197346,-0.2847694931421969,-1.612080345036316,-1.3690573297085686
28465,-0.7650191078210247,0.2358168491747331,0.9365631557063888,0.3370883030590347
25385,-1.5300607529276764,0.5362447226284142,-0.3818100190489099,-0.7258876670946979
31465,-1.7987612159832431,-0.08536819500550179,-1.436549451125339,-0.9340390432134762
13105,-0.4212342726704265,0.8081307096373238,-1.3100312031774257,0.26468414683864533
7665,-0.8115970170337957,0.8215368780956676,-0.6994235153482234,0.2370701189558229
2185,-0.3820539832968576,-0.9452631484556931,-0.9406422991693535,-1.0624425573894283
825,-0.7456728722836494,1.2292523789515715,-2.1639071163219485,0.8180944167773617
29505,-0.4835044875540313,0.03508233224136283,0.16270046300969473,0.9672487517911991
11745,1.5649632480961881,-1.5297132382534209,1.4550977118831514,0.9713523214473306
27465,-0.32008127531339403,1.753922196296328,0.866956289892897,-1.6462270742594967
17145,-0.2497829816838496,-0.5915149341728523,-0.35873577225490927,0.8214957284723765
21305,-1.1497642409642002,0.02702673730357876,0.3311527073321979,1.4325091150444094
25425,-0.3016982995660537,0.5700725946783668,-0.35948486901781995,1.5473033533312008
25265,1.4221386003143592,-0.6128985017144964,0.4318666647177928,-1.8699794908593321
26425,0.15652508237837048,-2.10062309305569,0.16894656202368893,1.1622444740678515
23385,-0.1923225068604418,-0.08818854454365842,1.0458139846579808,-0.971620430867842
21345,-0.17036282792805643,-0.2501642834251179,-1.3261539816319603,0.31396293979900003
22465,0.2555104438391508,0.9023329248950626,-0.08666269309769506,0.2009592948943072
26625,-1.1269909103772486,0.17247800240397215,-0.80075914237423,0.08962242719499335
30785,0.12939394728592793,2.6220100792072683,-0.06826891611136807,-0.43525690011058676
5265,0.8113297329574188,-1.4529601678674042,0.3848519567776904,1.2065949002153786
19305,0.5931127030403477,-0.5789583015693488,1.0054109838030276,0.5670715736958226
6985,-1.2822406668173303,0.5540636810716097,-0.5752122444291706,0.5796985144289453
11145,1.2514828543538499,-1.0376023271898431,-0.6097115957142566,1.372464575225747
27505,0.6528926698283347,0.8366458814637918,1.9040497997636363,0.05995651148075385
23625,0.40035697949384647,-0.30507938611668095,-1.492362140387934,1.6743530688616521
9705,-0.2932269014313336,1.05797315756156,1.254768436329823,1.5405373526200656
27785,-0.6647665608710402,0.5883237421358999,-0.2014229577691602,-0.09443667549635193
25465,0.8841779705718273,0.08943342689986579,-0.0728950132266588,0.3400397033740598
31945,-1.8507181800503605,1.2886628575686188,-0.19224282958993968,0.3923860109674093
23425,0.25953594524166707,-0.08619438308380371,-1.1943174722441066,1.3658414973062725
8145,0.44678685969176896,-0.3583785914179467,0.5502832335213791,-1.1355122910505404
12305,2.467959001053047,0.25202610979483897,0.35260382949871916,-1.0269259792188834
16465,0.06145760065879007,-0.49983560181914355,0.39201118771776505,0.30889589129582457
14145,0.27357763294800375,-0.1909921258184768,0.5088526345642612,-0.5973789580070368
905,-0.027819759141814046,0.03426574439183844,-0.3009058398555956,0.18700630545804356
5025,0.1554773542274554,-0.4479570751519239,1.0663994821887026,0.6014069344321941
23465,-0.30389710980481516,-0.30957662914365175,0.05805271894788153,0.2532651690492912
19345,0.9740586201724402,0.09849941702105533,-1.01441985935181,1.066262243571386
985,1.570004583818469,0.8446093915026629,1.8216793427086506,0.4492383117036022
5145,0.07000340588033131,-0.8677467546290498,-0.3729269516740812,0.12191591157496415
9305,0.4155713294131209,-1.461876409064858,-0.4768748850045475,-0.18690910328123184
8345,0.059264996118053755,1.459915480522332,0.6353522784025959,-0.35272707778776274
13465,-1.1715609921445884,0.9932913690487861,-0.44768094370044575,1.9195755110848354
27545,0.9206292599377071,1.3688745004646965,-0.4230238732492695,0.6915325293948026
30105,0.12212563230094535,-0.0564952992886931,-0.5942290344754909,-1.309725410330648
15265,-0.15004417054921595,-0.027908498404170253,-0.016988421851664742,-0.27296584711169164
23025,-0.7594226343884304,0.22683618067584102,-0.45450815936627204,1.586314902480232
13225,1.015283524522443,-1.034411929170473,0.7604255140008542,-0.6935612819597096
14625,-2.231312342987005,-0.018634713407579065,0.7244879351784738,0.2151941751292479
31665,1.3103419264256326,-0.234472139032834,-0.9512290643785739,0.5506667085626294
27105,-0.2137218855566734,0.5091123438297491,-0.9433169921952885,0.49627563995466956
31265,-0.9566698073122517,-0.10586839558365561,-0.46069497450123703,1.0582156010093193
17225,0.9982328987237383,2.859266840158706,-2.2202497273245227,0.5260240833487737
6065,-0.15734143673543094,1.0012094846222952,-0.65878517475301,2.531473342013784
29625,-1.460255652595828,-0.0462146537007732,0.8349484859675435,0.30301916898041026
3305,1.3295546243842011,-0.35518040108419724,1.313015136749762,0.7010629740471822
7465,-0.08428619688742713,2.242890180964455,0.40490877246189916,0.5927942121758774
11625,-0.9691223542316053,0.7505972447491996,-0.9364695298127149,-2.1625745665978204
17345,1.1885117505676457,-0.6048098238215193,0.10906803272463074,-0.27933745083287825
21665,1.010280753938986,-2.1696792408201206,0.08163623062794607,0.9399887070109614
24105,-0.38686911229082005,0.25045345222120047,0.6912944782741407,0.5064433040064866
1185,-0.7320087824941389,0.7889156907484096,0.4562596830130591,-0.9541496048251509
5065,0.3735037119201443,0.7170772410209629,-0.16116906799987726,-0.08732163168174804
305,-0.15116206475154273,1.0749135737779187,0.5745116004603777,0.41213817613765263
19625,0.06485577752387972,-1.1868885162883727,0.043234011577212655,-0.21832926092283778
3025,0.13714794478671685,0.3960169626718463,-0.10816012235068395,-1.1820726926157519
16945,-2.1244593873072706,-0.4366947410164359,0.14348996156026989,0.23740130904854898
20985,-0.2781722313423803,2.2955661147632824,0.2620479470899046,0.6405459229914283
31705,-0.10505297003007136,0.7317713647447941,1.6027737162894797,-1.4457217314168287
9185,0.6217948482703702,-1.1769159320441545,0.8622819667235561,-1.1597550154079619
5625,0.7208288929211386,-0.8746487957955332,0.09966201488381218,0.4217431978459053
10065,-0.589308142150125,0.9543143695373953,-0.761667731732796,1.606225911109157
27625,-0.9350468211062261,0.4856894294823853,0.3536268863924676,0.1261983137005755
30585,0.5019984934225702,1.052339424498883,0.4282720172609947,1.9748714681454709
15345,-0.446909264365385,0.20109269678684408,-0.03276417172044618,-0.025171223033532183
2625,1.7073583476589167,-0.2026375850880438,0.5772119229375348,1.0698978433030888
14505,0.9779722230011375,-1.3743856916182737,0.18797790856589042,-0.4373639552550209
6785,0.002733539479645076,0.9971196152976276,-0.2115082117166367,-0.6955515232739572
3065,1.1325854836108848,1.040147532093785,0.8944076578886762,-0.443327486974105
10945,1.3424445859265917,-0.07776931884401007,0.20652611578865815,-0.6278004414748515
19265,0.08829327486558028,0.11667184010425616,0.08084060018262816,0.2390898905695305
945,1.6985974045151089,-0.0012421545856692866,0.31291378345107773,-0.26009221339129523
31745,1.283814410395981,0.2576452499202621,-0.3227072305809416,-0.6745021731379972
13825,-1.379548522518494,0.8992431050869858,0.5730304434066569,0.895512721536751
19465,0.37782715502134107,0.18812889796669663,-0.8391712371586875,-0.7953838548899024
7945,1.2616306688202692,-0.5144099562360105,0.38807039864174725,-0.43972581251143816
12105,-0.36644416221478554,1.616755863708888,-0.5056111968598076,-1.3243600213421272
16265,0.9404404623684041,0.005864074153790474,-0.32257931269803897,-0.16467352323394974
27665,0.2665439911446389,0.5755198208860918,0.23138871175738593,0.8630063855801543
20425,-1.1273037260345542,-0.8079698288065869,0.7852526306852409,-0.16885886128062091
18265,-0.13943510122965636,0.4197198564819155,0.346254522777476,0.4493276640729628
15385,-0.6258565737755228,1.760974479072012,-0.25499402705377666,-0.06769762308930014
785,-0.5502594216659532,1.7497183840112307,-0.699997488630723,1.6285443152024952
4945,-0.8209496261754908,-0.5026345602360135,-0.6821898989928645,0.9399639863186618
9105,-0.7783645009896355,1.7408455846269626,0.6592464160459203,0.7370910274180172
23585,-0.32115385567959676,-0.8745366481381962,-1.365935756106667,-0.5243133332069069
13265,-0.6419908894116447,0.20758663544211842,-1.3116332333273235,-0.1712009133865844
17425,-0.4567289740995724,-1.3580029482181055,1.3208860867307934,0.5900956471909891
2225,-1.8450948489917254,-0.22440259192459527,0.0687581720958193,-1.240534011835408
11305,0.6565619140607387,-0.20430498843905193,0.4638290969528765,0.003969491673084772
1945,-0.35902930247991277,0.010429905724016482,1.2515283858227535,-1.1496376615747783
9265,0.6338724291053274,0.7699455183488262,-0.4472938871656542,-0.1407674891143213
6105,-0.14269325425511364,-0.8362565144838583,-0.9314354345566017,0.9176817623294624
14425,0.3966625228434653,0.12042846935188795,0.7100495781150521,0.310487985955116
1545,-0.00869995619651943,-1.2598124021453707,-0.8919024492029655,-2.166096920989242
17465,-1.0761152537436458,0.313097481303286,0.42756113650547256,0.6861603106486227
26905,-0.3084366776101141,-0.04296622261569822,0.6328867416653181,-0.7825875880735675
5185,-0.820241126123136,0.12543608339418735,0.03181722671926898,0.4307401730941143
31145,-3.212190283127993,0.46416394053506194,-1.1430859483500253,0.15293449630091221
31585,-0.046251446807655826,-0.519799550607836,-0.3930677011695505,0.2929323241905547
23665,1.2062023954863175,-1.923684439312241,0.28266934763282975,-0.8620328256936426
3145,2.472207619520265,-0.35447358877008783,-0.5084054917478349,1.2203122266076858
15585,0.009246089583835958,0.35106545684411306,-0.7583215077305838,2.3635579706663115
23905,-1.2863731441456416,-0.46960833589465495,0.06692793669193435,-1.6722422047857575
1105,0.36086476991954247,0.8413032729851634,0.41180412903202357,-0.2242868644865097
7345,0.35330746228090026,0.5884168099323777,0.8465580110877523,1.0270250856653922
20665,-0.8284878465983095,-0.7875326543233327,0.04515645970918332,1.2560741733746623
29785,0.2143601396219098,0.45284303909736645,1.6959523314708118,0.5897639560749377
27745,-0.5338767167531095,0.6582285313056784,-0.009824068831665913,0.5036617315370715
14865,0.13751812573616848,-0.11401018865600057,-1.0296407665774878,0.6352044127344091
25705,1.5130378940787204,0.07622863995214044,-0.5479265256415357,-0.15037569536708076
5425,1.107825731343928,0.7446664295515987,-2.178039915730142,1.3272914824504558
13425,-1.6156543313608234,0.750003678542294,0.6408298480603984,-0.559211372510348
3945,0.3192944333114588,-0.4287865230155003,0.5401308643275018,0.29364342113077885
21625,-0.48313267954418904,-0.7805427907308173,0.8227728443273394,-0.41341835500370944
29345,1.4548077624804099,0.9140345664666893,1.8909573277314096,0.10438216933760876
9345,0.05324934272088538,-0.8884947551712254,-0.6966210508878776,0.901122877776112
10745,0.02814162566134868,1.792368114375342,-1.2712490181840321,-0.3261307556378
105,-0.46485927035187313,-0.8846168130606689,-1.1147478040155756,-0.28805530692163
3265,0.34077830691578037,-0.08616402190899367,-0.23887540799514329,0.1778418742271981
7305,-1.482045558162847,-0.5023044523281117,0.3632337929835795,0.17414964326957966
27385,1.2390338250380424,-0.8500169338939828,0.12579457032720606,-0.7252681340924967
31545,0.9255014136946834,1.926620886005894,1.9368807787375866,0.2370965721435475
25745,-0.3649283848903997,0.45429937227394296,-1.2250185228781136,1.0084988563118897
3585,-0.48186170501523085,1.6929314124703772,-0.07014047011430256,-0.7900974313123854
23065,-0.3863576357503365,0.5427598184746724,-0.7974308926601428,0.5697259290570952
3225,0.932196378182871,-1.4819820882505186,-1.384227156666096,-1.0484227923365546
16065,-0.3852664252947816,0.7562736076044188,-1.6030456588628872,-0.3300285679892288
185,-0.24912198151965523,-0.03383630069137083,1.2313923001066573,-1.0631620848175354
28545,0.0913326208588399,0.2551135836443279,0.8496221502686113,-1.326239758537725
11425,0.16295977656447325,0.6148520083986926,0.27075497508230695,-0.6457948979530534
585,0.08237221473117334,-1.3102617927543059,0.15856211536989775,-0.1311450772763297
17265,1.0870653007941815,-0.555992658116637,0.1341014874619929,-0.08769583734648342
9385,-0.7385205681213226,1.1973784392550533,0.08615058648583027,0.6221857763550604
13065,-0.01713942750325953,0.0638430086024608,-0.09273065236335257,-0.8834365626693165
21385,-0.7873486898640102,2.989086903676608,-1.0588356197399962,0.6268982614840065
27825,-0.2065405434534893,0.8456563664432935,-0.018302670003787647,0.9693557226183208
18025,-1.2308491955805287,1.474559283303387,-1.1873196317309131,1.445628110035723
26825,-0.134001264821918,0.08663358346631199,-0.09377075172255246,0.28502295882341905
5305,0.837315122175353,0.18063361311353704,-0.018208786711898472,1.956627409718852
5905,-1.7303987948085253,0.9460924250468208,0.6666656180154922,0.33248163269586417
14225,-1.570692905222843,-0.4335410153578433,0.33465117706807507,-1.2694230972782692
13505,0.4987085315734081,0.15787130240766134,-0.5423688353601768,1.1073686338774695
22185,-0.8295459623550955,-0.6137458483875861,0.42137501905124763,0.17629626229517043
22545,1.3246073065280837,1.7411337807504772,0.0697801126119937,0.8765043298302094
545,1.0811246457169923,-0.09993938838012488,1.7069815214724227,1.8412629402828458
30865,-0.7469557694623339,-0.40987661297668565,-0.4343008847858178,0.536692212889728
21705,0.019424054628219414,-2.2143299806285173,0.8170179885684175,0.4233655707041458
7065,-0.43632983023572125,-0.42790201668794947,-0.6761115609743068,-0.10712979858305824
9425,-0.10132698262905035,1.1776926342494876,-0.08246234749173005,-0.39360398884410347
11225,-1.7423857344842761,-0.8079444443749061,0.6083288228858271,-0.43984527702760245
16825,1.9593862479803452,0.3746444165223687,-0.9564895350004748,0.19118427648695138
4985,-0.3056441788516861,0.21611581789410636,0.15152403106706602,-0.18438245595017969
23705,-0.6766171232716168,0.616990766419586,0.5079753036909768,-0.06736241652601971
17625,-0.26996656554094883,0.6961425757423241,-0.2842690853014774,-0.1585569869897448
27865,0.23782297546253864,-0.035355244616321585,-1.004362760760823,0.5810785936783225
32025,-0.9875881258227722,2.2944465030598513,-0.5741982407659078,0.35010071981933427
4025,0.1229337333928425,-0.6323263673314367,0.23608359539337498,-1.5247426662465309
5345,0.059606098275141975,-0.5435505379059065,-1.3067949869670772,0.37024973649862936
2545,-1.9285606631934435,-0.20383744236258924,-0.6708439368740305,-0.21102691474014934
8225,1.5016810178651117,-1.3950240237049132,-0.19050888720603198,-1.5026428770956501
24785,0.768082687374223,-0.3345848210340855,0.5707180309174389,0.4160507712031795
23785,0.7229559209659123,1.274559048641251,0.6353442996161062,-0.18186972886916525
20705,1.243934038657282,0.46657305377301456,1.8278318754190241,0.5723364517801749
24865,-0.45737608726287965,0.21250291793248943,0.12753161940439126,-0.4883825080800569
1265,-1.1714115212699436,0.24106789515691307,-0.34136411780561504,0.8276746608120638
1065,-1.049389484140569,-0.6415988584432554,-1.17262042302798,0.9848297503484986
18985,-0.40315705386560435,-2.005642760173066,0.8047506399463547,-0.7360991542677637
19705,0.2698718757802076,2.169158440758326,-0.17979683076205752,-0.4461467071307586
13545,-0.6266689595528493,0.2110158753531326,0.10491826321630522,-0.943816949152811
21865,1.610873176408755,0.5765735837309529,-0.6180087148656227,1.4519051537375494
29305,-0.5864198929852104,0.07138556545052151,-1.3628037918128455,-1.3875533742738064
27905,0.6553291925226754,0.37285842321381363,0.7577565348640406,-0.9521813896286135
30185,0.6831618515204133,0.08071368471965046,-0.8670959444886877,-0.6685696562108616
13185,0.007731936134352418,-1.3073709865725982,1.8394425204341593,1.246250470189749
25865,-1.0075563462129955,0.32706799175244683,-0.4525875753111669,1.346077699671376
10545,-0.2288192711014485,1.6549019171556676,-1.103954538685585,-2.0782358625660056
14705,0.574357832922037,-1.2023429193123445,0.9354581521962182,0.5058276053698916
23825,0.005198310735083097,0.572143280564957,-1.8666022928245296,-0.06198285747802622
2265,-1.2923050918372072,0.2695357640380016,0.3081679335285957,0.207047685030584
21785,-0.13015467550913584,-0.6875072562538982,0.4858343333793749,0.07771717215187955
3385,2.811317481975756,0.11812700741807718,-1.0995757612774022,-1.4804031717712585
7545,0.8216116091499948,-1.5780180520821516,1.0979713132939257,0.9157598517035398
19745,-1.22860731486823,-0.25686912317915084,-0.5623035483839416,0.5580350206832343
15865,1.0137517746167517,2.4692159944340335,-0.3470930811064832,0.7485739812678335
32305,-1.7483130609043325,1.4192993679847579,0.27044943458154797,0.5945236621143306
17705,0.57099869911245,-0.8701863517284366,-0.3405336898922505,1.7221728971628565
32505,0.7644928356617422,-0.4059202117886279,0.5874238113712194,0.5470657934373746
385,-0.44900865184430216,-0.7687569589866461,1.1124175226533384,0.10125942374284284
25905,1.2087318824289959,0.9058667076815368,-2.484094376366898,0.9400420862600845
4545,-0.6149735655194833,-0.004469756751726613,-0.8282163364545428,-0.7997302561368322
32265,-1.062734221792837,-0.10970030056208477,-0.3115748898013422,1.243637845374262
26505,0.8772986553981164,1.5623531129748074,0.808748021285037,-0.3015893589666345
17025,-0.7642348674493393,1.9375979307043272,0.36783809540745305,1.2102581836432218
13625,-0.3370575825953863,-0.13118960585960068,0.6654144663530778,1.492524817017594
21185,-0.04510408270090539,2.1188868905534832,-0.6797609928926173,1.2344520851185077
25345,1.8391571154401065,0.7797204898168852,-0.27350462614763965,-0.13508820050653522
1345,-1.3743028627554001,0.579906833347065,-0.9781793688416556,-1.4016489876466929
5705,1.0798184896726268,0.21724298992095492,-2.3961417992331038,-0.23781377116719407
225,0.26883177499867167,-1.1248206555746159,-1.2603731713840134,-1.2723947171056327
9865,-1.1705689070994856,-0.4576319890364898,-1.0528720661401962,1.8193460101638965
9545,-2.04904561875625,-0.08036993739255928,-0.06450390472264232,-1.2634067285677353
22345,0.5607520355878114,-0.986434969537825,1.0857702017117683,1.0182681603327994
17745,0.22095961748281565,-0.34212772516622925,1.1160833505168333,-0.30414282841260903
30665,-0.5024904021539432,-0.6611106844194832,-0.8409518019181781,-2.296643530420689
20025,-1.4617220220094609,0.8411372717634005,1.6912429688272799,0.25296430640701184
2705,0.20933622776553376,-1.8225263812905863,-0.334656402578546,0.308421098543049
25945,0.9717510356805324,-0.37615331356350445,-0.6076675127572324,-1.3158961740785013
6865,-0.26521370509473036,-0.8979064339507028,0.9860868365975803,-0.5946164075669332
15185,-1.1068637899220473,0.19219151862683123,0.45088310085473604,0.598918210186375
13665,0.5730770340675728,1.1348822469314006,-0.45384819765108464,-0.05908964799256973
23505,-0.15543855203171753,0.8886559168153544,0.286598033124391,0.20588998822559137
3185,-0.45664426796313357,-0.698321839868929,0.04851967970534621,0.6227990120517602
31825,-0.3365026018519867,1.4186711060376398,0.39931142272256215,0.8529290620696641
3985,-0.06575113805505738,-0.6897505777245989,-0.7286083093820156,1.105094017884949
32105,-1.3103270818835355,0.6150502579335407,0.3791585736689467,0.5759047624717818
7265,-0.3512415027857987,0.611066508082332,1.4037009011017052,-0.7170401286783283
8025,0.7412715306362487,-0.5307163434027952,0.8628650746517255,-1.6731064286518833
19825,-1.169000155811015,-1.56176638776791,-1.700206794104819,-0.6931707463876575
20505,0.9756284456327531,-0.7903396036674343,-0.27292857593390146,0.5678787993369996
24665,-0.8445428362674516,-0.3256182064942941,-0.8951407951619217,1.5736030558079122
8425,0.6040379603477142,0.8337543904216069,0.4060324896810865,-1.5031990705042342
28825,0.44960819857460455,-0.9693703532874833,0.11260973056610875,-0.20462805803203005
17785,-1.373945938805676,-0.42514021673176106,-1.2749976037757853,0.028004748269245483
865,-0.5605346388839567,-2.149792074263242,-0.33800222472002855,1.492807531917567
25985,-1.2247823465697278,0.7119176216641466,-1.353199660856659,-0.14531683838017556
13345,0.47018131816636516,-0.3646314312048606,-1.6753293048581683,1.9458057264135344
17985,-1.5720081427473815,-0.24951905007913325,-0.23066980866795764,-0.28146181122725955
23945,-1.271114314922608,-0.8765560224825736,-1.896624783795933,0.030629807946148405
25825,-0.9644263604723629,0.7432779970523751,-1.1627201895080577,-0.060722797062066604
21905,-0.9605427129061865,1.3436130881944428,1.3297794780112453,0.1067979769357874
12185,-0.9957167908322829,0.22638924890573864,-0.8488883376771957,1.00348929128022
19865,-0.777533602208792,0.5482942523973997,0.765164112486879,-0.5847320738952999
18665,-1.1573016266428098,-0.8724364139688158,-0.2552072571333305,-0.18618473946475705
17825,0.17984319335319035,0.36357412190725413,-2.263021985096244,-0.5525592671060733
6385,0.8503559989258661,-0.8258862758961579,0.10386062017731242,0.3143633125806966
26025,-0.09700392116163507,0.05736488761570685,-0.25296861319437286,0.49770594639818116
11505,1.8639414677042878,0.9656964465635365,0.2556545097120408,-1.8156995028457055
15665,-0.5649194515069832,-0.2456637456300819,-0.072281251621399,0.5203347547087344
23985,0.2948508311527945,0.23370148090773613,0.7130586470065099,-2.3956546868479816
28145,-1.6215814161760669,0.4725656119907135,-0.6022441479566601,0.23271662506735216
25785,-1.2929023456536346,-0.7619803197945156,-0.08196228046280643,0.4351120212293585
18545,-0.3076171308888896,-1.1370098004357827,0.1482702183703288,0.2865114363289373
31305,-0.7773696139033608,1.4379397604087718,-0.057118051674037044,-0.057404347717985894
21945,1.469480268224987,-1.3552650110051228,-0.06730558741646651,-0.7697386439234329
8505,0.6455181811529652,1.0885535583413306,-1.296179549760484,0.26233011291145036
12665,-0.46961532293068536,0.874912370567658,1.1973380682627306,0.6453604621202055
19905,0.21556648132622278,-0.09469449756125253,-0.053510999169011544,0.8885641424122975
4265,-0.14487639753077017,-0.721345091217609,-0.6595816256688142,0.5778081026797682
22705,1.2828020017780393,-0.5525810670248944,0.0032284285680173326,-1.2639635554393045
25145,2.2996708527188376,2.45396882791927,0.5272074640352463,0.7240676700592539
10145,-0.15857373196992153,-0.777100430742363,-0.3870884623121821,-0.004528546338361816
7625,0.9021596043057303,-0.17844418204039197,0.8161033676423444,1.374872532313483
5505,1.1970630212196836,-0.761509450998661,1.17051229122914,0.34870702757209865
15825,-0.08258640835158819,0.3432893766966719,0.14195035425802757,0.1693751777719803
30305,-0.8506117646721896,-0.5154765002688616,-0.3739594648176594,-2.702712484227176
4345,1.0189323262437227,1.2024968060421988,-1.8748633035704945,0.6679776363554694
22145,-0.090007851059615,-0.404355138453645,-0.564186276391697,1.29496555371443
3545,-0.6029321481633606,-0.778390427660194,0.324815632435511,0.24901548881277458
1505,-0.6577492899874493,-0.34686344102943784,1.0271866164571486,-0.23482296533384117
2505,-0.02128041517753709,-1.893877853435295,2.5384548344499542,-3.70956548211422
29265,1.0432606794303565,0.36045101102579247,-0.0347403917750493,0.7350888293322717
14985,2.1517426783731217,1.6216735559097581,0.25760503731069184,0.3001769283370846
19945,1.4660251518283376,-0.054537875637156716,1.0324537540375245,-0.3584768410958849
19145,0.3124297873087696,-1.3185122152838211,-0.3580086260800439,1.1137381804605953
23305,-1.2628924477097785,0.8674000162012573,-0.6691952322347605,-1.7896406539773622
31625,-0.8221939964357362,0.752773061113281,-1.0699594528863192,0.33949941418644886
17905,-0.3401293429155817,-0.32533847850865777,0.4571373930724011,0.2753702558512987
3665,-0.34321917550462205,-0.5504250911438546,0.24645888653753226,0.5800355951297393
8105,-0.06115248861509318,0.43490110505080676,-0.32270995194925056,0.20330367852634293
2465,-0.43931064272920156,0.388398653469617,-0.11199401309275275,-0.09816489493227733
26105,0.524481100571907,-0.19711038511459025,-0.005149016119572261,0.1749241842660333
11385,-1.0065990372620208,0.3295630242005371,0.14597218597334186,-0.009326588540296549
24065,0.4664244058791046,0.10694627858067839,1.3641367562308797,1.7876464620085322
32785,0.5469396312111853,0.64790911297854,0.5001469999265589,-0.972969412393979
7425,-2.1022340624442655,1.2773312193627235,1.4187373564051766,-0.6674170667975208
11785,0.7911102322974171,-0.17303137735660012,1.431992324429731,0.09916704575942481
15545,-2.032372221954442,0.25654527568519114,-0.7639408129411649,0.3507160784651218
13145,-0.5299099347648726,-0.23223704695386385,-0.12220035793138194,1.9990866153131248
17305,0.8508931767051195,-1.3054747395797035,-0.28779730397930214,-0.6335030751935199
19985,-0.5743560295145956,-0.5449744701348528,-0.7547200336603399,-1.1340007161967436
21465,-1.3996009557830063,-0.0061497450777535795,1.2067025134049518,0.1678398427961027
25625,-0.38564450496075675,0.2506412996576199,-1.474276141287474,0.17349857929462487
16985,0.5182593414758664,1.4107444797451238,-1.5041046282297552,-0.1858078034888827
17945,0.26011599311881617,-1.626871812470527,0.4458336526761925,-0.09522448793187226
5985,-0.2387495344582748,-0.40511718002216257,0.46662143937723877,0.13832735113364492
5665,0.12702131981918438,0.9430167432058575,0.8013877824364548,0.06291995467951954
14305,0.7766504743617154,0.012587309125379446,0.34202937625760754,-0.6174838241143432
26545,0.37108176798690584,-0.5712471669081352,-0.29279336804150274,-1.9332492697851047
3625,-0.7457886412441397,0.9424922807037642,-0.6059745006417622,-1.0571230970724013
19105,0.23067858847484368,1.2157031923859296,1.5241307422390349,-0.2901644586263436
11825,-0.3195053316773305,0.39062173000902745,1.0015406063244936,0.4350447809493469
7145,-1.2215642923459817,0.8853670233219583,-0.6858604085973772,-0.4235787454326457
15465,-0.10659862145993843,0.9157417581958536,0.5215441366060891,-1.1575176836847907
9785,-1.3664962352304384,-1.3351006922496658,0.5743858410809276,-0.84408188894913
27945,0.46414847846412866,0.47443661225294453,0.6326218344227174,0.9505587366074082
7745,0.2975704896996785,0.3813879615951778,-0.34767003710116745,-1.2477425449603632
13745,1.5902835763433738,1.358226968570998,0.027153852442094346,0.8725617785087144
4145,-2.377177946722419,0.20010824989406528,-0.21617078914588506,-0.025650128954177738
14945,0.9629962002063903,-1.778976699507665,-0.30488783785783613,-0.6017047135022396
15945,0.9117750808461575,0.6599221196520307,-0.6300264450638284,0.5083530053932049
13905,0.35575022859074246,-0.8414878374073058,-0.9242096458629226,-0.5062595559053521
19385,-0.34049129456317295,-0.13359876585545782,-0.5076518477202189,2.1161175670429975
1625,1.4168716931652596,-0.019723986904585065,-1.1376303788870337,-1.0194202751677506
9465,-1.2854527122548174,-0.33207926761980017,0.30483089764766574,-0.4776075697523017
20065,-0.57895005719691,-0.3122417580712109,-1.3624861573596647,-0.5774322285242096
30265,0.07385891292318854,-1.2214856815932744,-0.04088798597514415,-0.8490286489010309
28945,-0.18825809788257325,-1.3702284284191617,1.7900354808128014,0.0013967787603021437
7785,0.7814010643688128,0.06575092465115098,0.8352667339738066,-0.5321942354556918
26225,0.24187611936451153,0.14788574785030517,-0.31049963422309085,-1.6020065366349425
14905,-0.30213334371581796,0.09651198853151868,-0.5176172262327318,1.6065025540050188
5745,-1.5943934089762122,1.5006219095302225,0.6219127199296195,-1.0781408888510233
14785,0.2679141538668603,0.009044624135383853,-0.9166571689168922,2.1561739809827887
18945,0.6535390369442385,-0.6955042449726977,-0.9649948126037362,0.787021444753302
23105,0.47718763201399894,-0.6993395119391886,0.10392484606998637,-1.2296043873156908
2665,0.624770676677104,-1.411038820652862,1.098059421526627,0.8669900295125166
27265,-0.6109465252965718,0.31883282692140963,0.9605687670042028,1.463929222360704
3705,-0.33871869180906833,-0.8358997225686797,0.4286647151628414,-0.620045984517702
3465,-0.6783888185926792,-0.09534452447694892,-0.8437093846101189,1.1425543346456621
1665,-1.5239296200274772,-1.235754219613632,0.6792693771517799,1.4165361975213404
32705,-0.5879504751626174,-1.153203850168597,-0.47917012977670476,0.5083716759991617
30345,0.7799460247719363,0.582505543879475,0.8842477104025829,0.24310327290874112
24265,0.17104080230955385,0.1927078185020642,0.6671790483501135,0.4278398540081396
32585,-0.4453139702626722,0.9743205444433862,-0.8642805407421186,-0.13446286574119848
18065,0.7049098978108952,1.6848168513006836,-0.7765996988034429,-0.09298778833572059
4625,0.8417558967807884,-0.3629139924530649,0.07738920359219145,-1.9941009345766183
1305,1.1229123905308556,1.404108326681426,-0.8064319076464729,1.1954544388467097
26265,2.521357018170645,0.6998151081902054,0.6627085266444881,-0.4473192355114273
21265,1.2156705721276932,1.929621800086876,-0.4813780766208313,-1.1751073777002115
29585,0.4921133561341008,0.8074867401720557,-1.406287749184902,0.12511222194312266
3745,-0.6989349196237638,0.21150166725330224,0.3745108505504443,-0.0979272373878268
10865,-0.2622394106483988,0.4074059753503519,-0.2248431761061582,-1.1680087017423346
5785,-0.7219082406784709,0.001827270106747185,0.807262933254676,0.04059821953632106
11945,-0.8427453300798903,0.056788223665327084,-0.20935655226318142,0.009086764249925997
9945,0.5320971059871118,-0.19560714434355433,-0.03981252181492925,0.4401228468732439
30385,0.49715142686937336,-0.8796975144259127,0.6437508953088315,-1.575427281913523
30745,-0.38194529799292026,-0.08360586934909357,1.226544770822886,-1.0920639644434615
15305,-0.6084276886800184,2.3798941782381036,-0.4644162717355846,0.10410741727552111
18105,-0.2247676857485198,-0.2569072171997756,-1.5694337240931304,0.17711447391174462
11105,-0.29295001238169227,-0.25764587111574666,0.06908451615257365,0.6986880711907676
5825,1.5886957120256737,-1.2661175300521235,1.2250922336329437,2.067220064646486
19425,-0.48428873718147136,0.5103294951952234,0.757451935267366,-1.0038294572667168
9505,0.25982012106979635,-1.0941070781622666,0.07587962472149606,0.3260448955300878
3785,1.0395619060786954,-1.6691812283351997,-0.1397554485789586,-0.31861186475915654
1745,-0.034763088376918695,0.6395180711905897,0.3847337695484034,2.4531445414233257
12265,0.49596603144112744,-1.4592906376524388,-0.53719340581051,-0.674315156176404
16425,-0.106201032720812,-0.8564310988889827,-0.034134959476552276,0.0778546370543362
8825,-0.6824542032029154,-0.14903234861260653,-0.3802850671221368,-0.5638441486776204
30425,-1.8805825335051103,1.233279710018351,0.30732023983975726,2.8523704856217327
7905,-0.22665643768594246,-0.6013786991166525,0.7401942938588632,1.699172340750171
28625,-0.17859255678311853,0.5375541583387706,0.1334450201165127,0.7906589396164551
26345,0.26253376133159767,-1.087776037919324,0.1613904235370523,0.7270052387536636
21745,-0.3628502728697207,1.152531022824368,-0.3515304124169573,1.0666118975563323
30065,-0.9815810246728175,-0.8871416981895368,-0.5514499383829256,-0.5900325145269965
24305,-0.7010089983448063,-1.19106836798484,0.5254658938688989,-0.16397832402727083
9145,0.03141823392379617,0.8089022832921929,2.149902249156315,1.2375829376035739
2105,-0.20033329846806774,-0.6561746880905436,-1.221079682751643,-0.956305366795503
22825,0.00016772910586879868,0.42762100050972557,1.5318571385054056,0.359657526079529
2985,0.6472517791120181,0.827405013611625,1.120777972362454,-0.6965134739559853
1785,-0.13852843149791508,-0.0349252981622188,1.8490217835812042,0.9383807963201638
21425,-0.3249523164427186,-0.12658908523634957,-0.8297071850075703,1.2874615955427786
20225,0.24500651276985697,0.8341689486268677,-0.1304760000335952,-1.5974554917051649
32385,0.35353243163101516,-0.5474482264756801,0.49905241854609395,-1.8862617659925056
28425,-0.6372580005187076,0.415011622045221,-1.201213773953131,0.02778831891601789
11585,-0.48190708746544586,0.7805924946873776,0.10415634511849059,1.0616173296345233
15745,0.5005318135190906,0.13163033105041513,0.25012915752886,0.7552879458224004
16145,0.37758508740144253,2.077863508717539,-1.2984840043288126,1.9871840312590736
28225,-0.2850099166075657,0.5654613743623763,0.4448320607132401,-0.04248022574619694
16345,-0.9064327184587133,0.34002014120405033,0.9197677209457704,1.4189874999080403
14105,0.2673948003379753,0.9345613593752454,0.21795790455895006,0.9910993309665258
265,-0.3735053704985732,-2.2292365883558483,1.3591483383068883,2.207364606251944
4425,-1.6161349162043062,0.26390974359257696,3.175300372721095,0.9463053463548713
1825,-1.3391651176734363,-0.3575715136882304,-0.1712565223886668,-0.46217435714016597
12745,-0.15441235137951365,0.15816577635317855,0.133045121186169,0.5809606396489742
16905,0.43068364766723244,0.39144904835700844,0.2670221950464711,-0.4043263751220528
21065,-0.23917400595323068,0.4726045833059138,-1.127170655170872,-1.622987586890892
31025,-0.9012985658348771,1.3292760244892319,-0.3643544291450022,-0.1785245584276823
10025,-0.43726890503744686,-0.15392997675199802,-0.9497559659821441,-0.9240016334382687
7985,1.4948580202444628,-0.4499671239307576,0.5445386034797022,0.4713931727721313
5585,-0.037441533824289316,0.7217790841884505,-0.6150677735611824,0.3659407884190296
9745,-0.26232469386719415,0.8175589632750973,-0.5598149840860451,0.7306028314117874
20105,1.0913370513838967,0.2358919336737995,-1.7709662354695244,0.4697329055560353
5945,-1.450692886901608,0.029484517301394876,-0.5246046816642599,0.8397430221168016
22225,0.5363553329150957,0.9755059233257611,0.3447510230530451,0.11813217662173704
26385,0.6688648248869649,-0.13945926302029474,-0.6408895869501061,-1.6214781416705044
30545,0.28536009869113155,0.45314553264685137,-0.3202720877916762,-0.10339850019199753
3905,-0.05892949652687738,-0.3676207923898164,-0.26679703021775614,0.7531904640277136
14265,0.8197826357090455,1.0828688833459155,-0.7839270791917407,-0.8056665096905945
2585,0.4890459372277129,-0.36381824959680703,-0.07767497170467606,2.0482493696166966
24545,1.9493292785502696,-2.24484362180248,0.7293931360920626,-0.5116503782810223
10905,-0.1724570893373917,-0.14718343428617942,0.538277794597298,0.3298673209750033
1865,1.0452734631719267,1.1634411192799898,-0.38611460009535753,-0.27264241301135367
15065,-0.41683990553955536,-1.0295358931419185,0.15552917975957126,0.3673329931558428
23185,-2.0289514943548728,-1.2253708150943998,-1.8927507756633202,-0.5156690777092835
20305,-1.0182194637347317,-0.960337351400838,0.7323115755781233,0.7507032325438311
23865,-0.13930565252324345,-0.13120985292277138,0.242001039932389,0.15719474002690254
28505,0.4981752974315342,-0.790146531890669,-0.21696840452875527,-0.10419387656139915
12065,-1.0669612725072908,-2.1858954905610846,-0.0952045388097612,-1.7623858354999595
16225,1.564187852924345,-0.2637752611804397,0.5419289066361761,-1.0855188982390358
7825,-0.03751539315993805,-0.7454539536218557,-1.4762327947986809,-1.3896161204523034
24425,0.2180526390028997,-2.113969363383293,-0.6142056076410126,0.870616061543989
745,0.13165541782416174,-1.6919159957777627,-0.41590743526089907,-0.29580429934060337
4905,-0.8158564866170602,0.3765993238823228,0.535288019143986,-0.9179833826928309
26745,-1.3665636174566473,-1.2810811651773124,0.9994597216072475,0.040558492309817035
9065,-0.27529758995711107,-0.5469896451578026,0.6092891151809837,0.6720176632027669
32625,-2.2281129249063922,-0.7201538100321213,-0.2209565976717477,-1.3575398362441637
21545,1.1596247906700625,-0.5211773357229906,0.12296707290051125,0.38083437301405565
17385,1.751816079018112,0.2539885402488097,0.42472902443737426,-1.0277079901791455
29865,-1.5937254664072902,-0.15716952059965528,0.08547873328319414,1.3415883692167012
30905,0.6211076476739362,0.7398307376118806,-1.4411658168724564,-0.43905051091039843
1905,-0.09787420548523496,-1.485967107597086,-0.30765664030738143,0.2225984981767187
18305,-0.01672280793854358,0.9698125206621818,-0.14155862736294098,-1.5697877515560241
10225,0.1369243025407733,0.8021816680106615,-1.702272893905492,-0.7296961656559942
21825,-1.1477424142059758,1.2485309769629263,0.2650561638827944,-1.216249816278068
6025,0.20033821768197868,-0.5555564684027685,0.9232911711769857,0.29991122219099275
26865,0.4413796618192913,0.9129448173419296,-0.06684838998491424,1.3047177429052743
24465,0.2792512325481243,0.16691146179365035,-0.15361363434718134,-0.10025313465069502
7225,-1.0511049590208594,-0.9776149533059514,-0.418691864364812,0.4499079969759932
21145,1.2131744121010621,-2.3130695789565183,-1.454848176497702,0.7744352561277662
22425,0.6911804683045355,-0.18738107189730538,2.277191340942895,-1.1122114379167125
28025,0.08467679542883388,-1.0891749208145012,1.1417548732394511,1.0918088282378042
11265,0.43787423212815524,-0.9396737175537535,0.7411319170208847,0.9853003653649458
20385,0.07898087561146042,-0.5726165190300397,0.06351849951506136,-0.5964726256970325
5105,-0.42762862282103614,-1.915450757605469,-0.8246663822950319,-0.5021785369657659
4225,-0.23548255853716013,1.90133524518454,-0.7233853775871183,-0.0021939082116348603
18345,0.3096216111652674,0.14906780920134297,-0.5894323924044608,0.19781045727307153
8385,0.6138165929812123,0.7842144285317247,0.3591636513748511,-0.23614262656263485
12545,-1.014308185264941,-0.9593672072763817,-0.1471308605798547,0.7301215878805261
20865,-1.09974059257853,-1.170644007020141,-0.4058904238361858,-0.12613460288637932
16305,0.7968889983268692,0.5262675532623678,-0.4486261404826993,-0.3278778832066126
29105,0.0994674974699259,0.7537002927741566,-0.8140914919171295,-0.36561651210373014
29185,-0.1429942685555899,0.7203760437323319,-0.4380913034970702,0.27590093384614295
1145,-0.45979831288535133,2.3712914944446783,0.46210622925746453,-0.15497825139006494
14665,1.2489945863757077,-0.09802385727234218,-0.9345124667369648,0.18854537171648456
24505,1.0169176729720468,-1.1649989386790576,0.45523043198778057,-1.0415078663280857
1225,-0.4431317746926564,-0.458048944739746,-1.7674356732314143,-0.7234311217385513
5385,0.07085574195984086,-0.48751205109171647,-0.3258747802365364,2.2208904361205364
13705,-0.0058872633146743215,-0.6548039476508346,-0.2862487878241222,0.5598133833324809
12225,-1.0278365045814735,0.6401074472941762,0.4863274123914657,1.192586539165813
17865,-0.2952178078167364,0.017240444119515374,0.19673621385501375,-1.2223105001364454
22025,-0.165613245454464,-0.7049490666788153,-0.09228537143280337,0.1760088391849011
26185,1.7702611654033922,-0.37573091070560055,0.3450828011309259,-1.2939301703786281
13985,0.6080692568028793,-0.5336018936620432,0.5442267233844307,-0.8392347008904671
10185,-0.13631522084698622,0.6498228367435945,-0.23433853110527353,0.19596308072823015
2385,0.7395230735730495,-0.027563108970714352,-0.5659069077534951,-0.26318177771994217
6545,1.2942664135063098,0.33466171149662355,-0.5036813562109215,0.9188762628306631
18385,-1.0620806385143473,1.133260280589726,0.8927958166600997,-0.9467009520466424
19025,-1.3047854659414377,0.41419951544070227,0.46523923945187734,-0.476174971445567
18425,0.9394823237839046,-1.1490456739127903,-0.9576305337109773,0.37796746133569703
4705,0.8446107008674156,-1.3407753025833007,-0.2659427885875133,2.073109762079064
26585,0.04729738322897278,-2.0000939932260695,-0.4090501973528981,-0.7602323369615895
27345,-2.521271326204098,1.7718472091974218,1.7508889031959571,0.939875191519754
4065,-1.2046664964465295,0.722798639512511,0.79876743430657,-0.2528828003578701
7705,0.766059899785256,-0.6706890490189763,0.03827559440519209,-2.032020988783654
12625,-0.6765956987693706,2.0729375617295323,-0.41851689469055176,-1.3337040878998334
16025,-0.3783729164197039,-1.5811819062611234,-0.16426197660605557,-0.7451765619051175
2025,-0.0585298942871242,-0.6058630432726823,0.006237565550860594,0.9265651164382541
24345,0.07059562247264843,-0.013082852721558694,1.6476001120564285,0.5774973757935429
32665,0.6990578308223959,1.166887717219591,0.8555425140981435,0.555916665970742
30705,0.5138818572832426,1.2642413616838295,1.9095505780386843,-1.0399976717695887
27305,0.471401818690552,-0.8097752661473746,-0.0018588855247754948,-1.1042158240363498
28665,0.1691565871696637,-0.6321425924744818,-0.49797040166892276,1.1055315008637479
13025,1.4133777807437535,-1.7874863518207011,-0.4036446965579898,0.5199639330718111
17185,0.013308002515406219,-2.0712521152106724,0.7973181188642419,-1.0688918904643212
