18434,-0.9029188462392572,0.9091376545021725,0.26373783456553573,1.4224943293613346
10434,0.7320346102502782,0.9440674930426636,0.5696295208081955,0.45512083241228257
6154,1.0445691529316217,1.301427112351847,-0.7535813969008714,-0.7740393987097332
16394,1.9531393675635416,0.3114986544039948,1.4004713124691213,0.6194555872424518
3074,0.7700274298681012,-0.9440693909778294,-0.30853581615726466,-0.016634791214961694
24594,1.2923660217922521,-0.32624047111124266,0.8682402641894427,0.9983444848909198
3274,2.240236376693677,1.5074027853089271,-0.16532847941825835,-0.923034462900357
2074,0.14212499103723364,0.4525606244851585,0.3094165102660496,0.8710332996367144
11594,0.8314524173194203,-0.6209486630409254,-0.8902194360329386,-0.9521911203633353
17754,-0.03251165848359198,0.05147338101944485,-0.5810226504622719,0.5563825581333287
30754,1.386020989144063,0.5626934604737587,2.102504090480438,-0.48181080630418316
8234,0.4489503733639773,2.3447488449468,-0.06663325170837614,-1.129163176944823
4434,1.4641492558700484,-0.11373182466626662,2.1634438349163987,2.520130297116401
27314,-2.103940658293598,-1.8190798398405348,0.9272440353322361,0.708633522997927
8594,0.7166461717182565,0.4627439722878521,0.7896167623346129,1.00150629350057
26674,-0.5474212354328921,0.5216016009049091,-0.2572080210509358,0.6573746241439805
25234,0.29637840141292293,1.6459092507987916,-1.3964255536323702,1.8926884152550658
14394,0.5423398835229548,1.249075982222324,-1.451501475075658,0.5856773980222375
11274,-0.46741420002929474,-0.007789391538135912,0.8723423410811356,-0.1971223751609082
1434,-1.0626123914652648,-1.1812416239063246,0.5207849133587868,-0.2770016267380565
12354,-0.8525250913783871,-1.3634451809734254,-1.3733564499095368,0.2236180956856675
13914,0.4504207925644111,-2.437240435361825,0.17647205729881754,-1.5724271864228063
18074,0.7853798103329928,-1.125815342533745,1.509179059045164,0.580287949258557
10314,-0.35646758108328624,0.08197864144765252,2.3457015428845938,0.05257790441159688
16154,-1.0856363363402737,1.2884732335045093,0.20440555694944235,0.4226539747499828
10594,0.12508361689848022,0.6630200726746112,0.8507099219728871,1.3284228947636685
28754,0.4242116381201135,-0.6260536129924359,-0.10239866990329564,-0.17855359571547244
9234,1.1541583785326657,0.43925367343753813,-1.3744983726727962,1.4762466629393751
4474,-0.7364558852188574,1.2189025396728714,-0.4950096782842369,-0.09004296323836584
15074,-0.3270342339871274,-0.4959708597570087,-0.8955971064396776,0.7510887473788788
26714,0.26432786368978656,0.17506824971181206,-1.6278891787944585,-1.2076043855056877
19234,0.8125388117625767,-1.7373376612912166,-0.8749124048157434,1.1836459360151623
9914,-0.4420847695028506,-1.6969819462349316,1.6753423095371562,-0.1442955571611341
31714,0.3374762166161272,-0.36849340883286424,0.15328697577089512,-2.186452581533985
4194,-1.7445601345329005,0.1660298468650699,-1.6084220976808306,-2.197938114596907
32874,1.0702522380999973,-0.02714400862156091,-0.1449293331181214,0.15922832922955604
27674,0.7907367570287079,-0.005465024995104245,-1.0707355211669478,0.07356878319576281
4114,-0.1804533330643314,1.935351058015857,0.04072485380940403,-0.07460853515055914
30834,-0.11320881831714971,-1.0156910940342225,-1.9308419389786067,0.21776986249692934
8314,1.3642878632162387,-0.14032585057228744,-0.06567843520758594,-0.7359467239713446
26474,-0.9929377780467175,-0.2862544749117898,0.5554063186875513,1.9550710621328213
29034,1.5212786166625354,0.1453458557059771,-1.305413894314234,1.3356534281246155
6274,0.5827900181304111,-0.005455399560141169,0.8477962544780799,-0.2062756792965755
21554,1.7843248006628454,-0.7817582004323826,-2.4246837657348594,1.0151096711170946
6514,1.4449721099950072,-2.529715289736955,-0.9322240140217415,0.9748674076372885
4234,0.33177831225113646,1.205846614256411,-0.21368912315360789,0.4871956193892154
23234,0.5787490643104902,-1.055332121526955,0.45503559614765215,-0.8620717802618338
10234,0.5857567192415284,-0.13274401832327593,1.17306408165379,-0.6517172663726616
22674,-0.06288825886297238,-0.5737668394837363,-0.35458294726044726,0.7291744222735272
24954,1.2575177305446283,-0.7044868570773405,1.3061062882640149,-1.2375115113841932
20634,1.1204573741658284,1.650204172514871,0.7255636399218065,-0.968231269353619
12314,-0.24886455712876127,0.201067656861663,-0.7943436250945591,-0.7079278671218454
8354,0.15934758970818338,0.12644129402473153,-0.12939674544536547,0.3582381046854233
11394,0.7064810346532889,0.8876482441495266,0.44564887658650265,-0.7164799793763645
26794,0.28824670239759126,-0.27457046163152526,1.8829898897607567,-0.2745816547214576
23874,-1.3590834192668786,0.2249794800189767,-0.7388820879870044,-1.3798866403664378
21874,-0.5079508393416795,0.2794759021109444,0.659497136633624,0.37043005736251866
28034,1.6146144462119998,-0.012582464146558907,0.05110708265211344,1.8841192561088282
32194,0.09345158924435165,0.41473297212647947,-1.6133773885775633,-1.112385018518532
4274,1.6697193054973776,-0.13819330020339754,0.9743174461928004,0.5128614760024747
22714,1.609735184501696,0.7214163193545445,-0.6216327240004007,-0.6108561959453916
26314,1.1448060328772978,-0.029773193904907385,0.605844304718983,-1.061196011941845
5634,-1.4890104796860482,0.43265239437991937,1.2118628382300378,0.22567018632690666
194,-1.305900511890241,-0.06569881965425081,-0.434587410381897,-0.4079398365678035
19314,-0.5754054699242996,0.06731276455274433,0.34444359806368235,0.7135089800746376
1234,0.09964714227269585,1.8578684762365079,1.1824624581461918,-0.34396960979166935
28874,0.18917746553190862,0.5187824638204145,-0.3325963591377527,1.759040351248439
25634,-0.30954926277060135,0.15165743242203586,-1.311440347008333,0.09198303866424758
26834,0.42668622852387783,1.1120238748236613,0.07720439147941002,-1.3542067497094872
274,0.41678188873896044,0.41473398715102155,-2.1141556000558244,-0.09243576284188029
26194,1.497905540987444,-0.10426492935746066,-0.23313611828992822,0.6370013946719777
30354,0.8007966307095878,-0.26760772719286124,1.4706167410910942,-2.3250017540011627
5914,-0.08294971810658365,-0.5433781098521117,-0.6551960426219314,-1.3363972089254776
14554,-0.5645848853718253,0.32379231685699716,-0.5147857462305789,-0.7087645825046766
14714,-0.044153892331542724,1.246712517932626,-0.08675947920972213,-0.13870743965074706
12514,-0.8890639267135612,-1.0924668382146334,0.4110499556398576,0.13067094019633724
20714,0.16820818308454605,1.5179152194432166,-0.16282201760327406,0.12562136694946857
29394,-2.5497065399576684,-0.8746039676604768,0.2695036935606431,0.05529961819310667
28914,0.5852355914248003,0.03591334249185756,-1.357308339298596,0.791426079693507
7714,0.7556227511159269,-0.4072132719933476,-0.013009061235551022,0.6883771372060948
16034,0.18304254083748986,-1.4116820471683351,0.5875981072139085,-0.33667406216502116
22274,0.4433334559556531,-0.1468495469583114,1.3386961785758926,-0.7249983971202626
20194,0.12860374400279012,-0.14527646458680413,-1.249063627544871,-0.5792247853074791
26874,0.46331431646206456,-0.6346401957024991,-2.6028283562182644,1.1629925002691102
24354,0.12832256594524463,1.3545113673691282,0.26176303756751906,-0.7391854247349252
28714,-0.8120179306468481,-0.20811277981735893,-2.8119534382855513,-1.0592023467305551
32674,-0.7773976983145127,-0.330370540774194,0.5556202891989288,-1.002662534292021
14594,0.29330670514313606,-1.5944673875321886,0.3982981429377338,-0.08091038759395229
8874,-0.4395816559868203,-0.35436511832866135,0.1007589081832902,1.4171022014084604
13034,-0.8648362316693421,0.5418269999424314,1.0758349357022357,1.8547899147252502
22794,-1.0360082374511452,-0.7032435629909063,-0.19934444269541907,0.7021392974739988
16914,-0.699931806994486,-0.010593838010628832,-1.2289517942406163,-0.481723168367442
22914,-1.6846478461992977,-0.30656005729406066,-1.603394718867437,1.8245004117153527
10514,-0.16338417672334035,-2.382526006478244,-0.9399636276996369,-0.4337710218324739
1714,-0.04586154829898949,-0.6540681897288722,0.43295644883636303,-0.3789296405626839
5874,0.945960204320537,0.8386714139189627,0.2493614763826704,-0.13141347683256166
8474,0.2530318680197243,1.9312803946590202,0.39818786134340867,0.7072233491002872
1754,-0.3306265219982688,1.047441125412861,-0.51698938563559,0.4477353562283242
18354,-0.02365478758377149,-0.168727438098472,0.04660840512263545,-0.69331443030973
794,0.7297466516158321,-0.7402484038902716,0.8533828292511697,-0.6608564523236384
6434,-0.15627376704053544,-0.559910590265522,-0.24939417780306183,-0.19423054086107117
14634,-0.17062941281722166,-0.23712829520690942,-0.44058328307222927,1.3905551877279307
2874,0.8822446973909912,1.2895306324151952,1.0051221108009885,0.3411850577914816
6194,-0.23227780501917702,-0.430827782595567,0.31497951175436634,0.08706833092799397
22834,2.2976165119601126,-0.6651818410926318,-0.17124810573504579,-0.8978755708081312
314,1.0580715465708599,0.9170877077946382,0.09680735292281495,1.4784744071404772
20874,-0.16511540550444048,0.1023083179744748,-0.0697409943031092,0.9463973109516907
4034,0.25173911323587694,-0.9965466568428829,0.3293052872113625,-0.014799463975074957
8514,-1.3667626617549193,0.23710304849361732,0.7921210661692548,-1.2463290945668113
16514,1.304371623965689,0.23807337141070656,-0.7139818505696013,0.07376573730080269
16714,-0.5024635644623338,0.9539799141794907,-0.939949769111921,1.629834430238418
28994,0.8182361901369546,1.116173948092194,0.22000754101488,1.3014300407688664
9954,-1.8892364205313807,0.34889138092727384,0.7648391564784849,-1.4876774706223592
24914,0.0307229969950907,0.7565291911753412,-0.6596242533716293,-1.675729867617844
5194,0.8416457403246671,0.38112465074234375,-1.34161460894965,-0.11648659531925204
9354,-0.6083575880574734,-0.733974787242714,0.09960252846482441,-0.011707746736358524
13514,-0.8061421005090604,-0.8290749610650927,0.09180336948734462,0.7669308996791518
2394,-0.6173072444491612,-1.313125476658399,-1.5790089417447193,1.203773537020535
4154,1.0656253628662304,0.4559403600077272,0.791046155203999,-1.9560274208617003
25994,0.34636877407038036,2.089253496757929,0.8833092147310821,3.0901619899776707
30154,1.433520936151137,-0.04804995400234004,-0.747266495138462,-0.7296109253861462
20834,0.4034093199959628,-0.4454643769767324,-0.9451775413583555,-0.09300329734206841
9594,0.2809145240803936,-1.2169012075299923,-0.8708806902874412,0.8049330187652204
18794,0.47911146686435335,-0.013186002993279485,-2.3943941368021657,-0.19491852019534656
14674,1.3112239569629114,0.11149755965138962,0.05819503514914631,0.28582921941870115
18834,0.8442156733236963,1.385644428881243,0.031044900094450323,0.4884681685142106
16754,-0.5963001897488367,0.1575799962363224,0.5017540404277727,0.406521830678781
31314,0.8788461440419555,0.047907988163799035,1.7273240558076257,0.24379732096085271
3354,0.6401929713530405,-1.6848815772909764,0.8536721536501435,-0.44340783073401563
26994,-0.504447642506517,1.3430065063997212,1.8932518997151329,-1.371225127605732
28394,0.40335123691632124,-0.7003614038736666,-0.5754184301917683,1.0592279321767988
11674,0.8371316979227917,-0.5687181253850778,-1.0824160909247946,-0.08053662494109637
15834,-0.6300652076435883,0.5109485600916258,1.408140403918587,0.5256391846782641
2434,-0.4590072530954949,0.4270791142553181,-0.3100287413361314,0.8059672752278494
24154,0.8437051305762459,0.35059456594953814,-0.6888394324272368,0.8365744210538019
32474,-0.4727241734058242,-0.42624367306303385,1.0749068841084604,-0.4615678788731603
23394,0.23838323872419548,0.0786235007999958,1.5921910715370726,-0.24351992617637722
31114,-0.3820282133007964,-0.46966916798674596,-1.4328629039724907,0.46582583347912193
2114,0.41579114023968106,-0.46268678527282703,-0.45398571811455374,0.48024198611467206
4514,0.47333541590517275,-1.4533517104873401,0.5134743256713578,1.759128368181486
29074,0.6908395617709833,0.24945826379849223,0.21199280271253707,0.18814156022125994
16994,1.7711023893804283,0.5695556828478053,1.0354668559377567,-1.463487343591824
21154,-0.03568266421358933,1.1282006967378009,0.042412352933912316,1.1974544344611429
12114,0.5806850306105072,0.9063603006473369,-1.5046961049804182,-0.11601607851209986
16794,-0.13678895028909702,-1.1732533022292506,0.8015035815595792,0.6112959585458347
6554,0.2688164216593951,-0.4361938024384335,-0.6862516486727367,0.9151999990908668
1514,0.04446059022451005,-1.2962366901639033,-0.02620054573266196,-0.4746129351099123
24994,-0.7695363327856983,0.6845270721662264,-0.6622085073740962,0.17641098169773484
9834,1.4647608103958225,-1.3902626784314926,-1.2343141981557653,0.047845692250915804
16274,0.4387013722854787,0.6966274521345679,0.8776079082301395,-0.5865780529281144
13994,0.5185757395974953,-0.45673632712630646,0.2934507864504161,0.7952309635870206
18154,-0.28168544244281496,1.331804825845297,0.7339543521482622,0.2827058085589082
2474,2.1867949193505494,-0.6376874650063433,0.1952655500412014,-0.16172287866089788
754,-0.7346525578256768,-0.07834420810608288,-0.7961798847801472,0.08959615061632671
30634,0.26555431645553124,0.3762628372892224,-1.053136898827048,-0.019287823204895797
29954,1.69495572021905,1.3915532806709126,-1.7152132858525115,-1.199955848790793
434,1.4807025440696135,-0.024229258517224347,-0.8925663266742778,0.2741671912250396
10994,0.8272964671535399,0.9736974704425118,1.1880398579543408,0.7754592711924574
29114,-0.7692225348917927,1.1113916279386027,1.1702413990921747,-0.6430898705945893
30794,1.3090917237261734,-0.4729099920511811,0.8179621185205619,0.268449661438076
16834,0.3412690692843785,1.027878745363286,-0.3042765003423822,-1.2908396851556732
31794,-0.63379829656991,-0.7010233015709885,-0.6384001246771664,-0.6199223637191947
19834,0.6563831688228041,-1.1959093579928146,-0.7843420303790674,0.037420395848137715
3834,-0.9333906779517168,-1.488589073792535,-0.18097751226095657,-0.00035795463230111355
4554,0.6050232209379691,-0.5015039258074043,-1.1652394176948575,-0.02602325801359231
7994,-0.7128590029999519,-0.5767591491302707,0.053830065673751724,0.43196639183834373
30114,0.9376606170352484,1.2722316440800554,0.7756549933852711,-0.5063543775092488
16314,0.14316161855812318,-0.10678539185083444,-0.0416610933595857,-0.049084358384032196
18274,0.6892966408665966,1.740124238068375,-0.25704628171138655,0.342764372929689
20474,2.899989565528894,-1.473719914160577,0.8409558140838923,-0.22518632807315458
22994,0.056205971718945466,0.013243592279898844,-0.030541646973828825,-0.17927162236803373
24634,2.3601246628406973,0.003930015441408733,-0.4806282637442608,1.186453814956133
28794,-0.7622281152527094,-0.14324080281700388,-0.7382675385923547,0.19335775049421713
23554,1.0190001665379926,0.5370731886683734,-0.18443561208754594,-0.5442192187088728
10714,1.1080870454656013,-2.129843435974853,0.4416505208961378,0.04980478462224284
29434,1.0130613562058337,-0.04937093757186636,0.3233987732371973,0.311943453276001
9154,0.8494506179008191,1.4752960045591792,-1.192577918858964,2.0689326266009274
8674,0.6688020749113409,0.6645762178212861,0.2380658994100719,-1.2837472676770532
17474,1.2887896509900625,-0.18049005955382777,0.5813033448078284,-0.5227584737322968
21634,0.4364141540618361,1.4122946175259765,-0.04241373595997752,0.9032862022867393
25794,-0.4602931841215737,0.16261172649777136,0.9335334814489117,1.4111193135711282
27114,-0.8605352402928035,0.6982276049123398,0.06482865247666442,0.8379224309080917
13394,-1.131767817391331,0.63511832020454,-1.6374724084456036,0.15430592410223132
1994,-0.22789831477962505,-0.8446250865099499,-1.7348594592866238,0.7967742908918902
14834,-0.9385118147471164,-0.6669008168874118,-1.1331256977256516,1.5516050904058578
14474,-1.5787225605018358,-0.2795969639496975,-0.210135474133448,0.7659536736782961
4354,0.7509249460013817,-0.6819450274525102,-0.14637087234284504,-1.9203703235431784
18634,0.5677959327859656,-1.295057932193441,-0.29951398663451184,-0.8982234637438714
23034,-1.0478698140679814,-0.7962294416502723,-1.3823170517352559,0.3364668604624939
26954,-1.862646553814615,-0.389536240974941,-1.156176199617304,-0.06333169968472742
12714,-0.05165422758709498,-0.5405856620766065,-0.16893517200736746,-0.7319366147664504
31234,0.9905560089513695,-0.2692861580298565,1.5418392836454669,-0.199735549331334
7314,0.8766135918037458,0.5227793439507139,0.5369862679697383,0.2875356966004724
11474,-0.8161993969943343,-1.042061020769216,0.42741076466616007,-0.7260385024285959
8714,-1.032489971549865,1.842549984888352,-0.49601236518659286,-1.1919502897551306
6914,-0.12926346550160614,-0.9962985302177899,0.9476656939550118,-2.8230610872102457
23954,0.5726404467097829,-0.18712321766140344,1.1771663551380938,0.23028329089565266
28114,2.010510976252018,-0.02577869767969857,-0.6236228551806307,0.5714948587882012
27154,-1.2019214203874562,-0.7996713594689111,-0.5938208550976162,0.5841334618184898
154,0.3105840469260742,-0.4511319895521634,0.018430487054491743,1.6859631239829378
4314,-0.7087274771513145,-0.7339112875865293,1.3610002677133504,-1.7589895923659697
4634,-0.31689813624856616,1.2188573162110559,-1.0639521014272766,-0.09336948685111107
21594,-0.14288305525040995,0.4925169787497704,0.1555944097128855,-0.6303629523726225
20954,0.24863289659683274,0.19849792803960514,0.44884172000833183,1.9045234541629312
12834,-0.3016322234524502,1.0823114249567136,-0.8155734468846281,-0.8225943721849603
4874,0.7949991664083969,0.5628377541041529,1.0661889830833253,0.18486027947171604
554,-1.5620933970585318,-0.07458742331830837,-0.2519997093061699,0.6158179803410586
1314,1.4714206945608852,1.9715413788764093,-0.0915061606824354,0.15408256327938868
26034,1.4679583779331007,1.2991908136389576,-0.1966113546159582,0.040773829296085334
20994,1.4770185206385764,0.15458677411919472,0.37226139545221537,-0.23594391341526247
16234,-1.126684936449907,1.2670712271351974,-0.7661487580845083,-0.640447917950892
18994,-1.3763459843193842,-1.2330740974159222,-0.40813360305734064,1.6227539539217137
22114,0.7452762464200399,0.7246174188220486,-1.4849536099968192,-1.603715733833426
16954,0.18046402497309197,1.3646312594674619,0.7232833576172916,-1.0571689059783294
25354,-1.0770352353086254,-0.9063225506686832,2.1694468720027587,0.43499509173839734
4674,-0.15476373228239435,-1.334002450269136,-0.19216115310145346,0.3915431080701004
10794,0.3596135005739764,-1.1919570356915363,0.6854668072515319,-0.28252111627662563
12874,-0.4134026651861248,-0.13800167730639676,-0.05730672488208232,-1.6393105598223796
27434,0.030842931917964476,0.05395256571570138,0.4580706375000207,-0.6562026754839769
29794,0.9910608640385294,0.24896896739391852,-1.1486469864758035,0.16757758991805016
10834,0.12412536419558684,0.4625609267831679,0.6337687637820201,0.2516673461417985
3634,-0.3093938838294056,0.009076583853667355,-0.14027242465682932,0.08374467153591049
7794,1.1561687138069703,-0.4674811734075905,0.2307004693403313,-1.244379435882511
11954,0.2562919922237095,0.9175626243968019,-0.7682604023558517,0.8830881147809375
29274,0.8930835339779049,0.7819666664576617,0.6574045295594048,-0.20698996823684546
18874,-0.9261185803690968,0.12059576392748889,0.09253996452034728,-1.2120549685588116
32754,-0.9906305718528138,1.2533723345389638,-1.4987524662600669,0.7005799484094273
6754,0.003318815012846741,-1.4943330457376762,1.5743998446551168,1.0847623539844997
634,-0.18609625731037482,0.9002827005168971,1.5181769139323136,1.1162934742893698
4794,0.18533785822587126,2.4541178300404534,-0.49345247354455724,-1.184285597075234
8954,-0.5244246512516095,-0.2376442868583809,-1.464589275886927,-0.4422457332261265
14954,0.6960229643655613,0.5380511452796604,-0.5599875578959539,-0.35682384584734134
12554,0.7236472033862095,-0.3435370704815791,0.25029857068300077,2.335630567810031
7954,1.0824989880447957,-0.8117789898849367,-0.647207771828924,-1.792776592555307
2674,-0.5611977586743567,1.6399496120385484,0.14701424022268114,0.5033728541492545
29754,-0.3750385558774094,-0.02409940219140951,-0.14646107147410678,-1.484919456608233
31354,-0.16801858022073923,0.5455340958799212,-0.45090932671918155,0.4244219993522765
27514,0.3840746497924766,-0.17968391254269675,-1.649546286440884,-0.7309787047797102
2154,-2.4976347325025072,0.3943328145283025,1.4253422028602536,0.1831817112088388
10114,0.9754877693621172,-0.3419874872544099,0.7195311950367638,0.33838412443417726
19074,-1.270962509978163,0.10949178749749093,-0.5230831545282861,0.020852048483602156
22594,0.5160229236705792,0.1344966488577932,1.8086425103841,-0.8887751312597642
17034,-1.3360260949867309,0.2031515367997345,0.23769370772427528,-0.14298614787312502
1474,-0.761408691454428,2.2417806873594683,-0.8435286545551308,0.29173730504796674
7114,1.2177988017123742,-1.9382742768777963,-0.5150701842928572,0.18104722446000904
14994,-0.7484671311014425,-1.6563135877177888,-1.1330226789636846,-0.830102259895943
15434,1.1965811882199047,-0.472613674527851,2.524463746073869,-2.430778086255644
2714,-0.024540861475893117,1.1078095891368553,0.7636480572477482,1.1225518228151021
32074,0.463983407758037,1.2646190941777309,1.547875893390572,0.5449408447001761
11034,-0.7624252528685237,-0.630330216030561,-0.9788368832017867,1.159705143127169
31074,1.2983078321312025,1.7911321906061664,-1.0499406644778908,0.10273788939764371
10914,0.5576447218309842,-0.5085481221944979,-0.441443929838988,1.9622463730828583
8274,-0.8218755810299221,-0.7069076824777335,0.3108412631023276,-0.4505389259667764
16594,-0.6207322317932088,0.09196391179722875,-0.42694077811069653,2.6438920419151
19114,-0.28203886657502913,0.3069577217213252,-0.9940856195861709,-0.4440182237994031
20594,0.7651725494577084,0.41579344293039056,-0.13727704661585363,-0.07509766486372454
12034,-0.12343704878381669,0.8911369069318922,1.3714550084597383,-0.24408018060978237
30474,-0.3692656281670946,1.3576092974120768,1.2530710922160067,0.5488880264119839
6834,0.57577118274297,-1.3369232197795184,0.0590678949443173,0.11568868820718199
7434,-1.0224244158131521,0.034868648556051984,-0.8320788058876294,2.04760777930916
1114,-0.8650968401288084,1.4731480258565393,0.06498429850947167,-0.4986376168546672
5274,-0.8089890535769407,-0.7058136711177584,0.9096919944651287,0.7120382322339894
9434,2.2673266872000206,-0.16597751967503876,-0.4795601139133824,-0.02965243591919268
25274,1.3170875649756029,0.05187650807991811,0.1569286742606861,-0.7912102752000695
9674,-1.8330229949847792,1.1507521934396103,-0.4279222189212087,-0.7480796797582298
21914,-1.0157706819868761,0.8067066791097424,-0.02332662849531546,-0.19305481563791183
2754,0.797956033347699,-0.3213323999449925,-0.05078344291151126,-0.7800344494048865
25114,1.9418179336540058,0.9201117238747538,-0.6503579450950795,-0.9928533683260218
2274,0.054686377994796684,0.7368799224004431,0.7491989174296297,1.491533152301476
21194,1.2754450429663637,-0.28856533034137233,-0.40544040803884246,0.863739070263295
7194,2.1005213326241,-0.8058542871888945,0.4235983924656152,1.2692839023265174
8994,1.5151183702971418,0.6385485208964043,-1.4795536666108293,-0.21753244409919245
14754,-0.6150800012706277,0.7416566810688076,-0.16174412040465966,0.11434890014911733
18914,-1.7573800166738973,-0.3273247975835808,-0.47618887998414705,-1.3833701343619331
8914,-0.20399223583721973,-0.2940985044076398,1.0141682501278013,0.4787635579724162
23074,0.3826165134217136,-0.030736222906062913,-0.6901479191801597,0.13319667475946018
27234,-0.1712168961436411,0.31538429697825804,-0.00013984738986038932,-1.1537666527039074
31394,-1.1705063275272718,0.0262710800804451,-0.497153080656294,-0.7485019640005879
27354,-0.1373867699812598,0.6436247914067647,-0.41502904577778355,0.8796938985148397
18554,1.2893963076902233,-0.3374075229275925,-1.7005902843680354,0.2170580791107326
25314,-0.3406797432151892,-0.7689422812046162,1.2650377696137984,1.1872429530022817
15914,-0.8770141126093278,0.23456356463346245,-0.22181309928939735,-0.7355903185946306
28674,1.189929185201536,1.215040843105164,0.126466990684472,-0.8563799953719307
23914,0.872948444979477,-1.0157747711721075,-0.23913409464972196,-0.28664755288986704
23274,-0.1005110518882719,-0.7612272955386243,1.0740445838439212,1.2879475618069247
12754,0.7487909932344752,-1.082924690220118,-1.7999100719254966,0.7623797076390538
4594,1.4864293764591658,-1.1719317633317137,-2.065015538126171,-1.7341401703215313
21234,0.0780689625277778,-0.9762797385117515,-0.28060865939568036,1.337182102510683
8754,0.49417666700987334,-1.230792293157871,1.1750545439458169,-0.5775737629445999
12914,-0.14496806139989227,-0.009659910421979763,0.3165169711327387,-0.20031318067550002
17074,0.6614094976307174,-1.0271482887408363,-0.7995119300186679,-1.3098796130791404
23314,0.1669526647610764,-0.3394624827356292,-0.5912963478433224,-0.1576512050311914
19194,1.0768100542941457,0.7052728498320012,0.13828752395760843,-0.9705365879132576
22314,-0.8943322494168031,-1.1765680827532101,0.8289990844415792,0.3168846106820645
27394,-0.5055299736046466,0.413549091793276,0.23032283001480328,0.5192443290435229
13794,-0.37818332726132003,0.9320878113501523,-0.7380999932294788,-1.183950352654905
15114,0.1876013800007142,-0.3508672733089998,0.37591875409341446,-0.6995882984198409
26754,0.2690213690258867,0.165769847319889,-0.4272644555309025,-0.029087940730942737
13074,1.0540092269132988,0.7899254130157675,0.02234669870660783,-1.8935141154440183
21274,-0.3499991934676845,0.04744066518926694,1.5781138049235672,0.09173897775845266
11074,1.183079847358283,0.8199567858895478,-0.7741641083469444,0.36891990810503633
26074,-1.0783815995914696,0.756815574245734,0.11226913640867979,0.10617435626473724
29474,-0.5890123483656378,-2.2602884555793827,-0.371217982792708,-0.9420987525636615
27714,2.174490986811998,0.6058201550046932,0.7017367609605076,0.6041916102800376
31874,-0.7064497175365845,1.372982151581871,0.3075760529161031,0.9168673732461166
17194,-0.6728981387261389,-1.0152947848273859,1.2991512273922228,1.0870398033831488
25394,-0.9547217457504852,-0.11279542414539864,-0.21588246029940353,0.4546389400588103
21514,-1.451957391856336,-2.0766551466127647,0.5802265211193702,0.6857970056604031
4914,0.6230585658662727,-1.2581084169625,0.4439340297061825,-0.27720076896920776
15874,0.9321374207223385,0.1251962066089216,-0.18209526501652934,1.5642387278214316
20554,-0.5741211186540803,0.7402085172375025,-0.7864558071663295,1.8485892106246666
23354,-0.7599297491593652,0.23257151201899443,-0.31693464689843437,0.18614299664228307
24714,0.8242100609944694,-0.06287387372436448,-0.3427594633624529,-0.399820546008228
5074,0.18202511095226673,-0.19836962762159138,0.3363020239882974,-0.9998366466610457
834,1.4933850036177811,1.5764778154050028,0.7494779337425165,0.3122891324474705
17554,-0.1053469857069677,-0.9834756210193256,1.6646371297919178,-0.8568454723691925
21714,1.1184061593858272,-0.4418760495302055,1.292760236215292,0.29949899213970194
19274,0.38886315823333956,0.00914106771013528,-0.13378873589716445,-1.4760952778188186
15634,1.085342259775176,0.5281275406311772,-1.0560587845206966,-0.4528950838577467
30034,1.9345801002125564,-0.06507544274168227,-0.8472853435452874,0.6365857296861024
24034,2.303212874562902,-0.4694409853835473,0.9640445000495369,0.9521601178945324
6994,0.5303331903031919,-1.5483350523596708,-0.446143339873153,0.012657424363091294
6234,-0.6640872031621472,-0.009338477209595684,0.39917977366331764,0.15551853654271672
25434,1.3927396104344794,-0.17046807537960948,0.37763993938199153,1.1319889416672209
22874,-0.31170935296283386,-0.0966315626665658,0.2890467608500058,0.37983989323326445
13114,0.37685361734995304,0.048733134472465675,-0.6819947551239807,-0.018435252729485443
27034,-0.6677835034450054,-0.30141458838335294,1.6362701605503884,-0.11773750543067274
31194,-1.193122757802287,1.847437630742035,-1.059212427365161,-1.5877639402125554
13154,-0.10670301409303808,1.9097991440945252,0.4381181524421177,-0.4828385597381709
874,-0.5428703570621553,0.8358520362039431,2.5449010725596186,-0.6145608446724425
12434,-0.24004652755140254,-0.06959337273864734,0.4776561144489752,1.1155858246207624
19874,0.3244157823092877,-0.5891533694921975,1.4572363161047321,0.16971139578917332
29554,-1.235964285127479,-0.18165888730601112,0.9893290261929069,0.3665312856417057
32354,0.06513478602558467,0.025488206834681382,0.11585160796781298,-2.6396669088940317
234,-0.8748900892512251,-0.7200837203044751,0.43861495815156337,0.8932701881227161
7034,-0.7409026215796588,1.30428437697443,0.25746541761118,-0.14746453043659455
32794,-2.1223271703146023,-1.1021278338655924,-2.529444726156322,0.5323181925901064
6634,0.23489030057574992,0.0034223491631383985,-0.008258363235713082,1.1701205399733026
16874,-1.0976418989653798,1.1063920864327077,0.10837413288492842,1.9487765852364876
15234,-0.14966664335900773,-0.07302440171004469,-0.08381240440951344,0.22002576185866737
21034,-1.1625480768534648,-1.3805663252999765,-0.4412779446774035,0.6922927725201492
25194,0.3644255506003565,-1.553639414394016,-1.004043921457418,-1.7264749016039453
29354,-0.4078563263344774,0.7397267616060929,-1.3536210247230889,-1.309973310553027
2954,0.24477123887709598,0.8079309101000416,1.2580158855052919,-0.9390419156170327
1394,-1.0025679550084832,0.2938173944489872,-0.8353871171859631,-1.113833101231998
9714,1.7634314851098656,-0.8880933878789145,-0.311835046553228,1.0478598515558917
21394,0.4145683170307782,1.1807375598016043,0.4297579847369259,0.10614578581821324
22194,-0.8949726550450682,-1.1259352091886548,-0.6942127109585892,0.9387431516001291
26354,-1.287220840908771,-0.22071891785483375,-0.09340159163118712,-0.7152279672193556
29594,-0.3225577589774567,0.8305639483380087,-0.6293722544713733,-0.1935712736136867
30514,-0.5906635183798701,-0.26960542884414074,0.8521898836260166,0.5996527800730436
10394,-1.0307848582358996,-2.178829582472001,0.8408494001870137,0.17890304629113876
31594,-0.6355917601133818,1.2875162893035894,1.6859780206207922,-1.0681152392100213
27554,1.014399304918019,-1.2115801368234826,1.672818936238277,-1.0661355592177084
10874,-0.46446743739052576,-0.07316060777925311,-0.748227359127511,1.3020091677457262
15034,-1.4397797225890714,0.021622412911605465,0.4338446052183155,0.45240880338441164
25514,-0.3173444055396947,-0.16241597308595984,-0.10974994292870524,1.0598849550167249
25074,-0.33037670369313404,-0.439727529312082,-2.096043321404867,-0.11160801332445792
31674,-0.16433046286308953,-0.13718542070036244,0.7847830138013804,-0.07255328319833071
30994,1.7379402333089975,-0.48145421372043584,1.431690300818384,-0.1477174570147988
13234,-0.4868503293217891,-0.04618199783797061,0.03518837091768392,0.2641203718892763
21434,-0.5081709439985791,-0.8810040855786577,-0.35621908056133134,0.5795699046751185
3914,-0.013620786018953343,-0.1533916201116449,-0.7434089995077999,0.16343179235707214
20354,-0.6609535040460384,-1.927340695743728,-0.049540010865144285,-0.7783911050412666
29634,-0.10836965917669049,-0.5898124178820926,0.4750760767209945,-0.2886608839070205
714,-1.736329198226781,1.5647919109365893,0.25073418395733954,-0.2820553090528769
27594,0.24510715698567878,-0.39126319311778984,-0.0036087712405298285,-0.8450716900177592
9034,-0.7902352376241061,0.7643891811929804,0.58594168878491,0.5073138468019354
23714,0.7157393095856787,0.3217642218950114,0.8782193356913558,1.1714213587166658
13194,0.981935086711114,1.171707628013989,-0.22993523700147142,2.242599218018527
17354,0.8136835643417787,-0.7542203833735932,1.08453315471859,0.6930551891992064
15314,0.23894001911778412,0.1755223205957885,0.7014886629014547,0.1309968376370399
29834,-0.3373735437572332,-0.23758240548363266,0.7649429756835496,-1.013355322086233
25034,1.2292646164673537,-0.03426272781068337,-1.411326733309207,0.5477032789882637
13274,0.2822461563162938,0.15219779936691225,-1.9410607549130852,-0.5301806063331163
1874,0.6086482011495142,1.2500347717418145,0.9693732283170592,0.002663533021891341
2554,0.37641523572237784,-0.04150910450339579,0.265453707194423,-0.26505785087269806
21474,-0.15262356347982783,0.6151234361050079,0.2798257845238845,0.6416231550633739
23834,-0.6986666209187359,0.10632835372883101,-0.7323569578414344,-0.120887626748586
18514,-0.6595669084436913,0.5545445737735306,1.042410717497749,-1.7573383241439116
10754,0.865366687681105,0.8133495160351896,1.9157926210840606,0.3715953218797345
29194,-1.0736098355911288,1.9885346459213777,0.20629559784182003,0.4878963280851779
29674,0.5065770232474098,-1.1681735848020265,-0.44962541331346934,1.6722245179832007
32594,0.11459498884841053,-0.9545361680013328,0.5003031369075176,1.323479668495879
3034,-0.6358674659065351,-1.37278701315289,1.6124938813904597,-0.6844065516154005
17394,-0.4398378353286414,-1.1113724317480418,0.5011748742261586,0.2763264648875705
5394,0.2715647196327389,0.5722426084198852,0.10718688461617061,0.3327820676575805
25594,-0.879749716515636,-0.9250575636666603,-1.7856537059014335,0.607648282044827
27994,1.645053621858574,-0.17800569472922456,1.8176241493372753,1.2554305851844716
11434,-2.14586019772201,-1.6686988447989992,-0.11674727991736046,0.2658762019523588
13314,-0.3893449499189557,0.7798250706237126,2.299706641885191,-0.9658741952504145
34,0.27865399927452555,-0.47305369501430466,0.19455928810754314,-1.04556490409041
1034,-0.2103637473606467,-0.7456550930849772,1.1723376897203839,-1.4825862097294555
16674,0.15154165754022206,0.5029085901437189,0.47145455136483694,-0.8681337408986819
514,-0.32263619131927773,-0.817733789796267,0.8333346395948347,-0.5772080002709175
29154,0.28163197610816204,-0.3943171041260368,0.13681617414481154,-0.5508698717019944
19474,-0.7647300093709192,0.7852406260910537,-0.75346230534072,0.3129645710546472
1194,1.4306770530287842,-0.2542299360165326,-0.7161114468974898,-0.7545053313965525
17434,0.7674310779047303,-0.9760555808840929,-2.7667916035314493,1.8829140769389352
20314,-0.057506753447653346,0.21666293169280387,1.310346212660428,0.8882695252197391
21994,-1.059206039203212,1.127521480830964,1.6161334973213424,0.4692471298324707
5154,0.19445930800536304,-0.002636721798885848,-1.35219022966818,0.003492942717874965
30314,0.1419196417894187,-0.6723922184018896,-2.0229893086197386,-0.3084778967843271
3114,-1.592159110508254,0.7878265560683091,-0.0784457275600231,0.8405974814022831
2354,0.006457446711005245,-0.5701389604645541,0.6132901092276756,0.517773434846679
29874,0.2186333659760561,-0.08930053292122339,0.7219047190997795,0.5202165765543323
10674,0.16269862262168827,-1.1689782231383046,1.3312445603775624,0.08672625764272285
22034,-0.961211117456577,1.6221947841201116,-0.03596143369955314,0.3665379968288542
11314,-0.8164274423815381,0.1054146547146451,-0.03442546302737182,-0.47898292825641625
23154,0.30924014682151235,-0.2758665040469873,0.8334939010949561,1.1054349630275953
31474,0.22913351661772827,0.23903435494911715,-0.6273121548152112,0.7208244657069169
19514,-1.313018536566118,0.07897053859108165,0.3026247954067699,0.25323901387116465
3594,-0.22047474476832546,-0.34161329089918735,0.7647449487133078,0.5027534147507121
3514,-2.0254336789463374,0.2828294868479506,0.3820882088163656,-0.6792939905861558
7234,0.5939616511504558,0.09345488895104825,-1.2496248861553136,-0.4389751098681018
24314,-1.3520496854270576,0.46074022684222443,-0.2658211312169041,1.1142838225649354
25674,-0.9486431296920088,-0.8609424210309292,-0.8536681743699985,1.241683847630188
28474,0.8499767697307485,-0.8773912155773983,0.7161599633999257,-0.7347030795091269
8034,-0.8227340045864723,0.1051414340975038,1.0307554416871596,0.3180256179192347
3154,-0.16767730146303886,-0.609333340337409,0.028497634505880443,-0.2312808582138981
11354,-0.3176144562426691,0.5772434897070913,-2.324492074380611,0.28079349158682226
18954,0.7115465473554116,0.43764101113964615,1.8207640318369254,1.3366899342344325
21314,0.6542466388310294,-0.8392084431880501,-0.04907329110886474,0.77303044044312
12474,2.6324145196219333,-1.1261953310775636,-0.9228285064124023,-0.3370525392245944
25474,0.6308944130393407,-0.47694925301449426,-0.2739717363358258,-0.3823059091608618
9314,-1.4100067822376652,-0.612264494602973,-0.6612409916498492,2.5162350584955435
32274,-0.5622968185769366,-1.8450382260112357,-0.8396295903761372,1.8788015581922548
1674,-0.16240125373403574,-1.5107000331371336,0.11806872520916596,-1.093940842113288
5834,0.4132502030668769,1.1857788252699288,-0.11732432224111956,-0.5997309672272958
17514,0.19980710972419674,0.265353743186168,-1.659608215531421,0.32923906179200557
6674,1.2481889321984092,0.1494141186058699,0.4011949788795599,-0.5036941530734705
25714,0.8593936201052825,0.24511640684764593,-0.43151194071770405,1.1550890816311725
14874,-0.21393359266771927,1.7960038903514088,-1.3557711144878632,0.8405134955899937
23674,-0.45384230005574183,0.1212442229794736,0.1265794303099319,0.11951633542194977
21354,-0.5721714867793154,1.0359114221306305,-1.58774348220903,0.07073236155988596
1154,1.2155501579158958,-0.20510865959279076,-1.3765465227656537,1.63110127446488
23634,-1.5177471122495012,-2.022467798680706,-1.0471985462201574,-1.4067202383516508
19594,-0.5122890993174876,0.09015031926056269,1.3504713615450765,0.5717106535520298
30914,-1.465225814068595,0.737690858171866,-0.5653920963480319,-0.766677133358498
27794,0.37371063427069673,0.5176911758946954,-0.5479504991881902,1.4944225993382236
16474,0.26813655312127777,0.8236992238564049,0.559645851911572,0.6733482751229861
24794,-0.0549564995839696,-0.903741111758217,0.7297004676302191,0.15345455924265164
28954,-0.5747602579639958,-1.4094330227126157,0.746121252578037,-0.778657152061579
30234,-0.34624972334100296,-0.2579514745459606,1.747818378854692,0.6421553527899313
13674,0.10613577311314855,0.3073841504071214,-0.888794860046303,0.3140878404015277
32114,-1.7313534699106299,0.2882118165611865,-0.3714184739328042,-0.8814438210468208
3234,1.3942910744476766,-0.42650627926922624,0.22332339026409725,1.6194920110978166
13474,-0.926628689316041,-1.6058661042087898,0.590214918442342,1.6020589696766467
17634,0.4432316017535141,-0.08723072491818748,-1.1631472609659332,-0.738922584495795
21674,-0.24361864341327577,-0.4324725408761631,-0.04704440809799379,-0.3902844512834554
21794,-1.4984369047070887,-1.7891658352950994,0.037131088700274234,-1.3381052376925144
24434,0.7707979457255842,0.3299531161117569,0.0006642623669783384,-0.3611682910467186
31514,-2.1047582727142946,0.12322329652497785,0.6232982347025939,0.32219080583433285
9394,-1.6873924651352639,-1.7940900017554564,0.4268031304871382,1.950692151461786
10474,0.34215709141079304,-0.6499583139273624,-2.4575985691308344,-1.6584472616905184
27834,-0.11338625865242985,-0.4589340311037627,-0.8310000558900599,-1.1449290221809383
8394,-0.8842068310610933,0.9639421888734133,1.344867423539485,1.489077977110232
22954,-2.467537199420489,0.5268286193920741,-0.2432496254694793,-0.6581806769975878
15554,1.8379573546811958,1.0505179735490717,1.641482651732138,1.2610740569511714
31274,1.113097890675038,-0.3119451284012136,0.24680880587614082,-1.1289778916189293
23754,1.2084513178400733,0.5406789695871109,-0.10057765501347378,0.6891729593199987
2594,0.5207389118529031,0.11709767992518699,-0.8631477946865876,-0.2221769046649211
15794,-2.469466266536369,0.37168782856833305,-1.5264505469270044,-1.2220883400691689
31954,0.3438698188964665,-0.3809762980323877,0.441045464304046,-0.3507807904421337
24114,0.2529350293656603,-0.7577522807736174,-0.9747271108218126,-0.6576815760599688
29914,-0.475374067745378,-0.2770464814562662,-1.1217490448523613,-0.307775393684517
17274,-0.316249526597646,0.461130795133362,0.8114852489282204,-0.48483818457858147
8634,-0.46072665075657304,-0.6974188999353903,-2.292820612907184,1.5223306745004879
12794,0.5975910247233692,-1.599136104612795,1.1190986505892582,0.5625822477918965
7394,-0.9998651014009713,-2.0411886692435575,-0.18690215055621823,-0.6572450715406317
29714,-0.04988723156083112,1.34028526550423,0.6061487337407401,-1.395035425033294
5354,-1.3245822670955465,0.3948606347385785,-1.5063260710901643,-0.6693798526665812
6354,-1.3679502925259095,-1.1898084333788512,-0.08358950110347865,2.2548477493963897
3314,0.84704177678044,0.4470057520444548,-1.727562268604731,0.9900418956080116
18114,-1.395071157407139,-0.598316795943318,-0.7054497230131613,1.1777889239867303
31994,-0.7169495975473736,-1.5419261935528428,1.5016519350082194,-0.7876415924039709
26434,-1.309499668813519,0.9547992544006465,2.0139373119440456,1.2787970939227362
5674,1.7367130067960659,-1.1668365640551586,0.17590875701621,0.3934708874123535
19714,1.7174515177224905,0.45134402553003766,-1.0511853849588313,-0.43556029360103493
2634,-0.17403453420036405,-1.1028627340527812,-1.2896741274265615,0.42856700312237284
6794,-0.060828992204289105,0.4333130438302187,1.303870055853344,0.8578804220335745
10954,1.9282198473878924,0.8928220021160344,-0.0776857494274136,-0.07250837161283273
17674,-1.1112771596777362,-1.148134119329831,0.19725367767823979,0.013762737580335999
4994,-1.1995068645862839,0.8832176418914343,-1.1570077335261566,0.8083171063180807
23434,-0.3957590782444431,0.5953043476804416,0.7056244506480971,0.6328421443007857
31754,-0.6697530120720766,-0.23300685211960126,0.4597229884174391,-0.35116190856706236
3794,0.4550236642127256,1.337196318062555,1.3976591955968913,1.0285349101141381
13594,1.4567149092420284,0.19055561336150467,0.04616963401219605,-2.572845558851093
9474,-0.15077597887596877,-0.44512601094992277,-0.4735913237234655,0.3182564953201316
19674,0.9433413116031221,-0.6317700087296708,0.826248461564984,-0.25932817405052416
27914,-2.754917097822804,0.3104737038606174,0.9629662458371188,-0.044137614174902216
11554,0.3575356945109093,-0.334957294414071,-0.8017148615336688,1.627860998795242
9514,-0.14510835802170272,0.08426953669395464,0.9138412395009212,1.3579974402658948
4954,-0.09840791315811483,0.4729748249896307,0.5057405634360663,-0.1229759353904012
29234,1.4427810484641588,0.40175229678478935,-1.1287375560150532,1.6779078383352701
9114,-2.4934747610780086,-0.6094295241859896,-1.0222295868521818,-0.26385160214338194
22554,-1.1794095942462024,0.6558092616669008,-0.24767178899573164,1.7942402243628048
7474,1.6787486648257728,0.15418040257016186,-0.6845692821019381,0.1331174686286198
25754,-1.8352388784486844,0.8343010409875928,-0.45030515928153264,-0.5144966100451881
5434,-1.1174240712323897,-2.6651282878352966,0.09525960260888376,-0.060043356130695294
8074,-0.08112542078815056,-0.18169169372765337,0.333337384002214,0.5787200224269085
1954,-0.79811668413056,1.1120685470577591,0.7798807224535768,-0.27584689730311207
13634,-0.9503391588773433,-0.460200353553335,0.2434170120782699,-0.9998604941760756
10274,0.7513516583226207,0.43937282704795383,-0.9322700633399312,0.322044812444247
14434,0.49746169375549887,-0.28303072357278397,-3.372932864541152,0.6979774915696292
18594,-0.6507159610884535,-0.15791851765486525,-2.2632972756101952,-1.2163504583102103
22754,-0.7418699040363265,1.4481735243999203,0.9499520836782878,1.148034614482683
1354,-1.8438658366654015,0.48355606883113855,-1.382128181547109,1.4793551096928046
26914,-0.5447739391947882,-0.252368109472416,0.12199579784972862,-0.05625982397351259
27874,1.0002659156626494,0.38193729419391476,-0.7991129028751145,0.20857832805272267
19794,-0.8781224946881014,-0.0032954693687072883,-1.7490574920156436,-0.4344589375249935
2914,-0.9802395847135441,0.13238192041820673,-0.6075851474611841,0.5763475595277311
7274,0.10208091815537218,-1.8596393927543027,0.32947096692680433,0.5451279454504276
15594,-0.5782236224250878,-1.1051833417450558,2.0028102718076406,0.6107962841286771
7514,0.3794442812363957,1.3468794647937465,0.3937577055266404,1.045419141042339
19754,-0.36998416770500403,0.8375305779806402,-0.02738564885648712,-0.41089002705689426
22074,-0.13455786070774983,-0.1437206083130269,1.3665077567907409,0.5843946471610947
28074,1.1283840638881653,-0.8859888351873002,1.5942792829817267,-0.19413312093781554
32234,-0.16854515227196437,1.8810414867139122,0.21164654070223485,1.8874372440732081
25954,0.38189626169781715,-0.2049949991230255,-1.1297803872368288,0.33700350395145057
114,0.6537567830478975,-1.7313449959445595,-0.36743330960893006,2.0089000055108586
3434,-1.5922159535272027,-0.07036588822819853,1.7500891593393786,-1.1342880603057839
26514,-2.226498911517934,0.33895777507695135,0.8869553922501088,1.5122020535184486
20914,-0.2874839528697785,0.47512449368797227,1.3820182609445557,0.028303251936493915
11634,-0.36708159043612637,-0.14214456422721294,-0.48830788980491074,0.3888312346502167
32514,-0.20924911698649507,-0.1766360569377201,-0.1747485111906176,-0.7028304859915764
30074,-1.6092987241668828,0.35305375615634604,0.6545434334246863,0.7839254566492853
25834,-0.7429709713174008,0.08341132897376899,-0.6513007942952761,0.7888508314784525
13754,-0.8428060085434396,-0.37201822060480266,0.5688006304275031,-0.7146895042702579
17914,-0.7384183577491875,0.6231016579337988,-0.6376146581293921,-0.4151239553831029
7554,-0.3586579221266918,-0.11307714606594362,-1.2669929437389924,-0.5820395082032801
26234,-0.49966592840755397,-0.13029981104082697,0.5220103892166831,-0.770977027729563
30394,0.4056271880955696,-0.7986850260374709,2.0778296577368174,1.6132837983313129
15754,0.10742712660760416,-1.6234119869385581,1.1130676762057454,0.1713808461538577
9794,-1.5024448234566632,-0.1103891208442293,0.7081105641303324,0.26265922035523326
6594,-0.11783312101196006,-0.36785154696679817,-0.9458271311088653,0.9847501971393674
13714,0.5880431579705554,-0.7119367599950032,1.346825319926657,-0.28680901511073353
14914,-0.9244789909026365,0.7617199822796277,0.8665024101267196,0.5019348396042291
32154,-1.441791282222937,1.6995226992668582,1.346032389089444,-0.7092774095527674
31554,1.4352737315710442,-0.22771450406967442,-0.5126442392450303,-0.4563868207898383
14234,-2.742333897946429,1.4183631489261448,-0.7345314983861212,-1.3772654301464022
32634,-0.08864884343956601,1.14426401846768,1.7022855645483936,-0.17777529126211133
9634,1.254563659088558,-1.9602213060732594,0.14563904777065723,-0.5600551936131233
7754,-0.9193789414035138,0.3405911933772023,-0.7567434442246486,0.3680059845480313
11914,0.15302880959451798,0.23602041431554657,-0.45847781406795396,0.7055949879652939
7594,-0.8354698006591453,0.8398978869786937,-0.6890342454747304,1.4732005299724291
24394,-0.625006331107308,0.7269843085796857,1.0696214593260616,0.8128839189347185
23794,-0.21433588298202594,0.34312877905029854,0.17967951660060916,0.3272395724895942
28554,1.3986701646476982,-0.41224964534462105,0.1418947743289135,0.99073007672758
32714,0.0704038314713784,-1.9220153220253136,-0.46980222679977257,-0.5145958056787525
5554,-0.16717020856522874,-0.05163602545895064,0.6951194701947835,-0.39032807280625714
594,-0.5181678259944134,-1.0195745938828493,-0.29917217082473957,0.9753683985930856
23994,-0.8607724322117055,0.7218277247202579,1.0053079097429514,-3.507479105596959
17234,-0.36788734885222674,0.11932101619307084,-0.6579143430286784,0.5988452540732395
17994,0.24893924873946577,-0.23477528497881994,-0.572162621929692,-0.6889391567452681
21954,0.20466991730521375,0.4989436044312491,0.20705686753949473,-1.1467453191145414
19914,0.36662201753812074,-1.3127409358999198,0.4320422928029245,0.09264988104323796
10074,1.4698742670327385,-0.39135737898131834,-0.753642826597184,-0.9214773257574984
17314,-1.4197918615212657,-0.7140286620791678,0.21627897952587127,0.17212059743417793
17874,-0.24561742187158658,-0.6901478848985454,-0.5906342194568908,0.1738809980842483
17154,0.16358326123037037,-1.0777999851162454,-1.7755060733747166,0.6541576377322588
30874,-0.650796048685164,0.6333599001741569,-0.8518911510032342,0.5403590424128661
5594,-0.0589242561775992,-0.721026197385719,-0.16178900700058715,-0.7225312724247682
1274,-0.9464471734358473,-1.2961900112770555,-2.4453137644692924,1.7847396146311436
7074,1.9759414812957594,0.6791983495216563,1.1287577136966753,-1.1759885064654545
3554,-1.1686495208065815,-0.36947787438933166,1.9532642921321668,-0.17401589105730886
15394,-2.7381671628287876,-0.4869521378447091,0.7483878105981104,0.9278142564075129
19554,0.5251732372311586,-0.43518388318946244,0.7448092077590219,0.02703880551151617
11754,-0.53633612536186,1.6837558900169578,0.528823543000662,1.8696115980737742
21074,-0.7560331445730692,0.39399425190552284,0.9870698019456154,0.3989348544512516
9074,1.1210674537888374,-0.17416445627870808,-0.2802007054041132,0.6470048181295347
4074,0.017048315471158367,1.1052929535932268,0.16443051984231588,-1.1436162750102175
19954,-0.5063184271303601,0.11743210266632681,-1.3727932540612215,0.24056162093490557
12394,-1.5209543823702856,0.44667794167230396,0.015200856888547913,1.359769435574618
16554,1.4660233425131832,-0.6903251956701026,-0.9612074112814284,2.1170243583873685
7674,0.06780040734138741,1.2539965388787293,-0.06605075443604873,-0.6590963681884431
24874,0.6417876852288149,-1.5985150535285766,1.4658659893737906,-1.5928411515829377
5034,-0.21289214726721212,0.2553600330888837,0.12182767780272091,-0.21911109734192372
20234,-0.05851563044454971,-0.19315586506064575,1.0149336309632797,-0.85500261409667
26114,-0.2998837284703128,-0.04950570856398307,-1.001315198127814,0.33924426733900653
13834,-1.0134613723831063,0.74596637179542,0.8318762728564717,-0.8615524750352882
17714,1.175426285367045,-0.5962674599517567,0.7393441678592219,0.27607339362096056
24834,-0.7289318209115939,-0.8196638027177737,0.8094709234731867,0.038061407950451875
11794,-0.7392205079701313,0.07306813509784338,-0.5436935538596612,1.042075670298105
2234,0.07944394627038888,-0.7919066182221566,-1.588689002533633,-0.5781603042697987
6394,-1.0146269678593485,-0.7809265638766898,-0.1657552668309843,0.029893029769591666
9754,0.039100409439156464,-0.6153545177870592,0.4972424855203528,-0.8539695532596742
19034,0.2604157728028174,0.5520639894113654,-0.08756699904838139,0.7012286148019155
28194,0.7331655146501441,-0.5918385219576285,-0.06399412339142659,0.06657913831253062
27194,0.17067572078583637,2.102559556264567,-0.7647086087149411,-0.4254491382714068
26154,0.8452884238964128,-0.47132634999098805,-0.6452450716935527,-0.03347363452109538
3394,-0.21527921888732943,-0.7781371889247762,-0.4532740966146449,-1.1915681386654826
23474,0.36160400584274976,-1.0446221886854157,1.6280445658697522,-0.4343424248796593
11714,-0.4970952823121514,0.41044021010237514,-0.2067039326150324,-0.47387123765479605
13874,-0.8362246876182547,-0.40228283326903846,-1.0170078279965282,1.2945860627140449
24194,-0.9922415411633322,-0.8658543846503308,0.9353455295838579,0.21030168262597873
28354,-0.313260974587743,2.0052929653981915,0.9668828584425978,0.07490204251961968
11834,-0.2798737058875414,-0.25775139862896634,0.43010476314400176,1.2359007253837078
5954,-0.7026899885535872,0.09163443689254591,-0.13029240357313068,-0.4261894304003338
2314,0.8205061286524409,-0.5740141745528934,-0.5276264006442918,-0.08993569361591396
20034,0.14919062006533595,-0.138134818341861,-0.3409681930624498,0.5317265745736277
28234,-0.2117800948714766,1.1182504918694802,-0.3707082526566409,-0.2367737111666503
29514,-2.4088119765972293,0.4385146796051959,-0.4479143774410176,-0.5771264833238535
1634,-0.8738008661253546,0.2488131151822981,1.0418960623376499,0.15589587384922046
15954,0.004634222744275234,-0.1218574541839413,0.3152050739722782,0.750483792034395
8194,0.006685358064679802,-0.42339517463758597,2.4461163475044994,1.4127494949157025
26634,-0.8928733558329427,0.6504351169935204,0.24033623053524317,-0.35023632367933616
3674,0.40612073147545225,-0.30271248493055747,1.6310826142156793,0.8613880685146262
11194,0.18903187881064995,0.8458556035925363,1.3915298744408897,-0.589675502264307
11874,-1.175697303568283,0.749610680269508,-0.45969501269340024,1.0665797079468393
2834,-1.294281288584649,0.046710579122103316,-0.16139184144387533,-1.9147462457330475
6874,-0.3668445793422493,0.5559438056538029,-1.4975035201474765,1.871276655921265
20074,-0.37574755254924685,-0.24860743873500918,-0.04544109433430825,0.15998052015901784
15194,1.6629305464998791,0.19616137824645646,-1.5031256908656574,-0.031223545130772256
20754,-0.8829222925805037,1.7378656555696812,-0.22412205305305058,-1.2228047769391195
19354,0.5866013598173178,0.6485232479437235,0.2532903676346544,0.35770507456164535
23514,0.4020397847277955,-0.29851938284689405,-1.7799345191619789,0.1273008650739471
18034,0.5121297270344842,-1.0985131232213114,-0.35973978904737786,-0.6400807722379614
31834,-1.1264823438261653,0.2790205795102769,1.0361548470062265,-0.8360041138160612
15994,0.22020651959427992,0.16023474668341162,2.0045952663614646,0.38801840587440883
3874,-0.8743277002314601,-1.2265319361892697,-0.8726900574459628,-0.5640361508350062
4714,0.5155004278234184,0.6693086882088962,-0.9886257320914376,0.26538550723749527
12194,0.9626389109554195,-2.431487024615542,0.46730092634353687,-0.8274226124133793
16354,0.6815859967293799,-0.43452710573624787,0.9829229699306133,-1.5622817442937014
3714,1.98216297454148,0.09456594171460384,1.9438773791188235,-0.5342967515198431
5474,-0.34292803945545164,-0.13047794129610538,0.23440206204235264,-1.76359638750957
24674,-1.946328414823137,0.290168695678546,1.3067883724299358,-0.824733507444122
32394,-0.2932974083087508,-2.425960734469476,1.3873395502068238,1.255871165698622
19394,-0.21672138222361986,0.7459651009603547,-1.4515954495605667,0.5738052256376653
9874,-1.033559288823415,-1.8976642613614108,-1.4836974920212016,-0.1707799208180854
13354,-0.01879952459518359,-0.8670342057680636,0.9552670853402584,0.7859357071504115
28314,2.536621800130747,-1.2128662445778624,-0.7648381533357842,-1.2540757018145527
29994,0.5697724424106229,0.27941676212361233,-0.8770315669548991,-0.03277078144127057
18714,-0.3263263330738669,-0.7806942462423827,0.09736145714300902,0.43789552535511017
2034,0.5311120083082713,0.9623262158780349,-2.369378245045207,-0.4206025926822985
26274,-1.245352881911575,0.5119317114937026,-1.4422909798902426,0.3706269758450107
10354,-0.029786037354600777,-0.8980294586052479,-0.2802528230256917,0.7334795038086035
14514,-1.431846409669592,-0.39879395845089205,-1.0015059685116026,-0.6667644133304301
18674,0.20553400708092487,-1.2441066877132028,0.9523839870369045,1.6290609720281923
3754,0.14308042553318856,1.3363288740092003,0.8146203465722683,-1.28984904196276
28274,-1.1090223757215345,0.020855090121446318,0.23861948911376343,0.30919080159030227
31154,-1.4082578621244768,0.5262917465221649,0.5964522869776386,0.4623620303429633
32434,0.49058798958614724,0.8238155386525101,0.9467603286050725,-1.0631614235814026
3194,-0.40967404399474094,1.0272321768815107,0.8030244339606868,0.5413054532943709
7354,-0.7147574945901147,0.3632460219164589,-2.4866763801608815,-0.27609432496654324
20154,0.6667220843149247,0.2153139771795209,0.8325943568413053,1.4539252779286493
15674,0.43897721103535825,0.17634684567290826,-1.3134395491621278,-0.804438092527691
22474,-1.3553748305128634,0.23840751409332142,1.7304989427347957,-0.7402420809097434
28154,-0.25457627895457374,0.8290293131849619,0.4605782871538159,0.8194776955420301
7874,0.9555100152686509,-1.1987617791911573,0.9485859556102302,1.0000303560195625
32314,-0.07863154542986649,1.5801927830707756,1.1214118368393005,0.15243025279774916
16074,1.1840530846717705,-0.19660313902000343,0.658283571402642,-0.6605592263742252
354,-0.36670959676391107,-0.0820593023988589,-1.3780380694604348,-0.7593272923946965
32034,-0.8247659276807703,0.1307971354390033,-0.6416976269707654,-0.962153848813896
12674,0.2966640511259617,-0.5888384352497925,-1.4660274019643627,0.21920160928095364
14034,0.4792224820355501,1.4118114819343832,-0.5611153418815488,-2.190054653557727
25154,-0.8575344609338315,0.8920253494260618,-1.3335472471684822,0.25133858121929026
29314,1.1566294048760837,1.6201276390255233,0.43231177365884954,0.8076376155951148
14354,-0.013533044532555886,0.09801720660065634,-0.5150904487620251,0.0617544114542851
22234,0.3630209042669602,0.17799835655012333,-0.328501446921613,-0.6756549980285115
21114,0.9751424611680249,0.46867968018806927,-1.3729247324139153,-0.2799689442124768
5514,0.13734250009789137,0.19538587744917876,0.49773239197195285,0.10444898855581852
30434,-1.3203914534016048,-0.12994388719760802,0.36274257916994207,1.700903481942013
7914,-0.42714827321071175,-0.15514135378965682,1.0134223639991617,0.31989253023187203
25554,-1.7810682067986563,-0.19440462200234015,0.048368156301218636,0.49050233181853153
2514,0.9558942281600428,0.3737143108201462,0.2334323921288033,0.34213852022419783
16114,1.9030906790487014,-0.12707917000907695,-1.3701273734701496,-1.5976968749839704
19154,0.40808788915432165,-0.941670917446454,-0.001812698115478688,-0.7499000791607474
14074,2.054011767838794,0.48638244593378366,0.13669497936578362,-0.16675831463747087
27474,-0.3058184452367081,-0.8169444407775672,0.35047793290709867,0.4089700681770772
4394,-1.0818642739485103,1.4889770492421381,0.8734572731376763,-0.64405961545405
31634,-0.6858609545902813,-0.12881926727940324,0.9517768152499004,1.4256544691680528
1794,-1.0662269685816084,-0.8713474429672218,-0.16838356246642136,1.8940767296669376
11994,-0.35959021082773096,0.980066144683629,-1.3126746328999914,2.0835132489075603
9994,-0.46817285389244534,0.9119712993392634,0.21135153516824542,-1.3507007784538054
11114,1.1454420545438528,0.471097603638075,-0.22841280716416315,0.1928287663052425
13954,-1.100981335183903,-0.9561848343771319,-2.107500720575755,0.01197676560101873
24474,-0.23450360808904894,-1.4063628718838108,0.5435087884929376,0.6923337189067947
28634,1.4488428625612864,-0.7221199933021087,-0.039815206521800935,-0.7096994710950829
28434,0.04114150156952446,-0.0009182363999583089,0.09297374669123931,-0.08624492952858473
674,0.5358467133662285,-0.9726417898517334,0.4746641547184753,-0.7987275578706029
4834,-0.2215576987935474,0.026832283297576053,0.15385171595122393,0.4029592189938606
26394,0.1789395847138994,2.7343381290894437,-0.5631856636962863,-1.3398930401044553
18394,1.2626189144291642,-0.7732231999199088,-1.470038102788737,-0.6672925552764551
14114,1.0905993877903462,-1.69703026744474,0.04218909049127405,-0.8884209637069193
994,0.5223360508955451,1.4517619662737833,-0.6027524158334772,-1.7453303725700668
32554,-1.0085592886380317,-0.6218210940732851,-0.8628391623886705,-0.9814261000668466
1834,-0.7150796779345041,-0.44607755095849877,0.3684236277836987,0.08614974154789097
12594,1.5740285587984326,0.789510843129719,-0.3380451677211682,0.2527011221891238
10154,0.3351806760357874,-0.01597255276972263,0.4059483521253409,0.3123012822511362
20274,0.3670754389494468,0.07011840640741196,-0.44867279212127464,0.7576738812967247
18474,-2.6170399016299672,-0.5760626144814842,0.40173497726756796,-0.22705797489637616
22634,1.1315884212467462,-0.6086686187477549,-0.0986235690907748,-0.3646440690609489
18234,-0.7880063496383792,0.45240348951028436,-0.9483018544600432,-0.7044578594324566
22154,0.058842534209000416,1.1505196608147428,0.2901246876126255,-0.0008188610456357116
2994,-0.5972373077754222,-0.06731607446589453,0.16120424159564015,-0.1169970178755369
7154,-0.6138899355589804,1.4787043113972054,-0.3411976094734909,0.9784946059141932
16194,-0.3493304794569714,0.4777035632700198,-0.4034400893100068,-2.090040405072284
15474,1.0750152555267636,0.8631604937897641,0.6352915614797678,-0.5898731819054325
19634,-0.001652194253754942,-0.3870453476439196,-0.13350081606503722,0.6556423608686799
14154,-0.21307408459636265,0.314398929785822,0.38666261518704376,0.31707490640073516
27954,-0.5104243911947763,-2.6867824114910137,-0.38827393353179357,-2.320221322686608
11234,-0.9821544306568618,0.0859400938536987,-1.1104060904589053,0.9462820326020758
22354,-0.7214713950517229,0.6448042572018262,1.4101522499876435,-0.801305287979919
3954,2.510721035428037,0.8425145652244423,0.6157973639441064,1.1730321596691593
22394,0.14401899973699647,0.5982847547721787,0.44521587269171004,0.2680124190716215
16634,0.3126562053467056,-1.3310411099435955,-0.1869916110686344,1.5479043951545823
30554,-0.770486036575941,-0.10511457363125745,-1.0319283193774693,-2.4354167422599073
20794,1.389467041781917,-0.3595913729011058,-0.4568377653159232,-1.764204480642576
10554,-0.5927380366124814,1.3018921769923792,-0.20800998457285136,1.2931033580962965
28514,1.085050499350347,-1.6116773714980788,-0.9227815757945791,-0.0580553518504303
8554,-1.7128572175476438,-0.1370005626009714,-0.7784666222325228,0.6605017302964736
5314,2.2805601389069956,-0.3849608705070186,-0.26396246605843926,0.06368183490319794
5994,0.40766419766935275,0.08741195367496754,1.5174415884273127,-0.19821578303926152
20114,2.4137617510922165,-1.1967797283714117,1.2983232602504196,0.1835020179559555
17794,0.9742199617409171,-1.053330018962213,0.7701798760926483,0.39860388017382686
14194,-1.0471071661331175,1.2746017013901392,-0.9387240209235606,0.5019499565648605
30274,0.8064069704625983,-0.3606900831599535,0.8566625209587208,-0.956219240238153
1914,0.25777960392406224,1.7857057803750596,-0.2768166889827405,0.008782889212035086
6474,0.7055920353797823,-0.3524507976939374,1.6603505040692597,-0.03219591589386205
24554,1.172430746724349,-1.4388706558842188,1.2807332155677817,-1.5341418674698426
10634,0.812477629974513,0.5953281233541399,-0.08606215641306107,-0.20766279007615912
14794,0.015597729105567167,0.996194327514198,-0.2944656458768501,-0.6910613114096822
30594,-0.3972558336637021,-0.08305532462544465,-0.5466799605042776,-0.46405035468893746
27274,0.520008874196951,2.7622365382795224,-0.34873039141054424,1.5152342169871662
31434,1.8324279381987794,1.493633775136984,-1.0054340444646988,0.4678898914172173
18314,0.8468916175456268,-0.1417040065963883,-0.6690874197215934,-0.7128941267353089
18754,-2.205256549167537,-0.6828294902574191,-0.7702241111055578,-0.11885340268322635
3474,-1.429347695391538,0.7274809051100083,-1.1913888478111263,-0.620800542033967
7634,0.5564405625943286,1.4047222244591469,-1.5547875301890013,1.7762282398078224
6034,2.043102918143562,2.7287557281045083,-0.4644915830663635,-0.07503921318688023
24274,1.8925092370960865,1.4388842572647145,0.23469791838006662,0.5482506111989117
3994,2.552403010201875,1.5665059102119547,-0.22887822243878864,-1.6198515553392785
1554,0.7305552445967869,-0.30387522985240484,0.24802958727386376,-0.3145638001799535
23194,-1.4086076517295463,1.513284067895715,-0.7068629960262252,0.19083913491656945
19994,-2.333292723424411,3.328251069105329,-0.25278606603845044,-0.7011174700757258
474,-0.5418881668348217,0.28265194831565815,-1.1702191596185403,-0.21715257906039512
22434,0.6803020376087531,0.82873499795207,-0.9189348935780628,-0.415663626584356
8794,0.836994394665835,-1.1242686409890401,-0.8830566759037795,-0.7079357204306116
12954,-0.09452619726559458,1.1996598473465858,-0.7418501468911722,0.6683752363106308
17114,0.49131695654162166,-0.5254309862215757,-0.4593571715906408,0.2101591252725106
20394,-1.5507347093497184,-0.22965237876264194,0.17661488505657597,0.04214300605057596
27634,-0.2685468890980744,-0.16943437750817308,0.14478280379718028,-0.09025716265035058
28594,-0.0657593548505552,-0.9391698049561585,0.031329725600202106,-0.053095795617631156
6074,0.8117512482901627,0.15557475139193533,0.6058090552985327,0.869117727137825
21834,0.9312936890131446,-2.208977824299987,0.4039883157808742,-2.298348732808356
26594,-0.06922549915732283,0.36552517676301155,-0.5317139026948761,-0.09946345433808161
14274,0.25867344496638084,0.6489820851793078,0.6758446827320898,-1.3468975049448573
2794,-1.321169801646791,-1.0985986641911356,-1.3237516797164373,0.05158797205543802
12234,-0.42192284616064923,-0.06560043398538476,-1.2167564434742981,-0.08586486311423464
6954,1.4323675649296452,1.611719835526418,1.1405696684753357,-0.3521346201883346
5794,-2.2384191185870685,0.6693376528617603,1.2095796564154586,-1.0181178867737393
15274,0.7268386056876567,-0.02178216494473994,-0.015760279198498418,-0.5834932750657258
30674,-0.8975128573071655,-1.3282811101889416,-1.087184317179494,1.224928421838121
23594,1.3080815798747758,0.06296665551215913,-0.9122324759801033,-0.655329267631147
18194,0.5534800768607935,0.003821414597136401,1.1358006150003912,-0.6753679237786562
27754,-0.9887852573643956,-0.1593767939960455,-0.4982963376968616,1.1493590936050535
31914,-0.9531981658582372,0.592740697391455,-2.6267598038552578,-0.19257980113792744
8154,1.0835393446857298,1.0793273620186485,0.0922082401626355,0.23166508471850708
15354,-1.0678901558792542,-0.27112800632978606,-0.4749652558564783,-2.420182308118831
8114,-0.2943284644686452,-1.0702807147934652,1.2381806667829174,0.13224395123764493
12274,-1.5499485837475657,-0.18373454843232517,0.724235201625395,0.6770930683668324
6114,0.028180691574975485,-0.5059786851602452,0.20872188692227575,0.6347522369566528
16434,-1.3142243808534193,1.0073687063342367,0.036861056377930815,-1.790603358905918
24754,0.4985933846837628,0.1341754921395219,1.1178795271513067,-0.9936005545575036
14314,-0.684859257278562,-0.44496566653374786,0.4409126123364656,0.7766437920734366
9554,-1.0560857612272996,0.5582748690424499,-0.8175223280325042,-0.16891436473202706
954,-1.3371080021436301,-1.741630942137217,-1.0404309444760895,0.942192408078926
22514,0.10684003034977706,-0.20249533117750035,1.1651170826518713,0.9050412923787934
9274,0.11553431399811905,0.4039689417775146,1.5803990267565797,0.8650315180358853
13434,-0.9795964456775879,-0.46492144484570647,0.721516754336838,-0.29286836896546503
17594,0.5024555348970309,-0.16375031606186558,0.3823523399571047,-0.4324232908153222
21754,0.33311044574949983,-0.3953796039247854,1.8377597071022234,0.6297053250638143
30714,1.0619952467677436,-0.19620986554520548,0.5344068371930275,-0.11553960436686017
25914,-1.3057731416051817,1.2494038840862087,1.178562599741601,-0.5995208966169939
24234,0.3042489209845101,0.5825324219602637,-1.452522899428344,-1.3657586096593004
