1 2 1.16628094945
1 3 1.16615660549
1 4 1.16607932806
1 5 1.16604318712
1 6 1.1661281434
1 7 1.16603045287
1 8 1.16604024208
1 9 1.16604061783
1 10 1.166044296
1 11 1.16606762166
1 12 1.16604747713
1 13 1.16604100423
1 14 1.16598587792
1 15 1.16604334214
1 16 1.16604106821
1 17 1.1659930481
1 18 1.16598178978
1 19 1.1660436578
1 20 1.16596380398
1 21 1.16602481184
1 22 1.16602613121
1 23 1.16601657232
1 24 1.16601958784
1 25 1.16599884654
1 26 1.16599669457
1 27 1.16597641857
1 28 1.1660050964
1 29 1.16598297092
1 30 1.16603201971
1 31 1.16601839035
1 32 1.16603289613
1 33 1.1659980714
1 34 1.16601721004
1 35 1.16604736487
1 36 1.16603290809
1 37 1.16601158859
1 38 1.16601018104
1 39 1.16601964504
1 40 1.16601478849
1 41 1.16597389467
1 42 1.16602693672
1 43 1.16602600826
1 44 1.1660008536
1 45 1.16601024479
1 46 1.16596418733
1 47 1.16600877197
1 48 1.16600558759
1 49 1.16599273443
1 50 1.16598918779
1 51 1.16599385791
1 52 1.16600502606
1 53 1.16600613778
1 54 1.16601020688
1 55 1.16599715668
1 56 1.16598471984
1 57 1.16598435201
1 58 1.16601427231
1 59 1.16600321849
