1 2 1.16628094945
1 3 1.16615660549
1 4 1.16607932806
1 5 1.16604318712
1 6 1.1661281434
1 7 1.16603045287
1 8 1.16604024208
1 9 1.16604061783
1 10 1.166044296
1 11 1.16606762166
1 12 1.16604747713
1 13 1.16604100423
1 14 1.16598587792
1 15 1.16604334214
1 16 1.16604106821
1 17 1.1659930481
1 18 1.16598178978
1 19 1.1660436578
2 2 2.08492937336
2 3 2.08489183661
2 4 2.08487149056
2 5 2.08486101092
2 6 2.08489148101
2 7 2.08485713645
2 8 2.08486378438
2 9 2.08485819847
2 10 2.08486503183
2 11 2.0848735419
2 12 2.0848645529
2 13 2.08486503742
2 14 2.08484333349
2 15 2.08486658447
2 16 2.08486450036
2 17 2.08484607873
2 18 2.08484499285
2 19 2.08486774695
3 2 3.05193708996
3 3 3.05192377936
3 4 3.0519219369
3 5 3.05191800517
3 6 3.05192781702
3 7 3.05191724041
3 8 3.05192038901
3 9 3.05191751241
3 10 3.05192086524
3 11 3.05192389885
3 12 3.051919208
3 13 3.05192092854
3 14 3.05191339494
3 15 3.05192177477
3 16 3.05192109757
3 17 3.05191432715
3 18 3.05191469344
3 19 3.05192261472
4 2 3.89103219998
4 3 3.8910309479
4 4 3.89103293218
4 5 3.89103376151
4 6 3.89103307855
4 7 3.89103289407
4 8 3.89103227094
4 9 3.89103158214
4 10 3.89102842926
4 11 3.89102963675
4 12 3.89102947382
4 13 3.89103048737
4 14 3.89103095049
4 15 3.89103122811
4 16 3.89103064721
4 17 3.89103037145
4 18 3.8910312887
4 19 3.89103137191
5 2 3.89103731442
5 3 3.89103731442
5 4 3.89103731442
5 5 3.89103731442
5 6 3.89103731442
5 7 3.89103731442
5 8 3.89103731442
5 9 3.89103731442
5 10 3.89103731442
