62412,0.4584780072752053,1.387328230425617,0.16396477052659705,0.38471690582913687
22532,-0.17263106888217908,0.04502393534307207,0.029012868755957422,-0.16908656385957496
22972,-0.9038644094444669,-1.9738269235338255,-1.7382919191823936,-1.120043190674516
72492,-1.191547006841986,-0.9616634827208586,1.2344600511196635,0.9432076880148981
2732,-1.0849575499434212,-0.8054072576082784,0.24329576060000782,1.8071099964267492
12,-0.8856988330198189,1.0442603008816487,0.44254002345029025,-1.1449662396687479
10652,0.09582490163589377,1.1243955921787905,-0.027264927579567912,-0.17687335099078932
57012,-0.6802719021060789,0.2342185711556117,0.9501014427857248,-0.6097908095119127
18452,-0.19904400462287372,0.6708711194837147,-0.9231645672156578,-0.27756637470805373
2052,0.9656062125464243,0.5003882519416759,-0.5798901177438253,0.4027890838671672
73652,-0.22895602566307313,0.4543315805883663,-0.7740431374981266,0.2559771911159954
67612,1.9337754318939242,-0.4277210698346469,0.5957240416937258,0.5600510985027106
37372,0.7719458225033274,0.22464555278763018,0.3013196917630471,0.7006858485361708
45092,-1.044952702094109,0.6629006453287982,0.2878753778919635,1.6126144067403956
17732,1.4453295956549406,-1.4741614091614965,-0.5161560279715228,-0.24252768096641075
67932,-0.6535915779601511,-0.6427032528217789,0.8975617914086726,0.6260210681071512
21892,-0.2414337557920574,0.26240059039180214,-1.2018586309812052,0.9879459208844116
43052,0.11674804509608162,0.39748283691905134,0.7643236231473343,-0.40067721211177654
70652,0.4739466176323795,0.7212810114970876,1.758217604393822,0.5949842428677329
60612,0.41548064138326635,-0.2760609964428333,0.2966104016992105,-1.172008497546358
57172,0.5756758596933182,0.026104649716888317,0.8889008947749515,0.09417213650388866
41012,0.3808789895197628,0.33506730582680755,0.5012870828216165,-1.2684558461213198
20052,0.47358839659846486,-0.5654825356629652,-0.181799438666434,-0.5917457413854691
43252,-1.4007055919897717,-0.06855715713612902,-0.4745909511448244,-0.7717713386231639
56532,0.18146393995499843,-0.0028305399296106523,0.9455342744815592,0.15389476917506417
51012,1.1269841153447324,0.3426159658223078,1.74450374426446,-0.6827006171138351
62132,-2.0536121424840097,0.7058367371786745,2.6724413426194205,0.7341121624900772
8252,-0.7139890544755617,-0.9522473167553613,-0.6646312752000268,-0.9064110269747212
26052,0.7142242326983622,0.1521921606165169,-0.25227815856167635,0.9489627359103316
23052,0.8973650255581161,0.05992077972235966,1.2675906187093697,0.9313242356445067
32052,-2.3186249870192657,0.3904897899046108,1.0071142009697096,-1.4679896214885735
16452,1.2875532932292317,1.288517776727569,-1.1914080577943362,-0.7574007020963851
4092,1.5524195467428108,1.2642492886739964,-0.438452504335373,1.2650276622273482
56332,-1.556755454514346,0.6532657729756397,-0.8328726385810892,0.6305939950233678
75852,-1.3277140121280124,1.692091511043318,0.8156155643589316,1.6179072123231364
15892,-1.5944315403971312,0.17246446554578831,1.340198421790336,-1.2848833354906712
17772,-1.0064036578053093,-0.5042852644988541,-0.13268179927344262,1.46017098016547
60492,1.385750106991677,1.045191635349151,-0.922742993705032,1.1432456970059726
64652,0.6068635844613863,1.6071324313158952,0.513315264162311,0.24134431434552794
53332,0.681268662394343,0.07930320309774919,1.3755217253167735,0.09443955238821838
77132,-1.0035213425840237,0.047802542152445324,0.17339128384396027,-0.713764313686212
14692,-1.4449510930470795,-0.13649242671751186,0.10952638756628268,0.20531891910151887
412,-0.07160150952235392,0.10413835188814133,-0.0377285600214314,0.1051871852214112
92,-0.2213940433445956,-0.054338043068116765,-0.025871899256108066,0.18771977998364714
69732,0.2977537526652889,-0.39476724508500105,1.0578960556879395,-0.6103159332038814
70852,1.5612621810129335,-1.2041228195749676,0.7147648165964118,-0.05908626897857798
69972,0.915464937638103,-0.10975473582952291,0.4371301201031659,0.23895459293151491
70332,-0.9576009596976072,1.16007603819536,-1.4363992856182186,-0.23894785854573541
26092,-1.0332020636802985,-1.0356883145976763,1.372132165724592,-0.38647241226885676
47212,0.07405571386365953,0.7158773150047021,-0.6760420316614901,-0.1827095491232257
74972,2.089718632077393,1.9987298214797649,0.36943696468393733,0.5255853403348749
1572,-0.401759254308891,0.733710841732564,0.11259633380008051,-0.6436625957020741
9892,-0.020288084191236833,0.9322670592975464,-0.5374116698915133,-0.554912908416391
34932,-0.9678224549760018,0.06697944174534431,-0.878770511465738,-0.02780596305889172
62812,-2.1098254106644023,0.7610271735374358,-0.8238524511273488,0.15626501205614104
49172,-0.762464753206014,0.16649907119556617,0.636028796399824,-0.1660158874731607
63612,-1.4269636015401046,-0.7293969466532249,1.1547315502063087,0.3474607529017434
2932,1.24977406675782,1.2839865057796298,-0.040259392654091244,-0.7173058167116702
20612,0.709525620804171,-0.07038873073482671,-1.1348204205717571,0.9342702370708565
55652,-1.0635397845026247,-0.5165128606062016,-0.25555608847904127,1.1928643559321859
71292,-0.33515287166036933,-0.38389320497685364,-0.5252411475763213,1.706758379828887
8332,0.3436418724834178,0.4181882478856755,0.8690558494197165,-1.0182914238848955
23532,1.1362128543915206,-0.38289808821665916,1.0020682651587647,0.6408176177287432
27692,-0.96175050301695,-0.12905486759911855,-0.6346564530747647,-0.5615141336196302
57492,-1.486587725882582,-0.04728866845397679,0.7504303620263479,0.27775817401441333
40172,-1.8131370901616715,-1.0418254006780383,-1.4797341251568814,1.3788090605268137
3892,0.22254263432122903,0.6902736650821908,-1.4189840401580955,-0.18277563382519912
58052,0.3255815346032017,0.6483257552723587,1.3508875487472412,-0.17395906338122133
5852,2.290618729431141,0.31372280333848246,-1.6889146471694985,0.7455609532290441
52652,-0.0806359632635659,-0.23342944642855015,0.5163177191774504,2.2929464109894355
65692,-0.494444225779119,1.803773458168868,-0.5638153727768148,0.5689782127628611
56812,-0.4604644879407782,-2.601204932401347,0.3715716071195956,-0.36149118237788486
69292,0.6345163877683241,-0.7052852765186408,-1.5656902929281986,0.38675175553173097
2212,0.16373447944336603,-1.759781713727201,-0.5918458869388971,-0.6195862044997721
37172,1.5842855105522433,-0.4372940143269521,-0.5326750627687059,-0.4212007766343742
26652,-1.2112224591586522,0.31884403660879146,-1.5654382725997291,-0.0421991401337227
51372,-0.23839639703679555,-2.0208300656438523,-0.2802421476937831,-1.2731438504483419
70092,0.056045717862538744,-0.6676522495336742,0.20510240032124552,-0.6457597543560892
21692,-0.6551108522554433,0.7022541880845459,1.8227499297604388,-1.3517638135001473
59572,-0.4697530517119912,0.9612515762117254,0.10919389605108631,-0.6033361299505356
25852,-0.4301701833145491,-0.020900936025878468,1.339931292398579,-0.631299542387841
9932,0.9297439593972703,0.1589814984216751,-2.3310064083843356,-0.6825950693153728
51572,0.06129802936153351,-0.8877056784809481,0.4826403350346267,-0.28666818379358316
37052,-0.0996787013477981,-1.8756261038920692,0.14101928798932822,-0.4394393904928221
18292,2.324368803067432,-1.2943870003033644,1.975580907250875,0.16574080188952578
51052,-0.38873701895163315,-0.9775380112855291,0.16951569361761512,0.0798957917233512
69492,-1.7884642949981975,-0.8244991180905425,-1.6294526351649399,-0.9346169125684793
23092,-0.8403881859557347,-1.2566297993513325,-1.0610343996287959,1.2013000872346882
54972,0.49262383754969413,0.15389470926689672,0.037655621135978416,-0.03416950967169727
35012,0.642981531247315,-0.6430505223101718,-0.02311011524290719,-0.2191697779856039
18692,-0.541677925634393,-0.5523173575366558,1.2656082948351344,0.21416741783710092
22852,-2.4091924520146524,-0.1613311056808634,-0.15684051124437257,-1.557374216563943
4812,-1.0182909190274732,-0.1703251773566687,2.093205522959578,0.24553995786290395
71612,-0.4216180520127626,-1.8952245042205835,0.38175812484391836,-0.05874060356510145
43212,-0.3367832902142131,1.1321506365076388,-0.19598168499337323,1.315470763711413
28252,1.3315724751446858,-0.7650897236090088,-0.5835781358923993,-0.6329634279123433
43652,-0.8191011086336302,0.6554832106537959,-0.17361180559289854,0.6527331148691603
51412,0.7385417044268161,-0.33250886927420437,0.16091290343041023,0.22633104601394638
56132,0.1598989191186544,0.08514856941858481,-0.3626874715425521,1.2066707334277196
60452,0.10377077004189472,0.1497146219390762,0.6871977238159157,0.1660663259200307
69852,1.1827119815836231,-0.8457835212681635,0.4929941719172196,1.4980675324379664
68612,0.0805428884609162,-1.1356289827958872,-1.5574776054482309,1.231459281837123
72772,-0.3863276489096358,0.3225128770321307,-0.5842215425343479,-0.12406732252435453
36492,0.12090918347551063,1.1425228707326678,-0.7135941347226272,-1.3351799739144812
6372,-0.31804312267665563,-0.358124260873282,-0.13352258725401492,1.2341202184952131
8532,1.6021169133854483,-0.12636031421760996,-1.5684936037366537,-0.3473030349592894
44412,-0.9220965102065898,1.2700016690014546,2.1245199576154654,0.013865562646209686
12692,1.6795854046282175,-1.023445329306167,-0.28497234718615266,0.3188537634962767
24812,-1.296359579377159,-1.0223107532040832,0.3054064299872771,0.03909717889408466
65252,0.45364495038836933,-0.2024156917671156,-0.7628429845748882,0.36608921782830567
55972,1.0531456000119142,3.418151644834962,0.010643989457680816,-0.28029070773591014
69772,1.4165283915816282,-2.0523134781618206,-0.8712839275134479,-0.144525403611417
33012,1.6910661518459964,1.101782112613421,0.36459822675724934,1.4693154011584264
37652,0.609830531321179,-0.5312031594213835,0.3458307658528834,-0.6943256747674605
74452,-0.9441987652286997,-0.5923300999428175,0.8269764236421419,0.22972151930952403
41212,0.9709713720159101,-1.3717272601981993,1.5373783083364947,1.0105476895784486
54292,-2.15779667833697,-0.7087777614810217,-0.6226983495752964,0.18928821883898866
62612,0.9821576009045971,0.7013070270504996,-0.0905472947673943,0.7635064069388453
28932,2.3746158826921184,-1.0600249166966706,-0.031158564359337452,0.46601347124490333
6132,-1.038978877594693,0.301644460272846,-0.8430689700574334,0.5722963822457777
48652,-1.3703019185510363,-0.20343628993901655,-0.4479128779398356,0.43663413674449864
22572,1.176040421980552,-0.48156086530574904,0.5606830537538002,1.9317535100964582
15932,0.9326279001956029,0.5611818574984256,1.051071435983268,0.1617570955284715
26892,0.961973027183961,-0.2433617557624731,-0.015134789769226279,-0.7786184224374514
47132,0.7342006130575447,-0.3532695005109603,-0.011510635015030971,0.870635613479745
6692,1.4513941326317865,1.439875504920584,0.6321105370900643,-0.6600521350731525
10852,0.8125565153427332,0.15027904867118277,0.6751412355023327,0.36150197126002315
14612,-1.4552877113625404,-0.508586328854223,0.480711762955613,-0.3254361957106193
1652,-0.0021522077341372893,-0.023862064984753455,0.2209729714935482,0.00042821123581878286
67972,-1.0879590623713762,-0.264675545554135,-1.8514231062535182,0.6524268273338659
12572,-0.011784021271415736,-1.2429213561624322,0.6875248386250192,-0.04541657690930702
35812,0.3547171922720128,0.22752283624311337,-0.6426133083964096,-0.6139440759947843
7852,1.579170573369572,0.07973869388362476,-1.4482355133556157,1.0676353256275608
41252,0.31904021723775033,-1.193947910883167,-0.1037351355370361,0.41088554460463833
16172,0.42666423508828055,0.5831925127146512,-0.9250460811775812,1.8898858079086862
31452,1.1561867675183695,-0.02606376725916358,0.08107969351205133,-1.8079187202907736
59692,1.5531222942360081,1.405723766585859,-0.36247163156984474,0.23259464824668372
28652,0.3600042318967567,-0.22153320499774598,0.04652818585882198,-0.2948393036276585
65892,-1.360864215696634,0.4757105078507207,1.1904657020749367,-0.9511145667582473
32812,0.35658835812064826,0.651888633925261,-0.18958165075323918,1.8001341370807236
61132,-0.11475122953224155,-0.4957544070827964,0.4750736184795062,-0.6046490901919188
41132,-0.5251097200169217,-0.4344912049027874,-0.4664128445399685,-2.093514537952443
16692,-0.18224137805889626,-0.4296938439730564,2.9469560741026064,0.5912956739596648
4852,0.5623161652703524,0.39044012499765673,0.9304064333281626,-0.36247800493226456
5212,-0.13099251978285084,0.14908183797719432,2.040800429269418,-1.2485957328012602
52,-1.148289519006841,-0.17364214018372381,0.2143589960447623,1.429533771409894
57772,1.0110302480324926,-0.27928173866842293,-0.8641824155303491,0.04409745430300072
24892,0.5186174658378354,-0.6885665707870056,0.2876917334581705,0.6527209304106121
61932,-0.8841688745358807,0.6149200218924162,0.503018840418569,-1.5574730875033704
29812,1.6988764834934147,-1.0292547864622168,0.45485627017429503,0.48707422186743865
74412,-0.49378809828211745,-0.7751237683369488,1.3305414816401508,0.8785966653938049
33092,-0.6911482964400733,-1.9165554561137272,0.6755704818705238,1.6108477778469905
22892,0.42029022035668123,0.4467956654574578,0.637842473781606,0.10261641540568885
46092,1.5304861283655105,0.7793565941317133,-0.682598517360106,1.2658644763012292
55692,-0.401640571486089,0.033010023963006375,0.8818254095636563,0.0636152622144721
10572,0.8493939399400917,0.7958043522159861,-0.23588302815672837,0.5618097674023558
54772,-0.4258685115380717,0.23554476412136383,-0.7192008904350359,-0.6209731483261064
18492,-0.3653429533141779,0.25106360777763104,-0.2400510790869833,-0.9796523207418362
22652,0.31671237020962956,0.33120315276239515,1.3708478859771356,0.05314273852836651
26812,2.022030452735736,-1.7367686188550315,-0.36311966068675056,0.9826835996976993
18772,-0.4510771272319363,1.6793108064601023,-0.6505854589072473,3.4155105187453207
30972,0.1641547443445278,0.9238549165949388,0.709864316206235,0.21840678994192841
35132,1.66267423812783,0.007619430455250696,0.486564908147327,1.8174388155954424
19172,-0.048252654376279035,-0.4352031549438894,-0.053372338640111955,-0.35850299138950137
26972,0.4189524807011099,-0.4080544656683637,-0.7857667203956911,0.6269759069224434
7172,-0.11066127040483621,0.5923539074638281,0.4945467980098131,-0.524952017442177
60092,0.35981119005191103,-0.21653694311773772,1.9999989703691206,-0.21356026430969888
24932,0.5522288854766162,-1.3128104220162686,-0.5926315567972678,1.7497662151445774
64252,0.6685672826349345,-0.5714260717179072,-1.5796070057211942,0.5720748683695931
59332,0.6267112098935076,1.1353544289915838,-0.06754915979265524,0.5997808218189915
36132,-0.07747766047971287,-0.2310293062762022,0.9363980767868452,-0.2027970317502506
27972,0.4073227516288609,-0.8736946729865258,1.3071799821056789,-0.7240644965935488
49212,-0.7986250274664227,1.011887385387406,-1.4993013556545647,1.1229958052683606
74092,-0.20130078155380288,-0.6155939490502444,0.7894942078627877,-0.9475915040357358
53732,-0.26597922343181407,2.413620966452387,-2.338018886209567,-0.3172911174379774
4172,-0.31029060115870155,-0.14328569248949638,0.6830128668963064,-0.20953213637517581
372,-0.2482376072244134,-1.1729730740266182,0.7909343727356283,0.8208918779725122
40292,0.9673989467861117,1.071245395449634,2.895104594498877,1.575040151696127
57092,1.0079518471869158,-0.9144791625502569,0.1475753524850905,-0.11589507488091481
63892,0.3043978522136357,-1.8100424669111164,0.8584470981046597,0.13609123097241882
18812,-2.354684748660078,-1.0763793352350346,0.17709890049052543,-0.37482322854625943
73732,-1.3474140371983054,-0.7501915998997369,-0.014481400428095035,2.2504717304767214
41612,0.7712789950483512,2.0257336330519746,-0.7479532428442605,0.13665998636409274
47492,-1.1774326381057962,-0.07387721491802217,-0.8388557667902548,0.8828422671831218
9492,0.6671519466236576,0.7243216595369345,0.4723947551099043,0.5228498513851626
13652,0.7505833169036134,0.05400469062579753,-1.5618214295881339,1.6771694588804433
68332,0.2295290497655044,0.19776430100848832,-0.3541954331622894,-0.7103795644833584
6972,-0.018382065525904993,0.2833560884925018,-0.01394750167647257,-0.18123369393324437
14732,0.007835694848358887,-1.5279501739491326,-0.1333192766300435,-1.3322233121866442
66572,2.0489716710812083,0.007102712666361756,-0.30097800083987014,0.7011884325563553
30292,-0.12911840707181416,-2.1642560934110056,0.19443923235475374,-0.6591008786372194
34452,-0.4257947397168607,0.39187891535522595,-0.05843634500489968,-0.5667583283282106
22932,0.3224854651707863,-1.3998661219780664,0.5432948044471233,0.799396601818672
42772,-1.2819183412300756,-0.13648682849619043,-2.4040435613770925,0.43119281997441944
46932,-0.6117767873729364,-0.26873723715827824,-0.1959132236822192,0.9177361280611017
6212,0.7022243973766777,-0.671004516061243,-0.3970143190006558,1.0182125825195476
51092,0.3506825778352031,0.9688369017304435,0.5150751910047101,-0.17060764039461335
20892,-0.7092422437346523,-0.8644235438524545,0.9772387771885257,-0.3872810571397185
75972,-0.7614418730386593,-0.5438441979390982,-1.6141227834546434,-0.7452653323875137
63572,1.3427201077436428,-0.09839261907462357,-0.39577606285468697,-1.5375956351377722
71212,-0.5635830016159609,-0.690327810084609,1.8721095299047106,2.270421390114942
66452,-0.016434433919585465,-0.4974367576276278,0.5807315308407418,-0.5123500431028865
59812,0.7089088711214943,0.6670118278063454,0.9090960822364571,0.6534326218002546
15292,-0.10195117289107748,-1.47428832657952,1.7297540517846903,0.515064717411685
41372,0.09438747937388142,-1.1806300215809327,-0.8785380035449745,0.2038544905775373
43932,-0.3712275071875067,-0.7218415623861164,-1.8501459285626525,0.4671160527986408
16812,-0.0894470504547898,2.1665265053783203,-1.0932547377903166,-0.27012969086809746
52252,-0.2334608336138516,1.5218912116692767,1.4388854538789502,-0.602673919349717
28972,1.0929310318273253,0.30505016272534213,0.2422708221634357,-0.17400053104072682
15972,-0.22075329672274602,-0.8362682879870327,0.04449825070943485,0.05108295074458263
14772,-0.17734982700702806,-0.9245205866051849,-1.3483135568221456,-0.29464564804222254
28452,0.5474575978460324,0.9226188096204322,-0.27413211110325997,0.4465966231013706
25332,-0.2595422427436367,-1.5107797273493901,0.016448754638056465,0.6767082609835928
36772,-0.7176861366764098,-1.284603467356833,-2.5783388269272254,0.07942761584674346
2492,0.2835420918973524,-0.5013862098790272,-0.02876971208078467,0.6567371594534501
40932,1.0047761554988885,-1.2626564618201184,0.5353933569885418,-0.09842716082089344
33132,-0.10358403018948588,-0.5357922027789379,-1.0869752078073627,0.9418337529084264
53412,1.4110111401861787,-1.3088702035188504,-1.1458912401348942,-0.2748300206790333
72132,0.03288248604937574,-0.42096533131186226,-1.290223474692094,0.08304983851831814
8132,0.8133629747133055,-1.2297174232200916,-0.5311847326694663,2.176887119701398
61732,-0.20855543301991392,-0.7217131110515297,0.00013790033489913936,-0.9034448304396565
14412,0.9257758417241461,-0.8527634550942406,-0.6197519939495414,1.3353261557119995
70052,-1.283433005987316,-0.884799666373492,1.099636298174388,-1.2956783946332884
8652,0.720823611756233,1.2085481621838823,0.5521555490417969,0.16047083706580137
8012,0.7992903237084766,0.5214870732999167,-1.066569504214023,-0.6377638823827603
46252,-0.26737255774556684,0.010533826565116401,0.19197370386362647,-0.8238826011210598
37332,1.878337863766885,0.48808271278444726,-0.7087874891599907,0.7537734921560623
9972,0.23814995934895317,1.498791487100617,-0.5331103385216529,-0.023098116943946718
58732,0.002874365005783179,0.18839555498793,-1.309766891887568,0.6591275026387922
25052,0.14210919541952333,-0.035558098924891535,0.24945803306688852,0.61531385793448
30772,0.08553994333650138,0.9008130820567698,-0.8872459233849109,-1.233185568555761
75372,0.03388816602071913,-1.3532378012826634,1.1203821242918663,1.1136034394776997
2532,0.39154269631063837,1.5737697113233262,0.6770562647679368,-0.04422265576616488
2812,-0.42314583316993243,-0.5218532834022969,0.5820831962187882,-0.16270921613238665
47412,0.9561130876034584,1.4245086684854698,-0.43462929308866,0.11810507244873023
7932,-0.5800086018468503,0.9664171026789565,-0.019533043617874644,-0.9756337672580798
40852,0.9237591706125597,0.410875531841492,-1.2422199795771045,-1.2544254585485988
55732,0.019803259717315773,-0.6311746114683999,-0.056034829885935174,-0.4246622349802856
72172,-1.0855602380411589,0.4375509339946937,-1.3073389065056118,-1.092639536049054
59892,-1.938951605388948,0.3487825797528815,1.8548942012826142,1.4033526852895197
64052,-0.01285547163861623,0.42023615233936173,-0.6368349196881723,0.8035270254130072
72372,-0.1489091490831506,-0.8431346076187439,1.1348038821678494,-1.0290413955628364
49652,0.3889565421743371,0.7854404404422557,0.630520436665803,2.689577231280568
26572,1.1662303700713574,-1.3974577099624113,0.8808911827501102,1.3058547651916736
40252,-0.44309182557825816,1.8748667221315642,0.1288073303492574,0.11717791967868628
45012,0.1388673864688361,-0.09768057537164732,-0.783952950921407,0.9323620798234844
73812,-0.06404345833819274,0.5979012153268565,-0.20400381385253083,0.30859136573465423
48572,-1.2659320579230189,-0.04494334455890229,0.40918790669720273,-2.1659253795923417
16892,0.9949521262840235,1.3258725977461614,1.035252060992092,-0.3302844591142891
52732,1.351175418937401,-0.4198069703750042,-0.1350423539796494,-0.42609626556126834
56892,-0.32221398073822854,-0.6839427936777227,-1.282566678736487,-0.1862766011921519
61052,-0.3706598239942312,0.5220580582058761,1.2849329646281917,-1.427920833447113
65212,1.4620338646427848,0.328157114140913,-0.48200170042510576,-0.6607740356807354
66052,0.26206122764979956,1.0216138058688513,0.21619930250788696,-1.2556778938705873
69372,-1.5463058980312123,-0.8914161921012602,-0.12154597702501782,-0.6206213295972629
25972,-2.5056993359865505,1.3736733139430137,-1.420589238126938,-0.8445882928521616
68012,-0.7283758657561338,-0.5523401880834262,0.7269328706832341,-0.6761490168327842
2572,-0.9228536506849693,-0.5802782314823915,0.8854017710037537,-1.3035447049416649
9292,0.036407071311174134,-0.5779614898944088,-0.7385613116973642,0.9426929589870481
72212,-1.0591794484256678,-0.3577714972822228,0.1586161204213663,-1.4260403794972079
62212,0.34159607222331423,0.6359837104104407,-0.4371906092333561,-0.27547594227554933
66372,0.95041326522823,0.7490160252054442,0.09653825517204963,-0.0326700592946573
67332,-0.8177392336952688,1.2355808132790405,0.7799156371655741,2.0752478296346366
8732,-0.14585260118123397,0.26925724038364873,-1.5461118723669194,-0.1313429020145364
39132,-0.1976067810329468,0.7116261300103022,0.011192751651035936,-0.3525134262049745
2132,-0.5061084418070326,1.2499071235180224,0.6269129661945514,-0.5933478959083469
68132,1.7822698076095493,-0.39906464653351653,0.9533629199035575,0.7636556241373511
59212,-0.3395852751036685,-0.20378326458377563,1.6355600498991079,-0.4103593059292533
56412,-0.43839235904516993,-0.4171171277574425,-0.5918986285780378,-0.3729837926267163
63372,0.3549812728430111,2.0576544124994123,0.29121943399714023,-0.19152762544193655
76332,-0.9945718457640882,0.4116005929457825,0.31982774567260336,1.7388387783288088
31252,0.4501258684479892,-0.8666014257521267,-0.7709684301189079,1.3374709099115079
35412,0.4270043183841579,-0.3485238145080486,0.2936687876102939,-0.7496887014363515
53812,-0.5948898790714187,-1.0649189827509438,1.4813294692992014,-1.3030624467549
7452,0.42952852565437977,-2.01279083700845,0.31336908499830407,0.2191788712542641
65972,0.4677915162291617,-0.22951993077058302,-0.4235849362503019,-0.3188940437600588
15772,-0.9897340069949048,0.17820717485914483,-0.6709221510176505,-1.0779390537188407
62012,-0.17760353427130762,-0.2674156908851091,-0.36436773798028793,-0.5144615734907264
19412,0.0739623108645946,1.1527457116164417,-0.000575292558000495,0.42521134293148827
68692,-0.19192296412812238,-0.9560065211989026,-0.6305206005016846,0.15825386112079454
37852,0.9820923812585819,-0.08774208980205249,0.40413875231686913,-0.43105332409878766
39492,-0.818956428857002,0.25331244505096867,1.3011709590695124,1.889080474051349
292,0.07716509657717982,1.1581422985923493,-0.13238404042553856,0.06918327570250493
44052,1.8964452668888354,-0.9923332867131982,0.31938219575104865,-0.4766564165372279
4452,0.7994448489903315,0.8503379793807463,0.12510847519680884,-0.9712838508656207
49052,0.676348441876766,1.4086187691987666,0.6291244780006545,1.467024038125729
47692,-0.19771031118865479,-0.34291284316537546,-0.1917367436290693,-0.030279864979631893
50172,-1.6398139320332867,1.1604541583341073,0.7145781782208366,-1.7177324189676009
61532,1.2825733677968678,0.8160585602991484,1.2949051892421248,-0.14434045314264218
31612,-1.1617938353165782,0.025324826186024274,0.7910535683349951,-0.3249049651103631
25252,0.5944572387947854,0.7462209342062649,-0.38276033481559124,-0.04375575047505875
4692,1.5266168026326692,-0.6354355495759916,1.4500423866915806,-0.8395139858175207
74012,-0.4027864124720382,1.6742036964966305,-0.07661365268235161,0.5715384589360382
49252,-0.6731516451479043,-0.5857883897436311,-0.33652884694524704,-0.3467777445549004
41892,0.29350570325625447,-1.1845425325702055,-0.03256418825472794,-0.8117306549904155
23132,-0.31674212250933764,-0.8726782821674168,0.4705414532443063,0.17488776119680247
46052,0.6622943246072241,0.06816295496949912,-1.517838559066369,-0.6095379484768261
7052,-0.5902468100709046,-1.4755154627034037,0.5846272187168423,-1.4520601663445307
9772,-0.15392799377769034,-0.07862221257154384,2.1212076970420157,0.057600288856479054
72292,0.6533099191183932,-0.12389597470069895,0.19187376242143875,-0.3940920097697113
41412,-0.5657453449941919,-0.6294879338256347,-1.9448299997803102,-1.954458793017693
53692,-0.6740325264490963,0.9331508552051023,0.8511974607626294,2.3164187843834765
73532,-1.4828791125695338,-0.28327958517084517,0.51327697595123,1.5532846092769543
49772,-0.18523663942734586,0.23409472525264508,-1.234381301881842,1.0647884743945923
6772,0.1567945321199754,0.7848000304124423,-0.1905180534858663,1.825717202166574
36052,1.03613515750402,-1.254798029911018,-0.7590728364711079,0.7246460921576962
68372,-0.20850309362489755,-1.7119440800677164,-2.149738722538941,-0.22793607432242635
15612,0.10342235563282329,-0.22948216567169755,-0.02720810649801706,-0.47711037050733335
27572,-1.2466671823776647,-1.0547403465117318,-0.7601236144397948,-0.21866053462097232
55932,0.7632138199197847,-2.0354352989167803,-0.37530928438283134,0.19220741109410874
61412,-0.09674661407282847,0.4372158451251658,1.0458383682631727,-0.6130362391393104
44212,1.3282772284746522,0.4876147842647338,0.593742064308867,-0.2502735582420033
53892,0.5891460639878613,-0.4309527330214893,-1.6491600749131172,0.6646445380538372
12092,-1.201506538105758,0.07519858092266893,0.023664274018346334,0.4169904428746393
57452,0.5566499331445718,1.695725213516304,0.7277941993867566,0.8757220419452848
60852,-0.15998844097917014,0.3922422608033748,-1.7749585725155415,1.5654700552986112
31372,0.6464782998608553,-0.17308486670415899,-2.7174907068672165,0.2061058053363395
28732,-0.6388011951067208,0.6007069365641908,0.31009486338617026,-1.8814738244688465
49132,-1.0445652310190785,-1.4831913342038319,1.9524372192248078,-1.1753837838301935
60052,0.22044099499402456,1.102831950984709,0.65935869922666,0.6265975616661977
25812,0.7799572687779126,-0.1437459348425131,-0.9100080180373826,1.3237057299676778
772,0.11503701436885569,0.5633560327109975,0.25471742758071675,0.3864559544299748
51652,-0.9179374434149786,-0.36092780242049766,-0.5569902458796533,-0.655719568123731
47772,1.0681097482011412,-0.6152119802314694,0.8914067949082135,0.8059769394101812
76492,0.5446771416540808,-0.9718545540530802,-0.3713667426636208,-2.1190879914681093
25732,0.11077372988939758,-0.15412403783513093,1.0271716905335289,-0.07750901291359259
15012,0.7956446686129914,0.7817114503230973,0.6905902428330613,0.8696792037967896
25372,1.4633284820398667,1.3969450531630843,0.3982492456498937,-0.2108518745642222
12972,0.11942793980756537,-1.5251965128111773,0.01540889901219113,1.2240046775645406
60332,0.025451944232903374,-1.0264016205074054,-0.5293080990165443,1.00141857765477
10252,2.191374744313177,-0.14088733614237678,0.3343432698546111,-0.7483229104610711
54852,-0.37759039075339534,0.39462110072028633,0.2849189379180887,-0.637952092225709
59012,-2.1067170679143565,0.5966179736103098,1.0065710137100046,-0.02098695497162225
692,-0.5403452003335538,0.20197584632716442,2.0912618841186967,-0.1870199381740185
31052,-0.43493698573942574,0.9535253026735523,1.2231383631197663,1.4024943117697126
55412,0.024200056826611912,-0.048182469904889086,0.13946903193290278,0.38793891139807396
75652,-1.689772751898155,0.23628439114131847,-1.0189391540381092,0.45229647987223026
49852,2.3469442545902743,0.41707895711339427,1.39358325794714,0.3724195367736266
56852,2.238100420687551,-0.2800714198025085,-0.8733089322725027,1.2175538007211502
7252,-0.02608268196130179,-0.02130390359524902,-0.5251511764246476,-1.8217811859495465
47812,-0.548203753722712,-0.824618697349931,1.3319377226816767,0.05078269465562972
64332,2.1983523780225354,1.0049001780548907,0.48300806832837323,-0.9313972718650094
18892,-2.0781083916717344,-0.5404901639930916,-0.7109125160207203,-0.5730788342551467
15052,-0.8312460345774887,-0.45416898245833076,0.35907928115173404,1.4140026738510527
1892,-0.710771730086555,-0.6237879679534577,-0.44609066748467036,-0.9105610542284809
76812,2.164519580775747,0.03505695882785535,0.4935832259072521,0.06379227442935127
44692,-0.07629590905770012,0.6679981603589111,0.7756481794199691,-1.2683415598403416
2772,0.9261209497270111,-0.7574288085967258,-0.46627219157005373,0.5441773192591659
74692,-1.0515985839189343,-0.6589141389037406,-0.03082633073545264,-0.23471559080496487
16732,-0.05053856504787126,-0.8749300593819952,-2.254297956570013,0.5191184087434418
54052,0.17251985274809853,-0.8027819355428606,0.48139255737730474,0.32355765690306054
41972,-0.2767928758888742,-0.18502887325481274,1.3702722217191894,0.4791013868776101
21212,-0.6768418630043882,-0.2600009445902289,1.4734116396978056,-1.1182645818087056
69652,1.7039599949398827,0.756798659949833,-0.32059070904519266,-0.7549748220528398
71172,0.924839367937356,0.199091972036697,1.563759347829246,-1.6393069501577395
37532,-1.4312737960933497,-1.5643836835490483,-0.06661903794704756,0.0361989359136282
39652,-0.36316983756557497,-1.457914429507476,-0.27997424089258044,0.34242037069751174
5412,0.40140689176207056,-0.682053613229755,-0.4030346258420769,1.2729409340500324
32892,-0.5906582143514557,0.2819074549923641,0.5198068792103345,-1.4101103631526635
61772,0.10893645200961881,-1.0336195144672833,-0.7026842378579509,0.2915286117775725
6892,-0.1509010434735627,-0.8902775435277922,-0.03350605850291398,2.105785489107352
62492,1.6266640435797872,1.7791359118728474,-0.7275583083297673,1.753008104007321
22052,1.9102192033407315,-0.960918753646967,-1.1522928674236312,-0.019460681037692537
70812,2.0955853180245922,0.3656040710613556,1.500984570132345,-1.829992527846408
30372,-0.5125580874435783,0.6392063734191296,-0.9131657455619486,-0.03920323849432194
15092,0.39151394685216856,-0.4409728068988029,-1.1019177584443594,1.0101032818415185
73492,-1.1991264835126836,0.6554451274738892,1.2364025027929024,-0.4877534351691096
64692,-0.09961172163189731,1.0502702140737918,0.9465272524266496,-0.18922970484322996
47572,-0.13490608099413967,0.37287901165911813,1.0722702250425098,-0.9924212566655465
6572,0.5297505493676221,-0.4628439969291692,-0.8301700063199261,0.796442717350129
74492,0.6789961906944602,1.2357987154068528,-0.9248984930020043,-0.18548743194754627
14892,-0.30210887519014235,0.5708136336593841,0.1988800996916886,1.077260836646203
59492,0.4460696777852337,0.43983336972958903,1.5055443016626109,-0.303300266820585
63652,0.3654811604855152,-1.5256554280902868,-0.9339567707968897,0.11129361188153947
51972,0.7793380091409027,0.09480932605479869,-0.509223115310661,-1.3778634109578916
67812,-1.0886975316797551,-1.5633252119654943,1.703587580166197,-0.4429029187717553
76132,0.41912909387320674,-0.8683377632266088,0.27821100023321454,0.2503496433307963
39692,-1.0194129831792405,-0.2559669739142101,0.8702373835399158,-0.5809081989288613
3572,-0.8022594676864878,0.00808614269854336,0.5242888868078677,3.4420526215435214
48172,0.13999550512406186,-1.4784243405536535,-0.34668429341047,0.8755232826118473
47892,1.206717726593352,0.14420608602791954,1.193448490716231,-1.4624474410907808
30652,0.9037459476438263,-0.8155434243444555,0.4134743635038262,1.3746757151239055
64812,0.46715582122622445,0.15625506141599993,1.140298839660514,0.0820564546700603
68972,0.8935911769246843,1.0432799221098985,-0.5328398874319255,-0.8040121333349111
45852,0.8102664302816799,1.378983115633677,-0.9044668963025719,0.562782570707154
36852,-0.9673904056237765,0.12390935863862816,1.1491891573076443,1.0422389988512852
67532,1.4618051771407816,-0.8408861119652095,-0.33117728804874386,-0.2867493605667744
572,-0.12925352864297132,-0.05519928983230907,0.037175988020112266,0.39708395018158
49332,-0.1644589912516568,0.41393398747288374,-1.4560317712747646,-0.1047530788903414
2852,0.2621045212691331,-0.15155945146846614,1.133217386906554,-0.05909493473555286
4572,0.29557227865589203,-1.3581073902032241,0.6770474524655021,0.22854229547967242
6852,-1.7216917882689564,0.9087205733774787,-0.8253799928550954,-1.0668072471162091
21292,0.7678729078053502,0.30948112622513496,0.6856379312314748,-0.36053881794571657
70132,0.7714822570121748,1.0013920364106856,0.25873494906461497,-0.2338975752127191
74292,1.0589245822932103,-0.03921390093397668,-1.5519821006272059,-1.1201457591550947
70452,-0.37116549551814904,0.765950737682502,1.0474632374463377,-0.09836435763097927
46332,1.3293328498537078,0.678615836258437,1.1473152070784791,-0.5797229617105053
19252,-0.5084215726966655,-2.3964909271608095,-0.5584683266279837,-0.9406979839580687
58812,0.03422057544144948,-1.068168274533531,-0.6401360867698179,0.9710680211554356
17212,-1.7892652899214276,-0.8941414865542782,0.5629001263657143,1.4045483454741572
10132,-0.25584275795417555,0.6973681109754725,-0.4393279818381017,0.561470422724509
1492,-0.04479908412730302,-0.6770922447300842,-0.26012744016023504,1.290088650983959
67132,0.1515149699313335,-0.31535427304010377,-0.30104790918605767,-0.15670332826868477
26692,0.14813877602190567,0.3732169583730192,-0.6158559098558345,-0.6241734006208834
15572,-1.1285579608486314,-0.49847445746922303,1.4090221726735344,0.14648732224340014
30852,0.9138297961525464,-0.4021551434113111,0.1140919374319537,0.7212002431368534
4932,-0.6353630677463035,1.8947356926601286,-0.3852873548179538,0.2910938858450248
45252,-0.56051090154546,0.5191278425733079,0.4438086320725405,-1.3469273529382553
18572,-1.5075216801391222,-0.7691181961775712,-0.14601500894857522,0.589152298574923
23932,0.8589453662085014,0.11555942241457212,-0.8085201252910543,0.8187956986337173
23372,1.6878351810811931,1.4015965267684871,-0.7218555203359,-0.5566337498209666
15372,-1.2643141510930112,-0.1388186614753772,0.27305805816855383,-0.10477941983215737
59972,-2.03585604941993,2.02734852598951,1.5401498951537207,-0.366287485393637
62292,-0.13449211888785537,-1.6608315644312739,1.9636684700880467,1.0568174677769184
65732,0.37608645026224924,1.4958172311833327,0.2719283633129374,0.4279077665930354
72452,-0.48293867540893964,0.1228636581973718,-0.4783065372571478,0.5371238851642612
76612,-0.025277554538502823,1.2347499382634455,-0.9648558743380936,-0.30176568230540135
43492,-0.49447313394994197,0.8067807630726119,-0.04474160873178316,1.549970679582117
40332,-0.8286902310367104,0.6342387297577563,1.133191352617546,-1.7200556900492168
50012,0.0905077278654915,0.056429218509358905,-2.503632950039254,1.0051567539854909
8212,0.0035346962948848175,-0.009932096464155502,-0.07002567228724851,0.4204428155770629
12372,0.2244425978846074,-0.3165727709574042,-1.567042740898955,0.34146539116253455
56972,-1.3696332655992183,1.5350864421834314,-0.9072946428998413,0.41882225758709773
7012,-0.865358343637484,3.001226878498821,0.5355964379667935,0.8749504285589824
24852,0.11441902899431794,1.3117680456572556,-1.9466672759909374,0.21883370316476208
13972,-0.7067549028570195,-0.5648029323551027,-1.304812445349191,0.2876056051813018
1852,-2.020135921829101,0.21518532951043812,-0.7640560487150558,0.07025394285716839
73612,1.4807348195530445,0.6371086586192709,-0.23782254057897567,1.3845548226480617
76652,-0.3084952725245337,-0.12658779578113635,0.13792227223189857,-0.03176652713300889
1052,-0.040726707042943205,0.35511879733505275,0.7746099201240737,-0.8169275276954984
45652,-0.4962264449878188,-0.18942938038328494,1.6753766472444798,-1.693327436890786
49812,2.3365262944811063,0.3834146031555818,-2.312246050189368,0.7665305903712861
64372,-1.11597738976843,-1.0506588384424376,0.7532028478083301,0.1903336255833042
17692,0.67503004913597,0.2598264228722023,-1.2416851685577386,-0.9818213480909526
36572,1.8829894222684151,-0.37029001733837624,-0.5389564452061464,-0.15821583326514416
67732,1.544884572031248,-0.6428906834789365,-0.9769888584345205,0.11210090217868927
26012,1.5618402616020384,-0.04251599020084203,-1.0014100091959812,-0.5966916945802997
62332,-0.3061032854803499,-0.566202988699658,1.1973994739233738,-0.23723707822817608
42652,-1.4924380256737948,-2.75360013882484,-2.0041551524241132,0.4098743826689995
46772,-2.103762681426548,-0.6785947737507315,-1.6442342468335778,-0.490502356943345
9092,0.6784030626965066,-0.5223425211907442,-1.630137987434915,-0.09099599387780262
50972,-1.9115535692627046,0.6515070041977274,-0.06796827390009996,-2.266621934402824
10532,-1.3111268334882662,-1.101915403192778,1.336596708132009,-1.4479076863058529
55132,-0.20105747039341074,0.6999267421575499,-1.6603799862812116,-0.4239757493412679
67052,-0.2933277604613871,-1.1164391375325606,1.0253020975573457,-0.3105804569174879
18852,1.5439107085083361,-0.020873285876911837,-1.3965104875208976,0.9037496985873966
68492,-0.20451745510490715,-0.8437028973854714,-1.1524700035835986,-0.6003952497148274
23012,-0.9982478560980383,0.352193028393477,0.6738416491188494,0.07203894857046132
27172,1.0179643033819303,-0.11740243375896124,0.4041188072260217,-0.16124117891388132
71772,-1.1430943846788681,-1.5402269096013814,0.26849855134757955,-0.15118767846692904
56212,-0.7151596284920071,-0.7598379574984824,0.7566698854796332,-0.14681841178018498
43812,1.165958958277267,-0.21004265363440222,1.6930154706240506,-0.12118162805047038
10052,0.1513038740802391,0.7032115288845102,0.09277954302483729,0.9733932070551217
52132,0.48288594898529336,1.082279667594357,-0.15124743480182132,0.37731670758131686
33692,-0.8150187995372885,-2.4626805131194716,-0.90750206029359,0.8894184571508523
12172,1.2244122375731465,-0.19799270361186772,0.945480444376546,0.3194584046414576
24172,-0.2717236516095978,-0.2565008760820847,0.09513769720238982,-0.42122308701542843
11172,0.03426021966242456,-0.21730371467600626,-0.012324760884291677,0.2946951945559527
75932,0.34916771879330355,-0.673060221595997,-0.2066192225813249,0.48474678322588666
4532,0.13023232760210032,-0.8338210362581715,0.4794717069190986,0.5490737425078989
19372,-0.3255409334867752,-0.7669087506298014,0.07933503565844506,-2.439991190741503
8692,0.7095394304528739,1.1437148808006803,0.9160831768637818,1.015360682469604
42692,0.546751847251503,-1.2796526575842526,1.6607342416519812,1.0664546211597403
12852,-1.499151449412158,-1.22991149268066,-2.652843622704544,-0.7721126634527892
53212,-0.8829494151876764,-0.9088467130992283,1.1154777859490916,1.2364214386596413
17012,-0.08175513413914061,1.0608499708699366,0.7447486454277725,-1.5616691893778072
61612,-0.3148610449031143,-0.5779448730364939,0.5717192679315555,1.8346634156325476
48052,0.5966731375885207,-0.7186034783217216,0.8246822637517022,1.1653658019622373
65772,-0.726583327898525,-1.0173401558914554,1.5539259203146605,-0.3473554144887111
29492,0.83229559011337,0.99547798405935,-2.0371030215485417,-1.3654989724291833
44532,-0.5808148835413791,-0.37072678226689687,0.06398572664367763,-0.31184844196924866
66892,-0.5848066569741998,-0.4117465140095983,-0.7462943400188408,0.47954750330224793
37812,0.22104137056558593,-1.4490844663368887,-0.498354594744081,-1.2668022772906007
66492,0.5715672398025476,-2.1155895933103785,-0.8989279322905518,0.5691654754536328
1532,-1.3435018404737769,-0.7004343526257092,0.6971120940999392,-0.6535026329252815
34172,-0.6919773239614924,1.083726480247017,-0.0844914208786659,0.48045271596506267
54452,-0.08324918788124905,0.06474462870446449,0.40477476634199905,-0.2753949409312491
33732,-1.5996924827530483,0.3491868354904138,-1.6013869565867895,0.8684649701518686
22332,-0.11205173124763658,-0.7804401166799154,1.4960910808041346,-0.624244736659497
71052,-1.8489615922749445,-0.6971370970999264,-0.31077454543563693,-0.09308262168742146
69452,1.508667425839818,-0.19534851219726607,-0.43644494916279786,-0.07332585968349911
71092,-1.8980428117573345,-0.26887012150046924,0.4755816687445495,0.07126826104693629
11212,0.9310465687651617,0.20856475202224437,1.238395682077759,0.4391192502116486
34812,0.540558865466405,-0.07944957952873133,0.1314903839516391,-1.04016942268687
38972,-0.9690773629177812,-0.4136683434675194,-0.17957717585157174,-2.0988602739966393
43132,-0.5651106445099425,0.9647009233472265,0.09752762860766367,-0.5422803173862824
2692,-0.31998867373983414,1.1009212637158745,0.3981199958154265,-1.6446389188645794
47292,-1.4813448219445189,0.30312309891536504,-0.007475185598872905,-0.1896955544773925
29652,-0.43242182956462866,-0.20759166568925036,-0.3141979566596187,2.2039865362389386
64732,0.46523892642868125,-0.6066124932534125,-0.6095221307521413,-0.34999362544834556
55612,-0.3717682816429753,-0.7871553361408492,1.2701536583111397,-0.7440294714869462
15172,1.925913389716816,0.8794202340952203,0.02424379949820135,0.47718366381047866
59772,0.10208670563303257,0.6746162645864553,-0.9092572359281988,-1.49459188740763
19292,-0.923013852039428,-0.4055929012266856,-0.7702297155001124,-1.4062591412046292
23492,-0.7915490081235537,2.016386614593961,-0.8840321964654556,1.9195006233127674
68092,-0.439303825335667,0.6263591269637351,-0.9598456399318105,2.547813058107916
31812,2.279259762879378,-0.8905588203642013,0.789773456258254,-0.5615990791006031
76412,-0.8495837648687244,-0.03735870703043084,-1.2804651839447994,-1.7157927869859688
37732,0.5571047890757476,-0.016054655615914157,-0.511830097050683,0.32195309489971907
56292,-0.1708254538869358,-2.4510456882251233,-0.7485662530900679,-0.6801621095821206
1772,0.09945404132828292,-1.4246961629596913,0.16257639708493768,-0.21640784394109613
48452,-0.030539830150665553,-0.10389685433642352,-0.9986283711600323,-1.132566790413097
57852,0.28232042298206156,-1.6456640411575743,1.7782167056762241,0.9732807954961984
52612,-2.059025355665959,2.0321935946712277,-0.957161083798532,-0.4216930089268003
33772,-0.6648643395062234,-0.14781635610260013,0.5081371150312577,-1.4312668348973074
20492,-0.04891210587252024,0.10638559980807741,-0.2842407282097278,0.7070696490731913
24652,1.9460495218733838,-1.7683094595837496,-0.7569131258608491,0.3250115329680244
69252,0.7058792859090696,1.0361786712898913,-0.21098406398416078,0.5048891688457567
32972,-0.2952979970305901,0.9077009265375804,-1.3683700002759263,0.2602713709144635
4292,-3.7130633988796364,0.5755442009513928,-0.9279197150723609,0.7780112001803179
36692,-0.08310206947252273,-0.08918515217810898,-0.6073411818803717,1.182377674939222
57692,1.680825746757273,-2.3343914284077436,-0.8115321437914417,0.035265396768347335
9172,0.08257342082733322,-0.5185009729798057,-0.9417906709573504,0.126033721613885
13332,1.131475426371897,1.4067271815210523,0.6882370086794837,0.058346306723048774
17492,-0.0029244683158442253,0.5428910769559286,-0.12642390207547685,-0.23925132322485446
62092,-0.7118372600401857,1.0500946229438481,1.0711221792838714,1.039938161376185
17412,-1.0815776539449518,-0.5025272706882188,-0.6706289004815736,0.5102963379156208
70412,-1.0272539746716642,1.3090581807016373,-0.11104992844018909,-0.020015357226413743
74572,0.4017707784460638,0.12018627682466329,-0.2521976720206558,1.2334694693069221
71852,-0.49642003039954835,-0.6342082096981091,-0.21403844922502047,-0.6878229982257147
5132,0.5799003970598371,-0.5899902713243234,0.08382834372665891,-1.2357964005916893
6172,-1.0624942638133374,0.46577155865734315,0.06755008309288024,0.3700896866282483
10332,0.03914971227804785,-0.1483878328835267,0.6679719552631374,-0.23419956158551183
14492,0.33295016574400027,-0.8623611740143127,0.8436838281283332,0.27504147033245613
23572,-0.33639436376175136,1.5207795598221538,1.7855389309656877,0.6904594964305222
67412,1.2240403891251572,1.1461092538476956,0.7681655355074003,0.5153865590338469
50692,2.2747667112829513,-0.29794714867931743,-2.1778554860176342,1.8092925938926496
31132,0.5347865262410482,1.1090177039489235,0.736738445561852,1.3711409268360455
42012,-1.0963279796611558,-0.003677441049380903,1.4304560255399592,-0.28621150676272067
59612,-1.0042983909198322,0.9702625985174378,0.8570299360913585,0.0045912143078948725
39452,-0.938580033380339,0.1727829955309332,0.0007214587366365415,-1.1602988449138745
68052,-0.978695158411708,1.2108876370296613,-0.2805178288738463,-0.5330791892888573
21652,-0.840447429673649,-1.3701054742691916,-0.3423110176829574,1.0560155251717571
39972,1.0783743420329326,-1.1780629038455128,-1.1254413256727795,0.436405105459011
11492,0.38280138098400596,-0.18652193943939147,-0.4820763937520216,-2.6687001757801148
60252,0.07196632940607825,0.5870477498316757,-1.2102704462559333,-0.5660229454762665
14172,-1.0495920250475934,-0.14296989897935428,0.33909428187977303,-0.16848426700265082
53772,-0.9545158008109812,-0.8605949980782907,-0.6521025918954407,-0.9708268171702951
37932,-0.23065814077501048,1.4151137508022529,0.235418453750886,0.1222768856226927
28132,-0.3609030183178758,-2.940192242060965,1.14771190299258,-0.8264463861211572
72732,0.7886335507035208,-1.473523370517402,-0.04575339348944388,2.0212047264417023
76892,0.30368859190444375,-0.4158642260690486,1.2070213208274805,0.5747260169920149
40612,-0.9037079859545387,-0.7115437081884592,-1.133336039684382,0.5946112189842213
35892,-0.35278782126061026,-2.0670678296560387,-0.20961323756730071,-1.0226129868259806
44772,1.2906505984097365,1.7427930115042385,-0.6124110897516205,-0.40622788342813
62692,-0.0940476381079172,0.7220820599166053,-0.10110279431306922,0.42202490870841364
12652,0.74095159492186,-1.0989704216211742,-0.28033783412800983,1.1765129622291226
57252,-0.36804184815688507,0.09481582588863119,0.15730630328950262,0.30694604322969576
33852,0.4737995742594708,-0.7051912054680101,-0.8724388051978152,1.547566468748909
20972,-0.8720111841159193,-1.0782488505374284,0.6414613398597908,0.16644286311013645
2012,-0.2934726205403951,1.967153225539493,1.285590037727648,-1.264022621429252
29292,-2.50969280859639,2.139410289625255,0.5316037723099574,0.16397896631683445
21572,1.008637697324478,0.39244058236457824,0.9870744647056995,-0.7751597376257799
41772,-0.4308159365725219,-0.6610483641600846,0.4005881375869836,0.41142986747977295
43532,1.1275399303919527,-0.8741546572393791,1.5535049418072076,-0.922380552779543
75772,0.13578131956324763,1.222378601241385,-0.2080849597791057,-0.9652920736495677
70732,-0.37334258193526704,0.2774202184136265,-2.6430978549633872,0.8702742059740444
13812,0.29335004965138134,-1.3082065988239158,-0.19699709042819302,-0.2006939827131857
58412,2.0537585274898777,0.23408073778949043,-1.736574646011322,-1.2792031551765908
71012,0.41217823713972934,0.9045386383046721,-0.5772298690534373,1.0907584990186696
58452,0.2007444971062869,-0.7216841534178878,0.1012644402981913,0.5415560181620618
66252,1.4758456799776494,-0.14490165469691085,-0.28466825896230225,-0.4768385621142439
75052,-0.11631794383591482,-0.4646131005980589,1.6667244087234416,2.0332512250990344
54612,1.731947283927634,0.2582093481197281,0.10032614116087332,0.05904275791070022
27492,0.3686922401489742,0.8853725156688876,-1.236361686023804,0.31531379918796953
42932,-1.4252536398429887,-0.20252886211886273,0.1322998927778637,1.1767316286035228
46172,0.4489264158193015,0.26149187676224334,1.8484270678356738,0.17263218890328888
6652,1.2214778047976522,-0.7781686646222465,-2.194984771857462,-0.3716695726580153
5572,0.8938300612386181,-1.3901164363387566,1.045123763632734,0.7527067830236468
19132,-0.8688349008179949,-0.08010167579138394,-2.084191447969915,-0.2568044926534726
54372,-1.0731938319821226,1.3914375661194331,-0.17896436023643372,-1.436645754548203
12732,1.093507078480375,0.2165522211579066,-0.12054215256334275,-0.754128536823103
42452,0.3215717986951143,-1.0944225200020297,0.3150205772772812,1.0479518988340495
27452,-0.5637196776946397,0.560427043061605,0.3575295651571164,0.36024506097282893
16572,-2.0190861606111654,-0.021010780520577248,-1.342518767495932,2.291861080040816
31852,0.27681065433122926,1.233795065690546,0.24666324540165105,0.7756508771960162
39932,-0.22487150445994813,-0.13587764105254635,0.9024368898045816,-0.5844267011376144
48252,0.19297085686106744,0.18904410313466175,1.0031893450668303,1.1218983092792183
7812,0.2012824632211692,0.6927321142423768,-1.5477712447757446,-1.4636991018949275
52412,2.367864778301558,-1.1480095552339429,0.12898648329981158,0.06263481770233473
19572,0.20864366991738847,0.16190547594523674,-0.13583006669703085,-0.9671748746127645
56572,-1.8000998982545853,-1.2965861343359955,0.07108186825658869,-1.9126882935732492
18652,0.23523293932751882,0.4139565570348857,0.2951035629363198,1.0747591399695
21012,-0.6318579464977968,1.3978134178411115,0.3175692870104041,-0.4584527199052655
17532,-0.7591913122705937,-1.2425809474944982,0.38101743734890986,0.3556004905478297
73212,1.1874851773399815,-0.3684411614890035,0.14028768582476828,0.049013905617231394
32772,1.025462622985363,-0.4089452414246082,1.5442017558625576,-0.6022002942159894
36932,-0.888324628037892,2.509835129108106,-1.621568365649188,1.0704532209374902
41092,0.1280262366941749,-0.23946631931206735,-0.5619470103081738,1.775953072077372
76932,0.778219340520925,0.3815365155702316,-1.1261932293929942,1.8608230812004927
73172,1.5642209771450968,0.506874837175826,-0.5607286144413767,-0.4817553361812663
49412,-0.47960891474012596,0.47578315214629646,-0.6729242451408957,0.8041844051207158
53572,-1.6591900312967283,0.3588445708214791,0.4569646750127445,0.1564564040843627
56172,-1.5951017457718413,-0.7878490936966523,-0.02663355332971399,1.1387326840569285
64452,0.2657151775126123,0.24932085007434,-0.4055961950339079,-0.07150186242234947
13452,0.2664066277749505,0.7279814881823883,0.47568611352687085,2.1170365961663786
25612,0.7954616699319748,-1.6184601552115359,-0.12662760544256083,-0.09170669013539365
29772,1.256512592667928,0.08691756819797718,-1.8109651495598875,-0.06352164309536297
44972,-0.19518693655293695,0.039097813216661746,0.5783559376402931,-0.8933844253369118
33932,1.9928169990615063,0.39012146366248523,2.9226266735886135,0.615264618126405
1172,1.6025529168544426,-0.6402969704351718,0.9184848112984049,1.7797198639041012
5972,-0.23946993934203678,-2.2962642239358573,0.43705266284581196,-0.021262555052284124
24772,-0.5512235319989275,1.7172208136188751,-0.8340090866083514,0.7547754179861751
45412,1.0377596944681837,0.31488331754781934,0.1279329790349488,-0.7472537522906793
72652,-0.7723743116270965,-1.9098690936353924,-1.0693586351345206,-0.31448147616208283
63852,0.8157361276155785,-0.8738808058627733,-0.6137594404811187,1.7151801933999606
59092,2.089989579004622,-0.09008989811863685,-1.1538864225094063,-0.3823364353388131
63052,-0.3254125432374594,0.8205694783852334,0.34786483834835163,0.014034341109508132
68772,-0.6614336064585047,0.6196404676586584,-0.16997873005822978,0.1576949655195169
49572,1.1456298264740623,-0.84300859258358,-0.15104196860212335,0.31936962733894136
18972,0.526277073112874,-0.08942619424325604,-2.879134576074988,-1.0736412971055533
43412,-0.42627667022652704,-1.1075871640413757,0.5401958948987179,0.7177423290593996
21612,0.9187168552064053,0.6623144756833859,0.29649167519893677,-0.22746878057725117
36012,-2.1160182201478346,-2.7885472942241316,0.16355780887240676,-0.0791044306830608
23732,0.10397630042034707,-1.2442901895028478,-0.08479855704947592,1.995153961651948
27932,1.1414150798288376,1.5974940406675116,0.7928739943630487,0.10763962539892821
32092,-2.1266803853091067,-0.41425826867824966,1.7681753782897836,0.1361089666086119
74612,0.3402546540331206,-0.005013777056253755,0.04981444917359,-0.28973105559125184
42172,-0.5662216068705241,-0.9319188677224238,1.4528162847044404,-0.4404554148255282
44572,0.30835864981209943,-0.09549133547049019,-0.3391806537866178,1.6225735653914488
50372,0.8133531409644398,-0.05190739234458071,-1.1651270268026148,-0.5023924357836143
53132,1.1861516196740356,-0.1073588634768104,1.1584314242188227,1.1694332416383202
20772,1.1750161892607456,-0.7873904821494854,1.5068673569704298,-0.33065122836107635
65372,0.5767021621752407,-0.23029373032594624,-0.5182358162974577,1.2844860093742865
2252,-1.2594229220446023,0.5175312508749754,1.0524841479227598,-1.002131071284659
38092,0.43884718004304735,0.7016529251483209,-1.6972681040112674,0.9726024913552432
33252,0.3973334373419142,1.0430714429743477,-0.5173565358886222,0.9714535844233271
37412,-0.3822953553581265,0.8352889995322258,0.9511512551840366,-1.144527591250365
5292,1.2503281755290434,0.7965747809056896,0.6142350493399277,-0.30698331709495114
46292,0.8859062839500904,-0.1605723075649254,-1.1363533701112911,0.9620240087250362
13612,1.4253717485435529,0.4405819548507485,0.3135464935967859,0.5240907337996822
30572,-0.33373828896464014,-1.4113949351277078,-0.6574053897508226,-0.634608202375145
16932,-0.5483245944037074,-0.6772510138938662,-0.5420894710552338,-1.5289319367697358
76972,1.8899662391058567,0.13739720005789102,0.6691321615278061,0.8455900775265015
21932,0.8716427343892841,-1.3535735411738468,-0.8820140822222153,-0.6657977051611361
54492,-1.2100096381971648,-0.14111123773869744,-2.1707992636384947,-0.18521965768622747
66532,1.6593238022623813,0.765693880500067,-0.03458691993631401,0.9980304932937356
70692,0.049761423008211486,-1.118256503308245,0.7805173636687007,0.6496911658115988
34412,0.7398322889079355,-0.6533417969146058,0.0572466702109878,0.0568544526344747
58292,-1.2452130792803116,1.534400816172549,0.4185045604455906,0.7321483793510911
38252,1.2441296989977042,1.1512593675474847,-0.22850973778841993,-0.5247420498918905
1252,-0.4041066682284634,0.02804878564308072,0.2102197960257689,-0.4568646158087466
21172,-1.1189569027285793,-0.2543030588576056,-0.6878377347254255,0.08148188143347965
10292,1.3882816454011688,-0.9638564107443783,0.7103087728844553,0.7784627569412222
46892,0.7924459361926887,-0.3838214329198562,-1.1152256491596935,0.5119491153530106
52092,0.008898803102928893,-1.1758461455126563,1.017626430475279,0.4127903450298754
55212,-1.1935040663944223,0.06890921681017674,-0.716387058439625,-0.17036551844688136
50412,-0.32749296782654963,-0.07940295961218033,-1.553334267126488,-0.11065941296342015
18932,0.12153786741865742,-0.05351741222479349,-1.8455907652761172,-0.7200749682279433
70372,0.005352909815650615,-1.5405486935306838,0.8697728765922008,-0.5038938889161433
62372,-1.475256013854513,-0.6742456229200506,2.4633397350076476,0.7941877638255214
27252,-0.42280792013568835,0.22177589526076802,0.22324810304456372,0.8041746450146496
31412,-0.8588251791400124,0.34950652861990167,1.3124728536649657,0.7713326918321713
58612,-1.0536627196030848,-0.5906459247158704,-0.5741149843056556,-0.25136152215287316
76012,0.9212236487194768,0.283844127343098,1.9533991914021451,1.1790482472652848
39732,-0.49851892261952857,1.3428166729790418,0.07983377833733546,1.550102909613896
77012,0.13900331761274567,0.9851477897705723,-1.7631212357446402,-1.33392267362037
7612,-1.040702970350963,2.6459180533352695,1.316895936965587,0.034678949872496374
36092,0.62330236313573,-0.6395517504863958,0.7858258605216882,0.39937755091806787
52212,1.752387379762406,0.5431655662321285,0.9536667699568763,0.3739974108994276
56372,0.18426874379736827,0.5821677351362868,0.5018233386182703,0.5562071299633239
24252,-1.045992936986085,0.8516127994959217,0.3621222857574501,-1.5338234898931518
75012,0.7071858886945728,2.1654221071846993,0.9151748030559645,0.26149774449212426
73012,-0.7690160518220759,-0.4384819985806294,-0.3949245408767846,-0.5531865580009702
4652,-0.6207692938782358,0.6136592454286434,0.3579469123063127,0.7822024698687986
55492,0.6152346313828315,1.3533000761275797,-1.2656720897568414,0.3279579316632987
11532,-1.171512334757968,0.16587977873976112,0.5142204835959567,-0.0474432664935937
45052,-0.5215234410585242,0.7811367960278267,-0.5415067784129763,-0.1480535798870082
69172,0.2633703713215817,-0.040978516964116876,-0.37385633436587035,-0.6040545051523208
57532,-1.0228325765451007,-0.9217146696873492,0.42115436440422677,-0.685203479766668
17092,-0.17005189683010594,-0.16704446597306216,-0.19961276933144634,0.044947243087831955
61692,-0.8394152848068954,1.701376227943689,0.2305739553171038,0.5806358608416393
21252,2.0061896895404185,1.1228210556563896,0.3324178644759566,0.30577757111296605
65852,-2.029688968560988,-2.015177028598625,-0.6077676102556395,-2.2669472978945526
25412,-1.3772115395758493,-1.068741029241412,0.10795560501196484,-1.27785830437563
70532,0.6312006580670714,1.1178651208161188,-0.06698851093398661,1.0913744770522136
58652,-0.2274675909856208,-0.999984983111312,0.7223542655640097,-1.0152527955079391
50132,0.6299066373594889,-0.6762701128318167,-0.12147567948261483,1.795707456874351
68572,-0.025538822662384046,-0.9108433496305396,-0.42048672861858416,0.6999232933451394
42052,0.005681970723784707,0.8726404144490216,1.6024699512116225,0.07900660643998116
46212,-0.3262673710764056,0.47114920086560413,-0.6061397950831724,1.6170447481335457
66852,-0.20330983773938235,0.7806259685191531,-2.055822525848629,0.21162289560883024
54532,-1.160644309121564,-1.1249017720219736,1.9746185093330215,0.5248126221149078
18252,0.18480403037923787,0.5108742734706584,1.073150362734366,-1.037254668386032
3292,-0.9637306939416185,0.5656701821780593,0.14887740363903515,-0.02783226674507701
62852,-0.3409281485675759,-0.45487922609428116,-0.4969465245175446,-0.8370512850798547
54572,1.025035850145345,1.4739801354375792,1.0232736134622444,0.626793787839947
30732,0.489432879883318,-0.13506994688751536,0.5669124991208564,-0.5014457756964084
39052,-0.47944769312743335,2.5171451189502503,-0.20658767363563071,-0.5560033664636828
52532,0.10798660694395082,-0.5666648315769907,0.6721155921206369,-1.1441778776624194
6932,0.40683099890939073,-0.14400310121221083,0.3677948409493457,0.49279779270727725
34492,-1.133293170708848,1.5788200135316097,-1.0041259473473874,-1.5622393340999505
51532,-1.289571700867707,1.2037364930034884,-1.8199127550887384,1.7025211278755135
2612,-1.3539978250886735,-1.528187842475663,1.2787023498606147,0.13998079699120133
35252,-1.4396966054492448,-1.1640687177787021,-1.9894222379227078,1.0348715961574282
30012,-1.165816547723756,0.09915896419966048,-0.0753669390333812,-0.42768246894046663
64012,1.4121236895731213,-1.2962552727026657,-0.2831836825505785,1.4145505164035557
27732,-0.18704773801755653,0.3462895488956171,0.22207513565432074,0.6237014666548453
72332,0.6813479636313499,-0.8746688237881678,-0.39647525047376664,0.5619965974255278
38212,-0.435857627425922,0.9412380636808181,-0.2865189116499728,0.8036470201212778
40212,-0.12732946853141638,1.3985859568130423,0.6599661903000239,-0.16978074173363975
1932,-0.007209605821488399,0.9074707673231184,-0.0628110682070995,0.8612458355938801
8092,0.5668020181508955,-0.130387101733202,0.7549581310828143,0.23907829458287538
11452,0.1408210368518891,0.9607059323870826,0.9730815417076747,0.8163556348351887
25932,0.3761716783531142,-1.0234243535119958,-0.38648879401461816,-1.268286272753485
16412,-0.7067971698600822,0.014958292942662044,-0.29961188436043157,0.1444543471286322
20572,1.7543032101058733,1.1192265833537922,0.30460042046857827,0.18746956510284798
65172,0.30912015691245825,-0.18472301800212657,0.5844642445329886,0.8092560135991717
71532,0.763088806118149,2.0129175546265268,0.6693143886000043,0.7006313752737144
44372,-1.4302466256250659,0.6300740299429267,0.7231432834769661,2.0991646239692274
66772,0.4411045291034447,-0.7117084170363764,-0.15872464893248428,1.115397031645677
37212,-0.8665567683996519,0.978330924231382,-0.49161735624730873,-0.8947741332437814
72932,1.3259935516407024,-0.3949303087808249,-0.4853109128030683,0.26233955484837107
932,0.4359797240520378,0.25451758687702286,1.0305385369196296,1.6019321314557875
1372,-0.30534151327417225,0.2208598098746346,0.168243582398301,-0.3153270778929499
5092,-0.9572224031227131,-1.4178995164301826,-2.1561742943963345,0.14235609859221685
49692,0.9220208674751057,0.48941058831257894,0.5660956624972361,-0.024864481584488663
53852,-1.7470831164495861,-0.48210786392975785,-0.0507976712795951,-1.2938717454809188
62172,1.0362132394237957,0.4491641801923871,1.221843658835645,-0.241044818024254
1332,-0.2057050100233058,0.3002862535375683,-0.250894885624028,0.7412533849739991
66332,0.4027972147418072,-1.3658584111918664,-0.8941822240479217,0.875595420482588
25892,-0.14078461456427308,0.9061372311463809,0.5993649105111972,-2.184397601253697
70492,-0.05721062155405632,-0.423394205135519,-0.6409430154266478,1.004478101268267
41532,0.8122969113275417,0.3264044751188775,1.0938605786849098,-1.130516042042654
7532,1.1627491484004244,-0.1514696915527586,1.5971444502749772,-0.5195892769810427
38372,-0.810211076388583,0.9382106543391157,-0.3257721973028939,1.6603749370780754
42532,0.17513683489213813,-1.1122542934280508,-1.376978025877381,0.6787860474433607
6252,-0.12558941905238988,0.33007122935083394,1.437584083537252,0.3576476387217957
50852,-0.15894201179182602,-0.2906086102043631,0.46118459776922,-1.6090877465381455
5492,1.1261884059196914,-0.1965079173935534,-0.8884073299707528,1.475887748353766
732,0.07311210163263415,-0.8048054918547076,-0.8959756048950263,-0.3580469996495582
59172,-0.4778572799136191,-0.06826361269274608,0.39514411296008195,-0.7294987150767633
25492,-0.6661082324585311,-1.5198569542837612,0.3405530768633255,0.06459867400981942
3452,0.38078564091530037,-0.26931358984632714,-0.08800273716962091,0.34146610319774745
71652,-0.1954409871042464,0.5520769503564212,-0.9533326267831346,-0.1674281199305693
56052,1.8226729721447987,-0.7049430968294037,0.7221458235409135,-0.1038163480885987
39532,0.9406117407884361,-1.1760474938723091,1.138973415241097,1.4624614437586483
28092,0.5554619982204325,0.03055506715349314,0.2002154576291806,0.0008414722828042566
42372,-0.51873663485536,-0.6761689648849398,-0.061121993440421886,0.10383819758252912
11572,1.0101728479916465,-0.2601518224032848,0.36616018724116417,-0.3055407109481047
60652,0.5826404554221585,0.5605146774775266,0.32037675700387436,-0.15758889788244032
19892,-1.6001263170610458,-1.2185466982211683,0.417707456323151,1.0981304008911976
30092,0.8348017275564918,1.177660885036274,1.4040704831862798,-0.38704100430211313
24052,-1.4311213927964206,-1.1194393215202425,-0.9366308431750836,0.12448957713604222
60212,0.483236550788084,-0.4445097368762514,-1.9805252624602387,-0.775022070982243
32372,-1.3829188807009214,0.6557860869769407,0.3355542082153858,-0.2914406284935938
36532,1.436751667932753,-0.3632603232639426,-1.8997240940576556,-0.1411925898049592
58772,1.20997243142235,-0.5574356245608586,-0.051287237212744474,-0.35929564340964426
44852,0.9647549728576187,0.3448197253818938,2.056536147559757,0.8159990058019038
38052,0.37377275063137627,-0.2580145303831038,0.48485158252626254,0.13154207097565365
8772,0.6939199321723987,-0.32927720296728497,1.6494538226827928,1.4238430892331368
69132,0.8117323807675532,1.9190371278864025,1.83037511375415,-1.6838474178052476
22732,0.6596465896976893,-0.10759901596559647,1.2505548041111534,0.05295577849983757
77212,1.0657745163940333,0.8117042889163206,1.1373312342225512,-1.114614052916939
61492,1.8065903337475868,-1.5157254827672804,0.6620924789593606,-1.0076783341980198
25212,0.9298956524246396,0.5400742023823637,0.30244735738921985,0.4438377252539119
69812,0.731722861416765,1.760060401319315,0.1620011453391093,-0.9560864821511957
54692,0.3248796114574214,0.8915345625496574,0.1664635465406509,2.059603880797265
37692,-0.2694147739985967,0.1520363713164418,1.9625485847221318,-0.34963261303826143
64412,1.3601952482942528,0.042036079713453016,-0.38234182132587485,0.31439703368794286
46012,1.2905301700359542,1.759377246987073,-0.09856407463284628,-1.7030065433342496
62892,0.5089896076209555,0.23525732685836134,-1.4484291793301185,-0.17016668310353333
10972,-1.4452386643285207,-1.782585986636637,-2.150056549057972,-0.8017283974043999
5932,0.041784228575129714,-0.6747857603072545,0.9515671787786523,0.373848007226762
54332,0.02734943466967204,1.0014228007226642,-0.8475904123928765,-0.20981942391283126
13892,-0.5204671141037953,-1.9296803050256603,1.8245222987760494,-0.11926330378887276
58492,0.5385459698304739,-1.02766800831283,-0.8345743887224675,-0.24035144208159623
18052,-1.541798352177532,-0.9380338006591956,-0.13616989402003354,-0.28995531097799626
40372,1.9227676972695573,0.3575216887749043,-0.3461680307658698,0.741244112923579
66812,0.0005916178924260068,1.6888459906186204,-0.719729909801768,-1.5150613856395898
26372,0.16861778833021873,-0.6151664421913418,0.8656747439143905,-0.8553970951026615
70972,-0.4762333435079956,0.5940986413469146,0.3962243667436704,-0.7595396971435611
53492,-1.6357853358996501,-0.8469213416728728,2.5178573706999017,-0.10233603724934717
3092,-0.2326687036832842,0.02670912524475487,-1.4288369243833068,-0.03612674045573214
38332,1.377325595618002,0.6068613275900018,-0.7601120340482587,0.6520183215816089
45332,0.44557437352755563,-1.493345366856364,-1.678323856535545,-0.1416678597022783
63172,-0.38581645338099374,-0.11149452569560415,-0.2555075889284295,-2.575154226938037
56772,-0.0007174545141119229,0.7518245147579997,-1.0622834384046704,-1.7751480491400062
59652,-2.0340359391468117,0.7191773865361851,1.527161876540759,-1.863624942764914
30452,-0.7054233070387681,0.16128735247198164,1.2600495712694706,-1.1346923838208076
63812,0.7568821498960663,0.7146445103857759,-0.3510888289134234,-1.3643903272255264
37452,-0.2885931446744049,-0.9830283840981582,1.748528295660031,-1.7263061446148613
27532,-0.9445996709255001,0.3916126684541974,0.16994149959559798,-0.7867984935881928
64972,-0.4728255974102985,0.4324586124616895,0.35258909640593733,-1.411991848014277
76292,-0.989339628490556,0.8307392862744785,1.3451939460836961,0.5637944008229077
40012,0.7564631543186011,0.6082960806587752,0.22961195294994047,-0.6351998616266323
20932,1.1297382305421688,0.2902357657853748,-0.8487601333678492,-1.4828596595933776
3732,-0.4476314169161453,0.4391400756210373,-0.3143080154827988,2.0666960324658907
32212,-0.7780972777535654,-1.3036322214774818,1.116319950696168,1.0852652586985359
34612,0.039824765874688674,1.42204137892921,0.35485467226496975,0.1287085991447318
52492,0.8765681813065801,-1.0629975074378046,-0.8733118812810565,-0.7074002514606493
56652,-0.8154588291230839,0.04798087806212523,-0.5231701823593706,1.5949021039636333
47012,-1.3567997228417756,0.4929077680286288,-0.6559952338397788,0.663210749237255
60812,0.4928012094928745,-0.29186753822122624,-0.702576418271657,-0.4328962835393364
60892,0.003160605242222839,0.10671245821875916,0.6192177664788975,-0.9002980520503289
28692,0.24315027998308716,-0.2039008941390921,1.5664321206712646,0.7894755430583035
48292,-1.1273996479815633,-1.5906009694250505,-0.2798643602739121,0.6995555276161067
38772,-0.4286146771126504,-1.27550128453277,-0.0996112410859495,-0.20325908474762444
7652,0.8919024784305999,0.2695151503451783,1.6392903100306455,-0.6862478844128828
34012,1.2020785380750991,-0.1516783281040515,-1.446063216037133,0.5923153545537171
9052,1.2032469941461716,-0.3197021041949872,0.35680313407152875,-0.8682858286259355
20732,-0.7767775219222686,0.2249130242895611,-0.39681643651931947,-0.5882195406352428
17372,-0.3978729870381306,-0.4759452842505443,1.353715707082405,-0.7949903383803566
5612,1.7377557541724418,-0.5580824028649488,-0.5581599537945809,-0.6279191453652406
21532,2.6547291427914894,-0.9964902138759529,-0.27164794748992493,0.9161727549998575
70892,-0.7904339204361108,-1.2094922393655552,-0.6934982372530063,0.858487897335277
66132,-0.6328284953936956,-2.041502345222016,-0.3626393168522484,0.12955487088251208
70292,1.1126545076030667,0.5390086070849184,1.8479928133481074,0.06789239407781857
65012,0.3915465765176582,-1.0877516621321361,-0.18070051471414011,-1.033028650463128
24012,-1.2809671098066686,-0.9843773336615447,1.5717599634632533,-0.7102500339619551
42332,0.48078959366024615,1.1842897102589887,-1.0055211656481338,0.915404202031648
76372,-0.1793329860771788,1.5776529154922245,-1.2516496652436415,-0.066404049447168
46492,-0.08435139155541468,1.1340951882623753,0.8709401756893115,0.1045810988986766
62972,0.9969844169817618,0.8538800664928391,-1.077461148654936,2.035706106911836
10212,1.5300200146927179,-0.5008688316305011,0.5332862698307523,-0.13219638476592319
54812,0.9572408932660683,-1.2489425024078442,-0.4093476216235788,1.3184964010992986
47092,1.0947962183825648,0.2500181305740931,-0.5152287167122331,-1.9992252261859689
58972,0.5698973111505253,0.3588293531740622,0.633330995533588,0.6309989134852068
65652,1.1224554901766393,0.759614769873871,0.521923604141972,1.0639279679974425
63132,0.3839485608605621,0.8484501983235873,-1.7187092108113586,-1.4382535770287885
60932,0.8098082828298434,-0.22596444759679893,1.3874937127622007,0.4512984326685538
26852,-0.9650530119610442,0.39117973429341296,0.2852898158240227,-0.14751618665944383
71452,1.173708638183363,1.6790508914802416,2.8291735238409625,0.013006883780863912
31012,1.1558585062501068,0.40664456876140004,1.6842550683089434,-0.15710280322034134
37572,-1.7036512999119515,0.9205869493842229,0.7967479966876625,-0.5487980175012779
56012,-1.7855792854285497,-0.44558524938352334,-0.06795508618765488,-0.9470153500034469
58892,-1.2909779742171286,-0.682579752922467,-1.3873132861211663,-2.3118472675933415
3052,-0.19510851625847994,0.7891990607363345,-0.28465716123892293,0.4830769144518606
7212,0.4114021422304702,0.4943359704891756,-0.31679825080284313,-0.5084846173671634
15532,1.07637324355292,0.06119986331961246,-0.003873868964131378,-1.5939086291482518
36372,-0.5908875185347179,-1.196959762986789,1.0955379850370282,-0.7787819506074443
60132,1.1415846336173516,0.025140253774347317,-0.6212332384092938,-0.5371902170936694
18532,-0.6538289239324817,-0.05183059413991497,-2.4269669550903323,-0.09967812361158283
28012,-0.08176828561512056,-0.2966104978450763,2.1003898524599167,0.10033249314209879
13772,-0.11046270079291354,-0.653402139102058,-0.19494181530431573,0.6395136707649381
32172,0.884968240806781,-2.4653905791909367,-0.0475588385482498,-0.1947802449223725
13852,1.8178269533636653,-1.7959651926024678,-0.822673462631548,1.2357753089464336
76772,-0.6729891387919538,0.31331136162453505,-0.04746884258406379,1.1742925496386898
40492,0.3098954564502203,0.3510503448559823,0.01530680696142099,0.10951204785987642
2452,-0.08979295579829054,-0.17374789782187305,0.04516865538227831,-0.39654866449465226
8372,-1.8259535851337423,-1.1418171866205367,-0.25068416642618463,-1.7630802570965884
73252,-1.089045359825143,0.07527449443970582,0.41098858158703405,-0.23468340152823922
12532,-0.3788185809269401,0.3388113066820954,1.1911700771937084,-1.093748624168692
17932,-1.2214596831849496,-1.3825042364170494,-0.8216587268084157,1.47116722550731
43612,-0.6833111106139389,-1.2549353511874655,1.1473142551038713,-1.1940018690067666
13172,-0.9367404432426774,2.340060680691848,0.6102169187053845,1.0434371043098032
25012,-0.8586397900041224,0.18750246324291228,1.2843553675930117,-1.2278282011013202
20012,1.615807484707117,-0.6605212926648556,-0.2815571454916448,0.7159392916475878
8412,-1.6907543334868864,0.8887123049892494,0.3791830920888667,-0.5386404804229946
33332,1.0488019413965746,-0.4083302582722058,-1.6155080798073582,1.619600373900259
37492,-0.7966912039055791,0.9757478919300588,0.6397375493800372,0.8858727806546046
41652,-1.6546093427143074,0.18403978164813145,1.3322162877965473,0.3999713607687653
28212,-1.7298857642467245,-3.152815788287694,-0.3007345095997357,-0.594780076246425
45292,-0.08576810737127993,0.6248100404103183,-1.3759690228065473,1.1131279123496267
49972,-1.0577699240130531,0.44194909212069544,-0.5520087962758115,-0.3866929916036344
17332,-0.9860212640199141,0.5059064341116708,-0.7931667206671424,-0.432202387356088
22452,-0.0027041252894726506,0.7567175413078607,-2.1395192822144424,0.691651320140111
17852,-2.1576445268287667,0.5554558635091342,-0.33006058905984076,-0.7591384661502313
36412,0.39168517394529434,0.22189244378914413,-0.13359865995278236,-0.8749347489888588
26172,-1.315846291529673,0.3183776234318803,0.7041834808827814,2.9281933522511165
30332,0.2837882573560109,-0.5435403255601068,-0.41393253914556627,-0.9269895414844753
74932,-3.2639284524171557,0.3557092166273878,-0.7937701007369,1.0651481601011348
75332,0.7161691717356999,0.3418909683699586,0.11537578242514666,0.3628766959685586
23412,0.5540867794286172,-0.24644971443927619,1.103486521716534,-0.6890382978943992
67892,0.1512747599465327,-1.024002960465868,-1.6673854233688383,-0.30891529934838524
42812,1.287342748760353,0.22713299696317582,-1.0914735748066682,-1.083502669146351
2372,0.05871777827022992,1.5588667238087237,0.6212786677548673,-0.5940925548603163
6412,1.5091761348636283,0.8482885069806616,-0.9178673350761671,1.0337118950145714
212,0.27699376067605647,-0.39991539490773736,-0.14766653837087332,-0.9524077707213794
73292,0.7984833192586792,0.7611067237039251,1.1117974096310947,0.18318767568922478
55292,1.4761360906546053,-0.357520909971461,-1.596535703005866,-0.5559879904772271
35172,-0.9781896995021682,-0.6888245198240234,0.3542724319484035,-1.1420942003367842
55772,-0.951398179915891,0.00407559829864886,-0.725611363542113,-0.012984218870625763
30412,-0.9478255974158865,-0.6380201331661478,-2.1388669326140075,2.104986444271644
67772,0.9130452196413067,-0.447735431211246,-0.19685609076067836,-0.18312357638591745
50772,-0.13605522996048894,-0.9067426060489361,-1.5609922304022523,-0.5608257080428647
71932,-0.02870383100570933,-0.18842656752134826,-0.15557568272924444,0.4804232710501969
67292,-0.3774361322744681,-0.293111539724771,0.8261905429260751,0.2112097302063841
47972,-0.3618807865047473,-0.07182728202900734,-0.22398835150377827,0.44150761377968323
35652,0.50300547956917,1.3382586139678743,-0.3065725633514837,-0.08937247395104042
62052,2.539519837269335,-1.285270742662128,-0.9897082427799055,-0.3705395837626493
48732,-0.19249229097777726,-0.47131351137595173,2.5359882423140356,1.22191306118341
48132,-0.7937981685450282,0.286139613004299,1.5222550255657121,-1.500888241910036
11852,-0.43155799797193606,-1.1917417878180094,-0.3282426826451912,0.3840097970265912
56452,-0.7253429487528003,-1.3220886923609063,2.4366450728609816,-0.8966516230095253
36452,2.0639398217728484,-0.1855148781603607,0.2838525396558825,-1.0807779731027636
64772,-1.3731042621637577,-0.6399170915020783,0.8583583971941028,-0.08905608001346374
76732,0.8111962811011497,0.10947744140285456,-0.6664998869751435,-0.17143809241339905
65132,0.7132408622151926,-0.5442157134735268,0.1617798485375439,-0.3325122465689199
45132,0.1340032398703487,-0.6967683451310638,-0.09314009934202629,-1.4298344348815233
33972,-0.898883524917626,0.7000832396082592,0.4781664478499499,1.4942250629536966
49292,0.7548290679034894,-0.7425089903481863,-1.003388529211581,-2.242708571442428
53452,-0.8966230701974436,-1.1098720168962586,-0.36117943118458984,-1.0499886729955992
57612,-0.9410448176919205,1.1208885626951237,-1.7802232231730566,0.7044894813131798
21332,-0.28750197913125297,-0.2112804648890387,-0.3623172472897554,-0.11438119407975227
4372,-1.5775139016057553,1.1001984857103944,-2.123718524345147,1.4937680606771053
65932,-0.838262354723732,-0.5765625227155221,0.8267994518368175,-0.12795619848598558
50812,-0.6302800712970028,-0.8894584912162524,-0.3239707130474847,0.4537081887398818
74252,0.4589407672957586,-1.423423542499866,0.8669268224287975,1.0385076703350145
1692,-0.13611315812499908,-1.324673084552613,-0.8556508123521208,-1.1840008030888987
48772,0.5430411938457838,-1.702900380152369,0.61544667914382,-0.6095300829703245
50452,-1.5898938804863862,-0.7535074158286437,0.4066019925801092,-2.296893889860281
28612,0.4706224659804377,0.4375027140226382,0.7782207207426991,0.4678833157295462
3692,1.5161746292251999,-0.3367306992437999,-1.460259844193209,-0.3421103927279774
652,0.21317113478439778,0.8470985491122595,-0.48146843023672586,0.16393173388305718
5772,0.05608412515419026,-0.9570656457474777,0.5553186199419277,-0.7982693387190688
41492,0.28554351310148274,-1.1131853287612983,1.5124677203983488,1.1472073751539582
67092,-0.07755008595194837,-1.4936875448267048,0.9473653230338643,-0.5141113567597602
60732,0.27139856124617606,-1.2888034461139475,0.08450718470501532,-0.6530495010387559
34972,-0.9143843818971125,-1.2644847210916157,-0.5968624448800993,-0.05351131272277985
54932,-0.09294787106745084,0.8811403599736349,0.8414745928851639,-0.7709837761717196
43292,1.8211731883491136,-0.2439196846222786,1.4741365716386583,0.8894236824328067
49092,0.08613189139068027,0.548784788849428,-1.2314462829381887,0.9590407597638033
46452,-0.8486751533462938,0.0799595552478087,2.8326475957719106,-0.08787669796552042
22172,-1.9912588087981853,-1.544995037584939,1.502975530632087,-0.18453120456367847
64892,0.5269382936906697,-0.10200358318604857,-1.426334513364969,-0.00483342775263472
59932,-0.43653973638726445,0.6195896507824286,0.4705415332443059,0.5963857438757331
64092,1.1965923212071665,0.12826733462830694,0.302090797490752,0.9558794532578674
68252,-0.6477463221058519,1.4288893287140096,-0.17184062237116315,0.9227528597273696
27812,0.6648869702869522,-1.8553073925726333,0.9711695093615467,-0.8971994004984477
72412,0.16261017684853213,0.4832441097438845,-0.2953485344104399,0.5530519209962067
31972,0.20694836931214688,0.5616837877917745,0.560167313730542,1.600381779754218
28172,0.7636979108266116,-0.7610053400966502,0.4305313760542429,0.2480696586232563
68892,-0.33681985069537124,0.8323628436358088,-0.17566318762802194,0.09200447384302127
38572,1.7136750150327038,0.7871653396584307,-0.6754056133344624,-1.4625967803006028
48612,-1.0959209433855839,-0.47136773204225135,1.0394043230739165,0.9940064468949161
12332,-0.1622842326704733,-1.9584815953022037,0.06985696493225148,-0.6833201607457546
56932,0.7532833373054557,0.26573434554616365,-0.30061295233362867,-0.5542268276507215
20652,-0.017923008626003795,-0.742265343320134,0.9845621983121029,1.9516602591643608
16052,-0.6561265249529368,1.1473463533249886,-0.041833467891298715,0.05384499965709052
36332,0.04884777811989481,0.7105438069589441,0.6282392395708569,0.8781749277526517
69412,0.7402526808519624,0.9591072539765956,0.9928629400577812,1.7538798282699595
57972,-1.4428491864068431,2.5887013960160417,-0.5861711281285623,0.8950980076567613
14012,1.4846631072614789,2.0519362897514988,-1.0920882216871883,0.38985147909823675
5172,1.655720781870334,-0.9715501547008543,-0.10948756811404713,0.5005981225878662
68452,-0.2753736171426409,-1.1685310259779458,0.0700421958790407,0.27070609536257206
9332,-0.19562694475146683,-1.1552518595246921,1.3147367455066663,1.6774156149659436
73412,1.3321557067723304,-0.33201373374040133,-1.5404583540698942,-0.3770871673545924
58932,0.35807705795832395,-0.7685454380804019,-0.26315537084741525,-1.8200973309934239
62252,-0.3757829996389115,-0.5653656244586899,-0.27580371416013405,-0.7327329196946089
7772,0.7309571779194103,2.0831674980370494,0.10901930547223232,0.8240431621220281
6092,0.7266354762757625,-0.4251237963450899,-1.7261100467223922,1.5757638628484059
70572,-0.5498610780745538,1.1165903008643767,-1.5985051737126639,-1.1382429482420005
50892,0.29298537031002503,0.37919109944142865,-2.037555977225213,1.0713762902177881
31932,0.598536965041114,-2.5698390980745556,1.0013978088460742,0.4155578978252991
72612,0.9418470828151375,1.6011740265034153,-2.431464211387438,-0.4038864048658413
47732,0.6333012195566999,1.313014041136427,0.04077702034959233,0.5247859806640042
2172,-0.2819436004133513,1.979541491870495,0.9961510282582323,0.8839660553780835
63092,-0.21917340216613657,1.353317815785751,-0.051202252806300017,0.4017957113621021
18132,-0.11599213571932093,-0.08025260148100037,0.10842239070698848,1.191424230234898
77092,-1.1399999298940644,0.8547443799922337,-0.8037691579472924,0.5969626018558322
68172,-0.19730705648512048,0.6947156468824943,-0.2906071133700663,-0.6936590269250736
46812,2.978403411025921,-0.21356612687575416,-0.6317760854117014,-0.0005872418475832957
27132,0.3620207338636172,-0.891010171505737,0.07922948515932293,-0.8087581936106979
45532,-0.6060564532266962,-0.45952345572214076,0.8326843830328294,-2.3822341301316556
2412,-0.10582505199416897,0.4029991998063673,0.5090007065095259,-0.1634808311130366
20852,0.6950087451501642,-0.4586770747985227,0.20914687584684835,-0.9373687423839249
24292,-0.035454860516703796,-0.06751185587585665,-0.6549331524706349,0.24642293277275995
75412,-0.4861248229621736,-0.15339977948490635,-0.8763611775992948,1.7122931588904542
3332,0.01285556954415315,-0.16691917819161264,-1.3932359248185526,-0.6909652546207806
7492,0.21006269033521457,0.4368728966799007,-0.1327771807344919,0.7582935209417752
14972,-1.1158417238161953,0.8208823511248255,0.47274743954677434,1.5339375490324154
42732,1.1089250032457079,1.3079924690823206,0.07665721640788228,0.008070966247977464
60412,0.949316973476035,0.307958885767503,0.8215444449684244,0.32997645816548055
64572,-0.7777865109182363,2.067326674212047,-0.5276878426619431,1.2210805944323673
24132,-2.27417665380653,0.8265365669347784,-1.2071927133824825,0.8433974907445466
68732,1.6331214470359114,-1.2507829706276252,0.4183451104246816,-0.4585683521272539
72892,1.8915784615903943,0.9740357255416484,-1.9301542550544681,0.2573273127617748
61172,1.3399291072900112,-1.296560765930409,-0.7510809836355983,1.8611149256792388
332,-0.07704886543927911,-0.17066187726980053,0.26323197288254435,0.2889128713346318
55252,-0.05789056121233013,-0.4239258334690064,-2.409077921781641,0.684724855659846
44932,0.33885148423394623,0.229488542223648,1.122112700704572,0.23403302638542087
48892,0.5898154127314642,0.42122799798546856,0.19213312966883858,1.4667786405571919
29172,0.8202194491827607,0.7528487030306364,-0.8524772900355487,0.39703631188450533
16972,0.6688504070747691,0.8245226661651999,0.18764912699964634,-1.2931260158609996
1212,-0.26096031392176516,-0.19341630651032898,0.049081332073515595,0.0796088949349657
21132,0.967699852351849,-1.0246692251432068,0.37750861049358436,-0.20353353158233406
46852,1.546432379897017,-0.25990154605858845,0.09885993563316983,-0.057085773474792025
42852,-0.1399307120959031,-1.13116789400019,-0.5232821459113509,0.28312387714965626
33612,-0.856924801365091,0.7446920735187103,0.6281696015723429,-0.21563322570042293
49452,1.941406910103842,-1.061984643080257,0.3807331874139819,-0.014597744522113713
37772,-1.5685083576690615,-0.30785270576651547,-1.3949660265175892,1.3411490880206096
65292,0.2190845646180028,-0.30566632225969853,0.1661429010882721,-1.6615317024142937
5652,-0.0001444468651116169,-0.5766378703015111,0.30234433301924607,0.24578718951648523
12812,0.7443650125686376,1.673338403367515,-0.8482266345189299,0.22183467554658948
54412,-0.49951250952303167,0.5104919434565237,-0.6996046352508012,-0.6769514564573149
32532,0.1932161316410123,-0.6453632390203652,0.7801698920314966,-0.33773734381024
70212,-1.2582916128969057,-0.111844225652465,0.5160723924672274,0.5564480959996512
62732,1.0715420140899372,-0.7912535272046324,1.9979623717040957,1.2035482240620186
65452,2.151618741598375,0.04890631134478075,-1.252107223883585,-0.3444508669008634
19052,1.0872896774682927,-1.6209052015961727,-0.7813059271534473,-0.36335514882654707
64132,-0.08514253276676699,0.9335902381140223,-1.6687743219358675,-0.412815961614832
14292,0.9579159035474019,-0.3554260768452041,-0.42416542314797456,1.0043358854911668
40732,0.6961652501444567,0.9092938337136545,-0.44927314857509076,-1.9863512509538435
9532,1.706580680649876,-1.3223481710311107,-0.27068946393404153,-1.3156708930474104
2652,0.6309260033329426,0.08665208922706309,-0.7628716822223207,-0.6119538687755135
7732,1.0090947060724917,1.0227395828174526,0.47648404945543593,1.5933367931911122
6812,-0.0760680868822904,0.8408640364826453,-1.0819189572499053,0.4656175361771786
74372,0.006120996027716273,-0.5279145279739654,-1.7786019298130593,1.097474092692936
48932,1.2824561733712205,0.6567336213708599,0.7982575850321901,-0.9437358699347187
69612,-0.3230481382508227,-0.4106261671734553,-0.8042354745935392,-1.4423589355747735
40412,-0.6219661844399662,0.7138747476221332,0.19799533580899573,1.1277869327477177
59732,0.27585245235739636,-0.09343229646633307,-0.13191069694218707,-0.28313410301036435
42972,0.4095912647050332,0.8466722127839489,-0.8745404934347409,0.1420653406545559
23452,-0.31432313000159506,-0.31471335120050564,-1.0100609208687032,0.8686303677574281
13692,0.08762897057692387,-0.45982886443797194,-0.20073293511346182,0.44330968913026225
36652,-1.2371474527180828,1.2641418800227768,0.6171410172121974,2.6795337666404775
31772,-0.12464400493451354,-1.3354626675978856,0.2363335229640437,0.436030149544393
34692,0.1926176220944926,-0.5161440653449009,0.003139326757791617,1.5637089609514108
35932,0.43696709834028036,-0.7299087813867763,1.6276292511985064,-0.590336483663825
65332,0.7565193246364571,0.5238104346347928,-0.7839399678791538,-0.3428470020320748
69012,1.0085445525134349,0.5555465942666258,-0.7304439905452783,1.0503936600629784
7972,-0.2746315949387264,-0.7484438256648003,-0.758004509344151,1.0697604265808596
52572,-1.2195657158769915,0.365672557305051,0.5581937774659687,2.04721376370422
26932,-0.9566502264157808,-0.9909389141983238,1.7418886243367337,1.3794335120468972
56732,0.2115162570811528,0.6916234065368992,2.1244371868331635,-0.6841040666712773
32572,-0.007175400892408759,-0.9384671860013434,-0.3810332207027685,-1.2895123580376175
65052,1.2085878701036445,-1.5705904258222807,0.7254644633037165,0.7598287753488691
69212,-1.3295093788639263,0.4378183598380054,0.22289340386689746,0.2041501151102354
54732,-0.6852396758135444,0.5434236820240799,0.35460185656879945,0.17100802912590818
71492,-1.5666444411841107,-1.3936350096247407,-0.1470420018848361,-0.024361173369596634
812,0.14753233600309665,0.2411853756573055,-0.5295864512934015,-1.6994111116663104
51852,1.1137291716353854,1.6224774537058704,-0.33516563328538035,0.003155538321244877
9132,0.8719353240413382,-1.027501812117843,-1.6626669593397732,-0.27416395376046837
48972,0.15509162546864438,1.7170999754942438,-0.5899310608944471,0.059601805831892715
13292,0.32274028347113526,0.14302838616581137,1.813084516476024,-0.02259491349957756
17252,-0.7540673083420997,1.0053521193304835,-0.49200714077029484,0.4278245704855345
12492,-0.6692265957463454,-0.9860645370932516,-0.1399097520582114,-0.20114233646314222
54132,-0.2828015283607475,-0.6341911711748588,-0.8923111043032723,1.7298499291941611
25772,-1.3487287921510738,0.41339138512397133,-0.5508550350259995,-0.025763606065989136
26452,1.4465957525630933,0.12834517382475422,1.8981057324519701,-0.5583880400066865
49372,0.9373348270192011,-0.8261693046902664,1.3722778029402072,-0.44958143186726524
74532,0.06537571057999876,-1.5614649394394784,1.3187797038402624,-1.4278268222821064
51172,-0.5495144633504243,-1.026775152593115,-1.1615742120196273,-1.7115199254576112
42412,-1.044306661953076,-0.2665397453696846,-1.0301944248526707,0.9805601737078955
44892,0.4262669734067223,-0.6007171164730388,-0.4407078962134721,-1.4266154800056043
46572,0.07365243856116671,-1.0541369763510098,-0.9639108834550043,0.758542623514197
16652,0.2877203439923427,0.8411567866315783,-0.06376902542223722,-1.177070644349924
77172,1.2424182536471795,-1.4535595869839586,0.38520209281169077,-0.31675235191746753
54892,-0.005917900460299205,-0.2440929810538455,-0.01111271650860816,0.49307990503760035
12132,-0.23654777990929562,-1.1159662226089417,0.5317629049263838,0.4987328581840059
63212,0.9918984797222153,0.5242977402188601,0.386847633036776,0.9322293842315926
67372,-0.43394359243430386,0.489476287589063,-1.8474048442562765,1.0233135424175945
50492,-0.9474873319906583,-0.052718797923377476,-0.3440820283204087,0.8143894976634896
75692,-0.10195658585873195,-0.6236828274585242,-1.104578051635374,-1.3309936770470858
40812,0.317258871142584,0.7595472524622982,1.2254582780499155,-0.29832200349031596
73572,0.07903710334796332,-1.0862301570566637,0.4536154828135525,0.5554892606322962
3132,1.999174550250462,-1.1950921905084408,-0.21209932180175972,1.9026033467946062
7292,-0.21560397020970648,-0.25038505272708683,-1.3381419206820173,-1.481442245703373
51892,0.07949303752851043,0.1508388702952803,-0.9076397861630369,0.14230818244304308
8052,0.6868014640671872,0.8606437964457071,0.17892520924476651,1.1838770259812048
71692,-1.758507380900751,-0.12612645351557342,1.5121660087488091,0.9816380616219801
45732,-0.17247256691614157,0.8593133578362884,2.2040755223788127,1.365445207062065
52932,1.3009873127823215,-2.4179800126583997,-0.8206790279546975,-1.513271644094597
8852,0.33435088931154294,-0.2131031141200652,0.7360675422945439,-0.8233203578520961
71372,0.3277145829340081,-0.9124432864805269,0.9711111939185438,-1.891826954441558
68532,0.4938137253229366,1.0981214074336056,-0.03984377498841177,0.5187331470892524
36732,0.7703610505420329,0.2547699984760229,-0.674855761946275,-1.1391549153293463
66612,-2.579100500280091,0.6341635797750752,-0.9234570548633324,0.11129775752072801
76852,-1.2188024411352105,0.10169814735954703,-0.8745317587785876,-0.0903004694446308
132,-0.4245628500312754,0.5355499761375527,0.14744623536032195,-1.0229065626653333
3972,-1.1272346264275614,-0.05230736727830678,0.7522151753458969,1.6305435288282977
7692,-1.6059740627955474,-0.18670054222126237,-0.1409815366111398,0.07623302950560099
8452,-0.16126562353418744,-0.5957485579748633,0.21203866545260167,-0.8631829353566748
10692,1.444071149134085,-0.661002926998525,0.5738910061785286,-0.5430053079515728
12612,-0.4294550844646845,-1.0467857932516245,-1.266285188884454,-1.6025476992298406
8172,0.47609035935685257,0.6380154011043376,-2.234383759984006,0.8363773871076149
61372,-0.6069502105610565,-1.3000170564942541,-0.8703249837814109,1.433265875345313
22412,-1.6725251389272238,-0.4936187619988579,0.6640471635096767,0.2393362247115252
66012,0.6547325007072756,0.5127042470505379,1.3612317530244515,-1.1354339451898299
25092,0.7981914800350065,0.6874326424744718,-2.0817430067716494,-2.042886221665827
69692,0.30609566245833575,-0.7566052796206221,0.38300775480143684,-1.7283204614199486
29252,-1.249054776117276,-0.8674395649376034,1.716330966132331,1.963534748492051
73852,-0.39068773080992314,-1.1513078276443183,1.497148307320186,0.0131046110552726
61332,-1.0375460422530152,-0.08509547329803437,-0.42732223849456036,0.7569985720022201
20692,1.2053069657693172,-0.7344784994640756,-0.5136140921904278,0.17324840053228333
41732,-0.14399628785492638,-0.6794465520266401,0.026265740581805523,0.20161368083304101
10092,-0.7995959438526294,-1.298616753692791,-0.015404708504113398,0.33672359096214705
45892,-1.26156401688032,0.35870350981664373,0.7411171877464123,-1.249328027080195
58692,-0.8738427341382674,-1.2064759420178863,1.7135214530238227,0.33542516209239964
38812,-0.44057654050230627,0.39862953182040917,0.7592373377819387,0.7842481615616299
32252,-1.0732167427682426,-0.7793847970643997,0.29080397003829794,0.40495507042930495
58372,0.46804148229394604,0.1099772356977074,-0.712986003865787,1.4609001159948913
62532,0.05248987171562806,0.8133773764170577,0.20091575878120882,1.265429254304471
26252,-0.9571810848710358,-1.0009773044351555,1.097163149633372,0.29426090200323485
26532,0.7762905199607689,1.2695433764021993,-0.14750113865950087,0.41644027500935393
48852,1.5394265243720322,0.6286695884269727,1.532233633618907,0.787369661320037
72052,-0.45777179279882513,0.5927701783997672,-0.7331353362101891,-1.7125855058343158
58012,-0.35670126841765587,-0.13045306699155482,0.6858041840272268,0.20767439434887872
42892,-0.30646208434005606,2.1421999711174555,-0.2391817905286596,-0.6536347685347382
34732,0.7507525930828343,-1.6017756349889662,0.4298090406739642,0.9670945915469624
55372,-0.35639739472076765,-1.4858575843932211,0.2617979779270226,0.0288950125832618
19092,0.3409834401133165,-0.6791890333688168,0.23450626212655015,-0.2591686881782125
53172,-0.40374948793685866,0.5737920582774555,-0.9786956595544535,-0.2781437804717682
19652,-0.49896226791605497,-0.4571645118346496,0.9976368242055513,-0.8938614131764573
27412,-1.808627152140428,0.9924767117369125,-0.9705926059112054,0.1466627032228096
72012,-0.10017982224036019,0.38934868532423367,-0.10513896383339172,-0.22726227118052986
1012,-0.6237175092401979,-0.022619434582372436,0.9847376944267596,0.26090607538367694
35732,0.10830309979846006,-0.11852103547422208,-0.5472652762190642,-0.08000127249058947
20412,0.0016870653544475839,1.2841522540446788,-1.8112784091393106,0.24987188103314625
3612,-0.0834395022961302,-1.0970928279306584,-0.7199623311789537,-0.4357860551650097
50532,-0.881729484899578,0.16470993163237674,0.24594603785107153,0.5467507014613805
48212,-0.1932970292603596,-1.2050662371800116,-1.141437572816634,0.8166761949382026
45772,-0.5462392235064054,-1.3929390670663857,-2.6460371724583984,-1.7794702531095752
52372,1.5924958934908933,0.29335222761737095,0.5348559521359215,-0.8349341604516988
18372,1.12015867144702,-2.3492375863133064,0.7833981466924194,0.8516716581856439
60692,-2.1108501992058213,0.12806138836623684,0.40259659089242505,1.686822033381931
24412,-0.5659803734161618,0.7574159720649464,1.4560165025045029,0.6192176718172122
36172,-0.6835271258896806,0.15182307276677162,1.1427740906360673,-0.07016224903929762
28572,1.3795681216504287,-0.5908596787965664,2.487260976914918,-1.532362687882132
36812,1.295686439654694,2.0042825280049006,0.04421775524264103,0.27477632199120355
61892,0.30564753088917096,1.1946131709161028,-0.9378927239752541,0.5343596739899114
36892,1.1027848929094914,-0.3118829716109108,-0.7249635661157892,0.7205957073699061
3532,-0.6693210454092973,0.046926370182307386,0.4357477591668037,0.10440933166788688
612,-0.4303591481830873,0.22993896262562272,-0.7330442332167157,-0.7122834344971385
45212,-0.4330680388738515,-0.006072120254850315,0.6454237850409728,-0.17420125717627985
4772,-0.23502255968097904,1.1479679497374842,0.3652199308184671,0.9707109889157522
4052,-0.32799517405007816,0.9220805659805162,0.26214929479470367,0.8528427297755319
8932,-0.8365544359122816,0.7646567233418254,0.011891909077586653,-2.36288041768914
53532,0.18887800235557867,1.5989168867830554,1.4124203549063616,-0.7155131838833737
30052,0.6731276447799213,-2.2377187439458903,0.4080002921740503,-0.3259492048664718
61092,0.9453468620010147,-0.9820573936304416,-1.1619206737145793,0.6389298232557437
61852,-0.6597969214763062,-0.06739840828190093,-0.598162052053703,0.49487437331047035
73692,-0.11881509593311833,-1.3046750911236393,-0.7776382151205209,-1.179093259766408
70172,-1.3408746938361056,-2.389009954270852,-2.2258235507317625,-0.8802147461750638
29732,1.0866597083235114,0.9538256766140997,1.3676489950416255,-0.751887070220711
74332,0.4937524405758506,1.3942858033669503,0.9056382970349405,-0.9377196453140006
33892,0.7524208737921477,-0.11084528153154814,0.6775440105519973,2.1136378662578985
21372,-0.7825383586987108,1.6852257020603683,-1.120337130038546,0.24507097999130575
48492,1.4399443506473362,0.8550699528246518,-0.24922798530360532,-0.11065615694912193
30692,-0.011723037130280476,-0.5506216595400418,0.0498298780192253,2.791391659284985
42212,0.32849584439878227,-1.977883963540317,-0.6339160649147576,-0.17200028125437747
46372,0.3109942109775872,-0.14641962473005637,0.7799103987993463,-0.11585026325631521
24572,1.0903926430317874,1.821598790262286,-1.6804440595588421,0.2730462629674307
58252,1.6028605487338983,0.18846521728492982,3.4416469012999897,0.48244036477887536
38892,0.7431145931286662,0.8755270449103683,0.8257462781404934,0.19698523063432646
18412,-0.9332720678683843,2.0483431352757764,1.9313288779651008,0.47060963316873444
66932,0.10438963162666155,0.42015955062525806,-0.7185820528977455,0.7882010900953866
63012,0.5972320377503662,0.2651078358782392,-1.3845179958828189,0.7226305348291521
25532,1.12088894512668,-0.9632937844261998,1.1223433415503548,0.12285749596704403
67172,-1.5560560997894104,-0.7378933749825951,-0.7889229054542607,1.58217892896914
71332,0.8035475370466556,-0.9114065700633552,-2.1429967223435153,-0.7061547775927502
57332,0.2911485191017746,0.7229510624013051,1.2035983398606704,0.6753373689967886
35052,0.15778869238378462,-0.014723561190612083,-0.5088998004426126,-0.8151049338629229
49492,-1.1622246971186803,-0.7243296449895503,-1.7517664441675043,1.0174839316750663
16012,-0.5290215031738503,1.1548200227854823,-0.6405054015781482,2.2882289523289163
47532,1.3596219377612564,-0.8665377581349705,1.0385842909985643,-0.7636712849142767
14332,0.02342724822504034,-0.0857501070990468,-0.0071060448339375585,0.6219440858165264
76092,0.25992340234829814,0.31529514056581454,-1.003698315963606,1.8336384416859197
55852,0.8005682070873593,0.16999053819086862,0.019667525414456467,-1.3395090333893094
