3205,-0.6044716370824041,1.7239723716599122,-1.3704076939913532,-0.12587467941837602
7365,1.3674898176480292,-0.6582439617419225,-0.7740424464920078,0.18650939370125924
51965,-2.5026039205936286,-0.13505069786639895,-0.37596718204528107,1.2252801927095416
5,1.241483478444744,0.04848874176941033,-0.44209439467197653,-0.15338574613959055
21645,-0.2708117647749094,2.381565863669148,-0.5626155965171608,-0.11724707906549182
60285,1.6161807368624015,-0.37229062023635706,0.25158230080185984,-0.38167891422628564
19845,-1.9674545319851238,-0.8565427395467178,-0.20843355436922179,1.0485587834113763
8205,0.16538271398833046,-1.2648067185331355,0.7595226839483699,-0.2845135100397984
21165,-2.328194041982033,1.221401870948971,-0.09473258099696238,2.2579728758190485
72805,0.4577549728821387,0.14457306810408324,1.2361491671205926,-0.714776493013091
47125,1.0171144321946006,-1.3046122757456118,-0.6321296736517172,0.7216832417527077
48965,-3.19003159309694,1.3771625322327758,0.5926772823298293,0.729074367416265
57285,-0.6499966035437323,-0.17591085185927607,-0.9451047776345963,-0.4600423002620443
44845,0.9242960310162075,-0.25010911540923475,-0.35655562231171795,-0.5338059879767254
55325,-0.7189676564124263,0.7456430624369914,-1.281075952014582,0.6279933436884049
5125,1.7309153741675254,1.398970277369181,0.32382341357747174,-0.5168577075908797
6765,-0.7675313953712164,-0.15540006375404963,0.5500381814470495,-0.9668678947656241
71605,-0.19569940328703042,-0.4632459615011432,0.46513685250890285,0.8242023107018088
32805,0.26301566994485526,1.2287447894742418,-1.5370803783937323,0.8401325235469356
5525,-0.7845473957539081,0.21021414457072132,0.7805610572115476,-0.7347180286391921
30805,0.22350658776282353,1.4359030367559567,-0.31572322613562237,-2.1734505183854815
54285,-0.2534921026531501,-0.7769557625490321,-1.1923033696083878,0.43453707428522403
10285,-0.38809704243027543,-0.5505836385651663,-0.9524811698201422,-0.5276001091065599
65885,1.3621836373259546,-1.583324838686765,1.3990281529903292,-0.008106869800472255
66765,-1.7706653460102342,0.9374293170850867,-0.7238083042854946,0.2241554557497624
44605,1.7228422071978209,0.7442659026073528,-0.49466308462700004,-0.720325376934944
70925,1.669227325414545,1.6243171156304457,1.1350762888167396,0.040267816619562406
28725,1.973331511659025,-0.8398470294713728,1.707877194576696,-1.3568700817886938
36925,-0.43744426045828594,0.06974635002094645,1.2122173945457837,0.9579874822964941
60085,0.9732654194346337,0.34313980886822243,-0.47697511401380954,0.7167981526373992
65605,-0.7266573443630285,-0.8107619098852342,-1.377238098256925,-0.13769225759015122
73805,-1.0187967057656713,1.0799840370846299,1.7133656545306966,-0.6131914580741702
37685,0.7574277142881491,-2.354376006802188,1.1816290808225212,-0.4879326153386789
28685,-0.4384921667115148,-0.877251126593616,-1.0115089528005141,-1.8663861261404553
48285,-1.4572289935456366,0.9867991922356786,-0.5091645153344775,-0.1855610447686455
56605,-0.6104420663580223,-1.8719940969773252,0.6959771179505778,-1.5616546477181368
10325,-0.11219209566085164,0.1468210165174445,0.26213108726152656,0.15300916531314812
60765,0.6399149634919776,-0.332988474385955,-0.9037380751867391,1.225204515928724
64925,-0.5278045156061029,-0.982407489008632,0.06140419205942017,0.13128089059744777
69085,-0.4207875724293196,-1.6566022826697213,2.229437276782817,-0.23394183917607325
28645,-0.25352277442453874,-0.9846922283090523,1.942036922141444,-1.179662867216211
73245,0.051253841927369474,0.8669144365968543,0.0957086736121919,-1.189376120816035
59485,-0.13787669532078195,1.0404667532296563,-0.16033198657409325,0.9055238948546357
63845,-1.2746380653435205,-0.529462195620711,0.2648633760718646,-0.5808733933859498
76845,2.4598548452249887,-0.3482703554968229,-0.7200356321923096,0.3475751882041102
36965,0.16812441165672137,0.36888772640991996,-1.5985389777643155,2.5321146509468475
17325,-2.1039653160216867,-0.30710314332364697,-2.137839400283805,-0.01252122710961549
61925,-0.8205042609011549,1.1079290679217826,-0.5641132513119206,-0.8251077670352236
65645,0.5156241486468203,0.3973469657087335,-0.4908625214218924,0.8096624746102599
47805,0.0060576642821572185,-0.42612873745935953,-0.09178547133515788,-0.6037914257494004
38125,-0.7758999152236814,-1.2518205035168288,-0.17353023604683684,0.2307584713389523
32885,-0.9722259689129121,0.46397779888315266,-0.10750751400792598,0.36431158968116234
73365,-1.4025609024279613,-1.194159669883265,0.29691229150223397,0.3984359826623543
50605,-0.5264558134008555,-0.9636129582937202,0.46811847020468383,-0.5907179681448207
30205,0.2999902047688733,0.12170871398836644,-0.02331924541377352,1.8029706244048431
54765,-1.3374758628991807,-2.1484127659155203,0.7099935215301721,0.6344262920711559
56885,-0.9773482361042656,-0.7862043943479002,0.4080680360693604,-0.16185260087322037
51325,0.1866167518345622,-1.9515177588210966,1.497397587676098,-0.6424470120243354
16405,-1.5489225749383235,0.5996197636027009,-0.8220042233481203,-0.9084947610770298
71405,0.5349723723602103,0.14766370721649144,0.9997780430654197,0.7758617372922861
59085,-0.518426647349221,2.7102352468404423,-0.9266971502095803,-0.23109830690339558
8325,0.5967317303531332,-0.026151146659210586,-0.06597917071472803,1.2679035198585538
54325,0.0943548320014217,-2.185198361105717,1.2962909027661491,-2.0175492977313847
16525,0.8251147172441583,-1.2357271564007593,-2.041938823687276,-1.9209724541413693
10605,-0.06265066668487008,0.22927285895129657,-0.13597391746753318,-1.176758307675343
40045,0.427087234055054,1.052310716064008,0.9402766346193265,0.15891827430937858
55445,1.2102224708245004,-0.2105380529011461,-0.16184865528845432,-0.775302648728676
32125,0.30109622942709885,1.6612571007989456,-0.7561395522154286,0.38071059869136664
53405,-0.731296459738036,0.8223640861190668,-1.5725405674195032,0.0041109231113480235
66245,-1.1111194310409451,-1.0898080504152161,-0.13250715158108517,0.8914599063552279
52925,1.4822678571797892,0.03468825352477903,-0.12080143773515249,-0.19859785375218378
57085,0.10393975436181484,0.3965930487346242,1.0743468126064637,-0.7553258427505111
30885,-0.49511655210004385,-0.9148062332794591,-0.6859009155218516,-0.512362818605634
25325,1.6553521522891348,0.265412679394784,-0.36778959093315466,2.1374717655758944
60485,0.3126423263002989,-0.5880312892881766,-0.9566554481259314,-2.544447338327353
76325,-0.7857560292696816,0.59515450322398,0.215132911519809,-0.7566226435566134
69805,1.1180325060568772,-0.9704607936940466,-0.8282522364611506,1.466863658611243
70685,-0.33728738852121043,-0.05207935636657474,0.49500895778312126,-0.7260261842917344
26805,0.5636728141937681,-1.8464502298572931,-0.7321286041858946,0.6117165241923782
13645,1.3845750695563217,0.5036923136704872,-1.6024255168582497,1.2930731201888397
58245,-0.846812793394605,-0.646201127970119,-0.9220960541536002,-1.2126239848971756
75725,-0.12405618788914767,-0.2589756879095617,0.5508392488613202,-0.47918354396944074
45245,-1.1364676086810392,-0.2680060508185279,0.74666485070237,-1.1245715207687335
49525,0.6637050930126887,-0.709373433109889,0.7766559065865076,0.7300231560124711
73925,-1.7381015417670025,-0.04998986581930312,-1.6757150648817791,-1.3035881828385703
55245,-0.3218323020214723,1.0254103489618631,0.4533167041757575,-0.39051606421133267
205,0.07321923019352977,0.20550756954977994,0.33676459017804705,0.18405716146238535
74445,0.5201504037159449,-1.317392864503147,-0.07019477375042821,-1.8132801519158706
71885,0.7977537721101376,1.3493715661378611,-0.8084890045354196,0.5556793305312879
8405,-1.9445500559844482,0.6656341158458324,0.8729674708692412,0.76840466307326
39765,-0.5352947190473399,0.17008059852305743,-0.46908583424787187,-0.5698170860466553
7645,1.7858599818094576,1.032042156510471,-0.831633599003361,0.48596924758488397
67805,0.10368802579189139,1.0800764211099374,0.18635411580065384,-0.5365657797186688
56405,-0.7288167266182716,-0.05728565502818977,-0.7154207151213442,0.2953900260550837
43045,0.9607416738091257,0.06936201291714705,-0.47243254519702377,1.1802291484364817
20125,-0.2534013250348995,0.5748352721057319,0.18560369306128788,1.7498604187347435
64725,0.9504107517403888,-0.10803272953649704,0.5810864646524362,0.05161972192347718
28445,-0.00623889323193418,-1.1910154412921905,0.5311673681058211,0.6356607030791053
65765,-0.2948122861296239,-1.909562728411628,-0.20855933232642432,1.2856517241028622
36765,-1.588596057452447,0.9323490472608086,1.2938098582485993,-0.36336343911250957
40925,0.5856720619224081,-0.4193618006569584,1.5082073999700567,-0.23628678971336334
485,-1.2074918860154857,0.0654991820155414,-1.4527081633748196,0.2947441122082802
63725,0.46570106479100953,0.4430591009423294,-0.6891705993708956,-0.6709603424515913
49245,-2.1866360998549097,1.2188591354837945,0.15174395516168934,0.2690908537852333
6525,-1.032266528105883,-0.7185431971936702,-1.1639899908658213,-0.2287569425399034
36525,0.7679310306008953,0.16581003370514008,0.9082752463819997,1.208637312445219
30965,-0.8075210188229613,-0.8313024166104056,1.206095595189033,0.9168738422211477
59645,1.438291764100609,1.184708227761097,-0.28590502262066775,0.2070272487143232
8445,-1.1815020470317965,0.015176339726199525,-0.6434833643243688,0.471417088164563
34005,0.37008585825372237,-0.2815624976497744,1.4440517979091663,0.6998517576068728
36565,0.39846174567849796,-0.3613695203134814,-1.3049660184715655,-0.8710295993199948
46245,-0.6643673728986732,-0.9092694565230003,-0.06599075551470708,2.1558087411655578
16645,0.160869097834241,0.7096158207353697,1.900507884316792,0.294948536912803
18285,1.5998805334415118,-0.669629610705807,-0.37528508672749866,-0.135355082944449
67045,2.445348161163347,-0.9696592291534857,-0.05930418579804028,1.2049150925141567
4365,-0.17397259282883312,1.3050567679018286,-1.0724016046200793,0.5427766748149052
35885,0.5048651415324084,-0.8864260025661574,1.613365889474242,0.03221315704531245
39085,-0.5815868686900313,0.8986945517285515,1.6328138696538015,-0.15157323573924084
53525,0.04212562185612787,0.6538593218363982,0.20149977332343086,0.7009642587212033
59885,-1.1789017330853506,-1.6358403352200477,1.4079522971771623,0.9674241281672381
61725,-0.646248099556797,-0.6406622122756821,-0.389334112286056,-0.33322287596346806
45445,-0.5410627460826388,0.5324963801524281,0.078703209130773,-0.7786902576468858
30485,-0.7811899263948444,-0.3338836769000828,-0.1661208757553266,-0.5547537970103824
59685,0.6018665988209226,-0.8027527704809118,0.6455441311297591,0.28554914137756227
44405,-0.042671110213364734,0.244714138953375,0.2818217807749513,1.4477378561665764
48565,-2.383435920163149,0.6124545710156739,-0.9402236204701105,1.250729716865772
67365,0.22402818043118392,1.382522873873448,-0.5453449235800542,1.837068160374655
57645,0.7563513230013532,-0.957207856791271,0.9079010304622426,-0.8438081822322806
19165,1.0310691622214987,1.048630097176228,-0.9888029833777062,1.258156091535889
65205,-0.6188580803251392,-0.5154327155532494,-0.848684267404656,1.0061728432589974
29885,-0.6345436303458802,-0.5141087393842849,0.9998371839104984,-0.12125502577912259
45365,0.8004078530578471,0.5524519108926847,1.0104354200273347,0.16541320087374717
71525,-1.002696867774385,-0.07136408889870323,0.7138015385553558,0.8885323567548131
25125,0.7740275532644657,1.6527955199771367,-1.2991853246419898,3.9199793394925595
43565,0.07197124516156479,1.381591261017813,0.7732110428344178,0.7675810453927083
63805,0.7398720750065786,1.152474062567499,0.12299734714774127,-0.9656939424791194
62005,0.8760119273255932,0.8567639020254559,-1.305552769702054,-2.271578049664234
18485,-0.8807919823521743,-0.23520294945810516,-1.5358486996913563,2.0059250889956437
58045,0.4370514403976152,0.27445055525395806,-0.5147390038625748,1.4533529292629266
24245,-0.34048629858306945,0.2638547913290582,-0.8025571456572219,0.5706465646396299
21765,2.9896176243966863,-0.05735507697056987,0.7681424886964447,0.24051164622163757
20805,-0.07005055148344494,-0.8150749665916892,0.7717177584484299,-0.6486596375839284
25925,-0.2518168127701275,0.707828599201566,0.6338323969571067,0.6625773410424818
61245,-0.5033023240216272,1.9369263560037036,0.15857747194533633,-1.1269009928411817
38405,-0.2840930213482789,0.07514426695708146,1.5020145843239077,-0.9241961735398732
59725,-1.1871211202071261,0.7780344997519234,1.102357364562298,-0.6567231774425192
2125,-1.319831505350338,-0.033495680197056836,1.656666513215136,0.1394224702384912
2445,0.3203572580854619,1.6490677115544883,-0.5322540374322983,-0.0867659998879129
46725,-0.883601256118247,-0.22059320482929334,-0.5138137066603525,-0.015753267415175885
50885,-0.6985166218928186,-0.6433658905276062,-1.6129650887051932,0.42366592832840083
55045,-0.7101614870591987,0.07193099324291688,-0.7239977419769595,-0.5748457908166548
37205,-1.4080497907262215,-1.6280097029381388,0.40129547887129724,0.18789654882434978
63365,0.6579525173649196,1.23232253622233,1.1492613799093077,-1.3233677710934366
45405,1.112320632105769,0.12505003497666545,1.8051911434668382,1.7086538722162208
37605,-0.01700928085827699,0.4274295962417023,1.0666123580178768,0.5976992893846551
43725,-0.2643198869408247,1.4997228374696128,-0.8096971897812982,-1.4085390820603811
12645,0.8264976349454325,-0.9844424174633969,-0.2494907992967398,0.29695183004161574
15765,1.1589944207504614,0.49441336589125917,-1.3928133990762475,-0.15779329918681093
125,0.5449159159811842,0.40535545870035156,-0.052351515744501725,-0.46504882615941695
365,0.4357547492758082,-0.29810552618067293,-0.547936025176688,-0.6335235227338571
28245,1.2801288438280867,-1.021779354510171,0.4594742728737999,0.22855290291385794
47165,-0.6541487737875435,0.8780835929935908,1.3244415478912954,1.6936523176311424
32405,-1.1625967326296107,0.5928431607318266,0.09310655105399486,-0.8060151503367953
965,0.4840595106515966,-0.9678897975017157,0.04586281349635832,1.0803513041579325
70005,0.39530320413442394,1.043334820080677,-0.05269264641791993,0.4542209582882471
44885,-0.8450824254033805,0.03244794952755714,1.8801123009436165,-0.21464336908647433
9045,-1.1932577043283583,0.573588734387704,0.6625779105780124,0.466612616009091
16925,1.6067684868208274,-0.30380934212993843,-0.28038045662557515,0.5821694849212965
47485,0.5081544259924923,0.5059700410798385,-0.07407832077022666,1.978831158523046
61525,-1.5165119923583743,-1.0695189215082825,-0.5325902822997798,2.7071204522219867
10645,1.0522802217655565,-0.7158497397467615,-1.5164562478052188,-0.7684800855820547
65685,0.6024939798128376,-0.996278376145581,1.1121641510645153,-0.41259955298060186
74005,2.161134547414681,-0.4255018502153601,0.0758828817999457,-0.3639249631870786
24965,0.32589901591934534,0.1540331518288214,-1.2721515303599,0.018902328419618277
46045,-0.40326131056947656,-1.118943130838043,-0.5472910882725982,-0.8267541916244662
5605,0.732326559145289,-0.6698399662609569,-1.0559486000222347,0.6216879076577155
50205,1.2493423630918703,-0.9689275162638309,1.043361565295708,0.7494364066401709
12685,-0.5866369446625985,0.5088493603619622,-0.5973922326675049,0.3915350946035139
54365,-0.9738112307544137,-0.8394054322875093,-1.3421700982755067,1.3257653646582344
9965,1.370540351706074,-0.8791058620778618,-0.14850203559185607,-0.3976791064565938
58525,-0.5553659530819488,0.6199113801374999,-0.9032156797420424,-0.8975331576761375
62685,-1.0309710076194405,-0.1919211033665504,-0.14978665572280236,0.5253146771406794
40565,-0.6030138406148793,0.9887376369346412,0.06671169484058403,1.221500582313389
66845,-0.0388027138662403,-0.7910371332505013,0.11201164421100132,1.57740167926254
41365,0.9011551510527156,0.2199795507958813,0.696381845051902,0.032304675783863736
75165,-0.8851619990561485,0.38460149995627235,-0.4099936605666582,0.41312563256244766
34725,0.3064304637685861,-0.9780598444259313,0.417543267549443,-0.2563656888895384
54245,-1.7063683678507082,0.9944375462504244,0.49908775890974255,0.8530176647003092
70045,-0.8522291066365685,0.6861904645196146,-0.699271330169856,0.38968886027394245
70725,-1.96212339281112,0.573127778345741,2.9241866485947154,-1.0090998681565746
10925,-1.0262691582952947,1.5904147987776156,-0.17796266634009678,0.9766759676149972
55525,0.6130120042850425,0.8466335503859533,1.7299877473545258,1.390695240355122
6565,-0.2784205134316224,0.12768291382094762,-0.8743202122932464,-1.1076173355662275
68005,-0.7757926822842526,1.6657264873339424,-0.4006945447559514,0.3090231772196433
31725,1.1594121643115252,0.20682902896502975,-1.5947830649711536,1.0868853372720648
4525,-0.5548733620857208,-0.3580064063796987,1.4272673799230773,0.037933344925860694
8605,-0.617052968926957,-1.2428228406075739,-1.1869796266932462,-0.28256655761927474
48365,-1.7106884911104128,-0.15295858569684126,1.1736563735673589,-1.2502198277487773
63925,1.157163996710785,-1.0219515650517832,-0.2990932195526322,0.168473638667425
16245,1.9752943885304068,0.9117069688002312,-1.743639623447032,-1.3293900623762096
42085,0.09021478232577337,-1.2985261265857568,1.4547283195126477,-0.5295364406179209
20925,0.14277516076645067,-1.454153835003098,-0.12783960171066977,0.7768629363165354
64245,0.5317184097384288,-1.8158954556192641,0.42033965388619304,-0.4133364643335944
41205,2.017637074167558,1.8802343607089016,-0.4829130938515547,0.506149829780989
17725,-0.9759158422674816,-0.6533506350319027,0.6146663247024202,0.23655907330199655
29125,-1.6789676553470885,0.5975012628642491,0.07046716233629888,2.048869562762779
9085,-0.020768191266880707,0.31960350543947996,0.8929615923380961,-0.8061043610609668
13245,-0.6255095884721281,-0.009809525271294495,0.5868917056553992,0.5202848526273782
57845,0.04414997630521367,0.20157218975608912,1.6362757251577897,-0.9492255705517244
10805,0.8954142800510632,-1.2583113588503307,0.4578774747872613,0.960027566411209
27085,0.13113357065521467,-1.883244029878026,0.7271844767169019,0.3416928352418851
74325,0.9786742570482627,1.4854297582350613,1.2004452088129776,0.03454203767414303
12365,0.20425031239834657,1.1742346034716522,-0.14608579012117986,-0.6701647762327491
70325,-2.531240434551182,1.4817980764738434,1.831152212688398,-1.1915764518336367
34045,-0.5369221990107347,0.017016824494275645,0.8388423975263031,0.5933618502639346
66005,0.008140681937939096,1.3593451026304033,0.9608621596126076,-0.1498870514246999
69565,1.1782158303349537,-0.40341625642648715,-0.8969761662192742,1.3407660661993046
6085,0.7711433692400695,-0.5646260691699815,-0.8416687150731006,0.0700102603130359
10245,-0.6276615620873943,-1.0520982710504598,-0.8741904763114926,0.6583191202724931
2525,0.760396441647216,0.7353690208512915,-0.1282177342929942,0.2772368671691043
62885,-1.1024188797761643,1.1354711265827988,-0.9695062026834151,-0.5212628164707677
63165,-0.23985640686349002,-1.5160744455436868,-0.982194534250664,-0.20886161021335506
22725,-0.5186302067569165,-0.4149660176882163,-0.2494012381322405,2.9670814331819826
10725,-1.0888898984073994,1.885043511757005,0.20371556420971357,-0.5469027982483301
14365,0.24651184812616694,0.2104193477225432,-0.8198104907611339,0.009163747289925231
3085,0.5358954434402464,1.0658095498403128,-0.3882730912782188,0.4725485307565055
70125,1.9979091428240512,0.6541175264221033,-1.4279285563470279,-0.14349412225618663
47685,1.2807083978968647,0.27269042322542864,-0.3547433293786649,-2.6547666702184856
62205,1.0502146096543532,0.3036796737546009,-1.7099175268907805,-0.3011502465977729
51245,0.20595302107682156,-0.12817926983516298,-1.069019222982372,-0.7298314704729614
27125,1.606008057917884,0.8699604841632524,-0.2512161577755712,0.12562855043421517
69685,-0.4633493672319598,-0.6586287119601356,0.8492006589366164,-0.7845949577898029
72645,1.1965821986068383,-0.4833382160948314,0.7066454558601806,-1.019240948102829
76805,0.04834526230492745,0.0937685922832393,0.010844224881670287,-0.17192048294114587
35325,0.5398606176893288,1.6374904286549947,-0.7301512390693099,0.038432300189383116
85,0.5112419444438004,-0.663429192801305,-0.9934445826367363,0.8127161919300863
71765,0.1828423284730586,1.7212853261942325,-0.11753056135550577,0.6700484636021553
13765,0.5384684831757347,0.8845341601521646,-2.352219123609571,-0.882346468012778
32205,0.48991562061735655,-0.9318993618297481,0.008337122258568076,0.14456322382851056
33285,0.34577475925667583,0.0007111313129242805,1.187720086537284,0.5380035912612847
21005,0.05928304974270776,-1.1862505179360407,0.2825428063114628,1.2901972719404908
25005,-0.17029075344090092,-0.04211227203501229,-0.727321506920982,0.5072081250279569
59565,-0.04106627138037729,-1.3037721865185201,-1.522861784687068,-2.255201442570326
55285,1.1114270038425291,0.0965854132815781,0.3735395313323638,-0.41059684784405315
29205,-0.44641633535718467,0.39328941705921056,0.9587217184534138,-1.092960006761662
58325,-0.16270078954439668,0.7825619670853424,0.39306223690297787,-0.8999093071499404
6685,-0.06451108160061078,-1.9738977662550643,-0.29313959738897094,0.731042172806846
40525,-1.3797713905211797,0.2032900750137006,-0.07446043051034544,-1.4175457361920647
75525,-1.570668234732895,1.1389364921284324,1.607411402190672,0.4005788993124626
70805,-1.895107663486496,-1.4309349216819365,1.3257217567052515,-0.18202261840208384
34525,-1.688450053858553,1.2097117047097834,0.3270394679137461,-0.2946028655302368
7805,2.6923939659965423,-0.8432380614534745,-0.10523602122926128,1.0411124335630482
14885,0.648135716907132,0.7444191432930862,-0.8310787700849832,-1.176429165596107
42845,0.45484440605267495,-0.5274454589983524,1.0868691135764441,1.3479041733267068
33325,3.1678640278469086,1.1156061739395682,0.48328349163943135,-0.8230344519001791
63125,1.9775910455973293,-2.236010505896806,-0.7303040369586368,0.8697512508132339
28765,-2.071939662693129,-0.0997079663043815,-0.599811312998692,0.09928161491639996
72245,-0.009821376103911402,-0.4506939696700407,1.2639532896188124,-0.967451852233574
67285,0.26292842519307724,-0.86356827268458,0.6341034535875802,1.9461052777665613
70205,0.023755127334048356,1.2743439021025038,0.8428086594709667,0.09844724297536685
2485,-1.520071570547656,1.1009600415711722,1.7368992967817536,-1.7350410448699125
16045,0.36755890120070434,-0.21563449464256385,1.5042358874086028,-0.0483941323691037
57925,-0.653216042374283,0.28849857503800325,0.8887979004251151,1.055259409779886
11365,0.06983084442527979,-1.3104787211077424,0.019759152370722417,-1.1324212154823612
73125,2.0414879796752965,0.9102072636114175,-0.8703802485672769,-0.3768747445461236
36845,-0.7250776217479462,-1.3084935024613245,-0.6740895995254625,-0.8162582564238277
35405,-0.6250262163383709,-0.23183796096627807,-0.7914289798839257,1.5646348386341837
63245,-0.9089663988024488,1.551165514988725,0.2098441844648561,0.7671576359166855
17805,-2.6609557960919896,0.5367730356055614,0.9358179171835411,-1.2991936743123567
2645,-1.6140036285034955,0.4247060598246688,-0.5309944672241554,-1.4579801437656137
65965,-0.22435747110680718,1.5889143066498463,-0.6078323525320724,0.49208692971723733
64085,-0.09854365896769111,-0.05381285261304,0.3405042923495535,-1.0727863365194807
22325,-1.0725423632063678,-0.5516252784854345,1.4961641068634868,0.6333934977695552
10845,-0.9427140564033978,0.45529532461356453,-0.7751665064286136,1.7040153394820985
68725,0.35373747935028366,-0.4956480657904273,-0.5370509629975806,1.6857517477583226
47205,-0.051788944135063644,-1.1392673487117364,0.8482541519815935,-0.49778398926443596
46325,-0.43124177533603575,0.47926806275998085,-0.3105228273955887,-0.9128825449817172
60005,1.0577682864760731,0.4120876417421311,1.2342176909504738,-0.4008562929744562
22525,0.00509742509929343,-1.7544818233349728,0.7970033110157433,-1.3200541893453108
17005,-1.1773749662155641,1.2039972835602357,-0.5144050563286463,-1.1037805617640362
51645,1.1538617074118536,-0.7457670061838624,-0.9919386243694887,0.32974412754598986
70245,-0.6133147503414469,0.9513429763688563,-0.41352551381065417,1.4079937310496342
35005,1.6153816949630775,0.2812280561232884,0.41669949212767915,-0.5599501834937486
25205,0.9256004614028928,0.9826306243216111,-1.6276537496992172,-0.2902472861267683
7045,2.2277839580732026,1.1010754865064103,-0.31629205119632486,-0.25733915592158846
11205,-1.2418644596174304,-1.2475772364806428,1.038754159898594,1.4474590731960253
55805,-0.6151458253759997,-0.3852563728957687,-0.20725857681366244,-0.9236010951707865
15365,-1.6090141959874416,0.4036589635257554,-1.7623477068029914,-0.02805509456824373
53885,-0.06559575431463271,-0.20652286513510903,-0.019004999865170825,1.6774683341531402
61205,-2.4215712526171163,-1.2938619659311936,0.7175685788797811,-0.6867651331399917
68285,-1.3242580511362143,-1.0304688253655163,0.8860753090711834,-0.8988345814479272
30245,0.1643079184586727,-0.3183620367372007,0.37652308738383683,1.4996764949573702
41605,1.2521880144510518,-0.8598301127428863,-0.9311796455065765,-0.3800312325221411
40485,0.4728081271402486,0.6115695695558544,0.8586571188383602,-1.8829656023660042
49805,-0.928062068508138,-0.8040428653292787,0.6027222333679605,-1.8231837086882878
55405,0.048270734371887974,-0.9500609053414937,0.7189259347908057,0.9591775710358544
27285,-0.8917108072354042,0.42256050997024813,-0.05915925388695845,-0.5253455515684912
73725,-0.2607417779679131,1.1047403858821296,0.05650806808726487,1.1055919396578222
33165,-0.6895418743188835,1.0340787266301539,0.6547398187532667,-1.5879655071044183
1045,-2.710992063173291,1.0170110648190147,0.2829158952591988,1.2134427934274692
76445,-0.3548667751885902,0.3279464555878387,0.4285421899256331,0.8613287897920017
39365,-1.2728982838823122,-0.0269339620017027,0.5940561126390452,1.3085786197375704
9365,0.1486342647255868,0.8002095003577682,0.7343254882524686,0.46534614641967
74405,-0.04630248691072997,0.11325976591381182,-0.27477709789011523,-0.8358548537308742
21845,0.5935566634446253,-0.5072760699092499,1.0432211957076536,-1.55072006174161
31525,-1.634740570252462,-0.07133500941156294,-1.2787463663067686,0.27244725834978356
66445,-2.572530279689022,-0.507797142405318,1.0593401109703744,0.22048708776554124
17285,0.9919444248391074,-0.846941599122146,-0.6710971964419873,1.4062730707068263
70605,0.9781044898733035,-0.473442014302977,-1.8743039263534382,1.939850011315878
58925,0.13863985454776925,-0.9216022089637949,2.034990004083567,0.03337840385286387
34325,1.250481880754508,0.4012076209453844,0.41185894771202314,-0.7867639747055599
72365,1.3520346571072037,0.08262289845261053,-2.5894241394751782,-0.6883552890025811
43805,-0.39381124364292897,-1.8275697016344983,-1.0008163840571853,0.08772178556316543
26205,0.389202782306852,1.0615970947594437,0.902266168883106,0.5734358395953296
12445,1.246096235653305,-0.4663348821494059,-0.22879045046044466,0.7440018409291834
10525,0.6278396904417922,-2.2552797790690984,-1.1797176740405821,-1.474546917431546
8885,0.5181702095070644,-1.0713263744755324,-0.1649532971705476,-1.76758319127519
44645,0.5962124693336579,-0.23377065166751576,0.5728310662969468,-0.4917951408345095
59285,-0.7394079196470241,-0.8577458200141673,-0.6139232862707248,-0.1544443729937539
63085,-0.5698515490220409,-2.5261387357696865,0.08898318198924318,1.192891355502503
67605,1.516528191487203,-0.5107359795651635,0.7647779015435326,0.6865402392702122
17085,-0.8652261860188061,-1.275147257188964,-0.52776269955778,-0.16323152541985403
31325,-0.003708146206789503,-1.0611498127525558,0.4257667300846507,0.6529531295866707
17525,-1.1970783006512358,0.934634543750038,0.6068080196007742,0.20246721370936696
45765,0.5712521647732579,0.7550435738469538,-0.33295619288201517,-0.7217466494033402
52125,0.1941788478111161,-0.5441012111215391,-0.5292576046596442,-0.0038794483440757832
56285,-0.18457111660126194,0.6121736607993737,-1.3907181734853908,-0.09139784323183389
53965,-0.007421303184643519,-0.9679088458644116,1.1155977685596432,-0.5492363900606924
37325,-0.9963761925583817,-0.7843892231722013,2.724934725413408,-1.3409182378606668
725,-1.1668391261584183,0.12737991924574257,-0.10599491354400133,-0.2542134623523254
44965,0.04551758807965001,0.5920199054860129,0.3837486428659249,-0.4282312267241362
8685,0.11255437276802395,1.20820857654831,0.18108605121383495,-0.5448287892555987
39645,0.5413632135712209,1.52994489386262,-1.9527417661196658,0.527812364872895
5925,0.5411128158158002,-1.8755477850364768,1.0112974100254202,-1.1925359006875071
57125,0.4303861073734747,0.7256829561702822,-2.8939556603274106,-1.4106566897057815
75565,0.5262446143027711,0.30238376382273,0.11657223929530977,0.35835821224388137
27365,-0.38337701571966093,-1.4667745713707154,-0.3614856640544995,0.23720823764664817
24445,0.39886516868129857,1.2102102545516698,-0.34314629739903674,-0.3570662399508687
44565,0.14937935960745646,0.8188218725554113,1.7771281361848805,0.11001029802189984
1525,-0.22735939692653379,0.47502684846931564,-0.7444037363217867,-1.0876940498139371
76525,-0.8627425578471152,-0.9682314062714787,0.0788436423998192,-1.3486164725559124
71805,-0.3662345061780243,0.44482653770712693,0.30759530981444116,-1.479014270426099
14005,1.027828325405594,1.23798017769804,0.4188914568065693,1.339487097108985
13045,-1.3342310754835311,0.10162797304769214,1.1467384723606275,-0.6446349581132784
30645,-1.837380828010259,0.4570628738553852,0.2332514061109373,-0.3922191399122122
34805,1.1190744444303637,1.0196338456529004,-1.7048416317855146,-0.5476232246379262
74605,-0.16621275867230725,1.0886808717453933,0.5640230785379428,0.10675159792474473
72445,0.16453920406175662,0.39635022509848583,0.604696910424152,1.1443771063030739
76245,0.9191881983480423,-1.3329599967858625,0.8059869968568586,0.7539177417108892
37485,0.7405498018556702,0.3773617136984892,-1.3694659226260821,1.272980870093527
6845,-0.010650699280411305,0.7792316114255045,-0.6498244053883597,-0.6084941964340075
9525,-0.11069604561129102,0.36864123447527647,-0.7505719734153328,0.4435221821994087
60165,-0.15972776973052175,-0.3810613307691853,0.0375695868089209,-0.11305775014991427
68085,1.2781594580347715,0.5863058057838283,-0.36503060735307974,-0.2545956010678252
58125,-0.7670013361942256,-0.5749272574027611,-0.22977972520546203,-2.4036744450800245
76405,-0.05387780280439344,-0.5891354475194973,0.13653432137134602,-0.44943896314754556
13685,0.14767117780080358,0.1758795451515648,1.3348434711468158,0.8351876050858998
44285,1.129308826114608,-0.25580300374036835,0.02902128366664191,-0.25140299837252805
35605,1.538020845909429,0.033660206484922454,-0.6632859443381659,1.3262953628925003
52605,-0.07704053251514469,-2.3406965749873683,1.0541951593308605,0.32821120435122764
73765,-2.233972921620145,-0.5309287495253068,-2.796349841897708,-0.7997647980531531
44325,-0.4185076292362304,-0.6181023926955973,0.19522607113670834,0.21627177169790637
33565,1.8338180121503478,0.9474130867843328,1.2491323806324237,-1.598234775110311
69765,1.0378511107435426,1.6751477739468892,1.014449138454393,-2.6139156010376
28805,-0.16546722062777244,-1.4256294840980863,-1.140523160658109,-1.0214602905902734
73405,0.32010128474952815,-0.8927586772343532,0.8916793396395563,0.3206192552140516
37125,0.5062014130880894,-0.08125049451213075,-1.0099654157700773,0.44290714933027386
21285,-0.4798190359798938,0.5512939113298905,-1.0496711544529793,2.4310704584108
41285,-0.35634793343125387,0.6934480350037835,1.0583360735651597,0.7100848171986297
5005,-1.793724874956787,-1.2991541343681783,1.4156150239395902,-0.06254577832119639
26765,-1.3740693843385554,-1.6873025719358214,1.5649202769282997,-0.6154037958568791
13325,-0.5300517805341722,0.9547170090050927,-0.47487618032962947,1.0967362809239838
60205,-0.7898549298615138,1.2134130524242224,-0.6289340001121789,-0.4366376644915877
23005,0.3519124393621283,-0.5582670419420294,-2.039362775654313,-0.08103014674807837
62085,-1.1557445548827843,0.15439040498728782,0.4012634345534635,-1.2825927717802776
44085,-0.031691972800733964,0.2547207379022889,-0.2659953080954058,0.17333249834364234
70405,-1.9348763108995004,2.1549831468368223,-2.19979544198374,-0.601332634206778
68405,-1.4568481519160636,-0.21316445306648557,-1.3541709825504993,-0.5537821788291266
34125,1.229231227108849,0.5629219343323473,-0.27043405321031133,-0.5370922404205392
57325,-1.5422290240373806,-0.34532755853307384,1.2549720831847144,-0.5568553956470118
2965,-0.03272248773074495,0.14034201596268142,0.22107564727215392,0.1695380705042129
6165,1.2651367606609134,-0.5762199926391988,-0.4730416315621623,-0.8276183903511805
56125,-1.0641891366652496,-0.4965984321820247,1.0956791264837,1.0937557706393033
6965,-0.4464001356537717,1.6755386678326143,0.12595081868268831,-0.29227642436592144
14485,-0.6425507134582823,-1.4167991500084267,-0.4946319752518505,-0.4663152555046771
46645,0.9841080332718793,0.9364103944156617,-0.8710851051421954,1.147105446489911
13125,-0.41523056417080545,0.6030518348955355,-1.1726715413206117,-0.9925616956697054
67405,0.9276932850535858,-0.07117420320088375,-0.9988163790226591,0.251542479165102
11885,1.251141724907963,0.9982755599867658,3.449021861639244,-0.35802879755328404
31125,-0.29835793516994324,-0.16565036443461303,1.8666011702950465,-1.3323857335673295
35285,0.56574079699103,-1.6653790270543762,-1.6675735514909413,1.165928585449337
39445,-0.807587013343453,0.7255965733587857,0.6788896748007599,2.5512607376960794
41805,0.10483113329351762,-1.2698342021729865,1.9562088274900413,-1.3168812163522672
43605,0.5942789868131352,-0.6651714566445792,0.6720995360469483,-0.8907161580973498
67725,-0.7946754548126786,-0.2473686650222113,0.6020260294574858,0.9743753094904624
11485,0.020143791551484637,-0.8792632385764217,0.29625512232888146,0.21598824712064837
60245,-0.8276472068832045,-1.0508824734162685,-0.8196630629483022,-0.031089785383547817
19805,0.27865881967571454,0.2894356833916421,-0.6493487675481305,-1.260060102260028
68565,0.7069269383420036,1.0125212663789696,-0.011416197231800715,-0.8288592143650324
27485,-0.5668737625223611,-2.1304427201477116,-1.0475613917688622,0.8620862388057983
72165,1.3630418809714764,0.4130532585949626,-1.0119226309317944,-0.15378000682536735
66605,0.5148093333621622,1.7069094788594856,0.08288268075284694,0.09301750455328449
48925,0.7429785999279139,-2.594338726171964,1.2054971427168404,-0.222162941277432
35685,1.5229765059605511,-1.9453922347627448,0.5347492385389836,-0.43397936457173286
61405,1.1007173668086074,-0.433717500152717,1.3085139380495692,0.5762185854611637
13165,-0.8477423103894465,-1.433465301878731,2.0790569098068117,0.046959784007750846
69725,1.2498685050523606,0.17651743574720777,-3.012929487888323,-0.7429179832653486
45885,-1.345176878895198,1.9988294622423672,-1.251050995432829,0.1353048453148577
73885,0.04992210876545991,0.372606929165612,0.38889989449579293,0.18512779348699313
33445,-0.8119576008970859,-0.4403359357044094,-1.1641637140837764,0.6238497171201746
21365,-0.2479097833594968,0.08605383565838674,-0.7214435858262184,-0.7819289726041956
45925,0.9020588539068704,1.4690423648043895,1.046521672244162,-0.32130413547878217
13805,0.03234748388189518,1.36370552111983,1.3145787804046791,-0.20206795023985868
34765,-1.240655538239827,1.2885101215450687,-0.6990112748537309,-0.813800312619021
70525,-0.11544530424542726,0.4659467239837169,1.0189139147482584,0.2736045260609644
75925,0.9290315880188862,2.347801036872076,-1.06076505538179,0.5569322202527985
26285,-1.2380988114556473,-2.029925960627221,-2.9977714207848294,-0.7195602979590758
19005,0.4633847704208173,1.2667983125039728,0.5190092944217559,1.161159453464497
68485,0.4600962543032555,0.664134977505385,-0.8018095118135089,-0.05939122725881289
42925,1.5703918703085347,0.5374426413468317,-0.7584696273576367,0.8247850967298402
66965,1.4264859129271434,1.2768748817065962,-0.310385887685475,0.6662157913711464
6645,-0.4129687772425393,-0.9006244309870087,0.4229286409176552,-0.2605924275576333
73485,1.2830372424091878,-1.0070301489927664,-0.8777470758447545,0.11891600435784382
56205,0.08328859109324113,0.17661493729678024,0.34993091934753184,0.466495315300216
39405,-0.9092438703981068,0.5145559851093482,-1.5527730988826167,-1.4912398920353636
19125,-2.148445777311942,0.8402774937150994,-1.0405421723650812,1.2134301272772132
27445,-1.6957404551759312,0.7307874410996155,-0.33701602225907024,-0.19236689626782807
31605,0.7257324247955754,0.8782836381900925,0.11339349121344203,-0.9250567336703693
76205,-1.018287117858038,-0.27403790459721517,-1.5281293282853283,-0.9708028616038707
41885,-1.0289967091409713,-0.07544742503988298,-0.17265929766608895,-0.8236072001290784
54085,-0.6681721106337387,-2.7660539137649742,-0.20976959189251754,-0.30200140135764203
11965,-1.5079360642734732,0.758696084152703,1.084809536803478,-0.17066594361642212
20285,0.6048669418463571,0.7948556008065878,-0.3073711794221095,-1.156980232238328
64885,-0.9734245695253531,-0.6383343266926407,-1.6208675608089054,0.4986733725439279
22565,0.13898705359402552,0.4633590611328224,-1.6171498969160318,-0.3691133474209484
69045,0.6612326746270943,1.3983977291798062,-1.1962141510942415,-1.3218539114181964
41005,-0.24439343280961204,0.5448447384433464,0.05464729039797122,1.2800305301925978
73205,0.07966775088385226,0.22458815649063804,1.0794835328729213,-0.84618963440164
28965,-0.20315251889939992,0.044275612004341026,0.025115321106151563,2.686140760117912
27565,-1.08596331915401,-0.07770825603686977,1.4606527380691023,1.714825595330598
2205,-0.9575234089605562,0.7171828229319556,-0.11357551176916124,0.14054972728440637
645,0.0018625377925185344,0.2084206702147344,-0.0716527150573976,0.2273425615646941
4805,-0.1169892157989947,-0.36732112729468847,-0.1054849112473825,-0.6754396253430447
49405,0.8012618828768966,0.11593804672348688,-1.4808284830920126,-0.6760066530813765
8965,1.5196439027346018,1.0732666368295316,1.4941021165274548,-1.2289584734859322
25525,-0.6192331528761553,1.0177664855007411,0.29009088992597853,-0.5465153264024123
26725,1.0782212994044358,-1.9196494777798843,-0.3796024188037128,1.8677999771093279
57725,0.4588001771047452,0.14927836072885667,0.110925655342353,-0.6122462123356068
45165,-1.3857602928321668,0.32804031231650654,-1.7742605960974902,-0.6756995111043408
63605,0.6615581774035424,1.011875575734423,-0.8117045186078842,-0.22711498856075682
66045,0.37372331457778374,-1.2493426622647341,1.45275397345629,-1.5418025986784736
25605,0.6495696765742827,-0.24820820651946662,-0.5322227061439916,-0.4909553628853388
23485,-0.14633064040619567,0.7940929641243659,-0.18501748056879622,1.4269273764861221
52725,0.2103446451932534,0.7411671128252921,0.9442061749130991,-0.01690266691036939
33925,1.4265024812730804,-1.0824550781843167,1.9768259033074316,-0.2258256525313561
62405,-0.10070582818210273,-0.05586459929579216,-0.009027402309191334,0.6669883045785903
75485,0.6694566557826244,-0.1222633808339559,-1.4899620846878805,-0.20257015653456145
50565,0.9157204539402711,0.10079677536559752,0.1461574155920456,0.230244915609637
18445,0.5178648809811758,1.2533012010317788,0.6945363979273611,3.6116126996805153
60365,-0.5544287034561016,-0.4700807276585138,-0.08661777075901089,0.06969976584929666
62285,0.5834557062111866,-0.869500313917902,0.4185361855766849,-0.01617286618655486
67205,-1.19691530566385,0.6126734075420991,-0.9021380522223185,0.24692404194930148
76685,0.5319421993787042,-1.14494410765841,-0.5532887841055812,0.8062844178019981
35085,-1.4674739869553237,-1.003006792462781,-0.451177192809107,0.41960250333673793
17365,0.37809030234487195,-0.029597681611239907,0.7650833762351644,1.3155169827620452
39245,-2.8152587264391657,1.3843375457765337,0.003259038748965188,-1.5204592334321485
26965,0.009681232336711434,1.744353251821458,2.055636606712452,-0.07065808707059251
43405,0.6798418062868216,1.0395296839009753,0.027779935630405397,1.7910127842355146
47565,-0.898228463104227,-0.24818423722723146,-0.9504295759107477,1.0275097996167653
35805,0.03750759947312549,-1.0118992856548004,-0.44531826823570214,-0.6876732062222118
55885,-0.5561439096806893,-1.3143710587879918,-1.4576938646948638,-0.7911031322419182
41125,-0.40830541138851717,-2.181051155735801,0.9114747070632054,-0.7862344598064831
19605,-0.5117466644135023,-0.9835961956304811,-0.4745094376262941,-0.3084158832388075
11245,-0.6319834153966027,-1.1306504854185284,0.37214312645759023,-0.7242150170474417
47405,0.2684705480900859,-2.6047179570601307,1.3492730011859069,-1.1733140972736606
68365,0.9869052220325152,0.5880820811482024,-0.6004418780099403,-0.33643320588454
44005,-2.1436422679842466,0.3685057778221507,-0.5915237218730469,0.984138941091055
32085,-0.6747029436683256,0.36855105983798625,1.3968690635641907,-0.5567235117833567
36245,-0.007808986626765452,1.4215976696985182,-1.629422134943669,-1.0297092440826763
52165,0.8499649207520489,-1.411201867258895,0.3007612062547237,1.7838116953806156
75365,-1.1956098891377653,-0.08056202826694027,-0.7353712313083668,0.22833122775428522
72685,-0.41735609804227364,0.8765772709312183,0.15081996722418653,1.0230933538142333
45565,0.757133406826557,0.38009035262157315,-0.38962307532037094,-0.9570864332917048
52885,0.768570377499499,-0.6704376952639528,1.0848338145989718,0.6696827306563231
57045,-0.01317551788542533,0.5611067346420506,-0.10842971558912282,-0.3236958503360637
33845,-1.7152771003768421,-0.4022128667381653,-1.4982443637200638,-0.053632617991827385
20765,0.5142835042368643,-1.1220961462677412,-0.8255062081973505,0.3964842295708628
19445,1.2979367951963985,-1.4175020521108086,1.3778010201546527,-0.3907222952547996
69525,-0.39847094554209567,0.8557152571714467,-0.6890319467876547,0.16337454296227566
33245,-0.5584708206781964,0.6232400408032034,-0.22890684300307812,0.7543542259441023
19565,0.2983847574514193,0.6518928473122176,1.094025721817275,2.1190405574330566
37885,1.4352265059265112,-0.7413948033593932,-1.2004408323035838,-0.4210660326751286
41565,-0.4874994498819042,-0.7419241862693384,1.406219546504945,-1.4572736716905008
50005,0.8443593625516815,0.010757653411530394,-0.11888017793496586,-0.9055211606820642
5285,-0.06569328804530565,-0.9632895137677313,-0.43260569775649904,0.7757621775056087
51925,0.2947447151686822,-0.6365077672360033,-1.2179150168589163,-0.5764650794155994
66565,1.7043067924774624,-0.7718463400029916,-0.8695846788311394,-0.37166008343846807
38005,1.7340797887538064,-0.26277221452642524,0.773261382450194,-0.5218191735753961
62365,0.688323959530499,0.46778386693790946,0.5841896346468921,0.18386970119466223
21925,0.0021649342691384328,-0.1490423646457911,-0.11029173481952433,2.038299096816409
66525,1.3951436280812661,0.14230526636228877,1.4038746560293187,-0.8943603159235435
26085,0.35415127261888235,-1.1349580201041019,0.8043823282902218,0.9658469153901021
74765,-0.42224806122506864,-0.5507481929588254,-0.13066942152518438,1.3316408478474777
74845,-0.3721176352751356,-0.6856985865985863,-0.18471863488904053,0.7060539482820488
44205,-0.46747444143065536,-0.3781508433833847,-0.5134656735343598,-1.1465179415014106
38565,0.8125727808858171,0.7319888001840829,1.0248999692367284,0.774450296139306
9765,0.2384938699458595,-0.5459721116214945,0.18135637748234235,0.14524701164663784
72725,0.05409827382991668,-0.19979611122619773,0.9441408152151125,-1.5508068955459362
59365,-0.4029065045543506,0.1475815734983058,0.9481633830945296,1.9023328181956296
39965,0.3649231551376287,-0.041222786375565895,-0.3109748066430126,-0.8649963141971073
69125,0.9991485125147072,0.7588933513937516,0.6768344360353914,0.08400727851046409
71845,1.2839607433049502,0.17631855788604273,0.3505280548120611,0.233019598124156
76005,-0.9977323307766992,1.7435228679723713,0.434504171195715,0.1799281602835914
48165,-1.6659803444618457,0.20551910573196056,-0.9103737794911357,0.3259632712213103
3445,1.4404567668291501,0.006339459511956762,0.6360183810942416,-1.546234004846354
7605,0.32990880145440143,-0.04914552810608873,-0.1353321892858822,-0.24194886531539836
4085,0.7915080369628307,0.9579082563368729,0.34685176615632646,1.0800115512925907
25645,0.07821136573686731,0.18218333114531282,0.13512839629016937,0.11803341595249102
17245,1.4068799352445622,-0.12354502442786593,-1.9973396743015335,0.7043469029351499
64685,1.1754183290644942,-0.304315531129538,1.3149399471490568,0.9516829392104805
60965,-1.480235039864306,-2.279953241893473,1.4195520512630855,0.09310723685606022
64565,2.588853871264833,-0.3144327651562575,-0.6178006464742829,-0.4172875777551992
36725,-0.6653767580154123,1.0823084894244115,-0.20212599946132126,0.5706406020009112
40885,0.33088732957859485,-0.4420476524273873,-1.9105702160507523,1.3227658670331335
4605,-0.038274437827328055,-0.6702819487695298,-0.4723261894368196,-1.1422817455193686
62525,0.6739409314949483,-0.9528891376877919,1.1985359066572696,0.5118699128288267
37045,2.0353444566345296,-0.6533230672883701,1.023815137116886,-0.5435551684873275
21245,0.010134020473527187,0.5822399837342607,-0.020337056523711726,0.7368370166356839
29765,0.92500209736553,1.5716766544018004,-0.9625637925357612,-0.9791351923656891
29565,-0.3523182398878747,0.49314091428002516,-0.4281625460042857,-0.10624256953104515
33725,1.8418265104534208,0.48364328817674257,-0.3756461240552642,-1.472600322250375
30845,0.8891159295947273,-0.016188116186893156,0.2860722788158868,1.0020020468988637
17485,-1.3978761604100363,0.8985421284628814,0.17270047824549256,-1.0443833232357251
31245,0.10909363325945827,-0.6089065927585868,-0.2829747182983459,0.6381565724414019
50365,-0.8868726785677313,0.9702519022090157,0.38739945915365476,-0.07182232338952475
76885,1.8837177183137865,-1.0737101690570963,-0.17958076692030447,-0.0017871486581614473
18245,0.12845265633371467,1.2963339345171427,0.14212649288995582,-0.6302647982721309
62845,0.35765115725870483,0.19624959936752384,0.10548791839326419,-0.28861003879557595
22405,-0.49931321485702373,-0.7900510371300733,-2.3284457313054014,0.9767496641536195
26565,-0.3512311186933185,-0.040076015212886625,0.20079916910101217,-0.5082532123311552
64605,-1.5004495219482048,-1.7205734700504765,-1.0584005579431859,1.4157033026522847
34885,-0.6329447304273832,-1.3630842509722214,-0.8000965087304428,-1.997877951755166
25445,1.291439258489223,-0.07171022694958677,0.8614619122935344,1.174759953816311
25485,0.1353585648880565,-0.24317144186003042,-2.9632363438384446,-0.6078112303983199
2765,0.9188648532463968,-1.2267630115036614,-0.8919312460395551,-0.3265248865177168
62565,0.11445036874230846,-0.21933537664909206,-0.24004971555834143,0.813220690294509
11085,-1.4813269371897897,0.33460897886660373,0.9418331894864562,-0.8349381434906026
59845,-0.7430328558928672,-0.7549456045243574,0.905460744979211,0.0186728259535679
64005,-0.4577734034079402,-0.11077113269910181,1.402363685008999,-0.4864378701398726
70765,2.4261012262754043,-0.0835132155309878,1.088859296064529,-1.2658953493375162
40125,0.16327236189140462,-0.16848132537013094,2.423233610266734,0.6405867002979599
72325,-2.237458321272617,-1.1354370474109299,-2.010879777191879,-0.47834441866186694
71285,-0.5571695338002978,0.7280825919765848,-0.3582956772782641,-0.32450145020339594
36045,-0.8975655441270719,-0.7991054553226895,-0.8479521810528081,0.8032214832561966
40205,-2.1386989264589737,-1.1230637320916,1.4218915802485905,-0.2618262908484755
48245,-1.4581985998754976,-0.6072266822699722,-1.3649261314473415,-0.06091240811515466
48525,-1.0463495757779686,-0.6227674991111102,-0.22012526992846754,0.9395375567238855
56845,1.0743303742958012,-1.5451131730012964,-0.31533909162914414,1.4429032970016762
66685,-1.3655510111205789,0.19499979311011056,-0.3019069913218836,0.19650123350205492
61005,1.4838427382569652,1.6676439981843398,1.040072393898945,-1.510961766451936
18965,1.0097339143913813,0.8139106594693386,-0.5573043623924853,0.1769482197513366
65165,-0.7190719268389415,0.20792034679947147,-1.1270420771932461,-0.18561248067074107
33045,-1.0964901666536044,0.7329014871623558,1.4983865990485719,-0.13550641765081275
23685,-0.8480595730055144,-1.8426874573318006,-0.3123619769691008,0.5191363297590732
925,-0.810330685783802,0.7900583539541545,1.7671206134371669,-0.12836744516609955
9325,-1.037258305872536,-1.5316404391608553,-0.3880171145975522,0.8568243215151878
59045,-0.5801918786373653,2.1626005483493143,-0.3009576942206565,-1.737843879052656
49685,-0.41971776407529315,-0.8619198093587023,-1.4361653726507826,0.39019273936611587
1165,1.0583779923893224,0.4123146793791298,0.4776845987583691,0.5948894006343148
23405,0.23117352995578547,0.05184978613201302,1.5754238202008284,-2.2642855501286023
58005,-0.4529819363628813,0.04069151185891769,-1.1689694010010614,0.09214021204231113
21725,-1.035062537175354,0.3148244171155385,-0.46699990549613146,-0.4050302408632664
66325,-0.31173208808439185,1.7677735317428638,-0.46733636199370815,0.15965005465955392
60565,0.7734633779489604,-1.2619457734159676,0.9978571154021063,-0.4772673640337707
74645,-1.1982285717351986,0.42636060198863984,0.08826344335157855,-1.1855161562099596
65325,-0.4228720482973166,-0.8065849919182643,1.1920176117141859,0.24360024025417268
38365,0.4731992595027392,-0.40133983965133624,0.1877387646420148,-0.8115785247020022
37365,0.2827739138883854,-0.11708681660592309,0.738074666455954,0.5956619211682943
68765,0.7510141932410812,-0.012147202901311776,1.155395592655409,0.5407876460390295
46685,-0.07274621667527068,-0.7673354036624442,0.22935451809419907,-1.0951921823307758
2245,-1.690268332831698,0.08489455058723519,0.23620021016784581,0.09046135977885655
50845,1.746354805705715,-0.4568162872801342,-0.8529479626872114,-1.7148233529137857
10405,1.6216432951341215,2.1185580082784656,1.5116539380299403,0.7404256218386644
55005,1.4269787283345938,1.2111811525115024,0.09951066915039414,1.4759808581584124
25725,-1.0347775385776605,-0.07937631341125999,-0.2632524382896701,-1.5296875728738237
66725,-0.4409060680376499,-0.19321048139238858,0.2161876167108963,0.5928475097708
53805,-0.22920162122645596,-0.5148220882009552,0.7902059027533948,-1.6788210771880199
23085,-0.8112917548576124,0.786558445646602,-2.487725093818529,0.607284263208318
27045,-0.8625020674947825,-1.3697928612081065,1.5497971919275673,-0.5078872745438595
59965,0.5531037498116935,0.8889986564273068,0.5356971173101972,0.40492734634525435
74925,0.5631395620089573,0.07627374373626152,0.26731123133206874,0.9603588742325142
32285,0.10727160672333357,-0.14794291495828368,0.7193976614344605,-0.8275736774360496
3245,-0.6142013184925925,-0.849398718497184,-0.2989492274119031,-0.6301330100114675
47845,-1.37315053268567,1.6325612232398283,-0.8419297867656993,-0.16210864764990007
8805,-0.6003124779085351,1.738463722973418,1.3755826404811977,1.1498189571052753
42165,0.2628025805271361,-1.1926592495813944,-0.30172187202118295,-0.08464444512188565
27245,-1.2106387942779517,1.5525213967196396,0.06297067973011569,-0.042737205606131395
56165,-1.5381014080398778,-0.7544548054587861,-0.6036039780445304,-0.5523627082099275
64485,-0.24573420926150025,0.18622121510323209,-1.0292441951493259,-2.5835124248680694
19645,-1.5767023304348489,-0.09396116549051753,0.41010865785411393,2.4407080161577044
52085,0.9556843295458065,0.08639999066379003,0.9913517410814876,0.5312730901801239
69285,-0.29013444860858495,1.2974971287793975,-0.660035899687729,-0.03795841165152664
76965,0.3376663664216448,0.283272527188019,0.8522554911800473,1.5431012941071296
54565,-1.4482460805755413,-0.19416817942281614,-0.9745860726780501,0.2861061402463762
31405,0.4548348704987586,0.7610687488869292,-0.8534703668491938,2.4078483710122076
27845,-0.6079703664637307,0.21609461570786173,-0.2669977401024659,0.45606092803399834
53165,-0.3150485218742897,-1.5337821521516268,2.9608990355240987,2.005978777787505
16885,-0.8701325168424431,1.6992155606615302,0.48799475869650016,-1.3683823399494153
69165,0.2774684180765689,-0.3013208271151042,0.2237245118727355,0.745608799510041
77005,-2.3327337289044165,-0.33476833890674046,0.6482370961220091,-0.34730662290475023
32045,2.0244219020362255,2.0995410819386766,0.35730088858827336,1.1177681131346926
30925,0.5927152699770074,1.290784987486033,-0.326586725252862,-1.1696361556806558
63525,-0.045083513152646,1.2571653245055272,-0.8558389061654693,0.25245490415187044
73965,-1.0185091561259858,0.13121788821565383,1.4855489027675828,1.2341602282249118
74965,-0.9656264069704796,0.49051732342442506,0.02070520672531473,0.6146579379003063
1405,1.5537084831044905,-1.0860318963642934,-1.074573033852988,-0.606493353064615
8725,0.3799632805650636,1.6611089835902504,0.0389814584438961,1.8515842843153376
50165,-0.09995302319650531,0.9229793597016173,-0.9810125351602489,0.5453115177749144
13365,0.12918287452896818,-0.723586815063876,-1.8848191682600965,-1.3638247161874382
52445,0.6904243418006297,-0.5414962964397247,0.3611267291634807,-0.22313276889121733
58485,0.4836706530962081,0.3663533334526662,0.0025458258178805695,0.26433830775108613
62925,-0.39288445836033964,0.012291378864371458,-0.27850575825217433,-0.91091018940693
62645,0.6480526099993934,0.23477547326656634,0.14308999657522636,0.3481976109645193
58165,0.3214223009359989,0.3959161017980316,-0.6016078976460135,1.2553610047485575
26365,-1.0560660746650625,0.10694995267392862,-0.9302759011504721,1.9900240458186158
76605,0.138881105932248,-2.1623245990676416,0.45303886084008593,0.06866575095681506
70885,0.5196717659175619,-0.7556801435833587,-0.6447589919891744,0.8690328066803418
2565,-0.20266512427378147,-0.21686324497100656,-0.2918472409438527,0.6855293852917616
58605,-0.3466776083043445,-1.5289336108975533,1.3948278393681819,-0.328694328863521
6725,0.2214260615877291,-0.4227384331098066,0.20527401380610055,0.8540798641645115
19325,0.5936048382111166,0.7606958274813466,-1.8948253205071435,-0.3028923844901283
10885,0.6568603454997075,0.6506743130744024,-2.5107410367638745,-0.22700648681250352
15045,-0.37835022775345145,1.1716470506195293,-0.31617127786298516,1.2232341538847387
11165,-0.4188381558084807,1.4206753602471307,-0.624414757047166,-0.07242501871105365
19205,-0.026158251075188686,1.0706693676799983,-0.8504239892006763,-1.0501568056002673
56565,0.8633088741788396,-0.26820879731693925,1.2862194951615464,0.11955508035707317
23365,-0.6465106452616325,1.142739893018117,-0.7780889910840186,-2.2583200134004047
31685,1.040871276353197,0.436476969650474,2.0306331371340183,-0.17485902615952253
23805,-0.13823588667802714,2.315121714286555,-0.3636959187688217,0.864663210800423
3285,-0.5198145667512328,-0.1440091931497138,-0.4198317906192161,1.0372686826603081
7885,-0.343126758616505,-0.47206295738630644,-0.9403017170275774,0.4589435926743133
32005,-0.7986972225781651,-1.017006923548178,-0.34248795830168693,-0.13953691595567091
56645,0.7448557613529979,0.5275519578743554,1.405699717830547,-0.20760411662874748
45605,1.3196902502927084,-1.8965012548175273,0.23412295027580304,-0.3614788244369475
60805,0.1641807829847992,1.5658034315187852,-0.9432776379727679,-1.2544918655157105
68805,1.1427471000647176,-1.6561669027297126,-0.38114890061002565,-1.0797660479956461
29965,1.0544748031654292,-0.001954895178763871,-1.1562849062244354,-2.0588568346977003
32845,0.4177453359766692,0.13161850240101505,-0.4622673362000051,1.379108165791773
74285,-0.20952760220815356,0.7999637795206653,-1.1768158031244365,-0.24568450944037173
37005,1.0544957387093705,0.12466816704285862,1.8284311315100448,1.6370507256496367
64045,-0.7211183811481124,1.4884600009314628,0.7089155182836613,0.13481721810001163
45325,1.7743151871783214,-0.4253319772150455,1.244329260393434,0.232565354243012
17685,0.9589152613592312,-1.2060884408917059,-0.8116619121092647,-1.5263103549979304
49485,-1.4112078813178264,-0.9139056909491461,-0.03273058729951647,-0.2926823729806955
37925,2.0816789059548846,1.6330261599444593,0.21192239078631964,-0.7801126688299698
13205,-1.1024765294427878,0.7903728804682036,-1.4063649077292921,0.354926094732006
56365,0.8339373739489586,-0.7106349156204564,1.973737711473798,0.05999737533138756
57805,0.3539300507927873,-0.5293131773008749,1.8375954646942216,0.6737790186433394
74805,0.6244114264791849,0.8052902132910825,0.3246335851731652,-0.31250025654870495
61965,0.8664852940885778,-0.7026503892130307,-0.024559776211640596,0.09008290997200973
5405,-0.6850259494784527,2.2243790899898155,-0.31064397985912884,-0.9380660281534106
66125,-0.21684329006880684,0.6655556447137572,-1.498113421621894,-0.044147563159181134
12165,-0.3916103947275105,-0.29172534708211645,0.8998932961778646,-0.7096831714669265
29845,-0.482091269879418,0.856123600419263,-1.7358969331239056,0.16451214251019347
70285,-0.5885273766156253,-1.6807237405145545,-0.04952433877557468,-0.8281849626638067
38165,0.11658558906278593,-1.1098926844742518,2.263347207719551,0.5807075912047919
34085,0.3313982540839566,0.04458978130207822,-0.5019038764078397,0.06082192863241319
14125,-2.0466726450882597,1.5625903982979499,0.15261444827144796,-0.7477650803220731
46485,-0.5960086735097778,-0.7310944391292545,-0.8061563344324958,-1.505835124745211
50645,-0.1110781173232618,1.372464748037965,-0.764357932636838,-0.05011850898420024
51005,0.22770082424183088,-2.354232764564304,2.33825443036473,0.1649905073064261
54805,-1.4268275731077724,-1.0393591906957649,0.4840399956184303,1.3639378755817468
1325,-0.5970113685827234,0.4185457151164808,1.3670652665740068,0.10188323125740618
18525,0.2498668180280635,-0.30022294663270827,-0.8433686251695056,-0.0014032178509223098
72925,-0.05481399976767117,0.4887910020568999,-0.9317491310967956,0.1273544654959479
22685,0.11321534513102958,-2.082959145181512,0.9371735879440152,0.15923961530024996
26845,1.53533173118516,-1.2047690999933491,-0.839701094672335,-0.6249747539054556
70965,2.187384753934465,-0.24914495844862447,-0.5263398869761072,-0.8507287006746802
75605,0.5375104740450191,0.9411882851591646,0.9956137153527566,1.0904528165634673
39325,0.8149668637244959,-1.3608369298778002,-0.5795151950533439,0.986367888860621
43485,-0.5788862402243623,0.8180393487561769,0.8426557219451662,-1.4649536950101787
3045,0.24793559970219517,-0.3372961325433632,0.2511154638628931,-0.4552480544702361
47645,-0.5867501207072741,1.6063927298653253,-1.593461182012105,-0.8608379661998937
68925,-1.520882251030054,-0.2425747728547881,1.664403257123061,1.2021267372263922
51805,-0.8375831195255574,2.4946005551351376,-0.43589930889106554,-0.726165043857361
51765,0.2347418859667521,1.644066095307769,0.9438336913319393,-0.79100714743517
73605,1.570782673707643,1.1821337652058492,-0.46564864917839915,1.3202917424850673
60125,1.8078383768806017,-0.5547978599597346,1.5779836424821345,-0.41943165438921753
19685,-0.12210918067441377,-0.13016697183226988,0.7818115230318121,-0.0009007945335917748
46405,-1.4559674916187637,-0.17763313624568897,-2.890001139466022,-0.3325829292950765
68445,1.50320467071917,-1.1634879851999762,-0.021332764085836294,-0.7653783258560913
28005,0.25042012603606406,-0.579067482262888,1.1343334253895825,0.28525603313006875
72605,0.45918660977754017,-1.878226379276926,0.3454026343096475,0.35653198488431037
76765,-0.6048782238361797,-1.6713532350294547,-1.4115866957400216,0.7344746622621557
36325,0.13766319238561753,0.012593430974764936,-0.38690346092767475,-0.7866374932027115
75085,0.13280515042561186,-0.6843309199006071,-1.0536069646584365,0.8592910329179112
45965,-0.05552088167208559,0.6808471711328019,-0.09315395836443978,-1.1297853888193468
73005,-0.9833019037710943,0.9958539592442174,-0.8999442255959159,-1.3327535074272794
3365,-1.267977702504624,0.2622947167796649,0.26725738658787773,-0.9167580781754986
68245,0.7616981522907527,-0.016097844288426283,0.05932674168166854,-0.4787532347413016
73045,-0.4782470461160583,-0.34346095279138916,2.389657301252577,-0.985993593032048
61285,-2.6903878710868994,-0.07550295600624249,-0.27423760651553253,0.4721023248696447
65445,1.6031738330213188,-2.1412083644191053,-0.7514950013940894,-0.9055757417282169
49645,0.4014427263559044,-0.2786046786249234,-1.0543933024909105,-1.3117802192812977
69605,-1.2192255034626573,0.5522552851368299,2.2616842161671977,-0.1906865136849799
9565,-2.1803339040384864,0.20907296893289581,-1.3188735252272288,0.8896205841456946
24805,0.4124013385065075,0.4336730103016037,0.8821638659123904,0.2540298051477296
30765,0.9175629200936601,0.5815125688086277,0.7974721820310402,-0.06922337849568681
41645,-2.3498375070446476,0.04510220116865147,0.003116808780738645,0.14138554428456515
49205,1.3160171866333543,2.514608182221292,0.1749275659585611,-0.7847576023162405
45805,-0.20169628873607523,-0.7701833379337402,-0.7221423610906728,-0.02866224155073252
70365,-0.06048180298552633,1.290993171889498,0.7853386363381679,0.2246082724362885
49965,-0.22145192049521187,1.9962137006028884,-1.8281770787225207,0.19046611457922322
54125,1.5965027795034763,1.3297510443453073,0.2833092332590169,-0.936592298999184
58285,0.67643907908868,-0.30723725018357867,2.21063133055535,-1.9422390203033475
5485,0.27601960204003223,0.42385406694906036,-1.1748078324145677,1.4038719450158688
54845,0.15444708633174276,0.581166341392189,1.8522456029433536,1.916220930502096
53365,0.24294434372273432,-0.4939390383274137,-0.9620903149273432,0.9822043421508027
34485,-0.7621588054733922,-0.2848376934212696,2.072569150663725,0.4482027069921035
25405,-0.38585371260359264,-0.2893915009335966,2.006213285681886,-0.4555583115162545
54645,-1.085773064996814,-0.2596703663402355,-0.82471258491855,0.8056685201958906
10685,2.023826967553473,-1.1046318136319209,0.6269113853595711,1.3990195246951842
14845,0.9129741242619807,-1.1477630689449732,0.16687633775552002,-0.8372475218593978
15885,-1.7257713746617034,0.911441203985043,-0.3016379801253823,0.6485190076027132
42365,0.9952670267461327,0.9903913430169864,-0.8301172251301898,-0.9802806967305074
43925,0.5207261864814711,0.015499745310461794,-1.0427648038743533,2.6468222962833408
27325,-0.5969559692529627,-0.5386019252268838,0.3860494720190481,-0.7530670738399244
31485,-0.3728266654793655,-0.19534705769447988,0.19940312267402058,0.4553967874325592
35645,1.2436724183311954,-1.4135609554173116,-0.8945280919277084,0.01248226059030294
71205,0.5804008553659222,-1.815373038229038,-0.4823013994065988,-0.9749847889688525
3525,1.542785097805726,0.11872410674303369,-0.5627847383487873,0.25084451830534954
7685,1.0696692284918496,0.8210298823134663,-0.3800734696577552,-0.252149963776603
38285,0.08984516353661906,-1.04528837863188,-0.23119779482517436,-0.40919849133614355
11845,-0.5207734580168719,1.6898794777001538,-0.255169539660252,-0.9441204193426372
56445,-0.26226289939908837,0.17711552979059342,-0.4881890506959169,-0.3392627605604444
20165,-0.17629216557073296,-0.20693105310351612,-0.46042821487298874,1.0601414763909323
64765,0.4033419268299126,-0.39928015501736047,0.23658020851344863,0.5998990071104933
24325,1.5093427874359195,0.8080576711707266,0.9670078638835968,1.4486240149027105
26005,-0.6292978018010265,-0.6842708017505216,0.15233381766210305,-1.2831301136876483
28485,0.4594482374277234,-0.599119438078421,-2.3716851352078177,-0.06813138522584121
73085,-1.848453922525023,1.5138898977622903,0.40856890998888934,0.4465443667071813
32645,-0.6839279902100664,0.47636067751998634,1.2516552040017597,0.08721311173318612
65845,-0.8158492624771018,1.028288476631934,-1.5469719408381122,1.2374321291943038
40965,-0.5833273131249537,1.2953507496393488,0.6752318424180485,-0.6258486256140421
3485,1.1849273438782755,1.0938831753021576,-1.0982609364884706,0.4518632261433528
4685,-0.5440727868905879,-0.5444230309344095,-0.09118617615063945,0.490996624517533
1605,-0.7331303172452034,0.41033503688225575,1.8934098464197506,0.18468874096532745
8845,-0.8429195043616307,-0.9745584778608908,-1.932675406737083,-0.8425809945285953
13005,-0.3464413089151087,-0.6224158313654691,-0.886909554673145,0.24875545342500507
1445,0.888053550864193,0.046506846663524226,0.25332060156295677,-0.4560580226985059
65925,-0.5827069813445791,0.23902290109859997,-1.1755500819780316,-1.13321851303807
23605,-1.3750224249806402,0.12231474022416443,1.1637046349778626,0.30258236525037924
42045,0.6054130069717539,0.8982941310379546,1.156338281483931,0.6289483484970778
33805,0.5192555345597459,0.02273149680751857,1.5004107411491547,0.9598088325382298
71085,-2.6519404021409954,-0.44224474077846737,-0.41619471160804433,-1.496206675868953
35125,0.2608682007217613,0.31780129366157084,0.5155925455348546,0.42599306204117204
16285,1.164003138698477,0.8429654003201612,0.7055677764275394,1.6900298439884442
42125,-0.8653023786865857,-0.8017732133178622,-0.23480504824127701,-0.008582713201398104
5845,1.5802832301095844,-0.16687517518683795,0.2341698453174969,1.4370315187500133
58805,-0.20284220770282943,1.2886188860390362,-0.8749652755867184,0.7273354517509806
54605,-1.782438523475402,0.5920999857133769,-0.014765741641712174,1.062383287353617
27765,-0.4139357186987485,1.0348272745830032,-1.3946620311674012,0.30887466979190514
58765,0.6095517319920822,0.06043729594746071,-0.5754165736336216,-1.7090617573780786
46205,1.1993967275265556,0.36978379256600147,-0.12812204002450633,0.31369532251473586
22485,-2.6127402912381017,-0.03788522548715754,-0.7574710669677905,0.3164033060617214
56765,-2.485174024859637,-0.7619507202851827,0.2585736858468185,0.9577212465401505
71245,1.5266042718686623,1.580099244799315,-0.18353006628904675,1.065692764297339
245,-0.479901541941071,-0.94521809766522,-0.7009871270525154,0.024487562129882824
34965,-0.7666757470896529,-2.7305079743581575,-0.9787330123021148,1.1729724645097674
39125,0.0005166786532965714,-1.0425897272808593,0.7989956532790775,-1.2067443458222797
2845,1.216247144311799,-0.6209798917671344,0.678052311535864,2.164423619133012
64965,-1.2297364680868828,-1.3635898108312372,-0.002527038623412397,-0.6701415865089897
51605,-1.7093105614082038,0.37345965106674206,0.6712137960939465,-1.2010308653104647
55765,2.468815849948811,1.2744550031541795,1.10878730237014,-0.32810871178424283
59925,1.6911837864695958,-0.06858100626779329,-0.5045497399830923,-0.9246451930788553
42445,-0.6232935035894401,-0.0870183600830232,0.7104983642386005,-1.3854984164141348
23645,0.9910558633928415,-0.771265336488283,0.49210219636269525,-0.6889116125040541
45645,0.9261582323693487,0.8135824195071314,0.812061002159142,-0.9160186315610174
27805,0.4508331945756261,0.22822947856674344,0.4714557631615892,-0.911864084263702
36125,-0.3542597461118247,1.392463122438177,-0.02018490982984079,0.7047143401330298
30165,-0.8842187837870755,-0.2624406793440496,0.9948623341288961,-0.22545785961135417
40285,1.8077213196019075,0.8884561417371979,0.20845340222201875,0.7621093111474754
4005,0.19191519481936,-1.9997107842602484,0.3332855720522198,-1.5985002048335457
48605,0.7993119037830488,0.011006647505016648,0.27396623454168756,-0.568803255301649
8165,0.07000131044804091,-0.9867690014353369,-0.1482425041707136,-0.8755999717045725
49765,-0.14927067945691921,0.16749096364420704,0.27480180563814216,-1.461558462020171
17885,0.5198443508326239,0.2647847003327319,-0.3284160050126483,-0.8933169104183519
68205,-1.3328560686623467,-1.212524392150374,-1.2923277917230882,0.20077099860058387
21805,1.5357769520615747,-0.8165999813879796,-1.0527101115143367,-0.1655691820075015
65245,-0.7109670536650361,0.6236347652080523,-1.138824502717538,-0.05916676872327124
58685,0.4175266098194925,2.237178981733037,-0.8707065392113241,0.11454553004323793
69405,-0.2597232202877161,-0.002122255302269035,1.1803006064759065,0.18849906858765872
15845,-0.009357561822069337,0.41084438499135956,-0.665814268158467,-0.636266538491831
73565,1.3969958477436135,0.17588816829675635,0.587181590242056,0.4856568213868973
53325,0.48495708528951825,-0.552028493761199,-0.16752600508003881,-0.12089827024829194
77125,0.20866572423897828,-0.07364113601376814,-0.46331740271945127,0.21853486467574856
1005,-0.05808542450153356,0.0056589000916779965,0.07411052328827135,0.16625965098106177
75245,-0.0645458482664627,-0.5016562452190426,-0.8336066892740644,-1.1068017226283087
28925,0.7045866703011202,0.22432947612574336,-0.7179932540592698,-1.3261787902432363
53925,0.8624543512236762,0.575043516399187,-0.6659383598989319,1.2276497265463833
58085,-0.06456052162109974,0.167285223966595,0.3802050501637899,0.032985050655867265
62965,0.5106155699872411,-0.7815249865666252,-0.5345068806441957,1.4331660906277173
11445,-1.3149912619467494,-0.09583729483287208,-1.1966230171770873,0.05149230299447119
30125,-2.4760225122934783,-0.2370225892315391,-0.045094490574153094,0.15289640189755688
74725,-1.2325338632158664,-0.21149734327507758,-1.1096587640250428,0.18089697643973235
50685,-0.6939148505689682,0.2175377114443812,1.395329837159711,0.8883851815981391
2165,1.2271456339727218,-0.9088566171396625,-0.5850892340140444,0.15013366727781435
20605,-0.5497965457730716,-0.8039715526761128,-0.008326927682551652,0.1857510516291751
46765,0.18289461540098456,-0.7333195178036387,-0.17756315622569593,0.23478770989263875
11325,1.4963362251201506,-0.2921392491855586,-0.7575416531662214,-1.2050398761881576
50925,-1.5762584392070746,1.8717766262302373,1.9144804776782651,0.02833519195442753
28165,0.31372667639086593,-0.4201505335006719,0.11006937962478858,1.1230943465623597
62245,0.04872275158430679,1.523303850443146,0.3910397209545446,-0.3835195037213504
18805,0.12527873202324594,-0.7425118572153544,-0.6870715856984786,0.8390686229496628
46605,-0.24733129615428406,0.8102424425111872,0.2933912427030659,-1.4607609387185894
24765,0.28717433586278357,-0.165629439380586,-1.1988375349867932,-0.27475607621248305
48045,0.0036948689433488656,0.4465115175555934,-0.31438325736773365,1.3621697025196207
39605,0.526773734897803,-0.14579878188488346,-0.5983860781334533,0.40292654837828573
3325,-0.6261515516224512,1.5854520042617686,0.18928312637859984,-0.27878558464516817
13845,0.3345064534986558,0.3155253452478331,1.3845177786365779,-0.5016511260167327
38445,-0.18995881018626262,1.3185705854940988,0.03436517898544638,-0.2535570865070261
15805,-1.5088775325493402,-0.891352152115139,2.2145773292833737,-0.8050089010591407
10485,1.65102458761856,0.7525728559328898,0.25310345885612057,-0.1636210035238271
19965,0.6303707735135258,-0.861303230231389,0.9951795798730322,0.9350229792215963
11805,-0.72252071972178,0.008606562075986875,-0.40276686037388715,0.49642654882322174
26885,-1.0316747691718073,1.75850685371206,0.7238459622459974,0.40404262608560104
32445,0.3995076934163056,-0.8265038307078335,0.029967913982162742,-0.5052034179131208
43685,1.097741207733844,-1.6753955700525038,-1.1051690650147152,-1.5202615487638145
34405,1.3092294704792509,-0.3161879175846142,-1.3350088197682635,-0.4605573470615621
50725,1.000163333551993,0.5322211772381071,-1.2619052350299227,0.5255703183885151
325,0.9645438334952544,2.102620548181341,1.379394972490453,-1.0458365340517586
44925,-0.045229050764828804,1.0134140110317909,1.3567604389382848,1.7091093142507505
49085,-1.8527426210736373,0.18724393340526696,-1.489722131637109,-0.3102844103805959
33085,2.1380083376253136,-0.8550779044781354,3.7477303163127753,0.13402851110265424
48685,-1.8899435681648797,-0.5927818726137892,-0.637318982289605,-0.5986892022004725
36445,-1.1884064827676402,-0.699985496383562,1.0813429955854745,-0.3812910141430961
51525,0.24448631209238064,0.08771702350660432,1.7380189968745465,0.22488105433105543
69885,-0.6133139967451092,1.4436665749951818,0.855554242213791,-1.6667781514079245
23565,-0.5071613298504379,-0.6181813923665421,0.7829076541126159,2.7713674164248867
15925,-0.1608373843223701,0.05039706792135984,1.4719134574163477,0.1926585734905233
42005,-0.4474741336677075,-0.7810184991406982,0.1819805451720293,-0.834706671790818
1485,-0.16480427545582618,0.22088562962110314,-0.8883691184711814,-0.3342152275776693
24885,0.06312644644347468,0.9450114999161578,-0.7442148654907457,-0.5907365279341853
46085,0.8617821697875264,-1.3757749111898414,0.9659084623788528,0.08683319674268997
13885,1.5354890495634004,-0.9474106804342243,0.03965948125064738,1.505350903563609
9805,-0.2162384063791646,-0.24390179211144922,-0.9229063927408266,-0.2787988336667227
76725,-0.4916402271123461,0.8815069791757031,0.625665957756585,0.9815302664793011
54405,0.5448878543825465,-2.1170017710069904,0.689365603533189,0.47553543700174833
18125,0.010241383225082916,-0.044919084499371924,-0.28645018947246975,0.4901031797962282
69365,-2.9989713239298204,-0.365848813996651,0.8304266477538954,-2.1978147602205063
22285,0.39987320997519904,-0.10283194546095244,0.5635306620003974,0.39526800509270194
63045,-0.9193288031130787,-2.055668456550698,1.4252415665753206,-0.5129226826087993
1565,0.48678244288632355,-0.9120371238791636,-1.0439654800974734,-0.5821990342320178
6205,-0.4941854975150183,-0.7825650459240446,-2.1060609553128895,-0.9093286802110827
75205,-0.756768895236282,0.21092871796160212,0.4133783884015508,-0.6521580816344422
50765,0.20220711770785285,0.0087394200664753,0.9892565262857606,-0.08682395772190603
43085,-0.684091233514003,1.5371987127943099,-0.8787256283957966,-0.8422021318402784
24845,-1.8257365616643322,0.3461503084854842,-0.4958557670215454,0.4696122499035741
47245,0.014733801980598631,-0.5556799785035736,-1.1845942688132196,0.3156000728327112
15125,-0.15266570366157384,0.2705474039864882,-0.6512391056807063,0.23098031696273627
58965,-0.3935966605992455,-0.6181216503555073,-1.7049124767932253,-2.2846467590810864
19285,-2.392557913862502,-0.17815742535549967,-0.3139770066606087,0.8797960093693266
23445,1.797837178729959,-0.20448088112578877,0.2775754364998247,1.2746565238692207
68045,-0.38391525095983164,-0.24156682555000755,-0.544804848367238,0.2896528375161179
31765,-0.6575789728250823,1.5557534269493183,0.3294455606112673,0.07309432006638591
15965,0.8693143463425181,-1.8948923794012111,-1.053095234867995,0.646304644172839
35925,0.18966667888149352,-0.4046000374037832,-0.39397008107427606,0.26660782837986285
19045,-0.5307284715932493,-0.8365678745686596,-1.2403458803949479,-2.0501271555883713
40085,-0.9552713667537751,-1.4901272719353829,0.6928929156860907,1.4014624717717983
44245,0.3560079695997449,-0.2908290827306077,-0.08211885766765666,-0.06916179156655462
48405,-0.4498115485997392,-1.1256753039825136,-1.3220130622498476,1.1273928601451308
54885,0.182961610566415,0.536800191575984,-0.7056965406266374,0.8290279254344606
56725,1.0969186259670267,-0.2622694338179423,-0.07499042567353909,1.0085061768847874
20005,-0.052571362528322174,0.3484460454613136,-0.15621972627396072,0.4402942440373275
24605,0.8565408366364231,1.7307326135814063,-1.5798746620894992,1.168878746848556
1645,-1.1748195934021912,0.528893112181378,-0.1419181652230676,-1.5188090316490925
69205,-0.9936013997954951,-0.29427019786737296,-0.6560697280997855,0.9555539614836266
64445,-0.24804539698068828,0.883894850075545,-0.9253727489256461,-0.08501429441949711
32925,-0.9599764169390177,-0.17322263693733067,-0.06290034945535336,0.34471865442247057
7485,-0.5905324092430403,-0.5505663256296449,0.8769355151129323,0.8735323933068272
9845,0.2477959417812548,0.2220225739264478,0.09861313350485763,0.5993713238047623
49125,-1.6028100520233164,0.7947317494862066,-0.8676381854402802,-1.5313351561217279
49565,1.195741436182814,-0.3676938687201759,1.0496098676062706,0.8394462398235876
9125,0.750863423522462,-0.006722299405474438,0.4225135694347275,-0.39322633461282186
53725,0.42176161871634715,1.8433309000056988,-0.008206546190470515,0.5033633369508231
57885,-1.0831187976305956,1.1423833840481554,-0.2772100670587953,-0.24449751875013598
48765,-0.4764891355496486,0.31688289442660206,-1.5739937747374668,-0.35688324109371466
22805,-1.122840686874897,-0.5962824557521315,0.5673035556118272,-0.713834362292325
25765,0.19081075773742323,-1.3277131736919006,-1.6211821260877022,-0.11566994677380658
19765,0.5468981411013439,0.6057297429605558,-0.1535796922807345,0.5394367388386249
29925,0.002153692869743361,-0.181610931899351,-0.7561277874253869,-0.3992883719872407
56965,-1.150313317434416,-1.1948472528821308,-1.5500169930198993,0.3358973734200191
33405,-1.3222024521334639,0.12672714345669228,0.9895014240073908,1.7616563994419485
71725,-0.7363766825376841,0.8338071667356882,-0.573305952174105,0.4585981125544085
42405,0.07183592957864435,-0.6560861695058641,-0.8930622639184961,0.3591251385078816
75325,1.6585294153324324,-0.8996142671622392,-0.25582574454715096,-0.7157224999197991
6125,-0.33654753738765225,1.1735846580489957,1.1471101809617774,0.7809034770756833
3725,0.18641377755182123,-0.3436029736494491,0.0002493639216184496,0.3958221843027344
14445,0.5922303904903852,0.9021299525507857,-1.1183806580351714,1.2861800915765416
18605,0.02588365460555223,-0.053891660510749756,-0.6059289612370983,1.3015701836726243
65725,-1.1885168265841055,-0.49586538207462694,-0.7890797248962801,-1.3668961086563716
63205,0.4595705773059786,2.1275277814172675,0.828666276152535,-1.1311465167692594
11045,0.5509202340945237,-0.2002477783584473,-0.08276239159358448,-2.2566337665532137
22165,1.1536523375246195,1.6658377924716856,-2.3734549583302726,1.2786892190528103
31085,0.144173358595837,1.1198719005551023,1.7363848549573406,-0.404768250456154
71125,0.2224924936763094,1.341971186978037,-0.7832806321487298,1.1005156358112034
75685,0.32836771941706383,-0.48987311894508884,-1.6887833781994164,-1.183160497918143
66365,-0.6818552944878763,0.5559722162054913,-0.5241131477115953,0.12829470961416162
30365,0.18092324422264777,1.0498340239582018,0.12669937269875117,-0.1807868934150826
7285,-0.33507451243070885,0.6897122949535281,-0.782706717201057,0.3040371043295702
51885,-0.9462969470333312,0.3484181434612639,-0.5629429321892969,1.0014820751484164
56045,-1.0650646751925852,1.6521379670023462,-0.6125250590944722,-0.35629539793694276
28325,-1.7523923169405091,1.3370001254623654,1.9566533338347512,-1.042937592976213
24125,1.040748222461126,-0.6556295348563816,-0.5943278318444152,0.22986481972207645
32245,-0.7606108219527205,-0.28894394032892723,-0.8935007096600719,-0.2396255787267998
67245,-0.5709114262148771,-0.9277490018703017,-0.032155142234366774,1.5363004421389748
71965,1.2216570592696192,0.29254432357960514,-0.7616720884585876,-2.510551812103455
42565,-0.1180896109913198,0.06600127737488908,1.5687726734014982,-0.19981441521752255
44725,0.10857638598224827,0.5669322068711719,-0.6355596366193315,0.767728360422156
56245,-0.47650440971608693,0.32720331606938374,-0.3670994712359901,2.152868019053043
3765,-0.5771822591116491,0.1404063926594804,-0.3893901430981808,0.5071918380895258
61365,1.193450682674685,0.9573838790806085,0.28198411778414273,0.2994202892487302
42605,0.48826705320665464,1.0739762948639335,-0.9774877581181692,0.9978886110522062
22205,-1.4118205143377716,-0.22772749113661014,0.9439464338703104,0.27274915660348026
69925,0.07805110964184915,1.1439329988525513,-0.39125936818057994,-0.14623308425972814
66165,0.6199248467216352,-0.43647314743105536,-0.5757514421835636,-0.8214496072171783
41725,0.4028119956778606,0.6905769281126773,-1.4069516300346996,-0.006788998396978724
61125,-0.12318730903192653,1.0473591145241732,1.4807409088775674,-0.023196938964004946
9245,-1.2262874678004525,0.23890806328497463,0.1284522040877777,2.271907911279068
50045,1.873524047880505,-0.31283280330311836,1.1163943266491858,-0.812648661062202
9605,-0.7473624404653861,-1.628338762321154,-0.3376180650923463,-0.33564196848051725
5365,-0.07352576602431957,-0.4422544444489639,-0.2806780199438965,-0.4529122279047795
17925,-0.9885977017121319,-2.9836316009142103,0.187729925083292,0.44852460566439195
48845,-0.9527087173798124,-1.1692752291600736,-0.5747359186129808,0.9677988012007226
22085,1.085348446550683,-0.9672038145458643,-0.5854288981676989,2.191798525021766
4045,0.2739652924613435,0.8328730049471448,-0.04620577872591604,1.0274074669423228
26245,1.3051781772777553,-0.13267631890894507,0.8632980611575969,0.3640611010996985
70845,0.7417711556097804,1.001040514625705,-0.5665928272933135,-0.4772457502355518
30405,-0.9146259976892421,0.14605320145487188,-0.2944112805306564,-0.7212834613301704
9885,-0.5315463706052966,1.0438347317567986,-0.3285110727470762,-1.9580984548828462
34565,-1.7882613961601934,0.9993500362165982,0.8169825999358754,0.4373645823029426
46805,-0.4572971694017501,-0.5651649487653142,-1.6058697174112526,-0.303160238163152
38725,0.5950094414865871,0.19016250214025496,0.22879795993551053,-0.49573578179395306
42885,2.115164148212408,-1.0958010599250532,0.08219657860483692,-2.4469225478838634
6605,-0.17418096851036402,-0.26829726235533086,-0.21097469069723052,1.5965124584258423
10765,-0.10474651180371014,-0.6857349507581872,-1.471681055005928,1.1298118240753254
24285,-0.4858492042400838,0.8578822320780648,-0.6616553588046263,-1.440855777075611
39205,-0.5375629513633028,-0.34531069395805675,-0.13302965895244717,-0.6998887285402817
59525,0.8921179681739934,0.09795135016015535,1.3957123690988902,-1.5477917369887202
40765,0.289780324662758,0.9017288219889523,-0.22702793934542564,-1.2479823044744742
52845,1.2262484920057053,1.8365186530705895,-0.41303594984231135,-0.808919221260695
52965,-0.4552587284095966,2.0456974618726003,-0.613828456130736,0.26843991308596316
31565,-0.031612070871161836,-0.6667861028610109,0.16044431773220388,-0.08154791560463329
35725,-1.7401498731681488,-0.5660485050069342,1.118128639720184,2.147300201716587
39885,1.0367718434477404,-1.2167611828318672,0.1519290848685797,0.17692827228099542
54445,-0.41891466400528177,-0.2946302841454806,-0.060319622168903214,-0.7948665204040333
3605,0.48796255841434133,1.3849020394984561,0.8717690210582191,-2.096082095233251
20205,0.0674977505537532,0.5062961915825929,1.1417036767037425,-0.743109242034248
7765,-1.1376542239018885,0.5093080947577693,-0.8558032970633163,-0.38179912890875317
64125,0.2621636399215906,0.15109936299025722,-0.5073589849229869,0.848952276392514
11925,-0.5630910442742226,1.3095599800301503,-0.12617567457222256,0.08367305427508179
16085,-1.2537465002823318,-0.794148711586769,-1.2216729303441571,-0.6920294471920548
60685,0.08012432213540292,0.3929014473744929,-0.2747947402036059,0.9141109277668643
38645,1.6332545973867583,-0.4894982291912216,1.3575274484348672,-0.7439110856995204
24405,-0.7471846374092677,0.11714614358057676,-1.4576191029166372,0.15450858439861878
28565,-0.2528056145798098,-0.3966288196326091,-0.18921046796220925,-0.9042756219927859
45485,-1.0873739687620285,0.9435551611031523,0.40258987542597807,0.27051949535451264
77045,-0.5585672364033023,0.06892164332881971,0.7296985845806883,-1.143773824148102
67325,-0.023806297885781307,-0.26720787321159273,1.6951698440633365,-1.4674160732994275
605,0.544619398635598,0.4947160991220389,0.02958069603614859,-0.22578989064869312
42965,-2.0374365712748874,0.48081821332228025,-0.9688299406648598,0.06968247176116334
45205,-0.010331896598759376,-1.1089201737310812,-0.10269540281312603,0.007850603994897742
49365,0.468609211860861,0.09434290862105904,-0.28085465679113786,0.020219957368373943
18925,0.83707929835528,0.6986340817761205,0.4291089898518451,-0.07747118668241881
65285,0.3926343888280399,-0.5027458992595388,-0.11166611258886026,0.28060793061773043
57685,-0.009368517818633756,-0.1964001024263788,0.8729819804227101,0.09076105830832278
62765,-1.3822864577020895,-0.12190865494354884,-0.45129577574373847,-1.3265197453153064
61845,-0.18353109380927415,-1.3171761952637397,0.08101554048013263,1.4576545271633885
70165,3.356687241937586,-1.1757238983913512,-0.25382985116569146,-0.2947502330342771
53005,1.094441762373457,0.18323375436865202,-0.5744784128185202,0.550104680989884
33885,1.7313855267422997,0.6039270839892354,0.1264402620712483,0.526447086768266
11565,-0.8590618333772932,-1.063279021446625,-1.505571442284738,-0.914663376001142
38045,0.5526018736186881,-1.0794608813941668,-0.23219450378056705,0.8991432821312316
74045,0.02692052726064332,1.067307185026081,-0.1244634394902296,1.1849618298845412
46365,0.11261533557814998,0.7445253727742476,0.22735290382884676,0.1524478778404708
50965,1.0402928344614335,-1.0574594074972077,-0.7482440531313902,-1.0585300311921455
50525,-0.4099918898414749,-0.3265659627410667,-0.08075765119636857,-0.7189893592369995
57405,-0.0756698924008757,0.2516841546861951,-0.12337754677777837,-0.7888860587673128
59165,-0.2770444967441177,0.8981950110118649,-0.2215633134836035,-0.652478175749287
67165,-0.5405137684822621,-0.14358161772740693,2.398573262419589,1.3273414602957385
51845,1.0841400795386138,1.9248376289879225,-0.5351523826437546,0.5288418151889386
71325,0.3508700602034118,-1.3446697354189665,-0.9974274273915406,0.7021942154180612
52645,0.10441944665474007,-1.2083362465884895,-0.3277428961117714,-0.4464637010575728
6245,0.6821034294302797,-1.228716183963219,-1.2034822784520187,-0.6611248198665516
35045,-0.3792069121426696,-1.4234457615227558,1.36526895573616,-0.19489639108070297
16165,1.7314234217035502,-1.451992122594911,0.5602054605438221,2.291280002078669
43125,0.6363436237050234,-1.2476580869283005,-0.463880090054295,-0.3280871375169257
43365,2.0535415476486745,1.4147598057777857,0.34410617068716065,0.14595143326404575
1685,0.6215084710988887,-0.9507304032296641,-1.221431426267212,-0.30010904568573377
47525,-0.05594254164154748,-1.3433725081423582,1.014183857428199,0.6884349261179152
13605,0.9913625997845524,-0.6181051025290298,-1.4266902943135498,-1.0918761879525987
51685,-1.1789489899142165,-1.3472892787311335,-1.6640692417335072,1.029876433258686
55845,-0.6696667991624976,-0.21260341413613887,0.571507524676176,-0.3101441765251378
20445,0.1044342334919183,0.4093913039041074,0.3829638203517874,0.41284063199859755
68325,-0.5470157298639076,-0.7957672725862884,1.445402530713326,-0.4239790726408698
47285,1.0518990348712072,-1.47529554672858,-2.257878965443817,0.15840811686612777
42805,0.9911611905783148,-0.580978123962303,-1.0198671784303974,1.3046553134060657
24165,0.8174925151025462,0.7422247021861873,0.2386151148146266,0.3970224243533868
76645,-1.802814034048416,2.0866361375652147,0.2225425092362072,-0.4534147707483851
44525,2.2483225070438193,-0.23534401715288045,1.20459738540179,-0.30915191589430835
74245,1.0762464016208577,-1.819774032244881,-1.2116744805314144,-0.5379720487656011
30525,-0.4994291466037239,-0.13696279127536326,0.5202724815893756,0.21881136896664705
13925,0.7512162607593265,-0.27729251558989115,1.085253982553641,-1.4049447668040962
60725,0.8188753567459085,1.0673227132780858,-0.5010778479395461,0.7653066880295173
16565,0.13860837565284173,-0.19239807818211782,0.82605208149548,-1.77379913166186
20725,-0.6896138942833823,1.0288688503571553,-1.4795013878626444,-2.3001132228512793
59205,-0.10133122273755488,-0.2929629168129688,0.47446060072160035,1.066582635686375
69485,1.1211149155147815,-0.9456790026056356,0.8729946419659038,-0.49067879477375786
33205,0.17612399264315615,0.03232108884116771,0.9091226791727501,1.0243028452583847
46285,-2.56938402554901,-0.6172976848413986,-0.7554089867632325,-0.8477019208977015
65125,-0.24492708243391917,-0.12569039791634412,-0.6016568470423451,0.4302876663135437
18725,0.13786957799962088,0.2222441274679079,0.9049658828363616,2.016214097819859
5965,0.174377779954953,0.35014191730068767,-0.19426316888624812,-0.21678941436125518
37165,1.189815888647597,-1.1765323981736333,-1.0159850562077166,1.0943319887305445
5245,0.4636985930341179,0.5843448646291396,-0.19023404415572967,-0.5234131742903393
55605,-0.6582607088978125,-0.7568042697218073,-0.8275751314988128,0.10992722463796502
49845,0.27509602217163,0.36317612230444507,1.4337698770495315,0.4719452858553296
27605,0.2441652988886519,-1.3130266777418123,0.7403420240494542,-1.302308313268863
3925,-1.0119643182791513,-0.7158896808761576,0.24343317476923815,-0.04812182654479645
21885,0.13776571915577776,-0.44020693251383897,-0.4776595122537591,-1.1260949265762246
66485,0.8409961447020095,0.6041322022416972,-1.7427034749149632,-0.9380851216442638
70645,-1.2204160628047727,1.2969933273046657,-0.8360399848566389,1.024495953522694
22365,0.18689640653738812,0.4148093983521893,-0.1513730574213485,0.37892338678917287
69245,0.13665471642272198,-1.0811559361176615,0.4167588353695839,-0.959227932717331
33765,0.48613417755167726,-0.8533619546993708,-0.44685617159294416,-1.0026411696383863
8925,0.13068684417871793,0.8284726299831406,-0.765890414763525,-0.4610461495692087
42685,0.568123052160783,0.6302878610416409,-0.3065612411783867,-0.9297130793304389
46845,-0.09276478123762473,-0.0930958890402884,1.0433094144366308,-0.6481069456617357
6405,0.23621701336564313,-0.9607260881975561,0.21253600887692553,-1.7220767548737963
51045,-0.04229053490892364,-1.3958962315331898,-0.18392715635575782,-0.9260209656750852
10565,1.1531965305693586,0.15611530756910164,-0.4852079094117682,-1.2957763628986898
55165,0.859962579921157,-0.9553584306045296,1.5027964249303798,-0.03632710115146863
50245,1.7455113651535417,1.2608773178539192,-1.1504212704235453,-0.1927682616658063
59325,-0.09140772240262521,1.4430022288541442,1.0819318020072661,-1.0910426824095336
18885,-1.0615761120577945,-0.8937231181025843,-0.1823471793227711,0.5156795063872829
28525,0.2931758676400647,1.1046315667495439,0.08924736654919666,-0.9964788456730105
27205,0.7933582507869513,-1.0167001612167192,-0.5671599580704284,0.2391873420306043
38205,-2.276048123186325,0.29828423062009607,-1.248311883664386,-1.8065345754461688
31365,-0.9262292969533776,-0.9581489122330749,-0.18508838343677306,-0.575263493722455
75965,2.202798003316438,1.8607519485942166,-1.751493779587751,0.30179122936046504
35525,0.2667774536316769,-0.5948169733485642,0.465762406112022,-0.14736431133919223
39685,0.5459854126390747,-0.3111134080855667,-0.8933624574640306,-0.5344840683372968
6005,0.31273463484977065,-1.691648143041411,-1.6813439211393724,-0.08576435954166435
43845,-0.0382883169041422,1.0035422753367342,-0.8826571019984657,0.06561196845182234
48005,1.9560693081189755,1.0262691677204983,1.1745300218817558,-2.166160312558993
11725,-0.744819391087909,0.14365779077243396,0.5106425411181019,-0.48957876334101774
21685,-0.5992686843205269,-0.7020330134480802,0.3037642691771178,1.2814202189139585
56325,-1.856771576634595,-1.6631940606127567,-0.3070620355300257,0.05964357224001568
75645,0.24295659996112173,-0.27197790502147956,-0.7880168028259319,-0.835339015942566
20045,0.11461748486261278,0.2843506813048151,1.7054176218796213,0.06848552423000334
47765,-0.2546916201917001,1.167288707236144,-0.05637647513858837,0.06228305253692312
28365,-0.12023520026304163,-1.3222200357782232,1.2985019248520573,-2.6347011185766513
32525,1.177753812046321,-1.6453252972594683,0.6899688947057194,1.2385634218359716
1925,0.97679011502595,0.25464610199859106,-0.9073214160158075,-0.9674128656770924
36685,-0.8449997706128649,1.8029521930187484,0.7328212122709556,-0.05985825311068194
7405,-0.407521864128636,1.1876775046667578,-1.3474372472287115,0.531908472893653
405,-0.7735732391395936,-2.101074463322938,0.3009006868694706,-0.03341891388419411
21085,-1.2653668954317545,-1.5007580925871384,0.9859661061624748,-0.9475615984206465
73645,-0.9415493493257916,-0.2728187732692813,-0.2773771623409991,0.06990582277935085
40845,-0.55952792703981,0.5893916345684946,-0.3901946119028971,1.6744200564385905
12885,0.31117660367908767,0.5535514286712402,-1.5181859525867025,-0.637075796630021
52205,-0.4949666782665595,0.9645604047689684,-0.3959619189793392,0.03489707205717124
57965,0.707029465149354,-1.4496833849288357,-1.6226165152603504,0.8537225513743643
38805,-0.38795284327312096,-1.1894441236491091,-0.36374531668993515,0.2067829862833752
29525,-0.2583310213940621,-0.5662084374290117,0.3911531976487134,-0.1392714224556003
30005,0.8673659012849642,-0.06227077626338012,0.6265934536064189,-1.6489024974779318
74125,0.4966493916394205,0.06929287112467206,-0.8191146795478821,0.13252708570524188
36405,1.0748581372926507,1.9912798647409373,0.5746876058229723,0.627206183680541
17845,0.03550955853245085,1.0576317005225453,-0.10721697670673713,-0.5529022661075733
6045,-0.2750274868074524,1.6443335911626966,-0.6282583576178141,-0.8038135458965644
72005,-0.33191975596148965,3.1962573771951956,0.5792533266298641,-1.5013593229607702
50325,-1.4049299192660243,-0.5233911677217445,-0.18581721472878107,0.24493570292368277
54485,0.6076890024679189,-1.043086810193811,-1.555691995320841,0.6026878922303524
58645,0.18551210095448867,0.7758736450114807,0.4778250797853986,-0.8597815248774726
55205,-0.6196714808960108,-0.9885308177115475,-0.24787860731906874,-0.32073735966183503
62805,0.3407613081392992,-0.6187189633589438,0.7083224399172452,-0.14970324459872772
26525,-1.2295816670466617,-1.6803402468054487,0.7847779750214589,-1.0697329001393843
30685,0.9533031654006069,-1.9374321172442708,-0.02045057347495561,-1.7520572315082723
75285,0.06633139516600742,0.9221650370867241,-1.2721185488441933,0.41681349193360784
1965,0.4580711633682416,0.3521964773981532,-0.39821575483493754,-0.034374197754156906
39005,-0.8070635201109886,1.2805085386602746,-0.14889538734011973,-0.43116879832528604
61085,2.6727826398855314,-1.5392186435463824,-1.9372292961458204,-1.006031073927914
43165,1.3919523892173329,-1.5077595273672653,0.15066728902738008,-0.8716852927386116
2725,-0.7455868340486557,1.2329306395000152,0.6019602812812624,-0.0398717315512431
72965,-1.0045396229207035,-1.2655746678893178,-1.1396101753579704,-0.3243967294397013
51485,-2.9017629073285582,1.1686199450888806,-0.3166796723310298,0.057963619225595404
51125,0.5920597775868133,-0.48855188732612487,0.8703414194913927,-0.0602227490444738
10365,0.652894220631236,1.9066017846291337,1.1700159861526924,-0.022883793952751558
19365,0.963067680758021,0.20822694785914816,-1.2527509791267577,-0.03351172845245216
63965,0.1859450000594811,0.32928177367054534,-0.11742350989250634,0.6489713657359023
23525,-1.2184612865180122,0.33269791108346985,-1.5345838472168738,-0.423767709275398
52005,0.1628558055455294,-0.06781765431954549,0.9985329347593345,0.26908480746533553
28605,-0.5957329565888277,0.03078232903283786,-0.7243625492603014,-0.5943035490606117
72285,-0.2406176493905063,-0.8344031025517208,0.07725029592174591,-0.11079777142407407
39925,0.5425285923056155,-1.051704295218135,0.11585600114839979,-1.1978689610001028
14525,0.24624820597401487,1.5061257586648413,-0.6331637616607839,-0.4486151072273838
67525,0.8228506033536753,-2.207686923167269,0.7592841834263985,-0.6665484504023517
8045,-0.1384780448859927,-0.8044992762979398,-1.6797613449276105,0.35857044848659747
12205,0.7917623766679838,1.7676899732374103,-0.9466984577762622,-0.012783970229624218
56805,1.6897744785977253,1.5235080271172947,1.7438622672722897,0.19684763188171986
3685,-1.6176772793352838,0.8713674576295636,1.4378609040867603,-0.3868476027618772
65485,0.7305575371834921,0.3362232571398102,-0.07442490085855535,-0.15160577643133863
29005,0.7486718423643688,1.4600530088105818e-05,-0.8615336241985986,1.0005621872760615
65085,-0.8019671013193652,-0.3467991373172519,1.2166670377253563,-1.824451037743057
33005,0.7597881107650932,0.03821001764699169,0.8787043587607668,1.692121267573273
53205,-0.8725693443244874,0.6470111878135099,-1.0376652921062708,-0.44546262331049197
5045,0.1995707245662694,0.7264939825354968,0.9136180149140322,1.0718659107852928
32365,1.9377006704325759,-0.5295322792187748,-0.5919979782241614,-0.3245265920559173
51165,0.17973857998546913,-0.8996307047773787,-1.5500177547588805,-1.0903683163375866
4405,0.19030464995800864,-1.9209506374617256,0.9312478931233539,0.7467987388626
12965,0.0092498175996597,0.08036749448833742,-0.606992768495674,-0.9542471608528182
62125,2.8209177015247975,-0.5281303107010881,0.04621753870978178,-1.2779405906662715
66285,-0.39713709211628034,-0.7236325122995254,1.6580883087817326,-1.2028502969586479
38885,0.34061940622608555,0.7713391466713726,-0.13722894094563934,1.0462187702814165
34165,0.3043594997253874,-0.7372355783280299,-1.1629072430488205,0.8733592730057985
38325,-1.1424993402891346,-1.2432803319782506,-0.4554665959950708,-0.5798019215936124
34205,-0.8106739669670918,-0.5559827267047851,-0.8882564826960138,-0.29034778139633477
59005,0.08889338459886185,3.143678359006156,-0.07614305640556168,-1.360411457875816
26605,1.5901163400056568,-0.34862174974499927,-1.5373062746590485,-0.12577598610818824
3805,1.3036873062057066,-0.28597992700196545,-0.003114885513763506,0.31719219424309775
53245,1.3395696966632509,1.577121693068509,-1.584274795846462,-0.14262977555587195
54965,1.0971813913963047,0.9177968214592725,0.38456430377680123,0.6145668775040778
18685,0.6869982700955968,0.8397297419468022,-0.3937332763190455,-0.9942410729729401
45045,0.3217809306666648,-1.0112232918871564,1.4577562148172585,0.04314574530777387
27005,-1.5640783337636561,1.1557435453976217,-0.46655149100723764,0.41239360377693524
59125,0.3861403390526587,-0.8159586087125057,-0.22316672268755128,-0.7470769365946304
75765,-1.026074652365967,-0.033740443688032015,0.03629517394766385,-2.368429892350063
7965,0.23364393692632293,1.370131815046247,-0.31985440221788985,0.909968523739505
2045,-0.34034667267693425,-0.9756642447975282,0.5256974620307034,1.1254213865434783
67925,0.3871486630967895,0.19011493349674635,-0.7550343265211013,0.3744963524664946
