19231,-0.7005179303285638,-0.19730811550797378,-1.1205937976379274,-1.585717514620741
19831,0.568431145489673,0.6279957297777737,0.46933749878587117,0.23684772030571097
18071,-0.07579679331336973,0.8229807392634154,0.9836030074662288,-0.507810647976474
31711,-1.0099059774875212,-1.4350945127851573,1.5521625629875937,2.1956486074442148
47111,-1.678235620251444,0.6163857260557839,1.1458886324092132,0.6655053335586554
53591,-0.4795348823333292,-1.2219428976493862,1.50782205604424,1.0099476048747416
75511,-0.40647310798480335,-0.6306779786900172,-0.20845544113787656,-1.533331347347756
56951,0.691818231994213,-0.07865332312358166,-0.5102261669798859,-0.1654373628574781
48351,-0.10103619551538796,1.039458427693962,0.18016975761500964,-0.0785413820868024
34831,-0.8810042341607913,0.462131305897493,0.5893938459461554,2.4088181088539566
56671,0.5901854712990969,0.11802690820347851,-0.07159111869683797,-0.3202957685129861
16231,-0.8296976286221005,0.9154690823044177,0.4544723564218388,-0.4519805423430245
60831,1.0533279431516689,2.6126625375510106,0.8285187038877329,-0.603238629556948
64991,0.6347003811253971,0.4340755670775493,0.9820913577240743,-0.5531334147803324
43031,-1.4915446829468715,-0.9904738109157296,-1.665605265152217,0.7437334495658166
33631,0.2166031944787692,-0.24330924933340564,2.563931688691161,-0.3860515736503148
73311,1.1900632190986742,1.0761402617716036,-1.5268606458476266,-0.4656699336163056
17071,0.6287385429962572,1.421450954397844,-0.3747553848260985,0.15731865618793642
1151,-1.2257584103928196,-1.6351562893527414,0.3575778176664005,-0.03263386837189977
31,0.1344621295832257,1.2627677668018253,0.5934988509530049,0.5504165151741675
4911,-1.0330996475216458,0.20681406561836077,0.4024334186821382,0.6254965818587375
18471,-0.5978332454357046,0.14644997596075252,-0.5353588333231887,-0.012356505383327965
16391,-0.2076405298383269,1.2183334511177448,0.8242390536966814,-0.3077596568091727
29871,-0.6652613714673274,-0.13036982929805946,0.32468842822573574,-0.39881010850474746
36911,-0.08943923102917116,-0.09645145293008543,0.3588255496222084,0.3383050303573021
4351,-1.2327198300999562,-1.0961165619637432,0.38831911013890225,1.1759025243273935
6071,-1.655236789870699,-1.74444261863451,-0.1693316356956485,-1.2036922538812458
45111,0.33823933284726837,-0.9967105813693696,0.3468300986270345,-0.6677199895154311
64431,-0.8902184558050936,-1.602359747922299,2.4002611109588634,0.15124867285391466
14391,-0.3287132630684031,-0.3727680306698353,1.3057223535284739,3.0874153416703147
18551,-1.0263384676410763,-1.1323938809320766,-0.6213023307636272,-0.42515742092082887
22711,1.0605308589565219,0.8634028905061033,0.3530812709181356,-1.218949328852231
22591,-1.3761676457600773,-0.2529030871578114,-0.16186843183752772,1.3678260681599808
71471,-0.28792857453805043,-0.4390171847020869,0.6363238623927925,1.1142902919068371
35191,-0.6996488624496474,0.926544973575655,-0.15188896323174417,-0.7184274244927308
63471,0.40076354158786265,-2.5232998691850526,0.4188350422869202,-0.4252022162573572
39351,2.082491831851126,-0.29593074694554194,1.670444175512848,0.5031014560001023
68591,0.09371578505239513,0.8933912772916306,-0.46072309109009146,-0.6576195027882676
71751,0.11179750593078099,-2.1804885984589353,0.8352962215456576,1.8116597391194924
30391,-0.03301711801757844,1.0192900155159965,-0.6786810033106498,-0.10546577435230749
28751,-0.49945311707960477,0.29465800057409075,-0.5663106776208812,1.8686106615778697
55991,0.8067010771217104,0.2929717024090022,-0.6008432414983166,-0.37654565951807
8271,0.7719268857359209,-1.31887379079488,0.2701100798397639,0.03635761448393706
46591,0.9936037216316642,0.6132579523839381,1.5785323851930733,1.3817160453119424
32191,0.0813140004761989,-0.779896691615652,-0.06730421335912105,-0.4432224031661478
16471,-0.1859858307783515,-1.2331424025652402,-0.19719225878499463,0.7884077735190387
63231,0.16178164327244834,0.0006893603431458982,-1.5416084387649518,0.4656247560540623
71,0.25595654923553257,-0.034718953660609356,0.5759172280506392,-0.5892137412489857
55311,-0.06447294699169132,0.022446637079880132,-1.234419862898807,-1.103181455273914
14431,0.11621672759709163,-0.742222510450157,0.41149125424923694,0.15756879062759904
76911,0.8612944638987649,0.15208999853372748,1.8804933352371476,0.32908924700820313
65471,0.8526882536105026,-1.7860485738375742,-2.687864793088092,-1.718329053798737
32871,0.9690931000241548,-1.0160913273162275,0.9014126854816232,-0.4275545807430246
44191,0.4236768507104939,0.18624523295860873,1.330348292754227,-0.6762688793028399
54631,-0.8391928716524257,0.45109979916705145,-0.28546214284328614,1.1533206342708224
111,-0.6744371608108753,0.943984707132253,0.1319844874932011,-0.19756613920338384
45831,-1.3097230191533538,-1.1625618582617678,-0.8793888167187454,-0.1915493842596674
54151,0.7058870579304833,-0.2602285846718815,0.9192231500132291,0.7956299406840908
44031,0.9187087068306438,-0.3711956326943244,-0.8725264917381818,-1.329992314649357
17871,0.26274479204966783,0.12117200290728393,1.6062747570788078,1.243201715506799
49271,0.6346374071552873,-0.28312785614943786,-1.1709411393706086,-1.0636666897354636
22031,0.8186512925543933,1.4039648577259374,0.7479205573652279,-0.40863201903263513
26191,1.7035385370510996,-0.8055814468025502,-0.042862914726756504,-0.6413257784331519
74431,1.7142141684831287,-0.5379316217058783,-0.6957160668159686,-0.9944434381094431
43591,-1.2601966808258567,-0.26075265924803553,0.389037558837708,0.24446817720680133
34511,2.357937954582792,1.6423110391606592,-0.9848534270728225,-1.5334488281545338
36991,1.021002457884228,-0.7429764734963751,0.8309447804270873,-0.32878969974726185
38671,1.9951474609775732,-1.944830584307768,-0.921959597419057,0.08510977692906208
10871,-0.6620356469638361,-0.10019307613848372,1.1595554527055287,1.3105029620994417
46991,1.4466370739197645,-0.34429336545737665,0.5747629539748642,-1.5907712742619358
9831,0.4864333975101863,0.9667068758868776,-0.1957890764014328,1.10594814090224
65671,0.5932755746288925,-1.5872253294677323,-0.8249989169171033,0.8281055350041165
14871,0.26414883172921627,0.8993062806224189,-0.29058706401006007,0.7368676766899869
63511,-0.29681554196519805,-1.294245094825753,-0.036505972991499436,-0.22694715725050574
63631,-0.2873612206531388,0.7909216601085417,0.1775524000581248,-1.7764923071061147
42991,1.2774310082800926,-0.5051866494580165,-0.2598550599394039,-0.15771625393744787
12431,1.0017327391327466,0.16193166326308564,-0.26839797351447536,2.107237878136383
71951,1.9335423808847692,-1.4920150854883978,0.4035337995334369,-0.028587074125689255
76111,1.1075512799119211,-0.5685988524032103,-0.589880494537931,1.3114041397008291
3551,2.2943540939812,-0.13442943712749053,1.940041336329951,0.6645656854563913
151,0.12306190180331836,-0.45677627687408967,-0.36534174969586086,0.1568753376643463
75111,-1.947533307168635,-0.1769125193806203,0.29676504409783216,0.5070040738705714
11871,-0.16963037283146382,0.08452373505240135,0.1573662287049575,1.7623760607615968
47471,-0.09876456045031023,-0.6518132807918597,-1.288642408811965,-1.8877942803556547
28151,0.11232357244539065,0.3222554990544418,-0.5699762923432617,-1.437088357720878
28831,1.9155206954038861,-0.6263546263221879,0.23532517210299891,0.6100635270441837
68951,2.7518265139182487,-0.14597387892060965,0.03527919244888326,0.43938106207693195
73111,0.39219929686814836,-0.22259128894474745,1.4242325733119574,-0.8000357489546283
47271,-0.04752402265301005,-0.14471218864317023,-0.453494523447397,0.4685302504111758
551,-1.303627560115054,-1.0750737598387965,0.7447362337138945,0.4055698037280973
9471,-0.7973655187988961,-1.0036692759464847,-0.514112596260817,1.639997223955541
51911,1.4761259935497517,2.0008216362134434,0.6974853267542073,-1.6942804801773472
49311,0.5303506160921406,-0.022611471607492255,-0.2943648582114211,0.17185026404426068
45231,0.5367401960637441,-0.9653851217835705,-1.9155397078642022,-2.4257380133739077
73911,0.9267882962598173,0.40320361339987537,1.2787593889026878,2.064697872728292
61471,-1.7264578450019485,-1.1974670664602987,-1.9387984212682823,0.17112428873881264
41151,1.0653636410234018,-0.6422005379592418,0.13228167339633623,-1.2430215486403184
18351,2.0636450426696054,-0.06926364732815343,-0.2718958690814604,1.4289014193813858
36431,0.4418515155839078,2.1937263700635086,0.8284891513029914,-0.3692766906708806
8391,1.3690216307351284,0.6209687890007108,0.028798793411769306,1.0256201652970371
51111,-0.03710280564914922,-0.8272656972726327,1.439019292423756,1.1212605496410148
55671,-1.0175191589306898,-1.5795660727113126,-0.459950725107821,-1.9172562396386694
37191,-1.0058190383871113,0.020901486319248156,0.6764230143256668,1.1770940589284262
6351,1.139089098466913,-0.7696194854395045,-0.31221152465151253,-1.481214281028711
2871,0.030209276101744734,-0.7339518529563788,-0.0897013498330897,-0.7867371855208847
7031,0.20908944469879384,-0.3438478777661923,1.266432774335479,0.07824293005254027
51631,0.16819227020853528,0.8790512418963712,-0.33396291589398397,-0.6708648278139008
45271,-0.16403352237455657,0.3512449140421081,0.5700155347289702,2.3726157404566033
54271,-0.9201564034986587,0.9883665981766536,0.34025045110221114,-1.4818776314830349
70351,-0.8998143049707137,-1.0210193579521398,-0.20905864672339428,-1.2476467134302671
53471,0.8160653816969065,-0.15847628372096598,-2.2079176298235597,2.3405823818170637
36151,-0.2564333476831147,-0.4640652447486895,-0.13001163288757023,1.459352032550846
951,0.17474163261493741,0.388186455154525,1.3664621345812704,0.7726658014527368
51431,-1.0266189073805885,0.7320645038375725,-0.20218772182198236,0.37405342960442833
69671,0.001454324884758317,0.2790762711958992,-1.2050694846007077,-0.8913992786983179
18271,1.8478097323693146,1.595320354248431,-0.4522421347307747,1.1700343405810087
49391,0.04176259004008687,-1.6357410620905706,-1.8941797284907709,-0.2342086322313614
60671,-1.8540303669939726,0.8660400009527256,0.12116651201990636,-0.8289872214673791
69431,-0.05592999905998955,0.4549163332108098,0.17316552624304846,-0.2820264730428754
73591,1.3428189698154755,0.3846279864154664,-0.8500607748739059,0.27203797692020537
57591,-0.24861879506930398,-1.0801092746501881,0.5461329588551184,-0.9318551473534568
22911,-2.690711036231974,-0.32662118554450936,-0.8248478398774998,-0.4054091813981823
9351,-0.9604161097387852,0.3935907898147529,0.35454924477029703,0.8265461356514567
53951,-2.226043163058604,-0.34518359748675376,-1.574816542550861,-0.5529045203935379
13511,-0.1846052787029019,-0.13906684963813867,0.12659122818058677,-0.1768134416515344
55551,2.1833044468530214,-2.2001574240225827,1.4027538074298993,-0.0008848515292653612
62271,1.1828148427992349,0.28522394680256125,-0.2541902856694174,-0.8508878768430377
25991,-0.6989800757885142,-0.2932976608136594,1.229604506575283,0.7518675624464021
30151,0.3219537649374445,0.31597098312780386,-0.37997412117328583,-1.1227019196293644
2311,0.6133741463879252,1.7996509965735428,0.6557368661482831,-1.2830251210785464
56871,-0.4944768988943928,-0.4089617839140878,-0.3446622207291337,1.0782387659739932
47831,0.6462855374119598,0.36944764154869203,0.6818952848820276,-0.17126794677261953
57231,-0.2648400661926767,-0.03770156936890925,-0.46636385114444795,-0.770020606717917
34031,-0.146195318451522,-0.9762510297501144,-0.788806589310666,-0.6247390779517527
46791,0.12737019010410197,0.9705352036369171,0.1718296806201615,0.5256565534509758
20751,-0.3172590932581235,1.3465243934806341,0.35313560032769215,0.4912686176774144
24511,-1.1243605273793635,-1.3640907869387655,-0.9540628222574176,0.14918643556241637
55111,0.30637019954931793,0.03162592445038136,-0.09147395866505152,0.6183281541438574
22991,-0.7444715857890604,-0.550606438179377,0.7846358899915702,-1.2440659164042938
59671,1.5519091070710438,-0.6613746179336167,-0.8660784014003534,0.5596662521979144
67591,0.35560146915713686,1.5457373576885192,0.7662464729365631,-1.7980309008218425
11311,0.22404066857777052,-0.24355699333228772,0.9716226839274771,1.3218716550074379
10231,-2.1749513239789144,1.2381288526528984,-1.2807080358949985,0.29250260378336723
39631,-1.1866746834079687,0.5098447688628931,-0.2834084864363381,-0.8718194938737094
57631,-0.5290109959902752,1.2821661692705775,0.8211045873083898,0.5092945320648128
43791,-0.7072692024792381,-0.4391577898376723,-0.009152828515296422,2.4856726760882166
13391,-0.6479583195126115,-1.0393727166428877,-0.7363866298098034,-0.6368628933977796
7511,0.4255233375333808,1.3558959665712431,0.7056352779853474,0.5060141173099016
76071,-1.2590098964257048,-1.1168672981698347,-0.632956039572137,-1.1677716669835478
41351,0.9722459470578039,0.12787874656109136,-0.9796508910548185,0.23472271069345932
68751,-3.02657944871851,0.4543335130244178,0.26577759367309906,1.1455792990820708
32831,-0.27393410825628073,-0.8591624926735645,-1.0948050018272244,-0.9994220037386594
53551,0.627689334624061,-0.2458544729209401,-0.8335668885856266,-0.8756377843609204
54911,-0.028525355622954766,-0.11769962217342124,-0.6898579176706936,1.0105341144860223
44951,1.0569513483334492,0.3053145621480336,-1.264391529921052,0.03770109629304442
7391,1.057277306406465,0.07869802778379519,-0.38039382280533157,-0.6039739918464443
311,0.11697272566926684,0.025849086211189292,0.34336521982724433,0.7321486493017945
53271,0.057213668714753654,-0.1680398307403478,-1.182920570509044,0.2840794254017242
25311,-1.3479126275085132,0.31797255769708094,1.7448987621845193,0.809840253943718
69951,-0.2990348134562542,-0.9073972400303246,0.2959048197714895,0.09986360380310484
29471,1.421269859409196,0.7279645508818878,-0.9208612517628917,-0.6199292637625455
74071,1.0583489599469882,0.04221036770353833,0.4592307924623767,1.4216601257744523
32231,0.8957116909703507,-1.8871822273898564,-1.0055305033187578,1.0042363035631934
37791,0.5050270278957345,-1.348862053902601,-0.26609999880010354,-0.020315486792711723
26951,1.2156925356912633,0.843290499837636,1.1328159644839162,-0.010869848793500335
34871,0.5963853743195632,0.7417010878067644,0.2739012173063663,-1.079888341240254
38911,-0.7185507478125499,-0.5884912501529439,0.1391979859395524,0.5195329911657175
14671,-0.55956381018041,1.9929844506936918,-0.5783737683025981,-1.1071584383310422
62751,0.24697957205765173,-0.7848428557543792,0.4531320596607163,0.12069608241945268
54831,-0.7043666051483662,-0.7177853516443714,0.1482115912733848,1.0891814456626348
26871,-0.5904136456354859,-1.2456655812011541,0.5487697344028388,-0.18236759230946378
63831,-0.7040051993161661,0.27612838018587804,0.5229545292295057,-0.43197880771781966
3751,0.6423028512600866,-0.1385869957121533,-0.309374302242887,0.196978967937895
34191,0.4358555540175022,0.5287417099013657,-1.2189659264830743,-0.17671056862811585
6831,-0.3843646320816552,-0.3335661361034827,0.7234178500558165,0.10618009089064606
61791,-0.2543700101667432,0.46909420456551854,-0.7191687086353327,0.7079998454037347
15151,-1.5264843759943874,-0.8703487670782225,0.19888681451773774,0.27614953246556645
43631,-0.5628658970963468,-0.6749400050223522,-0.18599595460880783,-0.3101097863130746
61231,-0.013616740010152943,0.18193200080003566,0.5405322285305294,0.30009588826838923
63911,-2.4229246378877365,0.5070156303118986,1.2239078379025892,0.8264099919419728
49511,-0.6721955092836245,0.27627240299050904,-0.021361120737515213,0.7267106984684
31791,-0.5677763782524808,0.5184268990597757,-0.009381919028410261,0.001504748831822238
13031,-1.270201943023744,-0.940466797498308,0.16473825754936966,-0.8475967876719865
40111,0.07740193906492937,-0.8161449779528728,1.0932872804516258,2.6116339135825193
26991,0.2583622880621808,1.5522634118137695,2.14323583542399,0.19101931033622196
11991,-1.9799440709200813,-0.16537988737263526,-1.2082281390749028,1.1910824774510471
56751,-3.1915616489414944,-1.5818944541271094,0.07079042143603367,-1.3396416102671744
76151,-0.5664998662118461,-1.3365355954141485,-0.026992057075129174,0.13676966692247988
47311,-0.5385284324616432,-0.8968654294034569,-0.9713784070341929,-1.9973403164083874
26591,1.6654926755070056,-0.9609298995822128,-0.24424213088058097,-0.9073720787203458
17311,0.505549783475435,-0.6693368910888011,-1.8656630349747736,0.24179629711924863
73791,-0.48194425543178937,0.5447409877023974,-0.6551889658017032,0.5286061495725627
73391,1.0298559777709129,0.47683746263783855,0.5773432923871131,-1.3717670827126551
43391,-0.6577955304588224,-0.07434180164011134,1.5654455462047383,-1.0275819290278378
831,0.04169884055099009,0.1735197095653397,1.1224517838818047,-0.9489661814114949
49591,0.2259637823539415,-2.5840696716381,-0.47263998868141543,1.0964522580223088
51591,1.8214248664221568,-1.0185536039532948,-0.1206840500927535,0.1601679034199299
57911,-0.9113121090605028,0.1498508735795301,0.24496979088957987,-0.38477700957300154
6551,-0.32742320780769146,-0.7960476179447495,-0.46543527905734566,1.2123336516660141
66231,0.8133900470941391,-0.2562686439573275,-0.4623696266289498,0.9332768199832524
20311,-0.3621665615967871,0.5876710781714006,-0.889024087273151,0.15941692448440467
29071,1.8113712291644262,0.39062530489890285,-0.4482097669963103,-0.41329091915621213
61951,1.9761858153201013,-1.1809487700509358,0.08245021887115778,-0.027359603082813575
74551,-0.2820605473233116,-0.15853742251850728,-1.2118900544943008,0.2551531986381344
38271,-0.5654453436380784,-0.9613443589884463,-2.1308076160243585,-1.4235485466989481
67991,-0.24275091323443937,-2.6396192189225234,1.2115543344471122,-0.7797684123594596
6151,-1.8576183741720078,0.351225009997779,-0.40092681422605536,-1.0671507026839144
75631,0.6983760743289075,0.9777690479125848,0.8726524877892372,1.5641016519760953
26351,-0.2607010816037878,0.4890604943035674,0.19852430021325096,1.8481976912579265
24471,-0.13101845600499915,-2.043991291112625,0.25504544920312594,-0.8480522435818171
18631,-0.17637518119159526,-0.9732357160275026,0.07347707204432835,0.1729918489750671
14751,-2.079454171051662,1.2663853157628444,1.2314344649212055,-0.5291489105173982
7911,-1.036681011355852,1.568208879753019,-1.491260645876115,-0.03036814547736573
71551,-0.0063306745291497775,1.5611057590238522,-0.12038147592367877,-1.0842741953437252
31111,-0.2962494678249294,0.574771364585306,-0.5169983411839016,0.37260583623444166
75711,-2.6081385600356537,1.1045223345132578,1.1014442665008928,0.22353966252806087
14951,0.5322077542595044,1.0782117826748459,1.5062967067087922,1.090402084791477
22951,1.1679057116299296,0.5880599002792111,-0.5355158034573796,-1.4338210924248331
51831,-0.500123196205329,0.2808738204528603,-0.015665476483330547,-1.2947330579580945
41031,1.9277743436528538,0.9988547249941321,0.65114505514983,-0.16708568414407524
61871,0.5761372994251256,0.044105152647970346,-0.08154554537936144,-1.541164196138691
56071,0.06863517058840563,-0.3604939380142165,-1.3391316014211545,0.24802561364249023
68551,0.5950646453831444,-1.085658834327259,-0.06641928553557867,-1.2332309052479655
59831,-0.022188538379299023,-0.5564870343018373,0.8532393877194516,1.6760410411605768
76871,1.0380951494993986,1.6889349483854463,0.38489939865256356,1.3262063901627332
65951,0.08051500038941034,0.7456553024051004,0.8779036782826539,-0.5062139173096573
47551,-0.6558625037562773,0.6021185356342226,2.1744868251841214,-0.530204297463641
23271,0.5028348867492666,0.3048830415706963,0.556312435382667,0.34034112689957075
16791,1.5200135616301622,0.006160088196590699,-1.8423151581746362,0.331410475643284
20951,-0.9566662910721752,-0.5137885541308866,-2.0202331613585365,-0.4936114983750792
65991,0.008633116898731101,-0.8185116635340577,-1.4193971067724873,0.2471812651771603
8951,-0.13051230746184073,0.18780010358398513,0.12589214710374447,0.3474755036964418
73871,-0.7055463114084723,0.12946541101173414,0.1223694508574059,0.2232715758040821
33231,0.41679448964518867,-1.4254262406821376,0.3033474215116918,-1.667382584985129
41751,-0.6404325207603649,0.9981204004629881,0.23012277467073833,0.29101297339249094
9631,-0.6153937588708603,-0.5070132333489201,0.255630281241484,-1.112027196073059
10711,-0.7534479347722904,0.34397982993667336,0.11208866764955862,0.218003439033672
62551,0.7243860445820757,-1.2395442403476142,-0.4475791355112758,0.43396813620736324
69711,-1.5416468111155932,0.7208868373748304,-1.0261399656487094,0.3084330033935988
54791,0.2628495454414304,-0.422865881272082,0.6470025202112307,-1.0150318383949055
70111,-0.5404932080252272,0.24588487815260765,-0.7533985032534355,1.9822745171114595
34591,-1.2319954476900605,-1.0962348213610555,-1.8994389825287388,-1.3060508836839275
2471,0.19698681344411223,-0.7278193249536694,0.7007690745017078,1.070733326743331
47071,-1.1685304249493305,-0.8197434760766762,-1.0349360698099257,-0.13284735671925837
37351,-0.3500045694170931,2.0377332640310626,0.743679272988625,-0.3928779928403923
51231,-0.018994038807209235,-2.247390893461869,1.8398247000199361,-1.4211770596912385
43431,-0.08763811166094503,-0.5057263269378426,0.8275423711592462,0.47516319794425566
55791,-0.999097293771732,0.8757844702329903,-0.11985999186279653,0.5572708949421574
44671,1.064710465390647,0.00593045668366894,-0.06129683776820038,0.4837073453610085
63991,0.3408368822449953,-1.8812507512232306,-0.9840636977341646,-1.156318438631837
3631,-0.5155996100520038,0.8871262182657882,0.29903947740903075,2.2194736344045625
73471,-0.2654791815929651,0.9033432173226776,0.38199216764489996,-0.21893315838162938
58351,-0.3796124708106481,-0.6143431637615738,0.671430522956666,-0.04654639292056291
11951,1.686305094502707,1.3609448209033759,-0.8906614260134575,-1.5791509272508841
41471,-0.5682108018616998,-0.8078753610069165,1.0607732137685542,-0.41734515128975963
60711,-0.054967922006167624,1.9246281403885872,0.03271404024487098,0.5296548422998621
24431,1.06923346215629,-0.7235195873870921,2.7992106943860384,0.5733659699053143
69031,-0.2180056638245369,1.6814474583078507,1.6907501467372914,-1.544072690452984
39431,-1.290681747315372,-1.6431344736594387,1.4752329351439253,1.2415319314211637
36951,-0.0736618681286773,-0.08428613231688857,-0.24622198567634418,0.5475352628679749
4431,0.19757348977804262,-0.1266884443407865,0.04832291796802462,0.18595688756705955
37391,1.8089774796484415,0.8936607161162494,0.4302736507630066,0.019679274682350353
29791,-1.480737379475188,-0.04418500132996965,-0.7667745604508442,-1.0526363166839823
13111,-1.301674844140972,-0.3247974374321576,-1.127361283717591,-0.47350852437875096
72831,-1.6879670812229155,-0.884577414048131,-1.008165613004774,0.7305090899186507
45591,0.8081355912474217,-0.6462954558109929,-2.1832523223178217,1.481525235043144
29751,1.1545954128971614,-0.50591248948638,-0.029294841131877837,-0.16652873739387702
431,-0.3485219156503474,0.9852955765332314,1.8180756666426074,0.49240701264730385
43551,1.5548105288624872,0.20806014029029835,-1.0779086347405142,1.8024810385706809
5951,1.7686799684007903,-0.3113435110643857,-0.30390243928604777,2.124139409295498
50551,0.07202674387176237,2.226593882022489,0.3939425555551327,-1.7754343569973299
54711,0.2261776185128723,0.7781771907765228,-0.6245478935721502,-1.4045526970636202
61991,0.20550873475697734,1.984075786131178,0.7858363798663189,1.4860052479771784
61191,0.6207548666311435,0.11709579525613338,-1.107891443316682,0.05922442394324269
62631,-0.8323146980486665,-0.7934894278040434,-1.3036331395654437,-0.5582977357851057
59951,0.7755145467108475,0.07516428977085976,0.46968955221007225,0.8340474227047215
10151,0.20012612532086785,-1.1570709272214432,-0.6715268942666754,-0.5202630305348905
47671,-1.2952015716971201,-0.21380152536917532,0.2535257105901968,1.7184610642138196
11271,1.3895148922247904,0.047526369326263786,-0.9226834691295441,0.5882678940860923
55391,-0.08244734883022595,-0.30991131554222406,1.7005078784316496,-1.518973468149359
55871,-0.6248274355782881,0.7420233657794058,-0.6819029658861107,-1.133707443545534
27911,-0.26648202741212024,-0.4455525821861109,-1.0947356147818919,1.6699900671093808
14311,0.4384496502059878,0.384070512356621,-0.43537016840154724,0.19120333457894154
55951,2.049240499577342,-0.770094135238558,0.5298226908975588,0.1722136942253032
64071,1.0374639683658509,-0.4110124790500654,0.22188465279645078,2.2273063221351808
4111,-0.7717073115749327,0.08910641710351559,0.5370342362299919,1.8308624282900332
48711,-0.7105622380121932,2.1595187534166564,-1.4966048741925893,1.5404648913798915
8631,-1.8609170672760165,1.1400922260511106,-0.5713027312840795,-1.5395861334435454
41551,-0.2779994417132609,-0.10896572890577898,0.2695736284055981,1.4148669489070023
65351,-1.2212699168688486,0.19273672842225406,0.775235610335664,-0.4214850504772987
69511,0.23002278068214926,0.9346310984502029,3.0288818761887932,-0.47561935896926905
73671,0.04105710030967577,0.8875952421798484,0.9843534973901826,-0.34842307947092
8791,0.38166183190804676,1.1840505939381714,1.7140425184342107,0.487714595399318
59151,-0.09308872295315901,0.15608864455907315,-0.08111265697161635,0.2810551860895485
62071,1.1687275357283942,-1.3203699642974258,0.47899177688855066,0.08738712373801047
9431,1.5508803046992776,-0.2041178081760435,0.49876384474892116,0.6692158337549045
27231,0.30961806574347767,-0.6680283623574742,-0.47452396447364215,-1.2876764283508733
41071,-0.36180711151886674,-0.8469720398828238,-0.28473498220566773,0.5020786760513515
4711,0.7359811903347688,-0.28345494019426243,-2.1029263013115314,-2.166007740902714
22631,0.1481043551390435,-2.0288701019376467,0.13458387912591457,0.620137225344901
26791,-0.49869000749618486,-0.4493418769926696,-1.148841951621831,-2.498660283512094
68431,-0.6365892502945957,-0.5418032784906581,0.21281638972200714,-0.5986952187014454
33391,-0.6247639877045869,-1.979727100256735,-0.9097574843602555,1.0639172181472751
63671,0.3320277899285068,-0.6883026687903709,1.1986371510780338,0.446537480257369
12511,0.1636119409942673,0.48262455643943547,-0.9783909218436182,-0.2713810036830251
631,-0.6305201083347999,-1.6139895191050169,-0.4302054040070923,-0.7074238661422917
27071,-0.6296589622539365,0.5410553922827941,0.6969119474258085,0.4586604450225858
48111,-1.4038875211349342,3.12070761977718,-1.1894540993813278,0.32546856426763565
67831,1.5217346046385913,0.9522780405572336,-0.40546371137051784,1.1730693575172355
29311,-0.8822830077090289,-2.050376102406777,-0.8676039994914297,0.22859968568128075
48031,2.1890255358357087,0.5155038446728035,-0.738155359046771,0.808982680069705
37511,0.5211773841180667,-0.9528748684047127,-0.7753669029006526,-0.9533301805950414
11911,0.48621843453916097,-1.315162643997782,-0.6520107238545384,-1.3660135814571421
76751,-1.7689369134503636,1.6656052053411938,-0.1933006418414748,-0.13506942225779067
60511,0.7137689748133212,0.5318774162610056,-0.6059320549514676,0.31602234328142687
51991,-0.8665833439288065,0.8647346085752082,-0.23330748655149278,-0.2973079774046136
1591,0.9200108702199964,-0.02215027574120635,1.882076770339414,0.05912017272538125
7951,-0.38736426918147077,0.35591165265503794,-1.013719858268597,1.4545396488777507
45711,-0.4830928193683942,-0.4178315538600986,-0.3250764289033248,-1.9662930065413529
32551,0.6172505211888949,-0.3675049140371804,-0.9184210292916342,-0.5781592556161278
40871,0.5411974323781954,-1.269017857248928,-0.018501108368553006,-0.10437660493404649
74391,-0.15443182652142776,-1.0141776519896164,2.3649165290027283,-0.6003771084179728
8751,1.4377540885745514,-1.2758054551316729,-0.08074424427580557,0.11686381433317293
51311,0.3971043682692398,-0.40356929592611696,0.2651138014307082,2.229255621020779
1791,-1.1539204720733829,-1.2443889624765745,-1.5876863671246373,1.409447002105546
31391,0.8049214574831426,-0.24450238353679146,-1.3991890688849091,0.22917952859024704
33711,-1.6859538198844106,0.49981606543425755,0.26328910812434336,-0.31354634539651355
70311,0.9268057092318337,0.12272148363400671,1.3100677592475138,-0.12299445811475805
33911,0.0794291295303516,0.05933519544036302,0.29932992089530835,0.27239839985200226
35271,-2.444086506020537,0.24025772717439348,-0.6309814167483777,0.8157306658889425
47791,1.6046038022296196,0.20019349401822417,1.7191992255311228,0.9977583613872407
58671,-0.457972655752089,0.9568158466799225,-0.7493933976606026,0.07565153355397052
22391,0.3871399595602052,-0.9938261103022827,-1.208595966324772,-2.3745628226122357
76471,-0.36733206671622703,-0.7455627497156194,0.6903182452252523,-0.9125252690288614
24551,0.9533533458950031,-1.1427963177965332,-0.6518443740549853,-1.0222280312103182
33311,-0.3247568696971484,0.7407591619031731,-0.9546693374380764,0.4113472758533011
8991,-0.02537561381686182,1.1078870979661661,-0.06447824110701829,-0.17119902322737232
2751,0.09757070906992725,0.05139837349631015,0.0450221127830326,0.3653423323931922
64191,-1.0425090430734452,-0.07690785733917087,0.027717408392468595,0.16953302930755634
5351,0.3251765421955285,0.4159822509650235,-0.7416941341081306,0.5693776540669321
41671,0.08867256976434514,0.4635114053505431,-1.4152430633795845,-0.7086631043247759
68151,-0.5468855946502725,-0.843740250053367,-1.840646718504568,0.5169235480482893
69751,1.81593374730854,-0.31310945975942905,-1.4582263006935656,-2.361080919304488
55911,0.9793183044414521,-0.8601179243045423,0.5814503263619274,-0.9135545615595122
49871,-1.2141553620501544,0.7399744566405602,-1.5933553811781782,-0.33711422634376387
24311,0.9142312225896982,-0.13765113828652167,-0.26455783689843726,0.29222853351720585
70711,-1.1246085720627628,2.07041692603457,-1.8083777024098566,-1.39362799118516
23191,-0.837935389470733,-0.3358042163122082,0.18781323322419724,-0.06792004659316417
65271,0.9327005641103907,-3.918991580913414,0.6545072356261796,1.293376976925774
12231,1.7143337892905546,-0.6472555781771048,-0.9480666388585293,1.5068702029321261
37591,-1.0667945237551022,-0.10630332546028114,1.8443860361352789,0.7472137326208832
20551,-1.0694881643080154,0.4626424773765724,-1.6728591766490357,1.0218472467290183
53711,0.30607686719786514,1.2189056930640103,0.39865904786027007,0.246874159163508
24191,0.9706232704639879,-1.6272772205372619,-0.8665878673692606,-1.2408511547483403
35551,0.6114280767477434,-0.7675394250744975,-2.512801139516597,-0.8758340649195192
71911,-1.3423631801554468,-0.9558870705478613,1.336337564002107,0.4357828710689161
911,-0.9177802778706194,-0.7234237221014093,1.181782880355077,-0.15019120579651754
74471,2.1432677387127455,-0.31205972566305323,0.39481141354204485,0.9288771532929729
49671,0.6297052960366535,-0.48549243256410063,0.5094506895909311,-1.3816573517261168
64231,0.40911700604411816,1.4012540102592894,0.5189242891781466,-1.6543266600057198
27431,0.11455635170724845,-1.0341202420058175,-0.007797585601981782,-1.277858296423608
57991,0.13480525180569203,2.2160853037748756,1.1492999809743767,-0.3757791488656144
62151,0.8228940251065443,-0.9455395402900579,-2.1018752424133162,1.9952590453640522
41711,0.5809133801153396,-0.8145144485334325,1.0071312769154215,0.24977278389791924
8311,0.2623554644246854,-1.0694450214849303,0.9780324459820668,1.1076153417196941
70471,0.029405812260697637,-0.15062527065517567,0.7770553130422843,1.1192065270598346
38351,0.11125113803420128,-1.8447732005873378,-0.1396425357959538,-0.03048747342856734
70391,-0.31169914598720966,-0.7672250118209444,0.10473082638731088,0.41885302061902147
68391,-1.2131810993123755,-0.6891961179594339,0.004533239410388494,-0.5597154072673408
46671,0.26816380859691297,-1.0406212451990626,0.8860758237384074,-1.568486248831617
67711,-1.1541798809029205,-0.37437951157792543,0.3524454153404534,0.758828712959592
54991,-0.9003177682155389,-0.8444063174061023,0.18645701926517982,-2.2169500321143563
27391,-0.32821726888618924,-0.09802843240800985,1.2201839706944675,-2.244614572539388
22871,0.44927383010165695,0.17979908831152258,0.0038360188539859055,-0.5551759266042378
27031,-1.4658399620101057,-1.9528397751116515,1.8916487129201256,0.2466963754632762
66311,1.7995099923117746,-1.218728492033713,-1.0901844030790342,-0.07654503870788801
35351,-0.4201316672326989,0.040614684285204775,-1.0576911677310328,0.3833965245608976
50791,-0.09414463108149462,-1.0094917956388687,0.9423370358234427,-0.5610235597761601
61071,0.004900396241516347,0.2466142750670363,-0.28036329373624397,1.0493186793964429
15831,-0.7173308384349756,0.18415431515748196,-1.9738063181414376,-1.0562420153454344
43671,-0.3388301470246566,2.4565796690211634,1.4172058589508232,-2.877458379129966
751,-0.5091966012809659,0.6816341735951478,0.28420867489381485,0.033944548414684486
47151,0.36877767857463145,0.13885536913489205,-0.23223197070323687,-0.25892345666566724
54031,0.1577412573832203,-1.0300947726204075,-0.2812279922878951,1.0449167899544212
15711,1.092552383961823,0.7561701800197379,-0.003536456996956028,0.574506327331257
19871,-0.8250243565370793,-1.2145352702320673,-0.9528998890688269,0.02096746042112059
64471,-1.3110753799464598,0.6562004628090151,-0.17800290395782936,0.10086241260123263
31511,0.37586802993142154,-0.43820252033414736,-0.3558585583748824,-0.7279313945894387
28191,-1.0931496142295567,-2.87774633859873,0.24010660682546356,-0.8474377588230536
67191,1.194230737766196,-0.21468967639306535,1.3401487066685895,-0.6767708623473724
32351,0.9028392280401463,-0.20402856392154012,-0.558092216060715,-0.5759833555249716
76591,-0.8111235407572505,-0.6214422763316755,1.3291781849617887,-0.911596177033707
56991,0.10835187024469951,-0.7785013883576101,1.5720119491263416,1.1564298336061625
40671,0.6959217399180397,0.4736594313544644,-0.3983081080593268,0.009334957294033254
39711,0.8628313264233932,-0.20378560494830847,-0.2615312800495162,0.06873910468023531
53151,-0.13174760307481717,0.4733214287022163,-2.040791052608166,-0.3876465792857368
52911,-0.9290947806321278,-0.9188571885302869,-1.3954654846633021,0.3690072148043544
29711,0.17795818514819545,0.7961193659722227,-1.0716832547331328,0.06108254773298379
47911,0.8602751398625508,0.47827562381859023,-1.3334487879790233,0.809822001561043
75911,-0.3974309816937755,-1.2601684851867108,0.5779344146309632,-0.35212300790292356
69791,1.2470420542530556,0.3059344833131548,-0.6906872110772331,0.10805674155549375
25391,-0.03160826973812201,0.7956848438876635,0.8939531804135601,1.8837503500607016
37671,0.2826842599956282,0.9413426452978905,1.3916358775389275,-1.3162097374342683
57071,0.28058218805201074,0.12534184174187674,-0.35267096577281415,0.4187340852930049
5551,0.29131351452167714,1.5695036476584314,0.9791710008234664,0.25798370825094996
64311,-0.7581674154827984,-0.3788992608372951,-0.4991269893648532,-0.4093117569582729
54311,-0.9594729285144962,1.9982560355825163,1.5805732290353876,-1.0962049493235084
24031,2.7011575165271324,0.5816511185059364,-0.43539350223705464,0.46640614297705635
22191,1.5008607818087798,0.07227456865637012,-1.3773983163778967,1.0606401086945418
72511,-0.2090324914110898,0.4848993642253737,0.23356498360128583,0.02785631033576276
70951,1.3188779313340653,-0.26415633968072616,-0.7471249092544081,-0.776089507909701
34671,1.0153419870156257,-0.35560043813209996,-0.02179337148227627,0.2405580436082544
33271,0.45640258648430665,-0.5321374861938354,-0.057545178086844,-0.4181208992874929
28511,1.9345599320240185,-0.36630287364660835,2.023188611805561,1.8044463528023686
2551,-1.2782346315197823,-0.15416371761633182,-0.7969751685490811,1.0738771146695323
6711,1.1879214911353495,0.5006215315064012,-1.5665845636216313,-0.22189829472519332
23351,-0.5270355431311745,-0.061193218187347985,-0.38837760700837554,-0.5439715784856103
55471,-0.437755791991895,-1.2419384276008016,-0.21416667959781618,2.48555570167033
47951,0.7521162469605949,-0.26753907408937866,0.1730028370789857,-2.059119321338072
63791,-0.8797023747562063,1.1397913522245833,0.962612866628512,-2.448052366824945
14231,1.1905560202625083,0.6235823581255677,-1.5638094845300032,-1.0762196092567393
67951,0.4026530314716251,0.3853883933845836,1.1167744142616596,-2.4525294450147785
72111,-1.3500853894384508,1.3532736165514765,-0.4488674321690604,-0.5797344714996452
271,-0.6156956370457253,-2.1276740679695187,-0.6255752492262867,0.5465543518252659
56151,-0.23228380718809097,-0.49741011893207615,-0.30437308730168017,-0.13062065817466742
2191,2.4716257378458693,-1.2276245455580101,0.11925293180634548,-1.447604472276016
65111,0.030175597426507262,0.47028878732904433,0.70165409848384,0.19864752502475283
46351,0.5385818001763546,0.4529818847600487,-0.6205699167618437,0.17473958619486557
23391,0.6938139859141073,0.6901603384146469,2.201223314698143,-1.7141267320308446
16191,0.9789928347421936,0.6307793185802179,-1.1496175328476088,-0.37870618717366666
60031,-0.10650772400630965,-0.9532771775528432,-0.22276946165961697,1.2897747912004518
60791,-1.15078324843421,-1.8279053212988932,1.7534113820233999,1.793726720301885
64951,-0.7791578405571556,-0.6545149844369818,1.3560563183738088,-1.0439875944694772
31591,1.5363620670670766,0.43508623378843225,-1.199861951771705,-0.09735144795929564
32511,0.46696565851686567,1.2765812902220959,-0.9219978200403588,0.22241990769432013
73271,0.22516816377929053,1.1861260180307478,-0.6594932924395418,0.0883287792420235
13951,0.5400405671924812,-0.6643428165871093,0.41818834282038564,-0.24615140100169203
1511,1.8127043854934715,0.2765973897502307,-0.18346876668742768,-0.6332459350141091
711,0.2785046974176449,-0.7307257533317716,-0.44454759729883253,0.26326705808784717
9071,-0.24249683443844208,-0.6433700947267466,-0.7014826561602007,0.4074568693584434
4871,0.5937460720612315,-0.08188479337327399,-0.6724186768854193,0.37265840360749763
17791,2.046579630030264,-0.7709500405150382,-0.870978359292689,-0.4439312899520195
9031,-0.27979098838865885,0.40231785302736733,0.12634402372777484,0.1824727189514746
27511,-0.36957304298478866,-0.3792875667890886,1.3813039666204998,-0.5334936407536508
66111,-0.08914071001759001,-0.1852906475914266,-0.15845045666790125,-0.04358203900589493
25671,-0.6871547142804638,-1.494649095528192,1.193553499553492,0.29299574878904566
11071,-0.3368048870352738,-0.6231124297448297,0.8745515085313615,0.1590334490914349
29831,1.3303231162788214,1.5256211995006943,-1.8501838163297784,0.7253976276872394
68351,-0.09932594343890512,0.18176201073879933,-0.29676699512774735,1.4498876210318907
15231,-0.46805022755138237,1.1305808129194037,0.3060069469714854,1.0534503184346549
63591,0.04626402329894719,2.2236932338033752,-0.5587483034218308,-1.749249139380684
74631,0.4330265129905712,-1.6684127387713583,-0.2679017455025776,0.12461456814477379
14351,-0.07887905329407632,0.3479276177676611,-0.30166924338965573,0.9375862994398857
58951,0.3806232373475732,-0.19230316025101007,0.7522553752482953,-2.712125302835692
61591,-0.3076361753308313,0.9666538080399736,-0.3591568550511369,-0.5825150740513378
26111,-0.35136970256585387,0.5122993873699968,-0.451483142256896,-1.318051509294027
40951,1.5429654569340006,-1.4799514260759257,-0.04784252450221218,-1.695641022904414
31631,0.12159057445745608,0.8234246847430945,-0.8957956934988098,-1.2821645193806832
71431,-0.2828274942694973,-1.2292539146390626,-0.8341245402270622,1.4774634109226985
35151,-0.46351977055653004,1.9766503416455758,0.01917063571102838,1.6926894953597809
39831,0.17479227860414998,1.412690339161281,0.5695146347835096,0.5450932556802385
7191,-1.7011669349999585,0.5057044242060909,-0.8978605873020017,-0.6011880486302336
14831,-1.5057301955012776,-1.6550311383441942,1.001029964220765,0.13623482578411744
15511,-0.31617227111939195,-0.29027645983339434,-0.17651049719947887,-0.4140158460367997
27551,0.6772422570268275,-1.467243866045486,1.3026328749562603,0.08786042872905958
64271,-0.4012174624308548,-0.12829840321718522,0.04118730502690823,-0.9188602036916705
27991,-0.4805590962118835,-0.0819198515669125,1.043645758894319,0.43852219149062344
59991,-0.367179944548325,-0.30943885364624163,0.2180867678410321,-0.9977242155295565
72591,-0.8516591318062738,5.267537717655107e-05,-0.589260172192201,0.6432567292194771
64631,-0.5286754884957466,0.6028447053816982,0.40471975048228015,-0.3588334863736892
36311,1.1853555767822685,1.0298036459243445,-0.020350801191233357,-0.9028635715845131
45991,0.23448934556997264,0.6503194958260928,0.9191302683447369,-1.0196532721273746
40471,-0.357060413210317,-1.4709444686834086,-1.3544424459074753,-0.7807748348828291
34431,-1.4227939120164153,-2.106549309047364,0.8954117100744502,0.8748270534555739
75591,-0.19447343883637844,0.2974250514198879,1.2431101949145673,-0.007639182976921782
52951,-1.2664505190724993,-1.8849498321512697,1.266738035935426,-1.169592142912642
13231,0.06393302468851673,-1.7922696107353053,1.2630038206828196,0.5798648309783324
57111,-0.8196964634976368,-2.0624616138240954,-2.7583019848979062,-1.0184715031425866
20831,0.5768853170733205,0.6123454653722037,-0.8319122460433129,-1.8837815939249491
65431,-2.2307230628166352,-0.9633122604534832,-1.4975117847670536,-1.259813760248083
29151,0.9498218863703356,-1.9354759117222773,-1.5158999743380392,-0.31024641516221657
52151,-1.5809900209818961,-0.4795190225896002,-0.5566954420454954,1.95890361516746
73751,2.2104270716910515,-0.476295305915276,1.018710282412107,-0.6362345200232227
54431,1.1509986628311863,-0.14635240345715458,-0.1455978305484379,1.0959812692028041
45791,0.0008671208468393555,0.7544136063701271,-0.28817196539662937,-1.1142027921335373
70591,0.8728425018930327,-1.6014283340224629,-0.5721524436535042,1.370329296472227
49951,-2.3030777938172116,-0.4430331657533472,-0.9722057200180723,-0.1538156060434601
13671,1.6569805723400015,0.7476700202347978,0.26464173543684977,0.8199545724199944
42751,0.13087773207561748,-3.0227966134644695,1.0760276909983066,-1.052371659484739
58311,0.6768055412909219,1.0956763864634211,1.4055312529766595,-0.9196927957681509
26151,-0.636534939930382,-0.7896162098780498,-0.6505512489153517,0.9630137096056994
70751,-0.7623017581801728,-0.6174882142613027,-1.6783050972984481,0.2918377932611375
23031,-0.29793931974714644,-0.7425954292661894,0.7845853412604381,1.1499571728334526
74911,-1.4538234139218642,-1.7418608014851806,-0.8340370394571368,-2.0545324960282425
34471,0.8267259030970944,0.2695549816445109,-0.6667236874895748,1.4765857300195044
66511,-0.7751016589316048,1.135099178581643,-1.2447746390820353,1.111495760138943
2351,0.2983115633974304,1.2532107520444649,1.0076017145933756,0.1356194298119433
6511,-0.626523878920474,0.24838415973511507,0.9895877150282887,1.9512488052727048
511,0.5211174225451158,0.38328293005777864,0.45137823585205133,-0.6698795202998323
10671,-0.000993232436567462,0.3605752078302099,0.8665964776039771,-0.29716369032570067
43991,-1.5048059171981978,0.11009149209804832,-0.09318684745517687,-0.3063430419833694
35391,0.7525022289364415,-0.06560426338613719,-3.2047337769910933,1.1597086066970907
1871,0.9002508525151414,1.2401882307299363,0.07627874486380865,-0.15140051436871205
27311,-0.45561019833652155,-0.6507942720356498,0.5000813286117961,1.3317580545886898
52191,0.2254103750222792,-0.7348402758852224,-1.251262387339998,0.6828790592826441
3951,0.06568453559729603,-0.23937390829521157,-0.11107883223282994,0.10896276405894618
35631,-1.740318199712031,-0.07358889516841216,-1.6710569472799293,-1.021519242151496
39791,-1.1034013597175838,2.2587854901985143,-1.6779509197490896,-0.1288324306923715
39911,-0.2659345561101586,-1.616825348427286,-0.8556824847148657,-0.6231435774881317
73431,0.58693465650695,-0.11940502206884823,-0.6284301076139277,-0.523326028644368
1191,-0.26907332262447586,-1.2345853308949086,0.6516749761949315,-0.9611878776900519
3831,-0.3444897426087997,-1.0674315633296818,-0.5305100236687046,-0.1603484442819803
60591,0.954109775323831,-0.7699022499968022,0.7674882371170537,-1.0396314933389332
27631,-0.10887788803033811,1.323984690329548,0.9124930793003508,2.308561733717042
68911,-0.4780670111208447,2.1037536603441427,-0.13392188324853332,0.6380604990701013
32631,0.694763889508789,-0.8728288947113568,0.6550878543837275,-0.688684358579366
5111,0.14194975377950605,1.7092170626204588,-0.4136073277886028,-1.1412146533564247
3711,-0.19245848954309186,0.9322079222169832,-0.9185111551303626,1.3019873821743246
22511,1.002826303869474,-0.352467345315543,0.399373025172193,-0.505036116450408
56831,-0.5105473554340543,0.13413340668674653,-0.8519455208263865,0.2496355638603372
12991,-0.540346398162811,0.8654085998602602,-0.21191185764085638,-0.6990271926490577
3071,0.35872193915994544,-0.4991591195874506,-0.2225334281860147,1.977395921343696
21311,-0.6796046568267031,1.4466861057626659,-0.6861353137528762,0.2851995444082318
65911,0.535959335669738,0.13424184874620906,-1.3129948334837296,-0.6494622852390791
70071,1.595976208147428,-1.1050536718294321,-1.113336070172551,-0.3983681973510506
21511,0.9652021291460696,-2.9322258223120383,0.8204143639454523,1.4992053937020522
45911,0.0014829382681022139,-1.01543956079137,0.22819709282696116,-0.22555402197464564
17151,-0.26230408986605863,1.3699846523757713,0.5062315540596574,1.8872771822600505
60431,0.5714932302384726,-0.41153795067938553,-0.31087045347665815,0.15894191038592667
12391,-0.41870522887738554,1.4411695218662741,-0.4782479207013372,0.22632959614378792
62911,-0.09363950849000105,-0.4443484808619579,-0.8117440388885461,-0.6168766538219227
17431,0.10722285484471773,-0.09917036822631826,0.7812090079283771,1.422313970256441
26631,-1.4933896346707678,0.21649378934130234,0.39754705595095263,-0.9497043722081665
73191,-0.7808585031658135,1.0135945062765286,2.0270161123321753,-0.4334287128349638
34991,-0.6265853529260266,-0.6177509947271708,1.0155376006323877,0.8893021532541217
34951,-0.3068894952353137,0.917455350475213,0.22173780352605185,0.15517175273557826
66591,0.04041924379782007,-1.5063888160281915,0.7721196464826107,0.1588829601430948
2831,-1.1136548152085692,-0.2860793475421543,-0.44674126658982405,-0.12811887134428682
62951,-1.6303335529244412,-0.33144431144119346,-1.1610422022710156,0.29602994574719466
11791,1.8758908744630882,-0.3749855464535859,-0.7087344284867483,0.7170677545284646
76631,0.3070885981252962,-0.3860539350221458,-0.1805867811450461,-0.6953513216077716
55751,-0.5047975327597309,0.593428230283741,0.0570195564714499,-1.4604827613819922
33831,-1.7384326029869939,-2.03520116575568,0.5186735532407487,0.5202119465500836
19471,-0.29025212874693873,0.8882675466203142,0.268941742125807,0.22642608938546885
30751,0.8431445714323067,-0.45582861404975356,0.2877690643275055,-0.9398385997662729
34311,-1.0010025139485323,1.024295694772967,0.9745943211367736,1.498362445850926
27791,-0.30274216975430973,0.05242447478407997,-0.8333089373312333,0.47640372139575093
72391,-0.6329355446579578,0.18975839630792676,1.6800480335992547,0.6639351540802235
42031,0.013785808552532757,0.8053859630670558,1.2125630717615972,0.21220285657032023
76551,1.5225819113617942,-1.2512634705046801,-0.09491924193796766,-0.8985652608482226
39151,-0.4203299909053796,0.10751750372135614,0.4949253843797076,-0.5911162075441923
44431,-0.2186592338498789,-0.19693281281098218,-0.8828278339953434,-1.0278741255764625
48591,1.5743136098691326,-0.7494676601464342,-0.08468453081933876,-0.557129838998537
50231,0.6305037724694347,-0.11847557483020776,-1.5673919918006256,-0.10705415003900037
52751,-1.917651354677056,-0.4988685569990286,-0.8455036448234353,-1.0885307301390699
56911,-0.46688876948883296,-0.25865322108314187,-0.09965292051914115,0.981928848591614
48991,1.7006384406315818,1.3436626971580827,-0.009780892424222509,-0.9065455049646571
20631,-0.250635436185323,-0.5883547227822211,-2.2187893080268215,0.8622271711902783
71271,-0.49136063840898103,-0.19773246205875722,-0.7511581528154492,0.8795301878390595
65231,-0.26976662793162387,-0.868274118188581,-1.5486546085998578,0.0464740729153179
37951,-2.5441594218278123,1.4934295222799219,-1.0177331313252649,-0.7827395220130978
28951,-0.32289038401887776,-1.153246775180904,-0.9717600848083292,-0.2748671199778378
15351,-0.6687306927273508,-2.3461917513050987,0.2578478814729185,-1.4612428578189414
33791,1.745369875878908,0.827080062761792,-1.147563656609634,-0.04799033044232238
991,0.21721019591711427,0.08175301545389715,0.9132926705688272,-0.626524239632093
15431,-1.344234066989751,0.8516992471306387,-0.1728894992237491,-0.17203565812045815
9311,0.46996259987663075,-1.4845370769359811,-0.7252627490022667,-0.8411854710643163
43191,-0.5339511441659142,-1.1113801493478064,-2.14391364341358,-1.6974198679574781
13471,1.1017778603670387,-0.38988959704859627,0.04979108508511549,-0.1299931253611732
58071,-0.6351476859221261,-0.6629760280587788,0.43285550546727675,-0.3336690850061881
44111,0.02790210563701944,0.05461801384962554,-0.017207672351757484,-0.13719118158252325
62231,1.2582956998531762,-0.29612066293553524,0.6698813075303136,0.7889518621394678
66391,1.7436927432408893,-0.5628662370975925,-0.49674851521993063,1.845720461969224
74711,-0.5894110252907044,-0.4520217955357939,-1.3670592851063004,0.9914643005369331
1111,-0.7059670547856052,-2.179611768978904,1.3667994335730427,0.17878592703981194
42591,1.8205917374959606,-0.6612002368937112,0.782373690416195,-0.6878301798049264
47631,-0.25697652848648944,0.7210974884247968,0.8274118237282642,0.6411498755225512
28431,-0.02976321416461175,0.8536665542678241,0.5308166070081395,-1.3226850007059021
5231,-0.3930837937215759,0.008692479310722223,-0.8425887216813066,1.3220875866190664
50911,0.653142415476351,-0.4207712980681499,0.29430884372812594,-0.0753514520546833
50271,0.47038857695281483,2.546067594990564,0.9137431854999826,1.4168491091152693
55071,0.38125525094365503,0.08668330191882684,0.012340491822753923,0.5688189154674135
42111,0.17034563946573464,-0.7059056115461876,-0.8943950508105257,-1.2019942072026697
18791,-1.2961358961736509,0.526035999670662,-0.7169570263575105,-1.5724701557584928
58471,-1.9460574897290894,-0.05147503542080235,-2.7659545002656403,-0.8507229673741837
71711,-1.2044872667523583,0.3351175499601468,-2.0733429165724475,-0.17805186283151056
31271,-0.12565647405622488,0.6316105860645821,0.05512737661212664,0.8675249413297954
75871,0.6728227334491704,0.2648223296630589,-0.3546442009153231,0.5381850468311844
21351,0.6083753072189235,0.9675402978289227,0.3802495965252588,-0.6874099747251419
74231,-0.0542368503882028,-0.2341202764475773,-0.6855476965309698,0.23768051635338275
25711,-1.1979524178274625,0.20032984886320285,-0.18869587280051509,-1.8387589008583367
7471,0.2860293652066797,-1.4215998115066875,1.2096378884663377,-0.3780811276161784
52071,0.20912080342187084,-0.887163983283454,-2.3811281529188797,1.4624174067384672
56231,-1.868421963928476,-0.09137958305722885,0.9725361301987687,1.1877096835615428
44151,-1.1754285643416882,-0.4508848696656838,-0.7635650087251054,0.8614859325653728
36751,-0.19872184403501209,1.0960906123528573,-0.10562917047940401,0.7911844811870574
64551,-0.9374708875434489,0.9162443257547194,-0.4256103626768407,0.0739316496211712
68711,-1.308193577025654,-0.8059390903216035,-1.1980702757687587,-1.2953357271655304
72871,-1.01670832754168,-0.094186858528626,-0.6366147787222849,-2.5478082398322566
62591,1.1166366559859429,-0.7749121249192623,-1.511417369944694,0.15239407483601952
40751,2.033152521873044,1.7457818430505734,-0.592319287682043,-0.7122800912404316
49071,-1.3290499128154494,-1.2953124712768571,0.49671454644647745,1.3988216415068075
70791,-1.566741118919932,0.38729883264132514,0.3604732971217806,-0.3358567932452733
16951,0.22041508174315377,0.2053521423450324,-1.379198939535845,0.10808119852938888
25111,1.1331646287551254,0.5583294650411456,0.7410680654676008,1.1520600524923994
65711,-1.29783746913657,0.21252686419764782,2.220203350120363,-1.1664819736005871
7311,-0.43439008401758084,-0.8891887632987201,0.6610995078740449,-0.034625774421254966
33591,-0.3107821084141436,-0.12658595459575622,1.3903550620419982,1.1495366945056809
73031,0.5325231294155973,0.8349568490360573,1.6165407646503887,1.7610420053367586
1471,0.31269064633315136,-0.8793309787298905,0.951094066765692,-0.09272741555369421
66711,1.3011073420507022,-2.72743825358649,1.8613768429098367,1.7862863859502647
9791,-0.4739165758321981,-0.9790243310494602,-0.33662062818377714,-0.5490030048542138
19311,0.9829025578658348,1.0675817105677972,-1.6274605503247912,0.05729335109628036
64671,-0.36879621088977244,-0.40842142737480003,0.027548794898566552,-1.1228145018009568
30791,-1.6298824232709601,1.2674574593593004,-1.5415998684793635,1.2271504269830869
71031,-1.4259088287685,0.034355559847917515,-1.4727351270661484,-1.178526754290902
52391,0.8855227580006666,-2.357958885760449,0.22779917352653758,-1.4338367487131831
16511,0.9854651753846035,0.23178009445025263,0.27787780719001665,0.18521945615936558
2631,0.49328858525664165,-0.9193594292142098,1.2919550919424405,-0.27692612429390107
28871,0.9918066323741124,1.1444277653824162,-1.746508115647046,0.565498781755777
6791,0.3797610099349331,0.8928432558205209,1.0149192224329735,0.6825541170918571
51391,1.1720263352886726,-0.11884567925723584,0.11902956978333573,0.43939032815538814
19631,0.17642331763342595,1.2531945107175744,-1.660219770427278,0.7099205059707067
15111,-1.3154342723751506,0.23559364354962525,0.8107615584118206,1.6473683830556298
75431,0.5997969794581529,-0.07295084240322149,0.44527066657529063,-0.0029498937272398294
19271,-0.11287380592782574,1.0041744788640186,0.23273190675864447,-0.4330900619977737
48631,0.3990709225118722,0.3901722871176972,0.6826130526924229,-1.3050230809828882
68031,0.8189725387223055,-0.07456651486527734,-0.6903131918322052,0.9151581601048834
27591,0.6634717006601675,-1.152983815783777,-1.6031760242943103,-0.7880932046823115
38071,0.6858604333008632,1.6313957593119603,0.7756712046327509,-0.8098476353321847
76351,-0.1781291830898414,-1.0036129393880773,-0.8660197902050117,0.47254695052696555
64031,-0.2244276067385387,-0.0433369521212018,0.6713009987723004,-0.2645225913551106
40071,-0.5977983097950623,0.1212056399110183,0.7121141254444613,1.0164282309948316
46271,2.1081232077960257,-0.44202357850587,0.23813174376499727,0.48375183571313357
48391,-0.3347817511095781,-0.39810686764230485,-1.0003202885633504,-0.06066969379649601
29591,0.9810764647732994,-1.3391002108400405,-1.0132310927143622,0.3350207525062059
16271,0.45974121091764136,-1.6299120568786891,1.7367562839952297,0.7118800269418819
44231,0.8037882993813266,-0.41875617221784306,-1.9947962461825106,-0.06888970827432113
24591,-0.43975385879357115,0.2723077905531219,0.5343068428491351,1.476175525657188
69191,0.07446634135983769,-0.5049390924200478,0.978586206278699,0.3594805998957839
1911,-0.6302004002056151,0.12797819092199192,0.7150906389332525,-0.9375017340458984
38511,-1.457285512080303,0.5597479932386419,0.939334857428544,0.6543379994126506
72911,0.45376441185647304,-0.7790677213537022,-0.8427890364203643,-0.2583617383485237
75391,-1.7373321394301426,0.842637963345658,-1.2635403089706567,-0.21115756372464783
4951,-0.5779206869430764,0.4487327065347071,-0.9614168501805013,0.013759615101279475
60631,-0.9045974392161508,-0.0975983393049493,0.6759170201611928,0.6609961872985761
57871,-0.0738462333852432,0.965148607038881,-1.1169506881607127,-1.587047981326625
21591,0.2547160869135077,-0.7629912193300487,0.1564574346245375,0.6236023142121285
42191,-0.2648302785058952,1.1939361042544097,-0.4008407432651272,-1.6221242971470367
25751,0.3548153577723974,1.1552072054923932,-1.2193608788389365,-0.5268718162127564
68831,0.3812382536971812,0.273341260633491,-0.3286343638759295,-2.3708412738741482
74511,0.9265478455674375,-0.33813078651570533,0.6694661893772297,0.7280759801416533
38231,-2.2011365037108943,-0.3271335122169638,0.6990815989379282,-0.4664178700959299
6751,0.6972097494814226,0.5915586870142872,-0.366517982045927,0.3399324474662027
6111,1.6821148725701498,0.7964244738837913,-0.31363183287194035,0.46207263931146075
56551,0.14695128706941787,-0.8234460575156716,-0.7667794778608379,1.1876895007932802
50711,-1.6133630584910472,0.24897231060722522,-1.251223611861799,-0.6003263301532027
46831,-1.1173748418901972,-1.1108767383496758,0.8140257570522746,0.31320915922021225
21031,-0.3883445118878309,0.14947712015261333,0.9513833759725918,0.2526001448967517
59031,1.0267751072807298,-1.5509808047469018,-0.6426822679343367,1.3932749154419803
64751,0.7096965578924583,-1.1289284261320964,0.5820437089175144,1.0596766733392509
67351,0.7234299855272989,1.0694065997057531,-0.22762453995052906,0.2893883578355378
31071,-0.3947653425614411,-0.1777962727211181,-0.49330711296425117,-0.2740071549979557
31991,-0.7929311143888365,-2.2665020726602614,1.2855676584593152,0.3329224688548608
4591,-0.21070974534482934,1.3657579584222737,-0.9591187388500628,-1.2172479475952809
47711,-0.05671120290617568,-1.3234357008924023,-1.2796884335856598,-1.1259209641283172
76671,0.8296943689031202,-0.49632974795929563,-0.48791386902266104,-0.7965532200621367
51871,-0.9318362511992794,2.1176617739330266,2.092708161466533,0.9226274463561827
56031,-1.2293983685273864,0.8344483313369413,-0.9321520610150001,1.7291157438958455
70911,0.9822840691248215,-0.14366842690121867,0.7232692203332096,-1.1969715260500151
60191,-0.4106415240257678,-0.25573205212849487,0.23409615049410012,0.41759517810359004
19751,-0.2939665404962463,1.1184655512048787,-1.2202093677591195,-0.8920571262019678
64351,0.14645588056569556,1.0776373655707265,-1.23587483130249,-1.0870196016752094
23911,0.7521681021528296,0.06713192188079671,-1.3132160901846204,0.5740363666390047
68511,0.2685931317197987,1.4244533592844009,1.7276721792403322,0.0453970474354134
31951,-0.5444347803661801,0.8919949617254282,0.6682371975074153,0.22968630457783956
38151,-0.40267455199555513,0.21647221192149166,0.5030860480062471,-1.4429089346960224
50391,0.5201287312637575,-0.8415313396824516,0.7260157542592981,-0.11706580280568923
75991,-2.08934367527975,-0.8525407460111393,-0.6171137580004695,-1.7183539642522645
44711,0.41674218237249133,1.4118654192190594,1.78105731549731,-1.115754892084782
36111,1.9917789559421386,0.14958976832156412,-1.9089269001864686,1.2800473475985024
12591,-0.5610790312172352,0.8596822878080196,0.5135238661179033,0.592735989202788
57471,0.2564252301799729,1.5880224563937781,-0.3592716496682024,1.2365701159392206
12911,0.7885302032616325,-1.2568668445517346,-0.4172075355512619,0.9282598359536819
61351,1.0779834816738154,0.042857440567519944,0.15925216015700047,1.1513616922428946
8151,-0.08155013426622826,-0.5226987039306226,0.9241352711671211,-0.9715078944037261
64791,-0.03957279504443796,-0.8233146845858837,2.2498638706475846,-0.27886836534936105
49791,-1.6651349748994222,-0.4257066597764573,-0.7124519342092772,0.16691931060064052
29231,1.0187532211737258,0.8220725095798034,-0.05023287429770322,-0.09482225556005365
49711,1.2398772331850942,-0.36086894434414024,-2.0167865699578775,-1.673338641899093
37551,-1.0932793732403192,-0.5609147266220199,0.5494373510379248,-0.17512208660846862
32031,0.5187074836055874,-0.38033086285828527,-0.8638800167190411,-0.7726248037737014
5431,1.6710927460127685,-0.04571060819066778,0.9426501139549587,1.2813749797774814
40271,-0.07171180263482396,1.159174332479345,-0.18106068693369878,-0.3727946114734672
50031,-0.29255240638139873,-1.8887352496964007,0.4784740856786498,1.7304892761868702
9511,-0.055953460658896996,-0.801915209906943,0.9741638001747932,0.19159496488881075
22071,0.7106944791999078,-1.6017104782423919,0.18620502929100533,-0.10065044753836767
2951,-1.367271747405668,-0.3329492532881283,-0.7605093108422853,-0.5853950419870642
70831,0.1293603363886638,-1.2029711262003588,-0.8894979381760275,-0.8752842543863742
38191,-0.12477034210826353,0.652949187082503,-1.123539097705335,-1.279110265285393
42871,-0.9048322329171364,-0.06470660664177452,0.3974261021890894,0.4929665930506593
58111,0.6146235792993773,0.10747807960292723,-1.7858025851791977,0.16825345311694898
6591,-0.7969693640659544,-0.18695234580231004,-0.6545140909284075,1.392315355717596
46391,1.5021576730771862,0.2598166986260966,1.4266606875763406,1.2975302021486783
15591,1.122968548474357,-1.8922042615588412,-1.1664597597957291,-0.41226954612804195
55351,0.3057256247304902,-1.4126700930690839,0.7678100793708066,1.0072068502354605
73951,-0.7785616222185737,0.7006102381144785,-2.147836029266111,1.6369766386997027
53351,-0.45928712766990965,-0.5543661642572143,0.4507937225162998,-0.041598087871473115
23231,-0.1321265136543563,0.5355504424066806,1.02468570339417,0.210406841787038
44351,-0.751193682914406,0.0053931582299269545,-1.600366515843307,-1.3019328812007358
31551,2.4014975644422583,-0.6003102566962755,0.00015340534142050874,0.6376554466159877
15871,0.4914804526977338,0.6131381713405533,-2.0591185037427353,1.4957652340734895
32071,0.7786434346359441,0.1827367430541621,-0.19592092568325198,1.3965099657220055
3591,-0.656925444685022,-0.5885347256121629,2.1673711778951485,0.0692396814009775
48191,0.19144584058420475,-2.5741466380964924,-1.4282153113443004,-0.2969175298150933
52791,0.11726352958084807,-0.6312269071812213,-0.03584344061337274,-1.3764506443278042
55271,-0.9689314959493501,0.6000180988911598,-0.7820486438396167,-0.6334322695600134
56511,-0.6832073407011581,-1.0669523013029727,0.011027949441236404,0.03470027436843753
28991,-2.3845684270329532,0.06495586121057188,-0.039787306464582596,-0.6141275286720861
30031,0.07531485821569311,-0.5551686272836228,-0.009347605218298995,0.24763681805362125
20231,1.4463596694447953,-0.4928708662801966,-0.020172660495512657,0.12412989884930532
64831,1.873542065662835,1.4587126542466275,-0.6496863478140892,-0.3366105111674194
24391,1.7163252924277035,1.1131903698092362,1.152952452382114,-2.13347219369167
68991,1.1259956637087902,-1.1410388937205955,1.1387021095870664,-0.03623864656520067
73151,-1.3202781676653645,0.5671750567860449,-1.2614117676125824,0.19305863143683155
32711,-0.30351504460330603,-0.07791839570115093,0.7384081492135589,0.05948748508923406
17751,-2.278585531393581,-0.2473821796196917,-0.11690617591931553,0.0668536722382631
36871,-0.012307693227105383,0.9715804564712199,-1.1477934168989115,-1.5559295692584603
52351,0.7816556857656619,1.5061968648297326,-0.0939704584538862,-0.6562485625032397
591,0.9386827713772088,1.7061477652458354,0.48320004150836665,0.8029737216502675
67471,0.19118580082940526,-0.3234213092902636,-0.7704412181673347,0.5026959446995576
75351,-0.28907519231323575,-0.7647936232047224,1.0572929641841151,-1.0649726972515747
49351,0.6539303294693009,1.213269946540827,0.520053431051772,0.4390820934817894
66911,1.136397161708432,-1.5590644844683599,0.37189323012029085,-0.3651802642789402
53511,-0.19438924542240418,0.43709081083433143,-0.3331563909527875,0.7533996006925597
17231,0.11944877076663273,-0.44393456501401257,0.894813666681364,1.536267759489187
21391,-1.651238199832155,-0.7267334579055168,-1.8435328078792272,1.4382566645452377
3431,0.7916733886057487,-0.739873816755877,1.6105160919860129,-1.6985153059087477
70151,0.1991325861513029,-2.806883261619424,1.63482294706994,-0.005324115639984339
56311,-0.2404548268218467,0.467887846073815,-1.1074550484216683,0.0250011106860242
66791,0.7884659011249192,0.14451361715249758,-0.4415084950091965,0.7685224811210426
74751,-0.6310330249127197,0.9233077417133669,-0.8332624172348718,0.8097257497036034
1751,-0.6867249410129793,-0.07232767262176218,0.8384056753205205,0.6427537652275975
62831,0.016457745722059137,1.4605040737317037,0.8046164019963072,0.06759674744467933
5911,-0.10012406603371908,0.23936204554704943,1.0265912471157412,-0.1310252352501688
10071,-0.522488274282392,-0.09963983975574649,0.092462527926815,0.22062749070247983
54671,0.031128902849071487,-1.211663178321417,-0.9828498468347422,-0.62259437213234
58831,-0.6558957493417364,-0.048494683653459665,-1.7257373183278935,-0.16776062808252984
9591,1.229473966292308,1.01002543788245,2.0638647092556877,0.07333096254906443
62991,0.6630534587373975,0.7554632612826885,1.507109772429098,-0.9541214156179844
37271,0.0771726293220911,0.39196404503216686,1.5418711386096136,-0.15369702967013263
67151,1.0999349161611418,-0.17914939312698003,-1.480350559815133,0.21570353062507502
25151,-0.583460568399546,-0.9869585796187046,0.32152110647888377,-0.3621905406893441
30871,-0.7827047664890289,-0.32223158382517,-0.10612895289509895,-0.0219931155707637
58751,-0.7435631020737004,-0.4705363074256162,-0.5506499997180945,0.09986492726977403
39191,0.4702786669909586,1.2558062217587473,1.5406876333436625,-0.42542953971226194
27751,1.013351261297957,-1.16476607248022,1.3359910438904348,1.4686241870574752
7071,-1.8928903253527305,1.5579084395653862,-0.4575329728880982,-1.1287154469919778
11231,0.39779671342803524,0.5199088250272285,1.3721984641043512,-0.6585424782645739
46471,-0.07879472001548854,-1.4656474251638711,-1.9682090830896035,2.052041978741061
55831,0.5065282029673548,-0.6483610984303175,-0.6826310724220596,-0.8496430010086106
19551,0.17582253244044244,-0.09610400129413377,0.061881492218746614,1.7306384576199227
60311,0.8299796336879205,-0.27911145898138573,-0.19962714419283295,0.814420508849049
23711,1.003362316709667,-1.2843948862993675,0.7133189813995329,-0.5480044858184254
68311,1.431840232515286,-0.7717826044850735,1.4443786430000842,0.36180619017013355
13711,0.6675023635510072,0.4223859588774996,0.4312256915704682,-0.5812653088491492
72471,-0.9140294507836076,-1.0672210473195747,-0.531353441463471,0.13768624099096605
36191,3.0229981186942614,0.6551359480980848,0.3598505705243759,-0.5513039912301696
27151,-1.4701569212033725,-0.3250641140109867,-1.3451287921881587,-0.07018923272575031
40351,0.09811294719396163,0.782822280737531,0.012651777322018932,1.1321217456998283
68791,-0.4230479685520017,-0.192592169693179,0.33301387413871547,0.024623791676289447
44511,0.03171712588265009,-1.1674509903819252,-0.4066848074204055,0.355019299890766
11671,1.4390045252918438,0.14564534054265219,-1.3272399234584435,-0.019190677157126468
8231,1.3667957791254972,-0.1730326562491719,-0.9794383637223526,0.9391598163819643
52831,-1.5638133566829793,1.0021998602601694,1.9642552973258307,-0.4543017055502697
59631,0.10717014111736091,-0.3072577127475347,-1.4612919928121577,-1.4647622638859663
28671,1.0051394466060855,-0.7263401906611602,0.18258558102037795,1.4130643999925983
61151,-0.5043849688234188,-0.973700700773404,0.12564517662128624,-0.6010529530630054
71071,-0.3549644564804642,-0.19786262706756977,-1.5852979344919176,-0.11608457081441428
65311,0.9124425101213739,0.7962732748551232,-0.25981428143859586,-1.49292673596083
54511,1.1102918760069325,-0.07338145491998299,0.5295614013293793,0.19051324764518401
69471,-1.6591462721420154,0.1024268093292209,0.6581327871028936,1.8774571969245741
49751,0.5709694975536259,0.931629180866966,0.46104105960384467,-0.8832863042333728
73631,0.5734832384307575,-0.7209692129098219,0.9555594160661443,-0.6044372644987946
58791,-1.588271945266997,0.5419693107030787,0.18074185908954785,0.17243544271013977
1071,-0.2183597256117036,-0.3288375153243436,-1.2303130277499241,-0.42748952051630396
53831,-0.21729050434270095,-1.0802741238416236,-0.6899771351927536,0.6107190878735438
49831,0.404048091668224,-0.3374886711008179,-0.5254799601912922,0.647174873484703
46511,-0.32768945114429915,1.0816294877628176,0.317942711252887,0.8163464557122175
58151,0.9064263822567361,-0.19921088521412342,1.670920605241927,-0.61215497129339
62311,-0.3533243946204348,0.8622727352078222,0.9884703615369108,-0.027578282626346786
26031,-0.13358458538131623,0.9859592865005561,0.6828364959696562,-0.09246594833795103
44471,0.4271917539621201,-0.36506214494058953,-0.11863653441318625,-0.4411881185108683
34351,0.7032898419123871,-0.7684363699416649,0.8442998812456101,-1.4619670436579928
58271,-1.2267348339285753,-0.9015674925598178,0.6708265475658258,0.7567526835897878
2231,-0.21012667446231414,0.11819893125443962,0.08055490313534514,0.09322507047423648
42431,0.051405653482350946,-1.0719396561900143,0.28786148036374826,-0.5181734764125772
10551,0.24543685605261442,0.6254262149171695,-0.8251583220018801,0.0840968363896912
14711,0.9352291550172553,0.9725263043426046,0.29716811080671984,-0.35734758622967155
60871,0.5336086879542727,-0.577084213056434,1.4604047169621057,-0.5354045847278583
2151,-0.3167423435301626,0.03635431611511747,-0.13577718593129345,0.29892272994891766
16631,-0.7581638792068757,2.24889170044511,-1.3568334383570508,-0.006484127228107376
20591,0.22133506245464551,0.01900256452918471,0.867644244573262,-0.7770512580279659
60911,-0.6271368098155513,-1.0247297412794991,-1.2079675865626736,0.6490598263024404
28111,0.9935182644816156,0.34900271674427863,0.3199864617835663,-0.8551058491267189
34271,-0.4917816616418636,-1.0798856031296844,-0.8452962076442855,-0.28773680359737736
43831,0.14065683193959028,-0.20248603193799794,-0.49358346396866426,0.8238454310610789
47991,0.07168320514428075,0.25887284628270557,-1.2942913473510886,1.6345412062002724
11711,-0.4532894060821917,-2.493935213132533,-1.189747074857531,-0.9806869249717295
26071,0.29989089774843863,0.04108987201376557,0.7497363170086628,-0.5026492572668765
20031,-0.48168393150867433,0.883334949909209,-1.7180177756642188,1.1010154294853687
24751,0.8487754289330484,-0.30810537383705183,1.034398074676224,-1.597024448928086
62031,-1.4898004873844752,0.43206558765376385,2.596441763055292,-0.09557243973687868
22551,-1.292244689614875,0.7291642131139476,-1.2019057381150178,1.3111363008146426
75231,1.0896493925852575,0.1377177831799702,1.2467821202432765,-0.5460890402218401
36671,0.04031415158054992,0.23901514474532704,-0.8508827155165392,0.7614175291943026
14271,0.13232689057604738,-0.6209816710990529,-1.9142240815697047,0.13899100888606683
44991,-0.1672611160164102,0.23895328779379849,0.6549440761258879,-0.27201268582985827
4551,0.4526689142851786,0.3451796010410913,0.5337871318411186,-0.5418871815020717
52711,-0.8788291747139777,0.4808643958281416,1.1450318316301236,-0.10379064690072008
53311,0.39159096363406715,-0.9899863850711002,-0.11090221305562115,0.6673741924530263
47351,-1.0498158704775873,1.5016954356443921,1.0782785211383332,-0.754530267706682
25511,1.045561332420062,-0.08838813793530063,-0.05186736918954211,-3.164345554917137
21191,-0.6897134767314917,0.5216182872418719,0.2182498849747292,-0.3539849098549551
9711,0.3460421089692807,3.487710013182596,-0.9625215300089771,0.33653519070527765
25351,-0.9204513156349736,0.9939624796118699,-0.7550669672547019,1.5428370607436612
29511,0.20719582701275935,0.0364941801490362,-0.14927980166158866,-0.03115530037157756
74111,-0.6823232892766938,-1.7278568664402152,-0.7336472772263539,2.2027124513976806
33671,-1.7882224104381128,0.23388533712432752,-1.2048711133260461,1.7305647825535246
17911,1.4058146148427575,-1.0030522592877242,0.2693426139797976,2.1664727804057007
41991,-0.33964357720536753,-1.6639923634773133,-2.0526197531052257,1.518552462372213
5711,-0.03688405103035683,-0.32645080520294306,-1.3044767525040408,0.08450430195487563
76031,-0.9281571284109214,1.082879736737009,-1.1655763766302034,-1.8958086853199827
50311,1.8802755041831591,0.3893310894718787,1.0838223741314226,-1.8919818208925747
54471,-1.7482641151381129,1.1984387176312563,-0.01562675255425312,-0.8257984187639207
36351,-1.543755099019113,0.18155998827516032,0.34030818111810923,-0.8046041764655659
18191,-0.4822320015040424,-0.9117770892336553,2.7157299193716895,1.6508489057891043
22351,1.4441069049830992,0.0031047628923734764,1.111265394691029,1.7141376596890017
66951,0.817688724802385,0.22898943787906448,2.7099894832584064,-0.5736922302079728
13151,0.38862357873604964,1.33590871662351,0.5363143252640442,1.139271985441047
30671,-0.5061902736457808,-0.19521106638734895,0.45221057283381283,-0.9652750764138595
65031,-0.0021105107601342805,0.12215252156987884,-1.3957035235399384,0.43576475850965646
46631,-0.20655115880369251,0.3649452548350417,-0.8202475948234709,-0.7516780226897853
70231,0.7538725804349001,0.35338376862401166,0.22560711568090636,-0.6495664288996922
43151,0.9487438511225368,0.1641818271077066,0.5590585839672394,1.0499118680070891
35071,2.0030658024668018,-1.4675429507262001,0.14273809923629094,0.5814105025707488
42511,2.197301546278407,-2.0201006273091795,-0.49236123277851773,0.6316922730026624
51471,0.3288231122821602,2.2474067504661543,-0.9490193875887739,0.7639463817561007
51151,0.5278143069497184,-0.3155917032615859,-0.66845591229122,-0.6948649616438506
63311,-0.047463914290412,0.11481885421170251,-0.21607279137082025,-0.15337344952597826
59791,-0.07486401912258954,-0.08088084062068364,-0.27180854641114005,0.22638480840206726
14031,-0.18366274858911852,-0.616977560519734,-0.35773002658834807,-0.8845456174177423
63951,-1.4092211137850181,-2.457570183273088,0.07708560827924829,-1.403169055488651
19991,0.952511887385872,-0.2521875119970036,0.49222693386774846,-0.35871125979411556
27671,-0.17898026986106338,0.2514823663416566,-0.24762941854347398,0.05980838510616262
72271,1.9485098872790592,0.7045042079811442,0.8015604119869746,0.751207751602592
23471,1.0304680158946853,-0.24295778592911502,-0.8615241925312732,1.540163236765419
35991,0.8156541453679289,-0.5055334857299051,0.11301518518290947,0.7260103694844399
73511,1.4176060869585516,0.059610361532933386,-0.6844275273259389,-2.122151139458846
40151,1.0993684760136562,1.05199385746605,0.640177448437213,0.8927954285647337
48671,0.7943061066405159,-0.660956432454419,0.8563831890095821,0.16128294169759586
3871,1.257785671844233,-0.006163659231774039,0.31658215930202677,1.1236732422415625
8031,-0.9530260666393044,-1.4035200823742002,0.700397194729253,-1.230611390827999
12191,1.058018535727678,0.06819358689998183,-1.5095718236290627,-0.5403052374635552
12831,-1.2616091618082963,-2.155937805783559,2.0889173164934,-0.1116799620599953
56791,-0.3058173192566748,1.2190661988051716,1.3266636235898877,0.37352061534138714
36391,-0.6073023470598702,1.9433076891452434,-0.13747984897230686,0.5041155502594401
60951,-2.395145404044995,1.8585186396361686,-0.380227285668302,0.4433117039513798
24671,-0.6525742591532042,-0.11335048408298502,1.0536230027881888,0.2694508022101202
22791,1.346971410584891,0.4449948243404909,0.7195128382768636,-0.5829132830048387
69271,0.26558354227579667,0.6428520665452209,0.8149843611639935,1.9992972743855981
32991,-0.6423108744476447,-0.4022154447560715,-0.4276013141052908,-0.8509802601698334
13871,0.6058956319826259,0.933024133703674,0.9495659977924666,1.706699210892636
37151,1.538199715804951,0.6950293640863278,1.2332130856977974,-0.26209422595283594
21751,-0.8159367744885077,0.13699632063756575,0.11192145728902854,0.3700575295301504
871,0.846180161947783,-0.10366936545277003,1.086556698214998,-0.05232992790981966
45471,0.18510438936362236,0.4742637297054754,-0.3576628077280262,0.38028906159665465
5031,-1.2432699291561546,0.35105862446076536,0.15860512053677564,0.5162203700486099
63031,1.5142106019185526,0.08480142436052861,-0.4347304622329527,0.2213033980546359
57951,-0.4513884792011117,-0.8251810182238999,-0.43111226596139596,-1.7174933545193516
16991,0.797789979530019,-0.9387502801321527,-0.6395571597018943,1.0637450898449428
53871,2.117415083498625,1.5479291951535288,0.4965390817787601,0.350821528411052
21671,0.051549729855073584,1.9310804261982835,1.1979421309813434,-0.6103147459823351
50751,-2.598842951544561,0.049358567103673395,0.21026785504390508,0.3719775650767672
70431,-0.4287878486039677,-0.1006695694726739,2.2543936829637197,-2.572874477081403
74591,-0.5519291565752703,-0.18798975849200866,-0.8002617701717444,0.740368130354355
34151,-1.0930903612404603,-0.9640994318738841,-0.33168550913205674,0.6557679892349298
38311,-1.9214517867416643,0.41745596695710213,0.08316003768190028,-1.4670411756676172
38471,0.17319226008086974,-0.6866710460127121,1.6862932895147817,-0.1450958351667059
6191,-0.0833230897447895,1.93158049390825,0.32312148355050035,1.1186170727279503
31671,1.6296861747824662,1.9914590482271752,0.34412300080898356,1.4255520410497244
6871,-0.2782038287016826,0.1915955471727323,-0.4138963535607572,-0.4902855151823079
69351,0.36441899895383034,-0.4860372631939245,-0.7914484320895562,0.8683150764939787
15951,-0.4861868123182935,0.07992010938556345,0.6853476211357997,-0.6501657779462965
73991,1.6331890267821951,1.1569238047408925,0.10363532443595572,-0.922885161417506
63271,0.45119985779814115,0.589455042181087,2.3958130006366014,-0.04375658622611712
46151,0.6692350936415443,0.5774011030933458,1.5043166770207546,0.9429591236568475
67431,0.055688829272216564,0.41414902032005585,-2.067994177929118,2.5256442000317354
31151,-1.5568748480950092,0.5356958554646457,-0.46861421886407184,-0.3663199004765991
43751,-0.6592468177817029,-0.18129836962137846,-1.4976846903013006,-0.8655467327552852
44631,-0.6458903169660355,0.75191616011175,-0.396842439686715,-0.9992401841359376
62191,1.0520418022525837,-0.8304024247569924,0.39529721848613486,0.5296313087616463
15791,-0.5587570862125738,0.5546876498231359,-0.863460923112607,1.0031838900641132
61711,0.9013977072274294,-2.1331051293445946,1.1659103689486885,0.728825813447713
7351,0.033765254630990664,0.5211616182947173,1.4762489261079497,0.5035982482604245
6271,0.5145284403336029,0.34556834490167654,0.0025610727933950794,-0.9358711747396137
22111,-0.1544527913455896,-0.05882546087540312,-1.3217422587430978,0.40056790452512375
56111,1.3439964685622603,-1.4159288671489507,1.2731324012370602,-1.214060479715092
60271,0.6669624528682941,-0.3248957844348984,-1.3441942038216086,1.116847984264187
24711,-1.8009940492751262,1.424866190837998,0.826998521653453,2.233379299936396
40551,0.39725871461478307,0.4255350020516964,-0.1210286623091535,0.6367188548759196
72751,1.3163812846171303,0.5143811892811975,0.7078746300119206,-0.49841272554680754
66151,-0.3724396343658585,-0.391363957838601,1.1315803123478143,0.08101070177551985
40631,0.391755127076722,1.4974968875856174,-0.04815817844784769,-2.561724824757703
44791,0.43981766058093574,0.6278252475719528,1.1679384949351814,0.31339946929554746
48951,0.6281866544219958,-1.740660978642818,-1.4838838251724793,-2.3205463568720623
53111,0.4950544866375775,0.6532839959723932,0.6028990928977508,1.866905267346664
31871,-0.49284347275196416,-0.2654767330170444,1.5764488848284843,0.7564138190947584
24111,0.5115125616703668,-0.8913895709488591,-0.7479565534033782,0.30871075518460284
36471,0.02947671150730222,-0.9380135749656704,0.3133274876491372,-0.5053434641494579
9391,-0.7818475238495058,-1.5486046902240507,0.8629617028220938,-0.2403932522292805
14591,-1.1043291426474744,0.33771796232863077,-0.7873580286267473,0.30028392954285893
29631,1.4998736599854843,1.3589669611632411,-0.6000991869353147,-1.0107967235258288
33471,0.48301372188544045,0.47236109015256983,-2.077199950339664,0.804792708639645
65151,1.253778190632904,-0.022891861089405302,1.562402569134867,-0.6732600890887322
41791,-0.09755610527079396,1.1281988750585756,-0.9701069687057086,-2.815396883347528
1351,-0.0948334027492385,-0.04880095245050232,-0.019637139467020802,0.39705488111749854
49151,-1.6305985323684777,1.0776045070345146,0.6055957916501914,0.6262585467483167
52871,0.44784071954811755,-0.3294870982990794,1.5257562708601122,1.7336008687901479
17991,0.24918174960244688,0.5730413790391552,0.3128346819628156,1.2391754492933678
69911,0.834442089321262,-0.9567934953350927,-0.560160418681181,0.28436469354683724
22151,-0.8549479075194627,-0.6527095171479896,1.7370057812120812,-0.7031194786710467
66751,0.22516516044632737,0.06906033479082982,0.6186610403839998,-0.6336603225170753
26311,-1.0134317158466302,1.282547006039981,-0.34119121148942455,0.5752986350807643
40591,-0.29142814691449226,0.30012448830996186,1.3630473321604688,-0.505839883915732
75071,-0.5405202363161121,-0.15121295721988312,0.3879330605418222,0.9053098104358859
34631,0.9267135562637562,-0.14139324765658018,0.13119597538152344,0.43902865937157526
38791,-2.7083452569201882,-0.021340588448582973,0.6582617724638197,0.33064665379727826
54951,0.4022407334891248,0.13736736131086302,-0.5873993413427371,0.45449002980087205
2511,0.6880045495584122,0.42617094694173696,0.0912970739132779,0.03260431075632984
38551,-0.012346868724959638,-0.16399508800486176,-0.36479035081719063,0.4974739645339502
6671,1.055157246469009,-0.039311310850444994,0.9456059535211435,1.675798440466
64111,-0.9832444700239724,1.0750747639904996,-0.047903997108428756,2.0796000823394367
55431,1.5680545172582556,-0.8070095642471838,-0.576038703501949,0.04511814941737105
46751,0.9005190383607875,-0.26187668752104315,-0.2726949000638298,-1.4079698761316772
63751,0.6078821131978442,0.7750891959230736,-0.21895918057375652,0.04184951660848991
67911,-0.8811256436257586,-0.7248061499554639,1.6445167494787754,-0.1399753414718049
17711,0.09710510542856017,0.7932216676837165,0.9386213092393983,-0.9524905125079165
35791,-0.9945759804312406,-0.004505837629470565,-0.5013565681486816,-1.435179705194184
24231,0.021457351367575945,-1.0698460642375223,-0.8180447841050654,1.9818867142789613
39951,0.23097945448604887,-1.4802633387403765,-1.2229811793713563,-0.25573177800835084
3671,0.6088255769044266,0.21912235974298627,-0.7381174433966915,0.9964836161690587
1991,-1.5151547200287576,-0.08022624267555958,0.2972132914275115,-2.4566871412000815
71991,0.571095610242379,0.40276996442325996,0.2660972479375567,0.793001244275455
52431,-1.2966634701815174,0.5058765954921278,1.3641933002237143,-0.20079971546868525
1711,0.44496640180637825,0.6995683274907095,-0.18955133927698456,-0.12924494350483196
16151,0.173986945731159,1.162551172485864,0.058319145220857814,1.2065419736938556
31231,-1.1503021199047838,-2.8094702780061946,0.4203655821836222,0.742069549678436
64911,1.4563146477949223,2.7073312384663826,-0.2677182471286121,-0.743794091457539
69071,0.26540879217285346,0.8677038025858218,-0.5083795950266878,0.5801219389987626
61111,1.2374426397865896,0.13647796434265197,-0.1584121372864229,0.04305995144009119
16671,0.38031030874261224,-0.8590818167509103,0.09128881545540257,0.8584937765366558
21711,-0.03442075929661417,1.9348318701147815,-0.4708129468213137,0.5082309572669163
4831,-1.184385528825899,-1.1515367953030224,-0.9157787203637129,-0.2750032759264349
69311,0.26065422320548864,0.8938677296442402,-0.5822148559056719,0.5352199421812682
49431,-1.7692527298126113,0.14534563393479855,1.2138037968307518,-0.8770832850449822
12871,0.7284774372912708,1.4033630876943664,0.7177787207828921,-0.9934502623438276
57751,0.9906283416378726,-1.0686112094479148,-0.7456122646258984,0.02890152403207927
16071,0.4249611745367451,-1.4104901227765876,1.0671686959872728,-0.2941923678604818
66071,-0.0027760625182128877,0.22027033783544916,-0.8853691860902517,-0.09940255559697607
2671,-0.021433640960464104,0.19170949071059654,0.014262534294961467,0.10467909294970493
21111,0.2599458912049804,-0.18005594728773797,-0.3582016212208159,-0.2755097327673688
33951,0.7165878586113811,-1.5086150420430255,-0.7087037830471983,1.65459664112102
38111,0.7232169517100925,0.07152284431420194,0.3639603184110635,-0.10454047034409183
44751,1.583715078007774,0.6756532751299913,0.31983444083890017,0.9159465337018884
1831,1.2431028759631046,0.21858297574150384,-0.011030407378487917,-0.948377497934198
5991,0.3744674787209542,-0.037317746893126905,0.5343869051600136,-1.600178408609796
50591,0.45048255903208667,0.0722210606058954,0.6538176943614337,-0.20988799879889514
34791,0.10280887393570615,-0.12625922931916825,0.12160036779142963,0.6651404599320807
54751,-0.8417978683009597,0.9641085486215157,-0.670938497724514,-0.8620244524376107
42711,1.4602435892765242,0.2650410341598672,-0.5744742393514669,1.795420951954413
58911,0.36801518204855366,-0.15960294076827805,-0.16446671314370834,0.41600190154715555
63071,0.5437742591942221,-1.4315961024085175,-0.6660578559760257,-0.9243181721841133
56271,-0.01722508162445337,-0.5675962617824354,-0.49486892721141684,-1.1613248372673683
67231,0.5921087232102534,0.07214806458074534,-0.2882818948285409,-1.1941628492445011
20511,0.29053473416449127,0.4068143760062815,-0.010517346975081564,0.07149611957711065
71391,0.43966016537823827,-0.3586050767315774,0.41080052417870166,0.7971115212800998
30431,-0.5938193787949327,1.50043150565036,0.96276855785224,0.3742998280110812
35111,-1.0053030865983925,-1.908952886199451,-0.2697311334157706,-0.5752494598150637
39271,-1.7364176788020251,-0.767975461977569,0.24613088069643865,-0.9018849238118959
2991,-0.9343589472140629,0.7679019532677424,-0.3596775374361877,1.370699520840199
57391,0.3273039280035296,1.546772855927179,0.5916791978422467,0.8259825987276881
48871,0.059553724404463056,-0.14509649416120185,-0.8129138522975731,1.3666373165994685
29431,-0.7164677714056886,0.34655928614986825,-0.05972404348243738,0.4193711493667435
51751,-0.9118130864426156,-0.6966168293114738,-1.0327190382596785,-0.3839460150830564
47871,1.493322937882742,0.07752440625089953,-0.34330799171300147,-0.4325693179181536
55591,0.14095679356926044,0.3570707405009912,0.8716498946674005,-0.002684070095802772
3311,-0.9062361678886273,1.911534318100755,-0.26133640456077367,-0.5547858752248299
60071,-0.18293481782429571,0.5709413150893594,0.011753311463148418,0.16870154942901644
67311,-0.6936999768402006,-0.4517841419834078,0.31844967487200865,0.5307250896274918
27951,0.5108636692078857,-0.8004391448953361,1.192180577178529,1.9822923606079923
43111,0.03292707397681288,0.4958037871969752,-2.448843428349313,-1.043315381835679
72551,1.3284757858018703,-0.014760807111309292,0.867291685221602,-0.7695758406321543
36271,-0.8462810278577866,0.4694696470606059,-0.7860863295662047,-1.2887107345087538
34551,-0.16844529477318382,-1.340051071131233,-0.19766313966495772,0.7268954302319093
5631,0.6014441054284785,-0.3659259158395954,-0.47523341801583996,-0.0777132231105233
6431,1.039997179551721,-1.0840878730470185,0.5245359602171857,-0.9328694569397482
70271,1.0691703540203887,1.0459504875169885,-0.42523743147732146,0.5329821907280214
12471,-0.42761392710892976,1.7185834825139714,-1.2062903917670804,0.2937356411024488
52991,-0.49161150714084734,-0.5275312554069099,0.3790913233687866,-0.33232161246212544
40191,-0.46815125522874096,1.6660640485503735,-0.7201819380409853,-0.04266503989240224
69551,2.1937762947399024,0.07743753664618967,-0.32677567846603867,-1.7051289121321695
30471,0.12427382949314546,0.8618231419473468,-0.7961429807585306,0.5723574052973703
54231,-0.12266172880222088,1.3181997528137115,-0.13777396411656734,1.6694600190406235
45751,0.7567245648048062,-0.8820341797160823,-0.5040788260689681,0.7284401833303498
48911,0.6249552390255274,1.247808654904574,0.5937897913866323,-0.21645526298108525
69871,-0.12069425276518232,0.266470603755824,0.13256863499436702,1.05622264532263
54071,0.2089137454746656,0.47629622380885317,1.4662085082624448,-0.17000975991367065
41911,0.4366162210456822,-0.36639493518013905,1.1663523001502036,-0.34294811108673157
58231,-1.58667504424455,-1.7091026993398737,1.6014986479689712,-0.12987875704675808
21951,1.386348886732868,0.04828407026129408,0.012910304287961487,0.21901364126574946
46871,1.6181233152208925,2.1680902230694064,0.3750157569840724,-0.18775369702183559
30271,1.1718719596220082,1.6683024404323192,-1.4009151897249124,1.1432616564521492
43311,0.7890860443504322,0.7629624452167341,-0.6423576771091499,-0.14117077901733566
38591,-0.33546653167288737,0.1529766498474363,-0.010003498399734436,0.21179480469419323
74031,2.44367308375081,-1.7706803394949087,-0.29592627173616937,2.334175971113817
44831,1.334280605488094,-1.9665629174709773,-1.2306880143619934,0.4327592697927945
46911,0.9845022942664214,-0.9341790924988262,-0.6341191070215638,0.07774474767502795
10631,-1.2395018607507324,1.1965565588284652,0.2553202831059421,-1.4858205608588866
55231,0.20709347977624576,-1.986498843784748,0.9637438956357678,-0.342812534367305
59391,-1.1774121588414799,-1.245699388449776,0.4101008359788633,-0.0842312475836165
63551,-0.7343328807371658,1.6201586410476108,1.1801749027211303,0.5486644354193688
63111,0.6819983023397923,0.16865086834028545,0.6347983179883461,0.047587489892107024
63151,-0.6502696408993509,-1.1515063707449205,-0.5851790692094148,-0.505676616035027
31431,0.2147343054554503,0.537137210291176,1.292351282613493,1.4471982486585937
20271,0.7012677244251312,-1.1984668588728897,-1.8945727698682835,0.061178537422836
22271,0.39597646098836614,0.25669146705328416,1.1708846271120605,-0.4698932634348137
43911,-0.22041460938775112,-0.7479274264336375,0.5810172228745154,0.5453250583689147
18231,1.6481285061200095,0.8585649422881652,0.49190004821827826,0.5425380036466539
52231,0.31207301034860807,1.9284496816734156,-0.2880919561762044,0.5364479632429072
17511,-0.3407077036859801,0.4417636576413294,-0.9487182540670471,-0.19586478019946235
56391,-0.5837433363453102,1.0977835788340666,1.0864589472819433,0.09481250407514458
41951,-1.2078342115441503,1.2266192542944416,0.39732527415813834,0.4316683539395007
60551,-1.344178600257563,-0.7313657499574052,-1.1238116782273175,-0.6691207303836062
54391,-1.5213623311487805,1.0884145899065125,0.8311787727463874,0.962922589931421
24271,-2.9966257432113172,0.3773960435753741,-0.7914009112019449,-0.26706022591388734
67391,-0.651643002619088,1.2092315287962714,-0.19964698926736138,-0.8846745913736574
68871,-1.2263318143614979,0.11061759240711247,-0.8826177264837229,0.3076021883468539
56431,-2.2007989060775595,0.922512313088692,1.233830876110094,1.2658662448682456
77191,-0.32473658599651095,1.8585311546702639,0.7871123718265204,0.28272508495212184
68071,-0.27856275587445045,0.88768040624494,2.3172493172389803,-0.5393612829794006
3911,0.745923461035537,-1.1051679147854034,1.5875604056680164,-1.0245408190165228
25791,0.11210527424057498,-0.5281114971852789,-2.5401874918237093,1.607803819818782
16911,1.2266873485551228,-0.08087303397849313,2.0934921129620725,0.3511826289239693
49231,0.3371332774819055,-0.2822249154520771,-1.5854436724750856,1.068100619422016
66871,1.0466202546054162,-0.4218820062923024,-0.7550901930661059,1.378083438383431
17111,-0.6680252183065982,-0.10435408802916188,-1.3227252741923297,-0.25286911782193094
42831,-0.4998642569422593,-1.130858765289768,-0.8084685787914069,1.0385006745560394
21271,1.3723492741766774,0.6465570670321925,-1.0796724836999623,-0.1332160381136717
70031,0.18358112216691935,-1.437513916338457,-0.5040965962212378,-0.2967539213363942
25831,0.8847848611758665,-0.8175705073443963,0.8193668605890727,1.4778098789404204
33751,1.3342406875265298,-1.3747931770447117,1.7021853118416506,0.5072169967612372
40791,0.8277612997708422,0.3618612184249067,-1.2404010921111264,0.24757596535821486
37911,1.6606003674097687,0.751179328244734,0.055380826257442964,-1.1034864279380323
39511,-0.16702624786361542,-0.10531242598386295,-0.49143212504024797,0.218617511598969
1631,0.005235883687492133,0.076110920871519,0.41601051006456236,-0.3419473559906206
4751,0.18780466972666657,-0.5771562301348816,-1.6101519168108607,-0.06504483159119309
46231,0.8538518449528628,1.1539581116917585,1.7213950085055325,-2.5803492353292095
7271,-1.4871002868573062,-0.2506807199320967,0.2835374026444763,-0.3413942372268697
9951,-0.8307699034675095,-0.6755167387539517,-0.3841899316677952,0.3116898475033291
38751,1.6858842759507053,0.9348251147865191,-0.4660293797371861,0.7818644346598466
54551,0.04439769767299775,1.0160639128398872,-1.0576603294769693,-1.1425123897815426
58711,0.9652111337909789,-2.3797033310219784,0.35543816968704756,-1.6217854131216345
62871,-1.5064075797001784,-2.9462672656279723,1.4780546108992494,0.17550611907128116
67031,0.7414112097840695,0.3815560808652192,-0.07813938497417834,0.25367632923732886
46951,-0.6299693483867989,-0.3437997004153861,1.4116147514106752,-0.6377270210885859
40511,-0.5110356024304896,0.5523136145992502,-1.629389557468254,-0.45940218491421037
62111,0.8604978080831316,0.9846672615938785,-0.19083770300689668,-0.14064118488553928
72071,0.1495149571953368,0.713523901172625,0.47364978129276597,-0.5785963488065792
4071,-1.0754880213039357,0.4727312648233387,0.1778424397194521,0.24047006951333572
11751,2.6932604679236607,0.08263628656730392,-2.0116980582758703,0.7552326846403281
43231,-0.07513422711987683,-2.110837269459253,-1.1807085678321245,-1.195052533872328
55151,0.5353567344661874,-0.40407177129853855,1.3999829680979852,0.7344474345447433
47391,1.37573243828195,0.19539619197466568,1.2250944260586774,-1.0606428296389045
6951,2.586779016045044,-0.19714552873922558,-0.6014783245764855,1.5737127499171313
38391,-0.3959326558862814,0.2999908410027863,-1.733364422341385,0.011361888227219421
55711,1.1191989681525556,-0.13810230945105836,-1.0694189025254406,0.43917402398717215
15271,0.40813694958305097,1.3523074105583126,-0.37395680027734,-0.4166682905212085
1431,-1.6893606548903686,-0.7820488576328918,0.08453679778278936,0.1999363057184624
12151,-1.2970033758049753,-0.11300939657068022,-0.021549381262727683,-0.46544774707307746
23591,-0.30255700210449143,1.687178439580115,0.8588678622683794,1.56986272300641
68191,-1.6830370638570773,-0.9753097707957217,0.6541608751783172,-0.34735065868261267
54591,2.068346302705453,2.023477019740764,1.4895151849503816,0.6008476110748052
72351,0.4815515789747388,-0.09862579973723355,0.08951447551647972,1.1574714167703135
16111,0.5434441745853553,-0.6400065937524155,-0.4212305765721832,-1.6952261344265942
51071,0.08651984966891926,-1.2002988421045429,0.8511660176179874,0.7697414115546851
52631,2.374175165249028,-1.0701953295824498,0.7190873625050226,-2.492842818317657
44391,0.9132726474365074,-1.077323130891066,0.16652238456520657,-0.34175024851502217
28791,0.5585129805051529,-2.2950702588457124,-0.1455350548523416,0.05103136119509268
48551,0.8877231190369334,-0.37068659962044687,0.5264630377050633,0.44091828346042666
47231,0.805025930329386,-0.8221847406031604,0.10718448134517461,-0.4956005894512505
28551,-0.9188353004560302,-0.1818292876279515,-0.05465937953461415,-1.5606886083976244
16431,-0.34370793605162026,-1.3104799215099583,-0.38413323283414375,-0.8985156605611996
44271,-0.2734021442355301,0.9919875229087235,1.226171255476855,-1.6623146740002068
64151,1.2195675519512763,-0.5866104898234354,-0.17894777374792517,1.1994943852207816
67071,-0.368697470586612,-1.2510351253913574,-0.6466820120787552,-0.16172090516740867
65191,0.2706199542385,-1.2682220341047281,-0.1734218989724045,1.2037150042404645
76511,0.7110994666617937,-0.19457363006494274,0.6813326002972652,-0.42968189861455097
26511,0.8762189642973862,-0.7132948807906944,-0.43723585066427084,1.539957970646689
14511,-0.43711400150930785,-0.18391894294566197,-0.9077391806828806,0.32249713519034795
33071,0.5824936506858871,0.7932561854493467,-1.0120446727824626,1.413272163639813
32951,-0.1450401677963425,0.03951041909917439,0.8759892576099327,-1.3473589778783743
37231,0.324777457764891,0.2717836045146466,1.0587783225801277,0.2872122920108323
41391,0.6608272694125066,0.9110049274152394,0.22918890279142506,0.38231975900656995
55191,-0.6190060275902911,-1.2073661414826433,0.9983629200998653,-0.6178901030950572
9271,-0.42920902043965903,0.7879209996008684,-2.0403868668746443,1.4422931379015083
37871,0.45578090912955116,-0.373123351266162,-0.0689146980417342,-0.5407027355281815
231,1.1233500734974489,0.24723365220354654,-0.2863205201332416,-0.5687363705237973
17591,1.1710545184247036,-0.824366070028457,1.2585524187656736,0.4555986918985867
22431,0.202580278663054,-0.4433422440445417,-1.0239134004693584,0.4928568453786222
13911,0.11109287741209087,0.5740398878946286,0.7742616191858632,0.2248390841569713
66351,-0.8509498339430279,-0.9801005836627833,0.44916569004485307,1.6343829084762305
9151,-0.4519505630323692,1.605727980832531,0.06729552847099332,0.21382464539099644
30071,1.4094387959750727,-0.7864887305931474,1.2418991014518477,-1.0352423935499548
74671,-0.11872511642245766,0.481996812968116,0.699188975807795,0.7447440971716175
30631,-0.2598374000082502,-0.4394195326348144,-2.171235747881692,-1.2530673102291006
42551,1.159509259056757,-0.07591768839294416,0.49770713879068473,-0.5268092092159448
57671,0.11069115228873248,0.2798088760387482,1.1539970756124238,-0.5447160173782514
50871,-0.28223310167447274,0.849853521880659,0.1923164727901247,1.3310978401430498
41271,0.21337521864622527,-1.0493366167399867,-0.7744004999515502,-0.6772294504287295
38831,-0.12290182216358789,1.079903900697862,-0.2941909262512986,0.009062205682210825
76231,-1.6043899510378348,-0.04372378620222949,0.29806411006899164,-0.09380546335764937
59191,0.2350532528758177,-0.5235887417059855,0.17405565586520333,-1.3326267333296626
63351,-0.9877514582771791,1.4819251863735552,0.3123003258869181,1.287081541288155
67511,-0.5029459939970848,-1.2154543553697033,0.5067205446684241,1.241184892586993
26551,-1.1829133814656194,-0.8583998429967281,-0.19457038734827112,1.2728593947661127
75831,-1.2873682154248745,0.8670781515811242,-0.24755984509187423,-0.9052631447141976
671,-1.3147164249251653,0.6467845850481933,-1.7933983100634838,-0.20954944888514224
73071,0.6364233671824628,1.054923187269954,-1.4925659803533085,-0.2942528018438504
17471,-0.44718673092083583,1.14104887989112,-0.38847331999191387,1.4944659949497299
7431,-0.13801842829965338,-0.029210009622991973,0.763124237240745,-0.2619214794649599
52031,1.7602261759553106,0.07889273841545179,-0.8549545594356998,-1.035709980107304
15751,0.60956946822585,-1.1827920999780996,0.8798440401738513,-1.5274304045666727
71351,0.8128812497243845,0.5425639081020511,-1.5699050102825698,-0.4618052048446855
42951,0.6163178902760578,1.2405945723181442,0.1658006477594307,2.3944718216089003
24071,0.030916126659961615,0.003876308124121028,-0.04200123271151096,0.06635778797419734
68671,-0.7702719439056761,-0.13112410794318255,-1.2949651289500714,-0.3531065978537063
76791,0.7972557398898257,0.4673501814710628,-1.6900009061836754,2.797606876569629
32391,0.15649098135967854,-0.2608817817395874,-1.5749726241846098,0.28023414079983905
76991,-1.4937490915868,-0.0518511068972888,-0.35539251081945594,0.007052946881024234
61391,0.9393955306797861,-0.5358026423314767,-0.9808986200361021,1.9261147056849808
40711,-1.7410442492428506,-0.6168609011960015,0.30613512343144667,0.9694300065664956
44871,-1.000667972548388,0.8687072934779763,-0.7349334293786352,-1.7766894806125468
38631,0.6800974006542896,-0.16491726700860596,-0.4845021954890322,1.5157818550963522
24831,0.21563520051221616,-0.8967718122661056,0.0033641727839905018,-0.9227611546431086
53191,0.5562753899284304,-1.8806612690342206,2.028161444723549,0.11343353033530398
69591,-0.12695338594887184,1.0593370025657902,-1.5415658318739303,-0.10936226893914515
53751,-0.9197848461313513,-1.1027703378075382,0.06540785597958185,1.5165390092648117
50511,-1.4587378885162987,-0.729672761468999,0.34548963957044637,0.01999875325414168
25231,0.6283320583602356,0.23709123884287064,0.2712246513431613,-0.7791683960846386
36831,-0.005208223786298702,-0.11191846742078163,0.6422749607637616,-0.2891682627814809
33551,-0.03661255440787453,-0.5328783065579582,-0.79640997479784,0.4121470962804473
41871,-0.7549362106223473,-0.8537434460907017,0.7017466919706882,-0.9860230833393648
46031,0.48500289222769716,0.6890761613401353,-0.5020091030874402,-0.15621584647168987
65511,-0.42416372708095845,0.04533241985883336,0.16872701962736741,2.863136623603712
50191,-0.5094275780662539,0.6332500635857673,1.8166545602362647,1.4936753853423135
29951,-0.817917579031577,1.734575801704967,0.17425334724587346,1.6305186670964285
54351,0.07190025231016232,0.5273888042446508,0.3517799052387061,-0.9052610576436122
19111,-0.5419740481167981,2.130259336187896,1.413408885447062,1.1747330070705948
58511,-1.5877712397468113,-0.29887126260101016,0.44858030400876503,-0.07215158002243244
62671,-0.2804344513247297,-0.37265753451545913,1.1541962336469613,0.33120254597523796
73711,-0.386817735584554,-0.540837096130096,-0.12203683429671423,-0.8033924325126381
30551,1.1810728683200395,0.2511581156235024,-1.474212361080953,-1.0183781612199156
34711,-0.48953082471489745,-0.10662766159456587,-1.0324225278422496,-0.10966884341237168
15671,0.1425924867650563,1.6631648990701509,-2.1527639314920726,0.7250768584440812
51191,1.1944003703136232,0.7184258323192342,1.0949547167188567,0.5901712450518539
71871,-0.14614855717291128,-0.6833567747402951,0.21943445303597925,-0.5788014889836031
47191,1.103983610628399,1.5587273103165216,0.04944622049947836,0.17899831724907872
69631,0.11586323401964063,0.31311916098679143,-0.7323553835488361,1.0072209137507917
51351,-1.3831771658854741,-0.6219949879399846,-1.5791439247577022,1.9175085294249912
18431,1.0214622496868888,0.7413079836941134,0.41871244829133075,-1.0662605896776711
