74602,1.5758949239663722,2.461920546123248,0.21947594617978944,-0.7271237098566348
28642,1.0043913525489325,0.807380567797178,-0.4090832487213117,-0.8292528430741345
61442,-0.015587736230349238,0.8302617200306465,0.5738704911299785,1.2774839727838145
682,-0.3735475517016771,1.6916619850043708,-0.5085858746204017,0.3687554636554404
8202,-0.19154429494733943,0.9614414187542417,0.37193881976065607,0.16299647527071284
40962,1.5862894373240426,0.014915715042111666,-1.4593428329147302,0.5965482015013911
26642,-0.6542364302676477,-0.8864156009785732,1.2437982925381514,0.9619175859059211
33962,0.2221800582317289,-0.1394675642086071,-0.6718830817272679,-0.020462977869808167
38162,1.8338152317177543,-0.6341542562573814,0.327846814461534,0.2826181286364625
38122,0.10104195982524196,-0.6849670917310288,-0.06802526717010926,-1.1275689710831058
65562,-0.06348876855579699,-1.9831575030342514,-0.9442749274859312,-0.35343096626377957
42282,1.0241823016570593,-0.5525110127159105,1.4746878736932936,-1.1727391238617404
14682,0.8703647274676062,-0.6116695760433818,0.9584227690161885,-0.470720926979023
54762,0.790763746582241,0.8055551413657325,0.3581997203837793,-0.9706801082203623
32802,-1.072911829468592,0.40890986278130853,0.23935571502774344,-1.112649737886138
47082,-2.4958372246784757,2.264252756934779,2.192017236216899,-1.6040545534235917
63082,-0.38294621723149214,0.46961096083084264,-0.6606863947050721,-0.3856657847976206
71402,0.35670720828090924,-1.3435228907979937,-0.041859220501371,0.23467163215561337
30762,-2.256388470209271,0.10473127656326918,1.566571841777291,-0.7631449957922534
19122,-1.1807475403519385,-1.133203002434873,0.045316286545192784,0.20255373363022205
3002,-1.8372771507666945,1.7030066158797796,0.6204472262043765,0.8963443614798704
71122,0.7529705921062899,0.22820199564387145,-1.6791324503694867,1.6739403000600102
59442,-1.7842990132556997,0.08088894705988955,-0.8036288687834124,-0.09090624644975154
64242,0.03548183313309193,1.2812756424494396,0.3402486743460203,-1.252174576089053
26682,0.08926240985968255,-0.13424315234528106,0.04501713011097418,-0.7786616246280016
18442,-0.8830818799481869,-0.3588333669666679,0.15248546819217085,0.1807178516432073
36282,0.46943450301623024,0.3231732746504255,-0.7667894339852293,1.2138339749285505
4162,0.04828010590959506,-0.19060467596049832,0.8846022860449206,1.1458351371036313
12362,0.18149672147673226,-0.024169447037145266,-0.21841415951332585,0.7192505456691134
61242,-0.852824558665164,0.3637553238091499,-0.09637911742909261,-0.7862545347427062
41122,0.23582089644841833,-0.6727529370424976,-0.9849776493232791,0.9878331069308562
68962,0.879033631299297,-2.0349341322539876,-1.0991756062166027,-0.1868250256547761
13162,1.0904072309358475,-0.11775824224978154,-0.8436455223248532,1.7445532180732877
69562,-0.4784012624045656,-0.9361583637987135,-1.1453919216490616,-0.10780364357122103
82,0.5084961894046861,-1.4526115696247004,-0.26380212011956206,-0.05418252036079932
1162,-0.5192563094614195,-0.6064712976665785,-1.930647025949006,-0.23788714349177587
5322,0.05397466765296518,1.041430654505983,0.8893931770604906,0.2863419818144873
39002,-0.7912188422372668,1.0072749307683262,-1.3678918570169574,-0.09744018195669218
73242,-0.38706901770425856,-0.28242139873544,0.570480784024146,0.7944173774050013
13642,-0.09985213108492305,-1.6001888373072033,-0.020171446547911642,1.9871554001243892
58042,0.047847446657543403,1.8285747822374394,0.7650900042588553,-0.548825862826331
58242,0.9887838462764645,-0.7787300800575936,0.5958361579611401,0.9922351930398603
12562,0.21505628439873611,2.2309620773041825,0.8074545261728393,-0.02529407455483301
36962,0.04436274916230072,-0.4749011933099471,-0.07387815177303897,-0.7061932403496206
52322,1.3990375446566454,-1.9700760711087333,2.0756505388052506,-0.1876383334480592
65642,0.1232705508979137,0.9982829700093553,-1.7468975491374905,0.43985283736018216
72722,0.22804579060845076,1.092426007258791,-0.35403395184775627,-0.8705165893161273
11922,-0.18018732007133928,-0.3752982236947705,0.04840231810156649,0.00807971216710962
53362,-0.2258269765670015,1.3108902173676347,-3.2113308060885095,0.9660680152217521
61362,-0.41525670418480903,-0.35897444913675874,0.07071510817358537,-0.9588930258141382
76802,-0.5196312020835965,-1.1859683445183606,-2.7047222342732367,-0.3318479624077544
72042,-0.5600554805387887,-0.3034747181468862,0.5359961688287794,1.0585086052389778
14962,0.23823707590576168,0.535293045854001,-0.350734677394876,-1.424855222122449
71802,0.9222126688962017,-0.37840037318717873,0.6020713293844988,1.9431108818657887
20842,0.12706426192921164,1.8358317625572753,-0.6759005684154477,-0.7888688827903526
13802,1.2327443373681548,-2.1685524438316737,-1.6117615952637918,-1.3958282699052043
8322,0.8258958003663911,0.53713685969601,0.43136628941877037,-0.4626788542826029
15962,0.1233011761593781,-1.457076655779051,-0.11981008928832194,-0.9966824537443516
38042,-0.5550213964588616,0.13991903717697687,0.15717590508058785,-0.5097555657283401
71442,1.8500893046704272,-1.4875747430266624,0.5653043653876797,0.5937861555360769
16522,-0.024293030520608296,0.30511525658305977,-0.7843260895538512,-1.2575884051670851
73042,-1.905019192318997,0.6261744969641817,-0.1851480149932832,1.6363269650146741
15042,-0.5506447220659803,0.20675422997832063,1.279189210835124,0.18666977148189343
77202,-0.45105386986376855,-1.7074563439723838,-1.3321199212417238,-0.5169446847751819
75922,-0.5391727249475933,-0.6159655995311473,-0.11705079985577961,-0.29131811956389475
53402,-1.3364148857666198,-0.5838535448150598,-0.30831438332084293,-0.809360350819587
2202,0.20153015597053367,-0.19291041666421,-0.4370899561243529,0.3418947071323345
55322,0.16273988319683924,-1.0777434966677002,-1.202427950741609,0.5130868034795714
70042,1.7556519486894833,-0.8539987328218007,-0.1637664387170489,-1.0913367272282082
74202,1.2923655630858513,1.5874860125116743,-1.2266686127771096,0.0641698494298315
61602,0.554209904439491,0.9748774235028027,-0.5598316192583467,-2.1718000740367462
56562,-0.8149957583723664,-0.8278895271938111,-1.096389942424239,-0.1747093312770905
46242,0.026390255791990568,-2.7525960448181386,-0.9507825113147659,0.9411627324414347
5402,0.8473310344375359,-0.03835325293082538,-0.9276258879005496,-0.4072388065480474
49322,0.42569832018583137,1.1099314733341656,-0.3205626170443228,0.4530067723961576
3442,2.056347409132296,1.187895407698573,-0.2248239929132766,-0.19059054829433703
62882,0.5330710068862747,-0.8020344089362739,0.58923932964472,-1.2583104283841149
26802,0.17820573796354244,-1.2993734413413538,1.3334473138080913,-0.911765260436121
71202,1.4169649541915588,-0.7077785630111316,-1.5684644510578771,2.381960515419147
75362,1.3787896132846595,0.08726601845600258,0.8452150092283296,2.1346179625914328
4282,0.09227812489236253,0.27355966583603036,-2.031308707832446,-1.071431174351205
53962,-0.08720780882142991,-0.3951358124121126,-1.8774131357721235,-1.1526296103759461
46442,-0.9788263601526216,-0.13464950216710184,-0.23076018871935033,-1.0448047115360586
23762,1.5850760159372745,-2.326027758049064,-0.05057465658124757,0.34350267007847274
12482,-0.6495559596438525,0.7281479457616241,-1.18849079925041,0.35960104782733765
68202,-0.1770129118473707,-0.616757715868588,-0.8143311392100234,0.9959375168684828
76522,-0.7910302097924451,-1.0708947579592427,-1.9965454348035279,-0.5930396948453466
20682,-0.3202444463682165,-0.5244698016434167,-0.7578772151873467,-0.2515503503011157
12322,0.24211058260023555,0.23718982692116375,0.24893454636012916,0.39339427291396245
45842,-0.30480290852559333,2.95147392384843,0.4060094156662868,0.41514101425227046
52722,1.3656201510066712,0.37656685546021396,-2.8246759726806903,-1.2624437774897765
8402,1.6139982807014097,0.19722238293738284,-0.14297949069788965,0.8557813786037236
56882,-0.564896672359851,-0.47405546921921593,1.4517001283414988,-0.46889541017502334
61042,-0.11879168750299729,-0.6300091739395862,-0.04987622836298546,0.382620283533275
24762,0.5999603380797486,-0.6467190122033759,-1.6748785822324073,-1.0209389708826535
28922,-0.3056971673095707,-1.6813280301744409,-0.00043136464091253653,0.8720476543991258
6362,-0.5602552012164658,-0.4610423396807296,-1.779770140820646,-0.32670058392321416
1402,0.21143311183963753,-0.09222529888078608,-0.3676255898765796,-0.27500238359396934
3602,0.3522291398312401,-0.27750628668867405,-0.7576410997261779,0.11472929062291123
22042,0.5296942552884756,-0.3965962560770296,-0.9964201322957508,0.9742427480818961
14562,-0.8464642159977611,0.9934275463134714,-0.11214789984571201,-1.008256846523658
49722,-0.6811118017021968,-0.6280931404530482,-0.776784799124371,1.3715399092006693
53882,0.45978633167007726,-1.5487792853229783,0.42821947065166904,0.7541123008838536
62202,-0.5945519962557249,0.5337471955294386,0.406830243784752,-1.7340876996644365
73962,0.03693587214063975,-2.2567253643469267,-0.9385903433055759,-0.9211942384941813
57042,-0.06350707392008324,0.48660760992148494,0.09812791447700696,0.8512775159084727
51122,-1.1941154106390255,-2.346317017304833,-0.9282669435277193,0.2855819686138323
10482,-0.02618941339420112,0.04601106886393426,-0.38914171599389946,0.6521750914961225
2122,-0.23907612451416826,0.3479458512497984,0.35973927863842825,0.34258371220329786
46722,0.6159470432283577,-0.628152054560597,-0.9711815394478388,0.19261478833778048
50882,-0.7725142429440532,1.0893540733144413,-0.45709513702584276,-1.8730116295731756
8442,-1.0361533480024259,0.556340775705561,1.7126752050615661,-0.11435209352064413
59202,0.6234745845891534,-1.5630782806106753,-0.26754445977776764,-0.28249153633351937
42,-0.2982124092994806,-0.2567317993768699,-0.4391879138008764,1.8515880152665272
63362,1.8157255363491616,0.42291762755836676,0.5074078805564249,0.623404476840825
67522,-1.7039405960866938,-1.2904489007243998,-0.671045884496182,0.9173032263782384
57602,2.0174088389394926,0.7956975578425044,0.7773264115498273,-0.5967282139799696
72962,-2.1994162584936774,-0.2458012776387282,-0.43619533428827606,0.7261406114675613
75842,-1.0725758469313513,1.2607581867515583,0.6521717706292292,2.1868329532909154
39562,0.5302071326576984,0.5092320435393509,1.1475686536396277,-0.2163159911977597
62482,0.14033000176655266,-0.13277233761682514,-0.8126395666195771,-1.1250317037295645
4362,-0.86368145202257,-0.21088323792278188,-0.5071016290073068,-0.26361855786832433
24962,0.7097462265716906,1.6920995598311128,1.9401876450759692,0.7130638966882276
52962,-1.3886480989856582,0.03100535420979708,0.8636191367286533,1.1927855034409829
53522,-0.32143948784883786,-0.6874197984789403,1.5295857119068714,-1.168594929567517
28242,-0.29705223708516093,0.2525375814572246,1.0611874588277288,0.04145122994623312
72842,1.1069070258271687,0.6250325073008011,0.22313490145945897,-0.10253964554668046
20762,-0.7025628891554005,1.3230517157391146,-0.06096645343190978,0.8080870941138758
4442,1.231822161303728,-0.10433081679364543,-0.4625354535998495,2.5289806225946028
34522,0.13261552284213998,-0.4215462232655035,-1.3998569820224411,-0.43990430872354486
49442,-0.9080935737737625,0.7467469921508041,0.6668391988431209,0.7341207400494052
21082,-0.11653325315313401,-0.06881025790874984,2.2281438887814096,0.3046671759525066
65682,0.7813083212347638,1.9112676859081381,-0.8137387316835512,0.23877679340625274
69842,0.3206480965678937,-2.2705872127048172,1.846731304481005,-0.8139912442323488
47402,-0.4665241635433404,-0.05738594186500482,0.09007909893624506,0.07297855183086388
69682,-0.7640987752849426,-1.1617075621847162,-0.8863590188238636,-1.3059405953755887
65842,0.4109607358945137,-1.651997054487983,0.16224872524286763,0.38008598064577476
23802,1.3401333722742057,-1.0026415660958965,0.06025030347927275,-0.4516034028064525
58522,0.4470674932790944,1.383759589940743,0.06778866403904679,1.6397804403743186
18082,1.216304895599445,1.6955481577514402,-1.6287525358831472,1.5113182921682071
25162,2.4757289697688485,-0.2052976097993402,-0.7994411054415329,-0.3886485457359348
22842,-0.6619411400616779,0.6167735996441446,0.5538612540767895,-0.9863845691918234
26402,-0.6242644163352845,-2.1683520801823777,-0.8159569348988628,0.38700128157662766
71002,0.25769253380154883,0.792556130514954,-1.3514569367054226,0.061917878442017286
69002,0.769215937194493,0.5762854215344357,-0.1466308661852244,1.2293949638133523
75162,0.19197473190630668,-0.585483467726393,0.9866935017466608,-1.6346051338021692
34722,-0.4131237647360608,-0.6327934494818787,-1.3536190208346965,-1.9313107752785599
32722,0.7524119531411585,0.18821617233442192,-0.8320141407184662,0.24321752711136727
38882,-0.7249410368252187,0.7582436745811101,0.5048916334586631,-0.0518657277612268
72002,0.8947204284293319,-1.7713999187431948,-0.01251322631666765,1.0466061993478717
36522,1.103830237645442,-1.8471742409606067,-0.22518613633240683,-0.3891264883803826
51362,-0.5144915240996396,0.42068309710031143,-0.10914523218754969,0.17868205641970372
29002,-0.8346902244547527,-0.02190078029436599,0.14415121275006862,-0.0792178900136189
59682,-0.13951109677904966,-0.5448704035371965,-1.572395454120719,1.999467890063425
27362,-0.5411224863131688,-1.3261645693948134,1.3554403401156083,0.8275285378498234
72162,1.7875030602470283,-1.0661620128812823,-1.2662056661896868,0.737900270812215
6482,1.03321073568319,0.11623773496477052,0.04423398634058728,0.0424750990571101
35882,-1.596030012819103,-1.697470863535875,-1.1236969886879682,-1.0100948717252431
40042,-1.5529220012217115,0.22395406750829078,0.27538936306559797,0.12003279953431335
44202,-1.0955903190847303,2.2849882999754416,-0.09377906358663127,0.09015120583539192
7922,0.6921847253149082,-1.4695627479203441,-0.18850858334472226,1.327683220035272
45402,0.45079207310073854,0.11462239248835997,-0.3462699068036401,0.5626218742702032
57402,-0.9232648261548188,0.42490516931040945,-0.7029692426156376,0.6644102214857777
60842,0.2064889157887106,0.003803244580456976,0.010004774841572455,-0.30977044347298466
53442,-0.73326076716124,0.27246222935515046,1.0114921232685445,-0.9359291855333185
65002,-1.2783703679033454,-0.3714604508604232,0.3225466025107448,-0.8004868074922298
2402,0.6232208550758334,1.2200350427024278,0.43474358043003053,-0.219097914916205
69162,0.6927895036907987,-0.1305595485718919,0.6402079825802065,0.217508734062846
32882,-0.45429467652175426,-0.3261629980346658,-1.2409513050510301,1.417257723811092
37042,0.5147130432386606,-0.05849802214981706,0.9598851612771415,0.14349126315973135
61802,0.12485549337680328,0.6540381125983323,0.7954419158804128,1.122094132343422
45202,-0.26719382257137386,-0.16451535753087698,-0.3326932620329453,0.22870171647866672
15762,0.05728919729898759,-1.25035956875158,-1.1749149538636585,-0.07607973833549057
53682,-1.163050921445383,1.3200290648873403,0.3020153466308574,0.6337681016168134
17402,-0.21846971919731664,0.6379771947257108,-2.021623533402336,0.9402559845365374
49522,0.17278992577314528,-1.8123543730440634,1.539263487841544,-0.6448963080259034
21562,-0.8214597940962495,1.1651918333540343,1.6911571552877718,0.2773267214473014
29882,-0.30908850618315037,0.1192677778214801,1.4625951094498197,0.1465627142986964
67962,1.6963530763407837,1.048861293926311,-1.2236903519023836,-0.35116610442315094
38202,-0.5665552356514041,1.4894177089812992,-0.9624340186312261,0.24592301492042837
45802,0.30336814052829114,0.3900254195802159,0.19679981243932151,1.1340803548053031
46522,0.6009539443988383,-1.3203790606314147,0.6053232703532568,-1.1882998804718288
50682,0.09859009758311049,1.984264187295272,-0.8085088922633605,-0.44761318067427575
65922,0.9282389406900006,-0.16984840524241632,-0.006098143433104332,-1.2804953895542652
35082,-1.2978875537252637,0.9561709531035026,0.5077456821029132,0.9174310204307227
18562,-1.329770066778297,0.6543638566873012,-0.4987692527880471,0.9520430740894564
63162,0.696339233972921,-0.6972120014736327,-1.1018572805570348,0.7190577971736533
67322,0.46796794098734373,1.0331483149067662,0.9744143086932564,0.13430258665640343
2442,-0.06936583630870531,-0.11662431781751358,-0.06945755702493431,-1.1720689716262906
45122,1.2479990086697779,1.0614098763612432,-0.41839596558547953,0.9311735723707283
10642,-0.11150749736812647,0.7454691824501769,-2.568626886134995,0.9641406636296119
47682,-0.5865399981346024,0.8001761828677846,1.0652530304846688,0.333576613755451
34482,-0.8117245464304759,-0.7580390637330404,1.400316265857433,-0.6046092367164926
56002,-0.3243630935977222,2.405662321042322,-1.02034176871726,0.06741685825215352
18842,-0.8107828324324662,-0.49274612953180086,0.39637007739945496,-0.45983183953294876
8602,0.09261611718003165,-1.5736637202946575,1.4675508406552087,-0.5171381049477781
27042,-0.34912683587790444,-0.05532312519460413,-0.42081154639110485,1.0131798955697928
44682,-0.490975583402,-0.6994357807882189,0.8093954885214732,-0.5060959765887625
4522,1.0918789624695793,0.4572084381943717,-0.23233816477606406,0.4120459056141161
57162,-0.04178047637697978,1.7366260397439484,0.40722676467290625,0.31320672642228653
38642,-0.6567546976766265,1.0032151845031676,-0.6043062779350157,-1.5097011632238027
20882,0.5475779791434985,0.2206193493806532,-0.3635711431061527,-0.46767004787589345
65482,-0.12545018225644858,1.160688078846519,0.5154314596869793,-0.13043610922928595
43442,-1.043620553910197,-0.38881613307068386,-0.03523713285699432,-0.35352503514936584
73802,-0.037544340281705696,0.7948114389056647,-1.3817523610233389,-0.1351930483960062
48642,0.7210010974456468,-2.4835844604698623,-0.13363899707637383,1.6772029788280176
51642,-1.2707526126374846,-1.7610058142208311,0.1866780888224751,-0.03767896965968515
50002,0.4582165646735685,0.2963327769071337,-0.7829299233698311,0.11029621319754584
63562,-0.6728566814677346,-0.010101662107621671,0.7535202101863051,0.41885739552585094
562,0.12176310761577407,1.459799486136422,0.3705257123448846,-1.307903387059668
65402,1.1030762560426646,0.10485162309324146,-0.44175205530848544,-1.5229550588550216
49602,0.8951269508321935,1.9740790116069507,-1.0784591577262241,-0.15262883977213657
12802,-2.181479157905974,0.19950116692971645,1.1425640774439505,1.0504498991968454
70802,0.26267399308168765,-0.9246790388227697,-0.06961639700768213,-0.7370273579550972
60642,-0.1915741232379617,-0.7579485350233112,-0.08292135004925054,-0.6789793625625337
37322,-1.3123556004595067,-0.1559823717341135,-1.7472272476205053,0.12728639525703625
6562,-0.09530466647178559,0.19188989391626154,-0.49779132434638296,-0.8516686306960383
63722,1.1768612969531467,-0.01214733347415101,-0.3577215211369909,-0.9520183509609462
46362,-0.8611702182979727,-0.13190753055765564,-0.07768459438335065,-1.0261584597819902
14802,-0.4461377263899415,0.2543372664223681,0.464324968526365,1.4245910126695802
14882,0.4320574159127692,1.6927822234761796,-0.48555550582359347,-0.22573045356370292
19042,0.77400700394759,1.8870609801558236,0.01549600140815144,-0.28343650904784745
67802,-1.0870206067593777,-0.29702574212856636,-1.3973321205699332,0.2502131026175501
33242,0.08465437537360254,-0.2561415190894361,0.4255118711646122,0.23731897860791926
31522,0.2062870433114244,-0.8003195478788794,-1.4461186440513258,0.9092787704774822
76122,-0.766160824059903,-2.066025555940923,-0.47274858614064436,0.6636902774372759
31482,1.1633301847644357,1.0727385026190026,-0.5329481239992311,0.9932784212731497
27322,-0.08070625041683499,1.6670569605658698,-0.11306282732257451,0.3955298114764943
44002,0.3795568687843805,-0.48574328317628346,0.9742467986327248,0.5024545732897157
20962,0.028822146079446272,0.6442741853253491,-0.06441611225946728,0.5753304003637749
11882,-0.9971936284851918,1.3826827373696136,-1.4425445126527348,1.1609496733319888
16042,-0.15584916959373912,-1.4945957685959455,-0.6172527439456392,1.703778526620305
20202,0.44458449629485336,-0.27758773085082006,1.384978855237104,-0.19098323969478145
70122,-0.35817600455302523,-0.14322110677921976,0.6084403192988822,-1.9163258173673712
64802,-0.795687550967515,-0.6002363667129557,1.0055853930511995,-0.40013485557673156
10322,0.2670632619427053,-0.3148772855063812,0.0014637899146440763,-0.8189585703476907
32682,-2.0573712103087183,-0.6232335702871055,0.9386253559954043,0.4804061849385663
36842,-0.4812033525914807,1.5650787029240119,0.952796758670403,1.1576421915241932
47602,1.0287103100512967,-1.2850044863236658,0.960559395014056,-0.6445438802262476
41002,-0.011310655631207533,0.2610984204179047,0.46665699267260474,0.4554204588288536
45162,1.29580473853984,1.4299859546490281,0.05221300412529282,0.27758322309517386
13042,0.9481759862074393,-0.2071996759286308,1.569349226120976,-1.372267433448695
4602,-1.3367863908199404,0.431439201294093,-0.2648058182616956,1.2787454152207978
17202,0.4757953554941936,0.04163093434136682,0.7397473599469587,0.11860752768508127
55722,-0.9137305097154863,0.9203464910386818,1.7334747957964605,-1.7638048734305165
65962,-0.6227462437077482,0.12631818889656843,-1.1237981873306655,-1.4551839911049076
43522,0.36788243692748074,-1.651069385016591,-0.42338496335921294,0.6157715738299143
38002,1.5642829720751672,-0.7662527560011868,0.28191043742948885,-0.885920041652632
42162,0.651946909304477,1.5427141677006473,-1.01003075443875,-0.2667354363589863
39802,-0.8800808218090185,0.936840380733557,1.376810548919088,0.913859717074918
5882,1.0475967938294612,0.5982073661964117,0.44625408729253746,0.28736336758078745
51722,0.11178273730791409,-0.16946082471061522,1.786663703545612,-0.3647727838003667
7682,1.6388712014034172,-0.4586136145004986,0.04706868186452943,-0.2694845042291839
75522,2.9457967589390073,-1.162175750813115,-0.517379387847293,1.0631729237134577
29202,1.0119704744074842,0.49395916729167216,-0.6119562795478478,1.2748589090981874
77162,1.462860755220023,1.710136657262446,0.5669379104018143,-0.558264128244172
35402,-1.101574552011791,0.5677234608210612,-0.3382140088478058,-1.431327484648158
16842,0.48389164143961316,0.6058123787041108,0.45836580813461864,-0.15132837390181167
35002,-0.6147379036691674,2.2772892067889776,-1.3096131599322947,-1.5215222139937699
47642,-0.05284368601794457,-0.14592860462419047,-1.8055296216408028,-0.1503720509242818
64602,-0.2842895772570372,-1.4888792491845462,0.30695869442994284,-1.174046001669752
66082,-0.03147632737509506,-0.28840282538185413,1.232713786196431,0.8805526847454002
1722,2.509054747579492,-1.321366344476815,2.5073225199988296,-1.0119532974165875
68282,-1.3099185019115633,0.6666525918354069,0.8381933693368417,-1.8293243894625915
74282,0.073878278290099,0.11637890136829415,-0.46781768149092845,-0.4851081304037556
66562,-0.5907713327640779,-0.3582987595691738,0.28243690720274767,-0.8726197309241308
2482,-0.23281540095034753,0.19292413575780754,-1.2020150206139013,-0.03867082636502764
15402,-0.5408749471525758,-0.23692941667747916,1.1019978289361303,-0.8551167328158013
44482,0.789749160558009,-0.09741293712808437,0.09290664298704604,0.7249110860194549
51762,-0.6904980100475594,1.4321173925827158,0.13673265855690536,-0.2526097743085885
52802,0.7428550744487531,0.6563114391596886,0.12571130157110563,-0.8056561596595734
59962,0.6276274141440861,-0.4121092480817141,-1.1394101275069028,-1.0984135150660952
68362,0.7034743289582781,-0.400365450910139,0.21044117212404106,0.44710208770358906
73602,0.04187107268078785,-1.37854901431252,-0.3827370159350962,-1.3598248307766996
59002,0.8152558588813712,0.6604134267818282,1.152117847096459,-0.2295979730642898
57922,-1.406842741510886,-0.7635598866976869,0.10089974326901906,-1.0928377947505117
45642,-0.7075746002045644,-1.7174420585747912,-0.372482107656248,-0.9796447240526711
57442,0.25291548614987547,0.3473373211297558,-1.2126809488809116,-0.22248033179804708
39682,0.8935015774265527,-1.6911141901793711,-1.2105274813892073,1.299191447806456
30162,0.05843658755508899,0.7789609956454748,0.5000822450638376,-0.924832688773633
33362,0.1376290679463484,-0.29296978608862295,0.19878240843357353,-0.8204814240983087
602,0.16492693550962795,0.9941104272199736,1.3383130972029444,-0.8498987241575334
41402,0.9042361244383365,0.24028480869467214,-0.876877507928887,0.2057545449629949
59282,-1.1139682175747982,0.556381029800326,-0.7847845622299366,0.8838102064919892
63442,-1.497038457731014,-1.2509141569413473,0.9883328843693279,-0.12453408747922973
8802,-0.10040687431903159,-1.1410133297172889,0.44980287655096374,0.14970895784713653
76562,-0.6035215790900216,-1.0107361407042315,-2.1707155654919266,-0.9360149969853935
67282,0.05136784286319455,-2.66798271403923,-0.500880608849953,1.9584370129248387
55242,-0.8420381189142796,1.6008952634411635,-0.14748227479707754,0.6641024774181632
39642,-0.241056996594807,0.694172226320047,0.523809973524377,0.12364361257045742
17002,-1.6034428488381594,0.1751167540747289,0.22929683522891167,-0.32447748045947905
3362,1.063663611928205,0.7220698149065985,0.2022654075988119,-2.0010837868522158
20242,0.36572702126441026,0.7161420502365856,0.5728525723936596,-1.088557945511044
66762,0.29241359626318286,-0.2871132094161088,-0.9348142495369065,-2.145050614530715
31162,1.1808751018610664,0.7844199371102991,0.32015216926724493,2.1363982076088655
55922,0.7667014305836215,1.0668723642668063,1.2048001036969127,-0.6305149318472683
62522,0.14231110887526127,-1.5458416199072833,0.8208651123874185,0.5844918243683207
28322,0.13200050469325839,1.203271043931045,0.10336611860837047,0.9758797402476332
64122,-0.25263801742990366,1.8332735589089237,-0.9244754714627779,-0.45082338895127344
4202,-0.44055516903881764,0.1375328055431394,-0.1781969612687685,0.03062933491404686
51842,1.7550594053685806,0.41125617022350053,0.22837730164778647,-0.14714881876253846
40362,0.4053943331115718,1.033194907724351,-0.20563058726940472,1.2298373810782375
21162,-0.6928242565462561,0.7690247243330723,2.541156814544164,0.127980829205746
65762,0.8635349722937279,0.12162245046734978,-0.6812314977856038,0.6624476160047177
49802,1.3279282592563335,0.02806908352948551,1.002805292914224,0.1007139122023349
54722,-0.609274277055973,-0.5601002374684172,0.13748014530459876,1.5278835237414872
37802,-0.7942276574819868,-1.0556630713594282,-0.3329221649688088,2.021686546895907
1522,-1.6500638797020906,0.10996187713546664,1.1281559834002466,1.011761211635307
27282,0.09027881437636823,-1.4644169640683051,0.3658374758685038,0.7311896066218793
5682,-0.061769350988781384,0.4260140135631223,-0.4206174402485485,-0.5848016917760953
76322,-0.7559000013299858,0.3156496897045323,-0.6856550197983855,0.6357684962635043
34562,-0.4234923452775094,2.0513906920548743,1.336688875236373,0.21256267593045927
4762,-0.3100056692046255,-0.3350774579592751,-1.3044546310604823,-0.39251562542173934
22322,1.2628660032611325,-0.08942185480762103,0.10935265228794155,0.2793729541095873
64282,-1.3273454248139294,-1.612991796151705,0.8038826074541755,-0.8117099302534958
71882,-1.669519767954871,1.216066275784327,0.6423663730248166,0.21277230384773854
74402,0.005272211034605418,0.7064844519388214,0.4698979031586129,1.2278260812296153
38962,0.5383633773126131,0.25478223067148464,1.0109975928532968,-2.045894242259526
51442,-0.49209816224374514,0.2196476849337022,-1.5430890330519758,1.2400070576401803
72362,0.6758262802993212,-0.5228886580931731,0.9921714572341167,-0.3968146451981591
55602,0.6141581613930251,-1.2046234929338366,1.3562351041392184,2.6773663786401722
2162,-0.4016930537287069,1.023094511751762,0.3530970515373066,1.4371073021001117
8882,1.7294299938612596,0.331706797022787,-2.0559011231781743,-0.30567702795123874
76402,0.7673110813817507,1.1787983953872734,1.1280407717048535,0.07675829168852995
47802,-0.8598859250189932,0.13857907984453777,2.074661483995641,-0.937516707630896
10602,-1.6468610941877708,-0.8953460493163554,-0.1599357896585871,-1.8912433117663083
47562,1.2051093175919558,-0.13398485194114415,-0.10106903159407608,0.3033000062277272
12162,1.0584557848007483,-1.1811296385952146,-1.850286013600277,0.1891580784720235
24282,-1.1126784692590912,1.8298797249161924,-0.17023181284424807,1.1323733480904503
45762,0.11521051176418991,-0.49291490333497673,0.17738758369217542,1.1998792545740493
2762,-1.020193193877329,-0.6969474503050287,2.4167213726733934,-1.2826836846130911
842,-0.6256070405790666,1.2640336457329313,0.5299469500818851,-2.145646092339624
21282,-0.12283489106122508,-1.38829637823612,0.8379711347985184,-0.18664133169861044
9162,-2.083314229978767,-0.061684425577070955,0.8915777191925457,1.0969848615705045
41682,-0.4941995394549995,0.46724899450377605,0.8402760100178494,0.19432760734228824
63002,0.7893297579168008,-0.08228520795517076,-1.7528091713393668,-0.02126519216817074
21642,1.8834980814864914,1.9351574768833413,-1.2570901258890268,1.6339632835198157
66242,0.09281462396272133,0.47297045294128914,2.3215374653794374,0.0023111941428337673
19162,-0.3577620655686796,-0.008490472503929005,-1.4340987093297246,0.06830853624412474
34122,-1.0545167852652562,-1.4966281579223717,-0.09845063962155128,0.21558651639149165
20602,0.5473051539709783,-0.13565689269606537,-0.08439233509592899,0.1837077899859887
58082,-0.901789029919047,-0.6505333537688937,-0.22227682458341297,-1.1090847421043053
74162,-0.7132414738695405,-0.6037368378364618,-0.24306625361693598,0.39372881434070445
23082,-0.39930746299805747,-0.10292978490195287,0.060247973607928745,-0.008436633964614387
59082,-0.6732941354276266,-0.14088451710390906,1.342552724808249,-0.8803085612520548
4842,-1.665303216686517,-0.2959338684557917,1.3148923240146078,0.6381063658261261
25042,1.1060956417618157,-0.8096315705243304,-0.4032098157530261,-0.6897571140236111
31122,1.8233965341170801,0.15010139164652658,1.6958356561282304,-1.1830077775332741
74482,-2.1148353949686625,1.0047003465522195,0.8309050509587897,-0.5695828637233984
3162,-1.0884335057867256,0.8845493145981341,-0.019891265956784775,0.814836474210108
76042,-1.7914723064761469,0.11967275528389672,-1.9707104774912998,-0.7447985738519759
47762,-1.5366935671478097,0.24171958673679908,0.0695462151723854,-0.9303007651683147
51922,-0.3577319534866545,-0.11910517421090656,1.5908863196748453,1.5299045580458601
11002,-0.08615339276496445,0.3215590480094315,-0.18980450107012378,0.711146521018616
19802,1.070499585220905,-0.6768579669510301,0.6552586638740228,-0.7324707417693082
24362,0.6080336185696409,0.34287470126720804,1.6333805858755124,0.5809071897784223
36162,1.0000576916212502,-0.8467299510051481,-2.1643726135458468,0.1945157861941083
8962,1.1219603513473813,0.38705885509727617,0.44012557497973054,0.6347566609345631
76882,-0.7670899125712511,-0.1489540495002707,0.3599633392159922,-0.06483472472599769
40602,0.6209656371486753,-1.6454589359442637,-0.7174399955095997,0.9357343573331997
45082,0.6902270051269792,-0.5104149413051011,1.4748921081440993,-0.8775536818542334
44762,-0.40183675557191245,0.5630107642024086,-1.1650098719535973,1.2105051014058483
17162,2.0371815476057695,-0.11054972996495831,0.8580493771242378,-0.1650665707779735
26882,0.13800490563516013,0.09582406285840751,1.2470629750052875,0.6865076704592372
28802,0.8722112970314356,-0.2386182666616232,-0.9845495827543227,0.6153540478834862
61402,-0.6917043999228807,-1.4942448879639607,-0.40606972977227385,-1.4913336199922396
56082,-1.2734808403178313,0.3111289817252195,0.3086943736561361,-0.14038828201553288
29282,-2.327810450477351,0.47058966323466866,0.26975340164375006,-0.6429301861118195
73882,0.7023235149602144,0.17655708653468927,-0.5639775412382925,-0.519732772719575
2842,0.811300473969082,-0.6640157731243995,-1.16241809869888,-0.7602643441849164
41762,-0.7115883364737168,-1.7065738172239024,-1.8320490827300417,-0.5265455135980092
63962,0.33288589554975495,1.5689891470873512,-1.5495096337476415,-0.5167479688086772
9642,0.3004011505828022,0.06860867826177541,1.1764524781089942,1.0097163764158685
32282,1.5350613318020434,-0.19561312371779285,-0.24156746757769937,-0.2778671856238851
52162,-1.7294711479959448,0.6243985985892163,-0.9361730511296393,0.6173297104590296
802,-0.6056151051648146,1.0036232191560028,0.1766574232666962,0.1255140273588909
58402,0.548230948676391,0.8497598106094955,-0.22707599150966812,0.2124655663461006
22122,1.112462715452078,-1.1615762771413742,0.8105750315044106,1.4030367817925633
66722,1.6730434491802977,-1.1259916630033828,-0.9196877164972583,0.018890335880359703
30442,-0.0633546568083259,-1.0203824578578253,-1.6068090022609658,1.8593065079108477
39722,-1.7430484326466744,0.3686119687867768,0.666931630123761,-1.0273413742198718
75042,-0.16350384190686554,0.8659144145402018,-1.234836071107878,0.19276722438222055
61322,0.44849016621379484,1.312036020577933,-0.2788954773113184,1.2742101772147345
6962,0.2481624309246908,-0.401911675292074,-0.6304961629057008,0.5876586212334132
56682,1.7187336733963814,-0.2452882085800648,1.7706676123057472,-1.1908688538831813
5642,0.5015159386006589,1.1728717074046455,0.43966108632744577,-1.8743783498082607
47922,-1.1551005434810653,1.2064489672132175,1.3996395374886785,3.0210155110475676
51242,0.4605281827002581,-0.9473352670565639,-0.8589073340586828,0.19706137064949483
55402,0.3881221702730985,0.7291214171306437,-1.3819016193672828,-0.47802853193539235
23282,0.5890509865907356,-1.2363733925063813,0.350957711085658,-0.1835213087239571
66362,0.3478442621499248,0.25786901991900846,-0.7269319685334106,0.40346968314183895
24842,-0.04820471916012814,-1.7968599797145435,0.6791559376394476,-1.1168226263436867
66482,0.08385963738216545,-0.26702679814445485,1.2103655419485966,1.2291154411500271
67722,0.5395666028354439,1.0453585839524882,-0.6869770378445856,0.9881610574192211
76202,-0.9908081343653052,1.0001409840682087,-0.8160793778783976,-0.5362760649710697
64322,0.6058208153209015,-0.8936936574267438,-1.2577126656675919,-0.3307956474266108
44082,-0.4016505525590021,0.41166393041439425,-0.4462313495218475,1.2258063074016228
19322,0.7988193884809182,0.2612082943776703,1.132518817452124,2.512225095842117
11962,0.9111798528171876,-0.009921460646535108,-0.206837285163508,-1.0895533559632755
16122,0.4872731361238953,0.7991299484970587,0.29014665548267554,-1.7307932829850052
62282,-1.5727739961304361,-0.5952902058570587,1.2225940557444057,0.40785252485046697
5602,1.460764450852771,0.8471269601247345,1.1056193426577585,-0.5417472750731556
69042,-1.2121409475499254,-1.456522006365808,0.8425312536035658,-0.7346029061270039
32762,-0.287451893499764,-0.6462997342823136,-2.2781791405419898,-0.22786607047744314
60242,0.08205976725903487,1.4646069647927666,-2.1596883547623587,2.104510245068088
36922,0.6183512450321198,-0.2079534441603595,-0.5405086659829283,-0.13717488528867555
642,-1.070480227033688,1.4070618549457385,-0.1436608261162883,0.9760397667481753
45242,-0.9228242849744834,1.6349861564148747,0.5400752883799069,-0.8726963861631277
4802,-0.06093793221065017,1.1289632703001165,0.503332051543866,-1.043249925568917
68442,0.5289222715090602,-0.37385828200179866,-0.47188082543960674,-0.7301142028904123
53562,0.10903358030836656,0.5405854406111206,1.3115080512436963,1.3369631252485057
13122,-0.28472507628964555,0.6791563495721086,0.13501649182616207,0.4515398369111663
15162,-0.3003758522894054,-0.9902763064940968,-0.27708195654609036,0.8348388260529441
61882,-1.1539034477320396,-0.4682552265401868,-1.6503408021344217,0.4502481611310998
4962,-0.697361407731799,0.20538787182439192,-1.2007689318593435,1.505849715710529
74362,-0.7460533721669048,0.7896091519166061,0.022301087693683407,-1.903983475568478
38082,0.46573827357455866,0.4687201047189498,1.615786736200219,1.7232371196740555
51002,-0.5156245124503914,0.6692038996397519,-2.057251145318774,-0.07362644294518736
54122,1.9404566776828993,0.18128983636593932,-2.105766139812497,-0.04979785215728664
5962,0.5923441535461029,-0.1288291264808671,-0.8813259106836232,1.0089047267356699
14482,1.0652309510481803,0.9395999968270958,-1.7093958098492452,-0.2862684462980882
46082,0.10391362063286602,-0.3896115874932625,0.3710485696176462,-1.510074754975961
23042,-0.54658292296497,-0.7073590613724052,0.23133454556968114,0.7529145206309998
31602,-0.6841858776635773,0.21984968657545545,-0.37089173616526094,0.7497798226352037
41482,-1.5588764658079175,0.7840960269514314,1.5223783342973516,-1.1900809119649998
63042,-0.4393879794214963,-0.04394705406507935,-2.35846885679558,0.38842527419169515
59922,-0.8704971144393391,0.9189158431749577,-0.9718946589300478,-0.21333741110186705
67202,0.48049743035771475,-0.8404239881200154,-0.9705424235479414,0.7566511717702586
55162,-0.23107310348050575,-0.7930707217433169,0.5732768958660706,-0.34396696522932146
30922,1.6969754505108618,-0.9905680387384236,1.986111025180489,-0.3495507234095695
50042,0.4272836075741386,1.8615512059756054,-0.12843739382549005,-1.1021787438398767
962,-0.2083840168488173,-0.7530571572702637,-0.1692806694100889,0.40442971974026887
8682,0.12060894618700654,-0.08221347104808993,0.5874844956683918,0.010139718858482083
68482,-0.27783809428100126,-0.2954953133513477,1.459954207431525,-0.16919331879326155
64082,-0.7333858938988297,0.5163771328093167,-3.328566984200313,0.7418651815341651
64202,-0.15214085896953242,0.18849833759545762,0.2446480886293014,0.6192506614411699
5002,-0.8934563942748037,4.693883188308071e-05,0.2742590967884678,-2.2956188381299327
32082,-0.1613520531046056,-1.0325813448149772,-1.3826677934698155,-0.3844274035731834
54082,0.21214742881873846,-0.12217831161847904,-2.0872712449113946,-0.24418764232124873
4122,0.18576866399220293,-0.7155927609334756,-0.533399722320557,-1.1112451232407443
12442,-0.6058333848800238,-0.7071199190002806,0.21527204823846843,-0.03493367116168235
52122,0.7465106857347135,-1.2251305794065852,0.8380709859568554,0.9655868174781
65362,-1.051471169881925,0.3524890693704641,1.4027703974037098,-0.17721327375727397
63642,0.9605455954871055,0.514302978164374,0.27785665052697484,0.0755768862604032
29082,-1.885389375363327,-1.0888064196143128,-1.0086966042475878,-1.5755277805708128
73682,0.8913049120421905,0.7003060545513773,0.4519851086850854,-0.717832521894258
29602,-0.3420449658132002,0.19431637598631704,0.04299598660537159,0.15100243744537128
41562,-0.07221890893993796,0.06856340323265467,-1.8229798736530394,-0.5190608305082618
1122,1.979678205470461,1.648224170921385,0.61215879853615,-0.6046373017856782
26522,-0.9417124343159021,-1.0765018808623508,-0.7886718993807339,-0.20231425253019164
5282,-0.03340019146393052,1.3331537834308504,-0.586888997292034,0.38278877860876653
9442,0.5735418874809932,-0.4514114702982267,0.8854275833707127,1.0676656184399738
7082,1.1054642454587154,1.646128236198084,-0.8450866580627466,0.5796431973072439
58122,-1.6519193614952092,-0.5327394747535554,0.06116461807080657,-1.5068602977827033
57842,-0.9469328525585168,-0.057866232686991904,1.5654864839885783,0.07992592065626701
21922,1.0225585697900534,-0.4593340474901056,-0.8989292843558145,-1.64781318384139
66522,-0.009968051971260406,-0.5519623547129366,-0.016446285006269785,-0.9439855252539665
15282,-2.256916088298328,0.19795841684421916,-0.23477856962182175,-1.489833377370596
74842,0.9473028637026938,-1.3528808658860536,0.20568624155941984,1.1861569843571818
34402,-1.7932810887800157,-0.27848080320283086,-0.18557502385716246,0.5935782358585974
38562,-0.5632254208120091,1.0593843011580644,-0.014922261091595234,-1.12008946570845
23482,-0.6914301658449206,-0.11847555639956879,-1.2880373253080555,-0.23689682535852072
41802,-0.29555373455975215,0.2247974818451387,0.1627002508093172,-1.5166506771182715
52042,1.125421929954586,0.7789045538338428,-0.7686941195532719,0.14757107579870624
29562,0.3895368305767696,-3.428821954366176,0.21939009469556925,-0.9922343943435556
14762,-0.02890991310028875,0.3219449267318864,0.3222576773411158,1.2747852408293399
21442,-1.2130431722328927,0.5391882618934418,2.197204857886111,-0.9917495123806147
63522,2.6997776365038417,-0.1655235459435421,0.05375953068410524,0.6850190020117835
67682,0.9160583152528361,1.2362104325666103,-1.167771447865505,0.2234502459592156
31402,-0.3374721861860746,0.41631957900431005,2.163223579389452,0.8030189266405174
76002,-0.09781017679147025,3.0632602050138966,-0.6704385881075946,-0.9687959360214218
70602,0.22346979086020108,0.3618652111405317,-0.7393841051222998,0.883132073469126
10402,-0.4685065079946649,-0.6098620476418806,-0.0735778968363707,-0.22327149113247455
48042,-1.0980132974546517,0.5451397399094262,0.38857181138899466,0.20037170965061063
11762,-0.06313990842766773,0.027416653238654318,0.4192054592728681,-0.8377443222468214
37842,-0.9821276107094764,1.4944538976752426,1.3606909133462666,-0.441646268354845
15922,0.3974887951017636,0.6240504647560429,0.16194260409744943,-0.4504794437584777
24202,-1.402605059464219,-0.5931649674336612,-0.6303380114094299,-0.8822348624180008
19442,0.4992004678691832,0.33463887150232685,-0.4340616233070989,0.0612834236591353
46042,-0.4217181611160495,-1.3206023057402445,-0.3121395008150774,-3.5939370251278606
73002,0.4418227142590488,-1.195151595416742,-2.2902969032661256,1.9095533212527414
71162,-0.9578912956470712,0.4961156798062879,-0.771520539740905,1.298202105689182
442,-0.005994979930163888,-1.2472706570164438,-0.16557235358978778,-0.48197863781928457
10242,0.18026431982174895,0.4145332312113591,1.9654058634748781,-0.21854175781410362
54242,-0.8086447813884943,0.709957336880152,0.44013794749298196,-0.6201046089597588
49202,0.6123673082287595,-1.0064726861297397,1.3922957880208853,0.5853002323682115
51562,-0.2782128854595024,-1.5657908992363272,-1.5059603531826453,0.5004239690649334
12922,-1.5190803880761388,0.06847779368654262,0.8034099259978943,0.44033075759052526
70002,0.9740257633046668,0.3072131550252429,-0.18035194612300254,-1.0811612580009349
17082,0.05758850199117276,-1.2228332441856717,-0.9996039943568432,-0.827929204796824
21242,-0.6386880629244561,0.9216342390461677,-1.55954003793756,0.09737680137032093
41962,0.6218026281294105,0.7117150560099972,1.9383385796552883,-0.28158084898425245
44882,0.9714875375217678,0.30664166194039844,2.862732955032294,-1.016758953242405
33722,0.19133031904956313,-0.0006257234967630675,0.19840371843016044,0.026138300849175514
39922,0.24619782391176956,-0.3655648159822713,0.7399053730801192,-1.3893386281751183
50962,0.41394760259373514,0.5969833265962932,0.9020606495079633,0.6731953598217669
5762,-0.8877532139973219,0.8946096305967255,-0.6331772165525933,-0.4282890032487282
50362,-1.5793217441257925,0.7230620715797875,-1.2495123980409788,0.3503516690875037
9922,-0.25114357414569327,-0.33355055135912653,-0.9307691636432328,0.9393418378293255
54522,-0.6641572280922198,1.5381766936845866,-1.945602334267592,0.08648497007110831
27642,-0.5858869095382938,1.0055991603459025,0.541216636712909,0.9108607244310919
18242,0.5034983053694295,-0.9640171214064128,1.04555938003036,0.7138050233140985
64682,0.21297233066177082,1.1999441033824485,-0.6702389605310789,-0.904054934692456
67002,-0.4247109024408932,0.41807114607537715,1.205993114212079,-0.7245031088154391
25602,0.4282143042822276,1.1357064664259784,0.9199785555370261,-0.09720604577043392
41322,-0.5087156043665779,-1.1339372216470198,-1.5057378272808082,-0.4279569090776992
27162,-0.38761727686157393,-0.053470053433316636,-0.679659881041499,0.6829819187881535
54282,-1.4087832161325173,-0.2765868704230948,-0.4581709280531749,0.9317364884331328
27402,-0.2705649048910031,1.2079873963400918,-1.2298897487124216,-0.2584677133697363
11082,0.5289909703429237,-2.02827872675129,-0.1596767626446864,-1.10094775992729
69122,0.20570105881849923,2.0808164762728483,-0.7859297295397106,-0.10738754938340898
55682,-0.6332509549306735,0.1440492185082158,0.6783418471453915,-1.0246903063806778
52242,0.8620721155833961,0.232675660873583,-0.3401826690568831,0.07178500616507184
8122,-0.2344361330793508,-0.21648043203637132,-0.6071288793992135,0.42518795371102375
72322,0.3217734170910147,-0.2510000964428353,-1.239517501917886,-0.32959980263607475
76482,-2.2384595025244973,-1.1761632218322307,-0.7756210027984543,-1.4040261978555022
70682,1.2148908773157663,0.765923375566347,-0.337898535715138,2.325008325390459
17882,2.2403137960474835,1.1346295929030807,-0.38201551872524686,1.0713275113051777
45002,1.3746720393448677,-0.1337644039275674,-1.2657352326087197,0.968575244924358
58202,-0.5704077151311379,-0.19194797984903367,2.7517155635490167,-0.20799332014169428
37922,0.29909217168761965,-0.2550243361615018,-0.7169019535282836,0.07659737388240953
61002,-0.4604199114883205,0.5221433735586278,-0.4269982359109728,-1.011500793139921
24722,-0.8974330908016904,0.589429629500886,-0.8865343025295898,1.8860000655541527
28882,1.1667938896606298,-0.3656547299306629,-0.7926406280563338,-0.03361264067791167
7522,-0.31984534521400954,-0.43844123322786527,-0.08885130135607631,0.3918242656210514
46122,0.6529347952550768,0.29207681635488214,-1.0320336791520344,-0.7519787565050308
49162,2.681658532287673,-0.6253982637992634,0.2842502193411715,0.96714201144558
37202,-0.4265760744024543,-0.035659609301168294,-0.15849524109045127,-1.086378408822214
47282,-0.36618325625843906,0.5879184814684263,1.281817586394897,-0.6399971533001326
922,-0.09014233745492092,0.5736213393571759,0.773916480497661,0.6099589364809049
62842,-0.9905986235377395,-1.0097120185912467,-0.07565480505692508,-0.4880191357257957
45522,0.570827828367176,-0.3024449724694961,0.37467542171683355,1.221811986466066
33842,-0.9361622956658192,0.6484535248686031,0.5836029877800072,1.3772566846260597
62162,-1.5995112674862808,0.329687274402615,-0.3798051591402762,-0.8682419999820771
42042,-1.1435824773988708,1.9638313874695978,-0.05060440474388931,0.39219669064011153
48562,0.5883330953700011,-0.38140547795603397,0.670793069650954,0.26664542202113123
30042,-0.9313319538009431,0.8786221282708021,-0.052937922435001755,0.457368884063044
46602,1.0945412335177738,-0.025179609466060647,1.6115829613367036,-0.6610730006020117
34202,1.0428240122686305,1.517705495598772,-0.9216506129227748,0.7904494877227981
3842,-0.08044614454315127,-0.03516354081492583,-0.21996622062718751,-0.17937102821489978
38362,0.6461435777714912,-0.3028571845025494,1.7700541051731187,-0.4005532896973325
29762,-0.03352083924856411,1.0455055739411254,0.2470579249715155,-0.6522847645458705
46682,-0.6515596350793188,0.34231390335224293,-0.905676202727443,1.4344290296684976
6242,0.8317328731604424,0.42936884979503215,-0.3665035474835021,0.3572560839316627
40842,-0.7942167736276664,-0.5471311825268357,-0.8111100410814166,0.37943281731320727
37962,-0.09253237924791033,-0.20736747840736944,-0.25593428933122814,-0.634018008806835
18722,-1.236367906378457,0.5398103885023245,0.8650666846338971,0.6699082792581429
51042,0.6203884688310436,1.2060403257683,-2.1779906501014348,-0.7978419258041346
71642,-1.3132374507382063,-0.15600071345275243,-0.22174839563065188,-0.33916498480333784
66642,0.5892847386505897,0.26435129262700335,-0.8495953952567816,0.2760385803793153
40722,-0.6325747281835502,-0.38460512365890287,0.5909937714871827,0.6521678342013852
15242,-0.6068064931799096,0.02356444869807577,-0.6691206052992935,-1.4787673566269735
17522,0.5523377478479885,-0.7840331584536476,0.7470583406726427,-0.7119456093909867
54362,-1.107067963969283,0.5398523088725535,-1.872501627571684,-0.11857203573356753
66402,-1.691086393040864,0.520171229103218,0.4344207616021129,-1.175349549188776
40122,0.36571236680563884,0.8904309082969077,-0.7603645477438383,-0.2118923834665647
19882,-0.43753390398173825,-0.33823568978705276,-0.22145461803947536,-1.513947744384733
67882,1.7214218347153813,-0.6836612487993957,-0.22254691793706527,-1.2944433933011215
64482,2.048934141221583,0.5037466705268222,-0.14698570544904327,-2.1663889757167882
11362,1.4500708248686573,-0.483790088253592,0.875839164118139,0.10472556405185186
65802,1.0081042767124127,-1.48626179684471,1.5348835938393226,-0.1315001838585621
72802,1.6047159702281397,-0.0111976706443512,0.3920056967870814,-0.17273152748623638
76962,1.2595049018304214,-0.2700367591668397,-0.9337093808761765,-0.02825445213510773
50282,-0.27031637091450295,-2.4268049090565245,-0.34121278713336706,-0.30871326145427946
24082,0.7043570618185466,-0.4581482941641505,1.1839426940069797,0.20512691245205358
24042,0.9976980457785061,-0.2773190210613522,-0.02756382229586893,0.21720981723027138
12722,-2.4144348445550246,1.9191777445853988,-0.18505327408428068,1.2304672948708264
5122,-0.840939662399974,-1.2296268159787864,2.231398114506975,-0.3534002013970169
46762,0.26446929200022046,-0.2566461720380954,-1.8231229234607922,0.7137790875587554
48242,-0.2987671778774401,-1.267295931105335,1.1072277853826475,0.3831281185378128
42002,1.7037679583470497,0.5652106350386612,-0.47609260712615875,-1.20323202463253
25202,0.21898036845659807,0.03473502058159972,0.47444604664073137,-0.17750479282293913
37242,-0.8661971969540678,1.5837514776505073,-0.9295907276076524,-0.8792820710211836
33522,-1.0777607842056383,0.15142016797925878,2.1009539379307336,-0.13035538478507322
5242,0.9240350640777538,0.06664107821265908,0.9752174970592277,1.554230424167876
37682,1.7303389746161801,-1.5930513893975333,-0.1547310290476617,0.6103181189728889
43882,2.766027902363904,-1.3899872320477158,0.1949876675511634,-0.3179277062646405
5562,0.5094671290588833,1.36824928410054,-1.847941644132837,-1.3721383628459172
69362,0.4835192350717873,-0.5760947072695828,1.360018331774745,0.9585291474291687
33922,-0.42439347282294115,0.8616813789456581,-1.8701340992939357,-1.0685514630412203
54322,-0.6513445772830685,0.006172886142574006,-1.1477504016337063,0.9798734430914907
58482,1.2524974475480635,-0.05649838438487756,0.16269551739683036,-0.9218754418605967
62642,0.8901368637347445,0.3958507085475142,0.49392367848018925,0.39666845539499807
66802,-0.6748068384792194,-0.3079677526920158,-0.6730145848330512,1.8656515898011259
11402,0.5902356409918639,1.4359602813727694,-0.1028291899068833,-0.2202692364980304
30522,-1.1666025616797417,1.3930900400226334,1.231766280550699,-0.6520128566811254
22722,-0.018672930556804915,-0.6302190583348167,1.529198039323308,-1.6274806148644212
38842,1.7353058327697612,-1.456404376652379,1.5123102904291543,-0.25241454501944394
69522,1.832285458360037,0.4389881921580541,-1.0117904556904738,-0.7514374954663782
60562,-0.4621025956235149,1.1876204233784118,-0.6492597895365161,-0.1779551805447841
51322,0.5022859912330208,0.790488651791561,0.10162079738532837,-1.1180615764705555
59642,0.49177049684962554,-0.6751259328423441,-0.4689093132549106,0.8465132271405059
68762,0.42204425164136583,0.8581798693648618,1.29422302921879,-0.5265347959321994
63802,-0.5168822574949822,0.1708982413894832,-0.9137994119533382,-0.18905466163701146
37402,-0.8583525059873199,-0.8767469352848642,0.4051302262761314,-0.30795657911981605
27522,0.20575412936068097,0.6720361371655991,0.05176916594945366,-0.7683983047182338
31682,0.19236407853751392,-0.34404191735827566,-0.4561119369825998,0.11968833830295303
76282,-1.4072147082455817,-1.5524626836236144,-1.2371111521415539,-0.5260123689773983
56482,1.023345210855231,0.17488137520825747,0.24260733495060893,0.7170313710166037
40002,-1.0876377563458521,0.770572875810932,2.172750296542033,-0.14253991495187188
44162,-1.1905345787641166,-0.9496096137756534,-0.39226981785112114,-0.437995446452281
7882,-0.699229926455242,0.5246383801672385,-0.3774495455550591,-0.9830842324898791
54442,-0.07553134626999568,-0.6280976726035906,1.3660004581330525,0.7726023249955286
16202,-2.0297466013345904,1.40458599672079,1.2998661662063726,-0.635033204233957
72562,0.5940741903822054,-0.25787582876969667,-0.0120863733547963,-1.1895052096941905
30682,0.7266676964815234,1.6863371408522492,1.478991035250345,-1.1631600178068913
52402,-0.023434949802440604,1.2879582005467411,0.3805664117859806,0.18030883689918392
73282,-0.827135820295345,0.7121562350024728,-2.1407536719538425,-0.4355982952886746
37002,0.23000529435522113,0.7908706215905531,-1.4627014064964192,-1.161802837415075
722,-0.0814662398337784,0.30315078756318636,-0.23463130622913073,-0.10921817127516986
19642,0.09136275334844858,-0.850181649896125,0.19316227812881728,-0.8425709459913592
16402,-1.8903327726032457,1.223345635609851,1.401874191534045,0.2313355238018903
9042,1.6587790902786075,0.029921021569303152,0.06739389714368076,1.3348140718892032
10442,0.1324141154078519,-0.10413704298782259,0.24560450111531226,0.731535933077232
27842,0.3692676200202384,-0.2774414793725527,-1.275005394245243,-0.20520527924058102
66122,-0.8881702927925622,-2.4460825506084443,0.06512873928318107,0.7011128442760105
29842,0.23328311621277836,2.032356208650489,-0.8959744119124708,0.10499520498379356
34002,-0.4410029830764184,0.18565632790474454,0.6614801031175829,0.3950063815892248
36042,-1.1705956359067637,-0.5793454365349402,1.4289927820217962,0.8726908841769391
42322,1.0887646426460018,0.057949326654087495,-0.24797216163031616,0.7885234922859017
55842,0.6238036737389504,0.3178600058109779,0.6909951506136813,0.22340292081617666
50642,0.26432877033713803,-0.05967202586446266,0.41306044360788835,-0.2197672148677051
64722,-0.1690634801786418,0.5963914335209238,-1.5573623807956383,0.22715850256061798
22682,0.590331997709319,-0.8552220883179383,-0.28700674828593603,0.8285000710914145
12042,0.11865491156836584,-0.3512096819472662,0.9986895065031508,0.3499507953482229
35242,-0.3418580309304687,0.5116620638105526,0.6573759425465969,2.0977109764861597
19962,-0.19872129217733173,2.02263474071931,0.04815061299314395,-1.1363184592126765
31962,-2.167786748474582,0.562896723938008,-1.9055040914381158,1.563079200235038
9082,-0.0749449079842025,-0.4654088368757546,0.5194037885794112,-1.2431734679711346
39322,-0.6045385693548425,0.5397954443921918,-0.1451933503728673,0.07821535838890528
38402,-0.6725346152089562,0.5890687218572351,0.9178854227275706,1.1768343389716467
3042,0.33515971937443845,0.7721677234152378,-0.11354642670895838,-0.8957803264362262
50402,1.0607063251095188,-0.737376058010224,-0.7423976736049442,-1.3741232275802606
44402,0.029741098866894234,0.46519240909157655,-0.31698731653368073,-2.473595377650852
52082,-0.6689910446466598,0.342730385269832,-0.6343904844007616,0.49074696068953094
70522,-0.15406449287154433,-1.4883102964061823,0.6061835943723589,0.509049995422557
15522,0.5253009304074591,-1.9950545993690545,1.6111206752684184,-0.7863890326797939
60122,-2.0717598825953534,-0.004990885106751276,1.07141173847673,-1.0769868606771622
7402,0.6528046872244652,0.9252046917746246,0.5424941208192203,0.6601813519344297
48922,0.34929974994038965,-0.6452103937582935,-2.3117852408008646,0.293137789520618
59602,-0.24381520647392818,0.8604673179291723,-0.6976245664873109,0.3197454882460783
42562,-0.15201841757851575,1.3379924437234185,-0.16932011116587928,0.564107123908579
32162,-0.1853191085728636,-0.1803705535577982,-0.6219588456865878,0.6183568969597841
76762,-0.8154508237885573,1.3166586230953563,-1.0396633794320913,-1.48092176609758
15362,1.0783134667468666,-0.6360714549633565,-0.16595014917401102,0.19797085984127252
36082,-0.24474091987654897,-1.0170948742708925,1.2959266314521927,-2.1108424734429185
44642,0.8477745445608201,0.5174529978903746,-1.137568948267365,0.6566473977517996
12522,0.7897689868152575,1.7833616085843937,0.14610500376441507,-1.1757221320717002
44282,0.253677972212769,-0.3097551884974086,0.07384096166315446,-1.2277851137823708
23522,2.089743534213068,-1.038737387620438,-1.2423848447975832,-0.17848296486825932
61282,0.7597237710600137,0.5532169550265319,1.3395383024734455,-0.6454707628772625
65162,0.40873840821774937,-0.891799422930643,0.9651808225638939,-0.7681723011975208
29162,-0.37170764561096264,0.8908990372456507,1.1710168682226945,1.5274057241918884
21762,0.7548769339553363,-0.16672617038335236,-0.2851220157272459,-0.08876925535651847
73762,-0.620245761302198,0.04218493789967772,-0.8696691095433511,0.7892978358102865
37482,0.5007530167672023,-0.3992119979290489,-0.14559787706658153,0.44843502152297743
1202,0.0934932306045942,-1.051335779354999,-0.7822642941463406,-2.2296816488435205
9482,-0.5227910851904995,-0.523618431635027,0.35714102459396857,-0.502286164864115
49962,-0.22816463671704812,0.8967862802373191,1.141161345578294,-0.2932694225592992
17282,-0.7094395162867323,0.5522687383144884,0.6154125755572472,-0.0533415133770964
58282,0.22479192239054946,-0.339281737027823,-0.9074678905551146,-0.1442538929301989
67362,-0.36606797379519296,-1.7249955989846057,0.26649276816961553,0.23508083339928731
22002,0.44825684923143566,0.3675261083038362,0.49158890025159063,-0.7780411844084855
17682,0.9512470523524844,0.6446660006577909,-0.023927656582562185,0.2710121640687867
66602,1.2367280428711742,-0.7211713157076431,-0.4939382693310772,0.356922237524872
70762,-0.7852056360936028,0.3080549494018118,0.34655795104535986,-2.0911589183661587
74922,0.6133905417764088,0.8401020873811247,-0.8892941588981476,-2.542955758237255
55042,-1.285605656386862,-1.382119349498295,-1.445563610111149,-0.24447424006666602
36122,2.5239249902463965,-0.6771846335531623,0.7577150941425547,-0.7973409723987847
2362,-0.8041766986188511,-0.7165530916861705,-1.3012729373230718,0.2131256492352424
16602,1.2594370332987095,0.3118147447594488,0.376122246605505,1.8087804606256588
10682,-0.42281024673205797,0.759097774906264,1.6871970408145325,-0.009519288029168418
14842,-0.4246510109592763,0.14415231499834782,-0.4608840171811199,1.524153625368341
54562,-0.7152877577220202,-0.48288828016140645,0.37874554788706455,1.5648367335076554
63602,-0.39126379311080944,0.5106404335424326,-0.6221087805465435,0.3019675754673045
67762,-1.3861246747981477,-0.5369644751871084,-1.5765799684958017,-1.1555156374712385
31242,-0.47968728752350925,1.251312543086696,0.10210433645433929,-0.29758645070435163
52522,-0.861077824637982,0.27187021211538,-0.585346088471453,-0.37639659254330593
72882,-0.3075841413322234,0.3318307507179939,1.047873673811865,-0.9856624662248934
3282,-1.2691692038387454,0.3748050182243016,-0.37753791841380335,-1.3579146051781374
72242,-0.3752528469439388,0.3408543586450108,1.3950892345021753,-0.9690543715011218
43962,0.09459142487203685,0.5675717059175936,-1.128229646540025,0.8928853816920168
15882,-0.6484228860081975,1.4494030887139329,-0.372429307843625,1.3585518654190278
48122,-1.1995705929964233,-0.8876161645601123,0.1149125473487278,1.5669129800615085
40242,0.7136194091610214,-0.06473635580649274,0.21750576009224798,0.7119175533989027
43802,0.16258682343911476,-0.8587698492416384,0.7809129804692372,0.8131675383297597
57722,-0.30021616665582873,-1.1803300758431963,0.6438826145204845,0.8654013381612992
16002,-0.11792169264047216,-0.6699996471938989,1.4218719318768238,0.16372894980354344
60602,0.8076778114720806,-2.372308640233037,0.9489471059638143,0.7509409332984216
20162,-0.06187702011775897,-1.1536051068150197,0.9999654336187469,2.2000534234599987
64762,-1.9144204458859428,-0.10703378657442,-0.16861119079913486,-0.23980368451455392
48442,0.6834885958815546,-1.6916190405550782,-1.0310739703522975,0.55173107035135
68922,-0.6091821658143143,-1.0039434644566891,-1.5859863241354182,1.0471873563524041
76682,1.0081913540891372,0.13209847532888114,1.2212989480299765,0.5237178819369029
32642,-0.40759169495723074,-1.1587696316935285,1.4238777373519313,-1.5657215710034622
25922,-0.11217407721523664,-0.5138226676344279,0.1535967400311556,-0.5881876028927903
4682,-0.7820273860438747,-0.006419523439813107,0.9184657226915303,-2.6592363698430055
16362,0.5509944803831252,3.009926066238263,0.4910597335901077,-2.4357484132496006
49282,0.47166390266667846,-1.0553893257823745,-0.3246647961099024,-1.4686886563718173
13002,0.6952646355270375,-0.7554696566371014,0.9594479246244488,0.7522468755882916
64842,0.759606238808498,0.9959892069077855,-0.12591780338368092,1.2708410167889368
4322,-0.014576216332921976,-0.4942850837589898,1.066405618343025,0.12250149407205978
70082,-0.920019012558334,0.4570821212843108,-0.3837097361831168,-1.264112893680732
48482,0.6440942988824364,-0.8012661647749253,-0.09064296303101468,-0.8734343747327945
74242,-1.1576744128515184,-0.05878808735783696,-0.04479719441915959,-2.124892438936135
66922,-0.43063300950477734,-0.34207458394255325,-0.6687721666195635,-0.98739171764006
9562,-2.0891177453746392,-0.467421398460773,0.29178725302505754,-0.020377187123436898
54602,1.3670263658764061,-1.131146772856335,-0.9212222889297744,-1.5060914548677888
19002,0.9459377044052967,0.9231999491927017,-0.6736984775886046,1.4102117112146877
18322,1.9423634730994002,-0.34545255134933095,-2.3128036242175694,-0.005732191907604003
52642,-0.879600107193437,0.5158823053336943,2.1032469408477548,0.2911224046394107
62922,0.2768941423217169,1.1143999645138722,0.2943813378095755,-0.432260193729446
28002,1.7993449347915633,1.3971860018275144,1.780929176210916,0.43657383088776264
66322,-1.5396473893764413,0.31823987800637515,0.28572004641272597,-0.8606802389496248
30802,-0.7219430894048245,0.117958184557201,0.42069438626163624,-0.2287296823065926
1802,-0.5733855954354709,0.9985430785265187,0.328162696127565,-0.9632135549487957
34962,-1.3305531963724708,-1.7364144454024613,0.7539419728169398,-0.34582662431785516
25962,0.051033525093489934,-0.8043202088256017,0.5893242139379429,0.14358664585388403
7002,0.6567121997427233,0.02815519813196149,1.0280598010190056,-0.41308996709581264
43922,0.21748987568918574,-1.7353835406102394,-0.6619057487516642,-0.3847722263905293
51602,-0.5363250362094052,0.11733946182355144,-0.48258518847522386,0.4537125347648006
55762,0.019388830596700872,-0.5202850961614163,0.2660666463033978,-1.097006228153092
54642,0.09797794358835445,-1.7011032982157048,1.1998515385004709,-1.57790135856321
23642,-0.1475643185224394,0.6621414338132083,-0.6230457081400406,0.26799668347148403
52002,-1.5361892576704863,0.9483366358519434,0.3261905056670382,-1.4772459553548034
27802,0.6179524402017246,-0.31315887000355563,-2.3113657206027436,-0.18017202258993045
72402,0.03616486559888645,-1.6314910246727559,-1.0712181925272468,1.2845810976356602
21882,0.10364827803690821,-0.7602701182910572,0.28778825144662107,-0.46475823835647584
60962,0.6119098966149843,0.8442490681806967,0.0017744292350746842,-1.7655379059095708
43242,-1.096668171261192,-0.21897285276765685,0.313674656039043,-0.3665536912263151
4002,-0.1427766445884505,-1.5759862389911543,0.23187386895716233,-0.22879182407888501
5042,1.5004144870641782,0.16659288775098346,-0.3318827938066573,-0.39536888201849935
50562,0.41653504950665143,1.482517830816419,0.9016604562568684,-1.6320366277155747
282,0.7964925302290237,-0.4214328141883115,-0.5684476758914154,0.056413249661423824
61082,-0.19610924795596354,0.13469760591935254,0.45734718394443524,2.1499186175431757
65242,1.3739372972282187,-1.528895664849965,0.9411300946425697,-0.006139960868963225
65122,-0.5202410664119844,-0.623131145748352,-1.2341289638078154,0.697216886508873
38282,0.30829742642320956,-0.8801415459439554,1.5572959823299455,-1.2341131010020299
28962,0.8808782341441354,1.010861187065546,-1.3621009654269096,-2.0537689168795494
37442,-0.11155812560837859,-1.1210973098717865,-1.0997991557496238,0.40824359850069153
32402,-0.3692932390111417,0.3286885718400419,-1.213501743489441,-0.5345514352996242
1002,0.5038893650717546,0.5388204008334588,-0.6580583941797068,-0.7127046970782348
26002,2.5042516288877628,-1.2192267516978004,1.5557481594937743,1.3279255575500823
5162,1.2832235449679872,-1.2410117753474479,0.3312081814014252,0.42639599929026434
49762,0.3735799763232213,0.395157424098498,-0.5138194788422318,0.7435440584749624
53922,-0.7137603332004475,0.06125795536857469,0.6378315670395243,-1.8086743114518253
22882,-0.9573901134763501,-0.6529397707478571,1.0524556872861623,-1.7771204332735675
13722,-1.1104901584965448,-0.5883752801160779,-1.4987751292486158,1.6127479817502761
62242,-0.04830486837610579,0.09370469808854681,-0.07111328273788141,0.7992524168713
62362,-0.49540431137808133,0.3112124480928445,-0.31104598791094257,0.35688872498690694
70562,1.1521428983064843,0.44799972753378325,-0.6071618203961876,-0.06754962086288198
34282,-1.13330123533014,-0.8683657057668752,-1.7607641405513437,-0.26249559742351003
73122,1.2869993840323928,0.41681913530524717,-0.9072328212446369,-0.6565841108541915
38442,-0.3329008674436062,-0.24760204729273738,-0.30990857866891275,-0.23634784236423728
73442,-0.4806106712270018,0.09860288108844109,-1.3210710452472927,-1.2488188418149027
50242,-1.218749385405552,0.8193233680307518,0.6818175849005221,0.3227821523057869
6322,0.114911849363424,-0.137366335702658,0.24319160145388644,0.49594809197502593
22282,0.9646566403772188,-0.30209211157812077,1.2030740569157765,-2.880577979756057
50922,0.11412852553546934,0.9367221627026137,-0.9406681616087589,-1.3276204659336155
71082,-1.3442626017860624,0.962565741310359,-1.332264018735042,0.5849502619332997
55082,2.0466451402633754,0.461457817533945,-1.1431071911885082,-1.4362503252665817
59162,-0.016685229131285773,0.28763305223795654,1.0826255538249092,0.3093930599518266
61682,1.0026319787405737,-0.4207845920780709,1.5086667245467669,1.7153856482477563
22962,-0.8645523741687825,0.2081222725228449,0.5201538894204113,-0.4385079174416307
7602,-0.17267337924157977,0.48743138992576684,-0.3279987166578858,-0.7368871907036844
31282,-1.0124943146808625,0.46380397386469396,0.21138389054087312,1.2076236058685312
42962,-0.8384308952034952,0.2786849213079468,0.1623001046717349,1.2373747473483985
75882,0.8483732808880359,0.27517915221520217,-0.43964890899116355,-0.16973400279548262
3322,-0.11681757230343037,0.3510454614795826,-0.5809058480623666,-0.40769214952545674
26042,-0.8042870695380435,-2.2041929819123,0.8567834413243756,0.4881411691639266
7482,0.11323440710877535,-1.1425860196785615,1.0328633598870272,-0.6116927041097251
55882,1.0656115679001028,-1.0395698502176471,0.33250151330503847,1.197934919854042
56242,1.2042363065896642,-0.14632950581028623,-1.2224162211398146,1.0364670011290553
60402,-0.010562487888634647,-0.6166949740195427,-0.19344517767088737,0.9804250016975254
34242,-0.2457567234481807,-0.9426422455298916,-0.26320425407321363,0.9007928537041955
64562,-1.3300546366902026,-1.132833000243154,-0.14502024797574697,-1.1121801994580993
28282,0.358172352298197,0.8020854073317486,0.7708886779249629,-0.017076231788680615
32442,-1.5846829978176575,-0.26295749613947694,1.1885243714189753,1.1242359492107736
36602,0.466657998847711,-0.5911407982356343,-1.2375336099681347,2.2391526837785696
32202,1.2268666755799382,0.4488140574824471,0.057094323251890296,-1.4319428179148375
44922,-0.075117467923721,-1.6380567914960202,-1.6031185857034682,-0.21728144213738074
4482,2.268137478689874,-0.3531763328053744,0.687497449550257,-0.14892316818154613
49082,-0.1997321004054829,-0.7989639369400805,2.1191445982881025,0.6961565911717906
62722,1.5961285146675588,-1.0738671275289762,0.6510746507862835,0.2833273231957479
53242,0.4727495932325772,-2.138831483092506,1.2096883529642815,1.7027768000245018
19922,-0.6326299283772928,1.497408309294525,0.847946511264891,0.9238336701848356
16962,-0.29620443517905765,-0.7157656802201311,0.8502842595814936,0.9165944204467332
21122,0.8884150798678225,-0.3196209909593579,0.7429419494317315,-1.04547263920596
65722,0.5115154987781738,-1.8181118336382578,-0.9065270954787302,-0.542038232443996
69882,0.1860312593221324,0.09049440646792908,-0.15151790167809556,0.09001558017449127
7642,-0.5980871301236476,-0.9006746712216844,1.0382163598629852,0.6425551738071938
74042,1.000308305366618,0.6722452085839367,1.0366273374112058,1.6438015826056267
33602,-0.9042690167207493,-0.20627706969167095,-0.9378312111626493,-0.1084612566189554
34042,-0.7643623303277717,-2.1331913751685154,0.5423295566704935,-0.37919195028967273
1482,-1.4876577246244171,1.1324212726434286,-0.39323638880971534,0.021908913737739993
15722,0.08213906710076814,0.6542778099359384,0.473635633298389,-0.9915474436234014
15842,0.7874708535451764,1.0759614245228672,-0.22015411345315847,-0.042670208800616755
34162,0.47340111651909406,-2.347904205541445,0.9305448677316526,-0.3764749701201421
9802,-0.5222225830541666,-1.7104867038329725,-0.6274928287707819,0.742148957361873
75802,-0.21425901091862892,-0.2712293775334477,1.016092264694353,-0.16520289364897248
54402,-0.2468268174176411,-1.2570471947104327,0.35521308388666634,1.8679498948769089
18122,0.2915045970641932,0.6623880557326216,-1.0290839635640754,1.469772667725134
75242,-1.6436263861439482,-2.090353064453473,0.5259514115902149,1.491001395429356
66882,-1.0770455849755445,-0.22944380688679786,-1.2435575363843085,0.38031632576666
53842,0.22766697637372732,-0.02580021829446514,-1.3926271838414754,0.025277181329622287
75202,-0.3908665437042128,-0.02305123743008396,-0.4904749162787274,-1.692484971155564
62962,0.7819773839486363,0.8745327525607361,-0.544285254477585,0.042374865387770445
43082,0.7401303983867504,-0.11561531962890845,-0.4114320756393913,0.4278261425288697
47242,1.6300726945754567,1.276141753936688,0.854927976469484,0.922945022133642
40442,-1.406383791671058,-0.38743358001530315,-0.5144561706943337,0.5586014339162545
61722,0.7352347391585209,0.2828469423670854,-1.0287939778009068,0.009934410067210301
22442,0.6179281220098708,0.7524885965660055,-0.9635943020876377,0.5021138963788886
63882,-0.6821032914663229,-0.46105099762682267,0.5281460337722038,-2.2893410065650395
68042,0.8244858191633256,0.7635048267908908,0.10036766594573539,0.411174850640127
58882,-1.5295214990426826,-1.9375984082557012,0.7597775024386082,-0.9148918624601916
40082,0.45994596225431256,-0.23057095301733155,0.7743818563635603,-0.23590040511484378
56162,-0.8696002503773419,-0.5675533919176258,1.1443236433544521,1.2607554919050235
56842,-1.1220479389118811,-0.9106039866153401,0.07262745488523009,0.2777561562543966
28202,0.7545486461699682,0.2894468475260774,1.499669417464718,2.956584560149531
52562,-0.15456104640264096,-1.5509532859632567,1.7162562610932115,1.1705631125415903
16642,0.34481095571924847,0.29210096453736645,1.5579090905846698,-1.2157545294555228
56722,0.9864923165163422,0.6713542969880603,0.33106014574359144,-0.2989739151302539
20442,0.11704020842981819,0.6945197913212479,1.1116893266835268,-1.4679099145992862
54802,-1.6893100155113019,-0.6449065287065222,-0.9639985922746088,-1.5331079273883768
69202,0.8931790727364232,-0.6753371208877673,1.8932038746722661,-0.11248717823119707
60322,0.4950099135037038,0.7955779644358624,-2.5924732192864743,0.9492944416135377
37082,0.23949043969376174,2.6075019492187304,-0.057710779150958506,0.9373062620229677
32362,0.9857042991040754,-0.3541657763929278,-0.4685929531158718,-1.0643620055595768
11802,-1.3611102874196657,0.07086609141547902,0.9467679081373136,1.9123970730274378
27602,-0.8202536244127141,0.7925233729944702,0.9024887570728441,0.8386702618242852
36442,-0.9537632254604621,-0.03419280988559848,-0.39646113381614495,-0.43019657263744204
9122,1.0756171460529171,-0.3247868893159171,-0.05511675814150477,-0.6492528230815026
13282,-1.0239698881281052,-2.345239737917812,-0.6802272339773819,-1.6273706959310634
9762,0.28447095298830355,0.29698779227290667,-1.0422845990407381,0.20149268928773953
17442,1.8003399347581834,-0.1483813643005894,1.580413036476002,0.8404823569360503
62042,-0.6202032159427613,-0.48197253542893004,-2.277126045358889,1.4512329896822127
21602,-0.036104320192476315,-0.09708989356633668,-1.4939013208563188,0.49863446271601763
25762,-0.12403242994601937,-1.0367595174444264,-0.5423849075168964,1.3727973991229179
70362,-0.7508142552201488,0.04192424439708693,-1.2802292165853149,0.4518925845119081
29922,0.24141626662206092,1.6995764781444993,1.220920928253522,0.4518171859536425
58922,-0.28660723212269346,-0.47894224036152067,-0.17769448631335405,0.06431233752780396
67442,-0.5932277685552657,-0.9868629737295973,-0.7797755904686502,0.3484441974715308
3802,0.6602708713234422,0.9733772096880869,0.53528134422096,-1.1397323411142277
46002,-2.1354308375357784,0.7278865353733949,1.2087493189796206,-1.28118359189178
46562,-0.08419683505932096,1.1385808287398607,-1.4783522016713904,0.16540367047557514
67122,1.1689943194025412,1.0461911258307313,1.122904274150851,0.13177629453983436
50722,0.5870542892936743,-0.6525192211756801,-0.3754595369916547,-0.6945553774456263
14442,0.41079677308009627,-0.6573296764077737,-0.631404146093592,-0.7714124996590014
59042,0.6716451310546215,-0.3106251213796779,-1.0120175099018616,0.5388632966043401
54842,0.4676860525511323,0.029957863837760515,1.3059557551609273,-1.1049081398996492
23562,-0.545764844737081,-0.5561014222077308,-1.5781509980749908,1.2384456269313282
60682,-0.17112728313757491,-0.06624941713740977,1.6550488658289984,-0.5603702947149036
75682,-0.024394218150058614,-0.278616812884262,-1.2249574117949635,-2.0850974152357216
18282,0.43606047272229004,0.027222483757100513,1.4408417152126305,1.4599508957361038
1602,1.08514482549689,0.27400778666792075,0.5801332987841494,-0.8404235514618763
14162,-0.9127682029083606,-0.6930561605116332,-1.3020934753322475,0.35412376377348836
18802,-1.9831167503954434,0.3626304028030523,1.3900865653218666,0.6185494631217565
51882,-1.6883754018117265,0.2779103928041949,0.14194173733121182,0.465335989454844
56042,0.9706997140583974,0.5415632380576684,0.6857487325589101,1.1372146280784774
30282,0.5543984095150284,0.12564020207352597,0.1259482246273779,-0.5929643898523851
70242,-1.1437803859135578,-0.785513757703989,-0.18298188780333816,0.34026656927665444
30562,0.23128329316334365,0.4302049641757429,0.13071296621989015,0.2708283510254206
27242,0.25140577237517125,0.7601033602022863,-1.114315944326484,0.7818364867093619
18682,0.12431139866902581,1.2180573369629795,0.03431181349630686,-0.6523724767859527
38482,-0.09191206319013796,0.019899041106490906,-0.8410452549065495,1.0138476723491832
76842,0.6440194327637486,-0.32160685072667455,0.6397069317202906,0.8610539700818759
40562,0.14061866145083715,0.19608865651896737,0.6246812308473036,-0.5954110316737804
26202,0.5419927625807045,-0.4309098246515838,0.8903008889642331,-0.5560680525614259
48402,1.6556102834755622,0.7047732908175991,-0.3945791904928529,-0.7079505616372322
28602,1.423467007228247,0.42972406001203617,0.7526327194018692,-2.5008212109389985
53162,-0.17486419323183658,-0.8851695041702041,0.9357849201128507,-0.6409762533893295
25082,-1.551631297240995,-0.14861665046308356,-0.2391397424044923,-0.6266416907262494
13922,-1.214459955023055,0.9145929973571075,2.3490455462870314,0.35894457718007927
29242,1.8055363985168331,0.9063849420156368,-0.8754296227335701,0.4959092879894278
66842,1.5290653116914175,0.8614743652240562,-1.6368797471769434,-0.15309369694531585
73842,-0.6910340395527541,0.5484657035753886,0.2707674190484325,0.9541635508969456
41722,-0.26658681483837376,0.37372763783299223,-0.3013807665920494,-0.6809151261074109
1642,0.24560917292853401,-0.48470757990252117,-0.9070854661767305,-0.5179639015716385
45882,0.7591012577809516,0.6497235938873203,1.2418503986079192,-1.006338920168478
68882,-0.7007227907579415,0.14945412987690537,-0.07039271217048973,0.6378749888980243
75762,0.008516583398246099,0.484962062663894,-0.175663174039894,0.868889504856158
13762,0.6445386010908698,0.1563966229952321,-0.025613536782033715,0.5597285728754694
58362,-0.6948341220845812,-0.4803873245759234,0.8338743880219927,-0.2956164521100173
71282,-2.1639518130563338,0.20407805004183666,-1.4007363613210324,-0.27822641102522294
24602,-0.5529211285942982,-1.3871420804644217,-0.5721911298533691,0.16769725964998056
46402,1.140415999686237,1.2072584658749472,-0.5789866990336549,0.015204799668686854
66682,1.4253801677908118,0.41442621507093225,0.6447578911994842,-0.5343646300443474
26242,1.659697174029054,1.4105414110597465,0.3667278647972589,-0.5609698729420457
70842,-0.5240634345655968,-0.6574488065156251,-0.9827610700312797,-0.6824534155385973
75002,-0.665218941078392,2.3283320272036807,-0.2722514869089348,-0.9063308642141243
48762,-1.5466881183234749,-0.7555868503877126,-2.0352418962759202,0.8325877881200145
11642,-0.906376881653001,-0.7560673285821794,1.5794127769174429,-0.9924741439249407
38722,-0.8641177377616486,-1.557337872425071,-0.8189982422182628,0.02253178998854892
6762,1.7451191738506886,0.5554905896531055,0.5284292034889947,1.972704588021416
47042,0.2335648330688841,0.785466442767221,0.44589253995891087,-0.3846311767072859
56962,-0.2551875556583857,-0.5000365083096076,-1.462170371593656,-1.2809948096756305
55362,-0.8047661157308453,-0.27202803386048147,-0.2763730364011146,1.2603378970725445
34442,-0.5084766542064394,-0.18790559035740909,0.15248580874630038,0.4755018866185197
31562,1.0565942473863479,1.5138197410989511,-0.027287047330333422,-0.6981650437124433
26562,0.6266408027579228,-1.1984618881823794,-1.1025821216971914,0.3884240242122141
76162,1.0260078388197322,-0.6862627834996748,0.2903162029740869,-0.439043391891066
1682,-0.6642199148206595,0.04983785554639229,-0.528621021363787,0.01840245257421455
36762,-1.3932941882864642,0.242127044139553,-1.587467935194719,-0.47968965904416777
32122,-1.047781862878006,0.9060386503622412,-0.39186262628679475,0.3928359186368221
23402,0.4439093450417072,-0.894254019726532,1.0362189650448304,0.10683395065143698
202,0.6967406600423157,1.754548688869954,-1.3078843366635966,0.9791140837342922
20122,3.337651832149329,1.5682956276542719,0.7875130685178814,-0.2962830584821715
60282,0.1797040060850847,-1.021554539768669,0.9036741895859307,0.49501706420385666
10522,-1.051420523954668,-2.474920185201612,-0.41198172184135423,-0.014457649349715763
73162,-1.037553432287293,-0.1384690146487991,0.27390765170492354,-0.143079054408889
36882,0.18057103882332018,-0.1055070926479537,0.5169901473238331,0.7770171429439499
12642,1.459349226618848,1.5051582224246,0.31781097644007866,-1.8399077087509044
50762,0.3821036837933614,-2.517461944619703,-0.7860836710562211,-1.06472877040789
13842,-0.7798724114883604,-0.159639032070111,0.7762848543372896,1.6140331820923823
8922,0.27412552151070785,-0.3732831378666054,0.14610396242201576,-0.277722095889209
5802,-0.765071046926763,-0.6992385913214838,0.06078421708143615,-0.8232253176527893
41242,0.5367775868486891,-0.8115906234782688,0.09504613424965136,0.844957462699292
66162,0.5992812507867408,-0.3534121643486728,0.9336745005078342,-0.5547119516679571
25562,0.6812434706943578,-0.2873313163421778,-0.2490885392112461,-1.3059691791523396
75442,-0.5749301019347742,-0.24239784984712,1.5827293465606669,-0.3506947255230107
33882,-0.7745199082293025,0.7770615319925559,0.3881904542591606,-1.7178769907375586
73362,0.9535165540155759,-1.5526359033646648,0.5595065693309147,-0.2247719797671426
42202,0.5732985247199357,-0.17937933622532942,0.49299119087840065,-1.7103482408758164
22202,-0.3389347996814255,0.47365367589767193,0.008671417623502658,-1.0652061162013489
73402,-0.7561013225405335,-0.3835771146219067,-1.0337911556636268,-2.2203028162445517
32002,-1.7607038587121913,1.8150133530340693,-0.9918780138589781,-0.7264818708094679
50522,-0.021184153991817656,-0.3531589502744105,-0.6231046258316342,-0.8761953196804689
39882,-1.0282216719262784,-0.7363949465607714,0.5481337524937455,-0.14994683766006114
54682,0.20773653109804255,0.6383974029323248,1.2116927749551536,0.24665808929293756
14242,-1.286120265934412,0.21319621755264065,1.95865932373211,-0.3733993009186333
58842,-0.17968521791826214,0.015779709569771143,0.20428041214115517,-0.45612391681302106
61122,-1.5561413516716036,0.08254361569149218,0.15627680622546603,1.665745223149107
22562,1.015132708165305,2.742347395684857,0.1277468368058661,0.27781636164396456
67162,0.002495431436667295,-0.8046092880143904,0.40871246685672136,-1.7138264815404474
26722,-0.0408875678587929,0.3355023210188868,0.4155452347022909,-1.5049242618031933
50442,0.4904761467599391,1.4898618793370852,0.12717382029002017,0.4074090276741354
75482,-1.488052642440105,0.46153267847440416,0.12303194992953204,0.2326524269742447
48842,-0.6229782419385369,-0.4587398460403328,0.7376873803808924,0.01649869107647247
39202,0.699378796477936,1.5228663437073267,-1.0045352794523412,0.6829483008363211
13602,0.4120828614876572,1.6793076710452073,-1.277824344136619,-0.3876969057371718
44802,0.4246380612979991,-0.24525599465735637,-0.8891559937633288,0.025811184511810824
47522,1.7614758227375624,-1.7689596201750708,-1.529978528805707,1.027473286983486
63242,-0.15582605032576066,-0.4235025131437778,-0.43601619919703705,-0.6418360676154949
51682,-0.2158584693701382,0.7428547119304587,-0.4897563291441421,0.7802679925924536
36562,0.12195459607977509,-0.3203585246709326,-1.1644242258415138,-1.1031500258878622
31762,0.5881300146369826,0.15992170435046668,-0.3458161222891443,0.34594196180318026
19562,0.4288166905513947,-1.0442392837810484,-0.7902484955309939,-0.4340129720973401
23722,-1.297530574912798,-0.662285601906562,-1.1273988791743115,0.00575813106598978
55002,-0.5088881173947907,0.22552778473800222,-0.8099407110179527,-0.27971933268555893
72482,0.9341497719035019,-0.5307179559052423,1.3849578122729775,-0.41583442796514375
2682,-0.39313791642515317,0.4116949083576423,2.506262061068668,0.02173543351856908
21002,-1.166175011993737,-1.601937730614305,0.08279209206800406,1.49204534862802
1762,0.4496165875627626,-0.8120626250839423,-1.0478162456670808,0.1305831319245398
34682,0.32232752501735285,-0.33577262536161384,-0.49984660558437605,-0.5941722613091356
11482,1.5478809412461376,-0.3739522465632167,-0.7552576657113582,0.012047954380492621
52842,0.9311173167208046,-0.6356956961991421,-1.4114642624626306,-1.0041355716749978
57002,-0.9426259671653762,-0.6032966006681999,0.05136086538243848,-1.3959956466908754
20722,0.08939158906016353,1.0088359038217267,0.1263562528450285,-0.9163479917721671
9962,1.3615126629634606,1.8088132537035093,0.4746263765261746,1.8775859937257038
65322,2.9367472959788805,-0.08811842907537032,1.1391942582144652,-0.36585317486725777
29042,-0.8338000350284764,-0.7245953551818596,-2.492582274444915,-1.4865206003292923
73642,2.31353262380668,-1.0988511249071928,-0.6300573178348784,-1.3889633911526826
37362,-0.8004435251299279,1.2317941622796267,0.25182389971991326,-0.7408766735683893
18162,0.36046667795335513,-0.24173065523214246,1.9097885038106686,0.28434235261903007
41522,-0.44740007976373475,0.36130753249022074,0.42331704184204255,1.1243241097722017
57282,1.4430140752102647,-0.1702079632783585,-2.4018655031722016,0.37041532354508244
13562,0.8017197175822722,0.9141778066931203,-1.2572662686916296,0.7310661217754597
57082,0.13131676942544182,0.3173517319618596,0.64033519546545,-1.1188801636737302
21802,0.892099492092459,-0.26989946840475776,-0.08138990815745636,0.6831149015268687
50082,0.5912689747507979,0.5810257758328434,0.7339922093136544,-0.14424490078180954
40802,0.36410964876730284,-0.37988769619858165,1.7524224963504307,-0.03794055736455523
65282,-1.5511661807453063,-1.4792112958577608,0.29543714934134363,0.14051746676174803
74802,2.5131156867534834,-0.44695614023323144,0.00970621756832851,-0.7534883180220038
38242,1.4758267124472164,-0.38573476429840825,-0.09290101391367779,0.20631871717062752
2242,-0.881230534097959,0.1266929072985232,0.15005899009884735,0.3095628004798666
46842,1.0617119765508793,1.8030103512676414,-0.44891814759224885,-0.3117405384829638
73482,1.571019682158832,0.2984824076311797,0.4764245298121528,-0.8792886136933767
75122,1.359092623144331,-0.809289420222505,-0.1397388116189716,1.9292785011842688
10562,0.2858847705858128,0.6881666669645227,-0.7214348305900762,0.2711431592843954
41602,-0.16783180606165443,1.9675563737134236,0.6088473716468003,0.5291058647160829
14722,0.017181709833223605,-2.152493630680364,-0.3040104762152677,-0.9285416264499795
59322,-0.525884220248225,-1.0706710771543066,-1.251498244269883,-1.0668047697310592
63482,-0.592626366147369,-1.459014529205992,-0.8491202777564331,-1.022369707836133
10002,-0.8661064260196312,0.1098358548746465,-0.7034565390297854,-0.36541079271622795
41842,1.6557351581085442,-1.9861518411896044,0.1357958089837521,-0.9628218993627531
19202,-0.23115098845229437,0.17961181796331221,-0.7194987853332593,0.09723016223625508
75962,-0.5538554545049632,0.0420644570812182,0.25286807758127816,1.8979324747798054
35522,0.4603930955473679,0.20644665610431268,1.0391350793826466,-0.549579874596026
28442,-0.15588636277801027,-0.15290402469410372,0.034994961701914656,0.2869000904790464
51162,0.8836659421000572,-0.5246414132581424,0.08926812420841526,-1.6096068072313565
7562,0.2761252901621619,0.23832064058816993,0.6309624632990544,-2.76889673778245
11722,0.7888004543069557,-1.2377687105709934,0.4320525942596539,0.3417044699797208
35802,-0.17928801123499802,-0.023011260563454875,0.7970286948478819,0.989210791907061
56322,-1.1695683355710471,-0.2893531587212895,1.3248948566136836,-1.8456819140989955
7962,-0.9617848376775978,1.3405055380696471,-0.3205048055823896,-1.0752874294502652
12602,-0.41923670796800344,-0.41787467482918,0.8565760773402135,-1.3803223159269629
64642,0.641509253070768,0.9524586996440427,0.14554956687240453,0.7811749374479625
28362,-1.384795168657439,1.1558141348643576,0.5270926955940882,0.5724288477642322
3882,0.6713259574032053,-0.8936384740664413,1.1910702558645392,0.8882405270838868
24882,-0.8041552769815095,-0.2937188503701271,0.19939851810978995,0.22917872642640125
402,-0.091753399277435,-0.3011065927918957,-0.20363645960412988,-0.5537867663729495
4562,-2.3585813631162917,1.2867344325233825,-0.5422000857857423,-1.4359810601519132
73922,0.5459093458291265,-0.10777542767116415,-0.3685454933154199,-1.3968152689329174
42802,1.6216574771053078,0.2896169988847271,-0.8895007824883251,1.4527472025922825
45962,-0.5338897421135413,-1.231101869496298,0.05650026455176667,-0.7381362583954905
53322,-0.14935346382530787,-1.5162812275470965,2.8819840381709847,-0.2991485380097142
17042,-0.19737460241272867,-0.08420802003220461,1.455303437027784,0.008429314699112057
7162,1.6148263411382247,0.9094158164237157,-0.7667160614969949,-0.4108381175184368
20282,-0.536514423446095,1.3985105457989284,-0.19097299230228848,0.11594384003008824
69962,-2.1550297752575855,-0.781759347562495,2.412371489417981,-1.7929349315179886
60042,-0.46633448905951363,0.8375821601285847,0.003147104075034066,0.13633274249568977
74122,0.12824491031510238,-0.5117130758907231,0.851987735926129,0.22264930321057846
69442,0.32606689732016503,-0.0227773746715658,0.7873288414528998,0.43204535490987445
5722,0.3338218840926921,1.1469213554914282,-0.13555516987656813,-1.4139517548766982
50322,-0.25160434910408935,0.0783411014529165,-1.205051679310915,-0.1141569984792871
54482,-0.8977568664481435,0.1884168087596003,-2.6266100068300844,0.3120090910791089
16922,1.7063234476533402,-1.7606323563509905,-0.13002069482361983,-0.3529465946837488
67402,0.6278532520192507,0.46336947866817674,-0.61970335743921,1.1706123088981735
62802,0.09029770052088427,0.011021997272392187,0.3909962532207036,0.7983981536552438
69602,1.1234449211504935,0.24614672262962423,-2.206271989354976,-0.7858513219756629
66962,0.07089767932309325,0.45884320852646837,0.9702890360723041,-0.6554486052888467
31082,2.8468926024343393,-1.1125128249616816,-0.5445422119459272,-2.5268448149992464
34842,-0.15841285163957225,-0.5506634887831516,-0.8254361607601363,-0.3768911863787411
49482,-0.43795242899333814,-1.0741120047883481,0.14159343781764352,0.4610581157318108
43162,-0.1547982029348636,-0.8776415172977986,-0.18600405098960898,-0.198431248416536
2722,1.285961767477912,-1.0215252571778997,1.3130063679614048,0.5640719413304244
6882,2.4057903010520825,0.9486198479176553,0.34208547495648434,-0.18936859299898134
63322,0.5382918654099917,0.3822567264104374,-1.0802510772444034,1.2364494905525598
11042,-0.40391820635376335,1.5301921154384508,0.5007359850216,0.705142929750475
55642,-0.0465534120500455,0.3619116311014659,0.57625639940331,-0.24247688379781143
15202,0.8821721630446343,-0.1113917735362118,1.643825367311548,-2.017029668342086
59802,0.8010014207367292,0.12836243046667098,-1.886146132361522,-1.6418023456948698
7282,1.224670038184266,0.6436410089332558,0.44370592948691856,-1.6604919636140705
68122,0.09785575408800574,-0.8681980985660771,0.8775565110898642,0.7027351837992122
27682,-0.5697246562388505,1.0344217433439644,-0.11604279878644776,-0.3502694237191991
31842,-0.38918951552184156,-0.7931866029136542,-0.13512965538110974,-0.5357779844912487
76442,1.1290254293193138,-0.681545725710082,1.360545820074686,-0.9665334856889148
36002,0.169746629675003,-1.7609584491152064,-0.2591245325672993,0.6015784912616616
40162,-1.8603255496541256,-0.6819012753418187,1.0711528266695116,1.3293734147090916
28522,1.252343590505596,-0.3402369006668255,0.47199664388388207,1.0516882743728584
44322,0.4686392402594975,-0.41139050852342235,0.5964413878230469,-1.0244182477238517
39962,-2.1997646733500047,-0.20019621592780112,-0.11823776485124418,-0.29040682727833406
58002,-1.7920716932989549,-0.6580162787820493,-1.1295461038136216,0.913339272629043
69402,0.9370305580071732,-0.31087972321841206,-0.6997469360955078,-0.48672794144065756
56802,-0.1320226206014678,-0.6201320233071942,1.2169279011125387,-0.17871513537280284
57202,-0.4996516875915736,-0.025748454603658537,0.40445614494185683,-1.2687516755796926
20522,0.00894437959554133,-0.2746670964293403,-0.20043002321428335,-1.031040383230941
24682,-0.2035893245219819,-0.08596612291025471,-2.174775753107336,0.023633488370892
69282,-1.1544528384057775,0.038947238492288656,-0.19733315137783697,0.029525504578603423
48322,0.2557666799244173,0.40526200387956385,-0.0006912817239894755,0.7138882945217372
33002,-0.9097248210672443,0.02657491432529555,0.11607744705564259,-2.5711457274576297
3962,0.7447321997543855,-0.9627084602001228,0.414617904239176,0.7270040012020382
37162,-1.0842016715250598,-1.3093803422923924,0.7090905414408816,0.497001433321301
62002,-1.6050669742294517,-0.8965153454992716,0.16683147361852954,0.6274694857508794
21482,0.5416998370879892,-1.3288700629630616,0.8601549674636035,0.2891576955933037
45482,-0.15991169846983855,-0.3023158591030368,-1.350634874049414,0.6816000416213137
9202,1.713380012436448,0.3089061129504547,-1.9895575950360787,-1.3123103360389847
22402,0.6516256467627798,1.4307160670342065,1.1131789939952905,-0.1291159551448622
53802,-0.7952220518454782,0.4238619173794304,0.41498203068754724,1.850262894974262
57962,0.6671183110739539,0.7010674514923667,-2.3309402296369335,2.4733656314934067
52482,-0.837112134828625,0.8217886622741749,0.35892494736684866,0.8211998805970638
21682,-0.06022393657473024,-0.8762599742287501,0.8470930320937667,-1.4865916484482309
47722,-0.6518001546025828,-0.8183844038798087,0.11476772575485714,-0.5160665811571445
66282,-1.1186456186060767,0.050104121997919235,-0.9615667512981269,-0.9171867475938686
51082,-0.4964052785760824,0.056737451396403946,0.7674530858830988,-0.30082903254336796
70442,-1.3618990147387027,1.8742717443066486,1.0148221649306088,-0.04061664825261149
14042,0.7428537774010243,-0.1440248243813008,-1.1897961089675715,-0.49776054556141525
322,-1.6884442452600394,0.183431551733037,1.1382352536901696,0.2694447060943637
53042,-1.0883164085208938,-0.9237201542080317,-1.2627779212785248,0.16106922066511856
70962,1.8868671864872217,0.3124966110077035,0.39077488654775056,0.43686417087484847
8082,-1.3827449303765467,0.8071531455251347,0.7804794142437552,-0.8096395457672461
46642,0.9559340909226117,-0.23425306207848218,0.33572644395037904,-0.9554530731394588
50802,0.31715739529927317,-0.19144321779741313,0.46277034237659637,-0.7962115618933627
54962,2.3920660013473447,-1.1583859224409105,-1.2166260076251831,-2.403752230222982
59122,-0.12961372697003593,0.3276517209584712,-0.713583615320746,-0.42628302370004306
57242,0.14105623104630036,-1.7023390305174237,-1.473402322703686,0.4262062438695471
25242,-1.1481038473617353,-1.887326947990799,-1.2384155549243838,-1.068035834520074
54922,-1.0249701804096905,0.5945061491088217,0.3881743555964446,0.3263437405131527
76722,-1.968222305353335,-1.273796050180808,-0.7174488497406777,-0.15032062114321543
44962,0.41037127492224224,0.2819221444667261,1.0050936875963434,-1.2249615396646467
39482,-1.2268784960452865,0.3390492809448683,0.39626471931209273,-0.9578398922150613
43642,-0.8577263811353838,1.3433817291595862,-0.17448064717857947,0.014705191996868726
4882,-0.5878500111211337,-0.09283987832019304,1.7859830784007629,0.5125254413682053
51962,0.20613545202404848,-0.16664843298364146,-1.2161173403147572,1.1227741301723098
12202,-0.9995395025979451,-1.1007929335805677,-0.37078699714075997,0.01886671264565238
50162,-0.488502583719975,0.12665894676960623,-0.6584630132124163,-0.4629022263035574
64442,-1.1882210978378642,2.113880920689202,0.27928127064423813,-1.2376729473292636
71962,0.391785542111394,1.0094118299761878,-0.6531562094083162,1.9257164121433576
20922,-0.4891401812786926,-1.0045035013619763,-0.9925462602927442,-0.6092826182923448
40882,-1.9221127654874992,0.2348491056930925,0.2267115830712688,-1.2150328882058534
72762,0.36237441656409425,-1.0792984927062674,0.07196728456543454,0.0902066593320297
76922,0.6031380907524992,1.914229336700196,0.34413528510288677,0.9041864402531061
36482,-1.3308519754896664,-1.335213449100581,-0.5754102382312042,1.0470170378663317
27482,1.18141584274409,-0.37611182921723785,-0.0017812747480943076,0.34870644685377294
40642,1.8516194900290588,-2.3047563703440086,-0.06148968700967421,-0.03827000699648742
18362,1.37724947018967,-0.3888990954357091,-1.533125372184419,-1.5265328204619752
8522,-0.8452641011811519,-1.6671311980274255,1.4050729766989134,1.070496221074941
18762,-1.0125339520321623,0.3404080390944345,0.16478722037535104,0.5205034064427628
45922,0.2645977453517751,0.23699793789071943,0.47410938696617294,-0.507892367223681
64362,0.4837945834110508,0.4522309486280583,-0.3560351920602728,1.1676294637728941
41162,-0.21255656014973115,-0.12679491192936523,0.9031104279674496,-0.08002077748185604
6082,-0.7552083652745639,0.7104802131236113,-1.030894703176943,0.6334201925000805
36402,-0.5857039812201228,1.9732812894284306,0.8538490384053214,-0.6943861032795557
65602,1.7168371445680206,-1.6631234468564662,0.7968888834030818,-1.7962412483563355
69762,0.23416048535516193,-0.36021032578096673,-0.004587183599530582,-0.4910766760440508
33482,-0.5973955950241632,1.4275261228711957,0.47106026184771727,-0.14515209596385123
34762,-1.1400602133274715,-1.1832364739813837,0.8917018425012697,-0.49868187004590286
1362,2.061140015286413,0.3384966732738588,-0.45447793397012354,-0.6278776740279405
12962,0.7557596237905635,1.696732662513475,0.7395287101684294,-1.0710986653277954
5522,-1.5759353285651188,1.291033615328986,0.9263274227898306,0.8686647768742376
9682,0.4547484653594322,0.9950180104925751,0.07546492388169881,0.4405962003730358
63762,-0.5440927442035912,0.5634837993781574,0.593991355791562,-1.2007252891474662
53202,0.17805073103977606,-0.012978499550870898,0.9454599408993687,-0.8995853857485654
25442,-0.19016304699206119,0.9064309047047724,0.041080131740591753,-0.3074788670404908
58442,1.3322617245308892,-1.9489745407188444,-0.6050752098367232,0.5697096537304385
26322,-1.2794010396212048,-0.7986550420719393,0.4519745857856005,-0.3177298581010634
40922,-0.8589361573822646,-0.49093174969065634,0.6910455000733553,0.4165005662797883
7842,0.14882463096889162,0.8104959353299882,-1.4966625746037365,1.35708995134783
62442,-0.7856136609565484,1.5981341530609234,0.7297432046860628,-1.9071632573909152
37882,1.4295359552563844,-0.6233643153941089,-0.5191495244329978,-0.6353054127013876
38802,0.03397581477864825,2.2087867675458774,-0.6396737720698813,-1.0309188280917547
67082,-0.2826025577194059,-1.2470115823086025,1.498436634422772,-0.1606778503706375
21522,1.4938826954140458,-0.5422672665451691,1.205949667267585,0.5869741325787553
71722,0.5165848386940414,-0.6002145071593213,-1.3166198037023324,0.06136325635790397
49122,1.3293592350146552,0.6266232730274122,0.442057683789609,-0.2807131079730327
15002,-0.4094288259463288,0.4733317501334175,1.737024306475765,-0.7916409718439164
71602,2.126916642292188,0.7498067732568252,0.8397729700936795,-0.5522863856344224
12002,0.3594383292675792,0.045494363976041535,-2.0770105411344524,-0.8288461767210565
57322,-1.8526694942534514,1.1226167859365777,1.2758458183002273,-1.5110461527399386
67922,-0.349224733007596,0.3406973450635474,-0.716730947184837,-0.04885289564389712
47442,-0.9194306858486044,-1.661003857754192,0.9110477920014722,-1.0090208558498455
72082,0.9027163807804711,1.0523315296377302,-2.699308398633101,0.6524758670874756
76242,0.8436736096989276,0.4023714830603607,-1.0932785157923188,-0.15809372818719364
34802,-0.20087920532563583,0.7436894696884258,0.06913357671337726,0.9197479246486517
44122,-0.1281225261190413,-2.1162880594320344,0.5029803857364766,-0.4311484949884315
34362,-1.3297968595662537,2.7902587907135064,-1.774972203660538,0.8801844007182308
29722,-1.7341614146226079,0.3917096153987281,-0.9993405185408383,0.7637229957949463
2042,-0.7995704295976194,-0.056018801926444525,0.7635482689586636,-1.5409058498874004
16162,-0.6589949598297833,0.47304152646036396,1.0644733865168734,0.8411920975052443
62122,0.35369347517414235,-0.6617960565818499,0.9924154987960935,0.2877548951817757
1882,-0.012340843926192724,0.4572586499838595,-1.4428231107526224,-0.8580811692676291
24482,-0.7889404282120376,-0.7700917541660464,0.24288615193691113,-0.5749554773674127
