16385,-0.7674296276022204,1.0755409507067961,0.30773802268177647,0.2051396336645572
35625,-0.8724781315563687,1.4842973255038627,-0.5134827215389643,0.5497641444997462
33825,-0.016369469272027204,-1.8546654127328985,2.4595873307998155,-3.627349434874227
67585,-1.3438481939996918,1.3455068285545577,-0.6920065038408433,0.17277405040640878
65545,1.732913737569512,0.32297994372598937,-0.49493545006228334,1.0010778125401139
5865,0.29753546894067073,-2.1964722061040027,-1.2250333527913857,0.916936383340327
10025,0.5435787480274193,-0.6437206890422378,-0.5340246290312132,-0.40518542411176645
54625,-0.21306703562042742,0.8958724005478672,1.7682658769073387,-0.643287162087784
12305,-0.2885030834339286,0.1591706742737951,-0.0874792090772378,0.32020059797524497
62945,-2.0871683793322218,-0.7786919391782238,0.37119272466417796,-1.321896480489295
30105,0.23719175847034302,-1.1892377913758652,0.6626370001293639,0.20520908369842167
67105,-0.9290607415629263,0.9621202581885618,-1.4076505596921012,-0.5746296703661655
72025,0.9812523712521504,0.31918724114585845,1.5040798177028807,-0.8746369453162628
61465,-0.0687661994141562,2.7850278880700214,0.37178763590345126,0.13090707983484937
2865,-1.9119342781488384,0.243414884187344,-0.7591287107882615,0.37128336752386015
28705,-0.15196934371005613,-0.27847054218123535,0.21006360245216618,0.5283445058946137
62385,0.46668832064510624,0.18945993067046654,1.7677585302517485,0.5531713363441799
34425,-0.26513737031081863,-1.3811928822467507,-0.5782069352358913,0.5175269958992796
76465,0.7150680444878621,-0.5440491006211313,0.8821804035831645,-1.6660630505165732
26665,1.914666293520615,0.15106024959280978,0.03453830343723546,-0.789170429598051
31985,0.39551266116150496,-0.5202708401545345,-1.4578242823598295,1.504104026667958
36145,-0.3914658975708234,0.463844244775747,-0.7687804742288005,2.31928315155597
40305,0.04520743218359251,-0.8067458909576756,-0.05696943877276376,2.6307522908672225
14385,0.4658229479079625,-0.6156284559074615,-0.2869799822262879,-1.1956368874513434
38585,-0.2128856825808825,-0.9339970507610936,-0.7545294420739511,-1.3239677779449357
12345,-0.3745887231375362,1.193460082853442,1.4224533795401817,0.11345896884711554
4105,0.6406928360206056,-0.21139210867108812,0.21181228165758154,-1.9469815338721834
73785,-0.7359258634396272,1.2637189396984316,0.010741052438217377,-0.06544258718535638
69425,-1.2372149428090402,1.5429504776379876,-0.31117035624361467,0.7637673312346169
71745,-1.6839860470011496,0.08729285799601333,0.3247328659068586,-0.3156138832098377
64865,-0.16503761993917251,-0.5886072549358589,1.5249258643478858,0.33260641277708575
9345,-1.278048566089331,-0.4822854145271897,0.0631333840401077,-1.6716837726788065
38985,-0.4560752253214966,-0.46171093693259013,-1.7568395858447756,-0.7270214297800074
13505,-0.5464697281274071,-2.347840885071611,-1.054528301077648,-0.6135173921644345
56425,-0.3068699730218721,-1.2304506527851196,-0.24949171090549943,0.41626374775108066
17665,-1.2405549292438205,0.7324850559518123,-1.3501984116876231,-0.1430020254374153
62265,2.600191677569637,0.031143461329240552,-0.3487788587680752,1.0483907305912339
25985,-0.3500914097108972,-0.9472743139191706,-0.9350033234378329,-1.103108447382075
36945,0.694950075890509,-0.552323539210354,-1.1851081380651274,0.05982803013111107
38465,1.623962552697324,-1.681979420865505,0.8515845136899692,-0.3055673182368501
2745,-0.758275508557023,0.23280460977993506,0.961081478672304,0.3901439695853944
55385,-1.7686940150902437,-1.2646379420505924,0.7885624025896514,-0.24374195289607078
32625,-1.9553838490466369,0.20364531053304352,-0.8006576693148262,0.7393697599742391
55105,-0.08178752962026685,2.2282852209773676,0.44442853556099704,0.5676650845421243
12385,-0.6264418631106066,0.42412040780443033,-1.1904268808040006,0.023207541262281042
27145,0.9287593061993898,0.4801332902226952,-0.22228394682166996,0.6007554049186498
67505,0.9351335021731894,1.2214337698860405,-1.7567254394869096,-0.10221810763206401
2065,-0.5994116566766885,-0.25839620758368154,1.0295611069690829,-0.2501008156435683
20585,-0.35856189315434683,1.8147491839859684,-0.3457151412411088,1.278120448923838
55225,-1.5450738541961275,-1.4584232698307713,-1.9323354591463706,0.5028413467966077
3345,-1.9699703264299941,-1.2416431834238941,-1.8311620072443209,-0.516592616460301
7505,1.1318825193253752,-0.3435132091595089,-0.14295560208021546,-1.3932114891633005
39025,-1.1037929366282448,-2.2666057151503485,0.9482217400393379,0.44360630579638055
27265,1.3859772926423282,2.120695156799886,0.7164958511709382,-1.5650735408122085
30265,-0.30984020657013717,1.798856151700964,0.8920671947474269,-1.6933218154168808
68905,-0.8431249330229248,1.2198938956147536,-0.2585515396129129,-0.22595669305601465
11705,0.13012220440484976,1.4608430134934272,0.6366886004211243,-0.37838968276387197
57705,-0.6862419572488438,-1.2131197404271221,0.674648982605236,-0.9983835430222461
68745,0.5226737240223791,0.12676398991790488,-0.5322792294589637,1.1175064750197445
67705,-1.5399698794398502,-0.6646248954399724,0.07818567561357405,0.3400258543836696
44945,0.9576332810680216,-1.4218735496264032,0.1604882805849956,-0.5024689797913308
75905,0.14213302348726492,2.6495136871580947,-0.05080408142322433,-0.42933078492360827
49105,0.32874246840811056,-0.5224403697684146,-0.12865217578645813,1.035709875170613
12825,1.2771403428823132,-0.5606950476131201,0.008666900529299503,-1.2539369256049353
705,0.08880314224171018,0.28824686277725814,0.7994300069499367,1.045242410802187
2185,2.2645915283117324,0.261090725249727,0.31620298202868213,-0.8794173787123147
74065,0.5349601377852042,-1.6617603467097388,0.038725113696277666,1.7250277396967688
61585,-1.006868745248987,-0.6816554237031203,-1.046915942448076,0.9615244009611429
21305,1.3366693824259328,1.755826342237866,0.06835674486124269,0.8937334801452212
51225,0.6856098596926787,-0.9262531607813391,1.8588690311050013,0.8604169599252861
54425,-0.04179819421737218,-0.37647159899080607,1.2635268779005615,0.4963686575577427
69785,-1.176594969957051,1.0025957950600413,-0.4382262701165655,1.9114425385312674
58585,0.64006673198466,0.8427499186574487,0.4447910375631175,-1.4813787296561047
18145,0.8172268336753026,-0.48910748821328776,-0.1283916533504804,-0.03199895891739078
22305,1.0154660493802101,-0.1698280951532109,-1.016169406069895,-0.6689049130883121
46505,-0.5100540990792447,-2.4647373302596245,-0.9051315055193148,-1.2246545956912924
16545,0.9724461401741562,-1.0104973404808293,0.21699917200589516,0.39913613904099243
76425,0.048108111302180755,0.35037286814866664,-0.8109910994608414,2.4494377557628266
34785,-0.1059800462561129,-0.852042131788835,-0.021327152169625635,0.08648893681379174
71865,-1.2217695924536893,0.20753996734621918,-0.9048389236685058,0.06974277007539442
45425,2.5682947118902444,0.7429910002312389,0.6826997944711408,-0.4795672139642623
34985,-0.8531047171742197,-1.5488059675641264,0.7927710436133701,-0.47125096796710275
2225,0.9003293744361857,-2.190431068005708,-1.0613475331289368,1.1890619624377594
29625,0.7658265135904505,2.4600110028689057,0.7697735963018052,-0.6957381572426445
72225,0.9333220313938093,-1.7455200166134708,0.4045467031779007,-0.6954108302460089
35945,1.1591710789863123,-1.6238447931171154,-1.7599006311703052,-1.2689235663565837
61625,-0.7997238704860666,-0.08537679485426782,-0.42557320293436424,-0.10404337295633032
3825,0.6932470579060638,0.7151996006659582,1.0107088591954076,1.1406790643723503
52585,0.175711271934947,-0.023358084915873992,-0.727964845345642,-0.8692514016498312
33785,-0.556922889137213,-0.22032402859825725,-0.08510553615089084,0.5313996809672775
18625,1.1426104490021167,1.3695461308630057,-0.7978281795416734,1.1786015853932077
60905,-1.096783379632256,-0.6014939688117071,-0.9151886427310191,0.2388904831847724
54305,-0.6866685838394526,-1.173289652721545,0.521581445655491,-0.1399949899772013
37065,-0.08986452570221225,-0.407298727754645,-0.5705576804674463,1.3033167514108472
37105,1.2373000468298039,-0.8702848857303936,0.4147022643836455,-1.740182509574263
4985,-0.025271226001836053,0.5711986350532571,-1.853949827017503,-0.059603230764524714
45265,0.2677739652259259,-0.7955026035448132,-0.22186364768716985,2.0401843825167885
36025,-0.6408179672746619,0.6696524891970028,-2.5533976413223773,-1.201860670977789
2425,-0.06506225367493416,0.46143567664580815,-0.30873259025588223,0.20161523256525649
28425,1.658912946649678,-1.50304890367077,0.48466578864256454,-0.24720374273855686
32985,1.8706065672146033,0.4654155659935286,0.18009328126470714,-0.985157870800333
23665,-1.6119188797803514,-0.5313184234691741,0.7731132602326948,1.2305543223799436
42105,-1.2428483314839471,0.8904917679664498,-0.6938924056618245,-0.4430596377484702
38265,-1.248286081799507,0.7063610946071178,-2.0663059392656566,1.2244660545485235
225,0.3544671399411121,0.01074848622904525,-0.15019130179754317,0.13321744864371737
1985,1.131863998812287,-0.7454991910527845,-1.5662481208900632,0.9280509371665356
14145,1.244271636130565,0.44234326731647383,1.905440924971991,0.5959632306187755
63185,-0.1483159124200455,-1.2789022997262136,-0.86420339518981,-2.079237095068585
59065,0.7534144390939317,0.30735278976452934,0.8467976656626457,0.7708606378587607
49305,-1.3127291844685958,-0.07900603856288864,-0.6203192773165866,0.1502820518897953
67385,-1.052945288072643,-0.9780275928481313,-0.43514625237202065,0.47063314361235564
55825,2.034494911643196,1.483198559888572,0.49751935465378644,2.911649757588589
71545,-0.42449847447198047,0.8103056820034449,-1.2713970370618983,0.28714367615684167
47345,-0.2383442508046906,1.8994953421298453,-0.7213843967131989,-0.0043551548848373926
57265,-0.5748005317953048,1.913464393276251,-0.9109197366847803,0.19717059257334366
57385,-0.8669452836122121,0.043439695001747804,1.9564978439306973,0.4979163491108105
45305,1.2989406693267114,0.21284376832758276,-0.3450737409602688,-0.6820702372040754
19785,2.819533998934875,-0.4401200157960126,-0.7325642077942071,-0.4210655379776337
45665,-0.3236733617603843,0.2904332421085436,0.18419236433928438,-0.185948121928035
73985,-0.06697876290821732,-1.0936606226012908,0.4663333968847959,-1.0038460238869236
68545,0.35112729207527443,-0.021342989226848307,-0.043328648689211414,1.5862839423453519
72705,-0.7501594652554573,1.4927725784264332,-0.09066994676270212,-0.09182585001955672
76865,-0.3575917596292715,0.45679350343066183,-1.2589139045486353,0.9921495320419992
31105,1.0937208702304528,-0.5622959685816418,0.1424758435767715,-0.06549896261588892
145,1.247291382960259,-0.2577146492550419,0.004701650122162199,-0.3013425411522764
30985,-0.13968373176420695,-0.8353182136187624,-0.9291284865426579,0.9168945037829244
16785,-0.3240346714898812,0.34579841919992405,-0.45849229045867806,0.34132442508672967
69905,-0.7676873251681061,-0.8295646657097813,-2.7107112637209143,-1.232535866341356
61385,0.3538239588744304,-0.2909983145151979,0.09931964752439319,-0.17676332552006196
25305,-0.5500155902675113,1.7353915996835987,-0.6788344369631621,1.6143157792136758
73865,0.2154578234965228,-0.027656027319809103,1.3878385302340348,1.4689321732054244
67865,-2.7188358689059036,2.2627362928133232,-0.5118947667366233,-2.3193422987281926
37585,-0.8084724992621042,0.09506447460784281,-0.7222635776667492,-1.3152785242463416
1305,0.49961225643670076,-0.9483176869905533,-0.3696050447072712,-0.12469761734869952
7585,1.2361970294278546,-0.17820648629178315,-0.9038677403196261,0.618691070439206
55585,0.0229896038047118,0.8390097586558065,-0.639561411457309,0.42692031920633366
13785,0.3930439348549871,1.7413184762510343,-0.8894701789740376,-0.6414445637426172
62905,-0.18423597153582402,-0.2140523009550231,0.1654659862048276,-1.024512945317843
58385,0.7194910435199198,0.05708699090611921,-0.07198187675170843,-0.32990720140653085
24625,0.1807613441671207,0.38870278369659716,-2.2664599764752715,-0.53328033298762
66705,0.815140325598811,-1.8067493196888744,-0.027960117346310973,1.9755647895263715
63785,-1.351295427849094,0.7375029681932782,0.6612272587769361,-1.7806607163801456
30425,-1.456814728770743,0.15941051593039232,-1.9488586037204374,0.42363296975852116
75025,-1.6479424622799066,-1.4632549205535053,0.3134327005092459,-0.08677206866137406
51505,-0.8789654658795651,2.056158702289299,0.7798450608449228,0.9958781405941662
61545,-0.6529327593167599,0.22570769833612023,0.05498297216679883,-0.9696169373473829
6625,-0.13543199146781418,-0.9264595784453736,-0.32646415702823317,0.12322638967685562
18825,0.9783373567654894,-0.6095456772774788,-0.6861442989344742,0.6252407344024962
59545,0.5663514837892666,0.9481828364965267,0.3881247481670883,0.07603766894080759
28985,0.9305730333425702,0.1331292871255048,-1.6411105613645118,0.5992652075149842
23265,-0.3281106239211313,-0.14828139316208386,-0.8867520360394194,-1.3617059516709171
6465,-2.0048917069941044,0.0938058704992964,-0.2179757267192993,-1.2942199861618928
39905,-0.7241781168175915,-1.2817183073612168,-1.8751261549429579,-0.5337535108165978
53985,-1.7405322281142077,-0.6072150175026818,-0.6200887230996326,-1.4135409686329858
24905,-0.1944230091238727,-0.1330407164198056,0.5971162510314424,0.6833989571668688
56545,0.058757644823807895,-0.9422503746921721,0.1248894404001652,-0.10666228951522849
60705,-0.9532051576745699,-0.8071659298067992,0.263449886059443,0.009222883648638294
24425,0.8302434051849588,0.3988430781540313,1.8032137596858098,-0.39582176945484565
22865,0.37626907685369526,0.9272944763960864,1.2020824407464439,0.4659159626777666
32745,-0.2960673404492798,2.6052615372227996,0.25752394362625636,0.620864394631386
63545,0.3937118289690088,1.404068348335131,0.03524575392675314,0.5404500269460432
345,0.8235038731731108,0.18793286860849592,0.4368563716882164,-0.33721998810567955
17265,1.6078167482146022,0.5526973233203644,-0.6070265648914909,1.4450245763854606
59745,-0.4430087376864102,-0.7602980047198699,1.1221313640622306,0.11356111773660046
25585,-1.0695805202460869,0.5233631518989265,-0.2908079726083995,-1.5168567187326911
70185,1.0329855952000124,-1.375955615943584,0.4069868591414749,0.18843483680275772
37265,-2.119145908182954,-0.41082799144014687,-0.7549582287034335,-0.34883054001296787
47465,0.389838158856517,0.36683540575902085,1.1076984438949415,-0.03376423768614541
1785,-0.05700051764248837,-0.2725913553206662,-0.3505476593383078,-0.10200281373068197
46385,0.23070019887556442,0.3709641525598982,-0.4360947942826839,0.035400912630553616
55665,0.5892813900940955,-0.5654916179769673,0.5757707403044833,-0.8572475682466061
58865,0.18958382744279575,0.9843250548436421,1.7015572127527745,-1.6905153278074714
63025,-0.10642501892476534,-1.5022286294498426,-0.29051770767767005,0.24027636462786323
16105,0.9561853534126528,1.1453863902667574,-1.874410204358926,0.6669978105960441
33145,-1.6021758329256444,1.042994860570923,0.025811233857255426,0.406154081026102
39225,0.7966836468057775,0.4771700185609318,1.0483058696659644,-0.582497534104938
54705,-0.11031576797211368,-0.23718293396913065,1.212372307401102,-0.3737325247907412
43385,0.9544473679480482,0.07802535388702711,1.4259373877888328,1.491322007812482
2945,0.004441337599022174,-0.2964936023958673,-0.18502122937732496,0.7015415243507026
41345,-0.428321071955028,-0.9604617064178967,0.7908997999474885,0.4170226351907385
31945,-0.7382012313766764,0.21561908376918845,-0.48065593869373413,1.5991664505457563
55865,1.2238967728817598,0.9850831002163124,-0.9239854057884429,0.4374487726273199
5185,-1.4363795679896134,0.0005020337965658645,1.1240691069608675,0.19677800019746317
8585,0.03177873265613731,0.05988274960693456,-0.11187828286885827,-0.8711353051740033
68345,1.549463754102476,0.052129013894017855,-0.5829300270461651,-0.15379094542891247
40865,-1.1824982446095913,-0.83731707943634,0.324982388587014,0.7466617957851914
76665,1.003946517273523,-0.08247060107168187,-1.479926228140541,2.0640984418818458
36225,-0.7420309965039151,-0.6383357395784297,1.5378669307829589,1.366655468055834
57745,0.5989418055976432,0.7780004839571346,-0.8054588354021239,-0.985408211567558
40385,-1.2101353100033527,-0.03849680390329109,-0.9038960812116742,1.5685525703921654
48705,-0.6878868297069793,1.7221844658768029,0.13980529832138616,-0.2954639170411585
24985,-1.6179155187547942,0.7812248426895044,0.6293432954098372,-0.5713095348261732
65945,1.2244099752924202,-0.9352967386753605,0.15622503231950807,0.48038902059117283
61185,1.2898587689184642,1.6594347076606935,-0.533858912715687,1.2711404842991993
17065,0.786591466765674,-0.3106374816402115,0.5978000787366858,0.35677567743360683
22945,-0.34830216437448325,-0.19343584296095498,-0.47831192903517167,2.1524162654022794
37385,-0.5986220423817346,1.3134916792908375,-0.4815687796654002,3.089280861727983
41545,0.3519197896255238,-0.4999144367890567,2.0593691638483542,-0.7834194800406149
75505,0.3631735319628939,-0.5644565010343433,-0.3043864020895788,-1.8883892046260056
45705,0.9661011942830011,-1.7808072246562046,-0.30569682740960197,-0.5985669875413412
61865,0.521663672475377,1.2670766714595951,1.9047146800962451,-1.0421260960940106
49865,0.4491597222499143,2.1042980334253216,0.040420768067316266,2.533501688199741
30545,2.157329092260586,-0.2954928310482655,1.5924007748612807,-0.9076913925722272
70065,0.6133895193248945,-2.0239971602472155,-0.19983926280724304,-1.2146597765406915
66505,-0.2361843977659535,0.3888107929664811,-0.23264423515416166,-1.184053629312759
70665,-0.9143185129306812,0.42901491343286896,-1.9363841869015386,-0.10799400887683433
74825,-0.7948968424145842,-0.2619525009058096,-0.29374526964273395,-0.7531983583438735
23625,-0.004917734181347556,-1.3006195970817807,1.8405108121877725,1.2551904548340485
53345,-0.29764979493111,1.053279106095936,1.2589988309858011,1.532417987810215
68025,0.9337653913997099,-0.9780346187719352,-0.07022975212435831,-0.09639910091462306
71785,0.24594713098291252,-0.07780767279731267,-0.02277286830325752,0.9399827548805175
51025,2.152401500649013,1.6209684844290455,0.2504307563055587,0.2999851468581986
55185,-0.7595212890629428,0.0429812783801421,-1.8424904383701115,-0.636664872229539
65985,1.6435685438074288,-1.3109279191378493,1.2794592268669216,2.0643148080870897
18905,0.004493633586210492,0.6882438600115198,-0.23654833978573317,-0.5015144295360716
23065,0.7723053464043943,-0.0973298834790649,1.9607212677068295,-1.0548319396381955
67665,-0.04686325008540417,-0.48094242982383834,-0.0632607335577518,-1.0630297925059566
33185,0.22097108758835604,-0.583347495569233,-1.3743884888291706,0.9696102415313994
71825,-0.021650373078684417,-0.2998366644536077,-2.1393717550491878,-1.8799264509334705
53705,-0.7890098212556539,0.6366398204519822,1.0199031423367333,0.32448333208233615
71185,-0.9712509949291793,0.23688883995943805,0.9296222517496747,0.9948659270047407
39705,-0.04850706712339441,0.8039160284559115,0.5989066200310669,0.43034832475778584
3425,-0.23130026372418594,-0.5928891433183361,-0.07236837080796768,0.19458015388256836
72145,1.307674055759389,-0.93434100765081,1.5996735530516757,0.23584310640108924
52185,0.39110813827947893,1.3563183372703211,0.8011941363032116,-0.020696857362199485
56345,0.45935319242615325,-0.7908112966696597,-0.0010653200514229755,-1.1016500148352464
5425,1.6261190299141444,0.07108745301921433,-1.4066253315103725,-1.4244459485082979
63225,-0.5516710960642092,-0.5305454001368368,-0.39812048569005487,-0.43146476893466673
18585,0.691512655374506,0.359576149111827,0.7539224193434215,-0.9885576499886226
39385,0.23691088050876713,0.4378886604401696,1.7408485299563323,0.5734086836806015
77145,-0.708526095803393,2.160903961445355,-1.9586064633793274,-0.430344365652181
36705,0.17557322002807516,0.18337774321375966,0.3301583643274369,-0.8030922726224788
68065,-0.3403740353958515,0.6048792475461988,1.4136888043215916,-0.7300546220009007
56305,-0.43863075091191195,-0.3486509396538741,1.055664207656714,0.9702609240395211
11345,-0.7834732532214502,0.1483239403118114,0.020892848355003706,0.4497319971873932
57505,0.6576190731698255,2.1730238307050045,-0.5493217214279502,-0.7889980077560871
65825,-0.8722413528053243,-0.4341506584477834,-0.5100515272054663,-0.3070362319615872
69985,-1.6350065710181485,-1.3692112135877006,-0.5213794201343545,-0.2933781337769058
53745,0.3002011000234834,0.0942268535374889,0.5564057316420612,-0.037452316120452106
1585,0.7433201409521409,0.6419054665074401,0.07469008934376811,0.27571300106432245
51625,-1.7861831689746215,-0.08978335150486139,-1.4451741767464263,-0.9253827124622931
41465,1.261488626831158,-0.8763650580935489,1.2402390476535405,0.3628706075685616
14065,0.41652485595091826,1.7584747250204937,-0.4816694465711511,-1.7959472179876261
74145,0.34310952662691413,0.21517108649534,-1.1146571150252218,-2.6798838636395357
27745,0.902572129467371,0.1277129700837555,-0.052171602353141215,0.330652790779913
69385,0.9281349909549692,1.6047006791175646,0.8098810822664164,-0.332378375241075
39425,-1.4779670743282498,0.5571954678030349,-0.4030716253219646,-0.7649188143829765
64625,-0.4157767212032479,-1.4487189896643773,0.4914468564752861,1.244323152681063
50825,-0.9735205993453651,-0.9206590897524828,-1.1005876258973046,1.2782494975448624
75305,-0.2790241788561798,0.42779621381609856,-0.022421143316725747,0.10971159679168552
30465,-0.5204890154291928,2.030352928229891,-0.35472819015281604,0.536711053171669
57865,1.6044982328034052,0.185128209882294,1.2415871580363962,-0.5211005526428455
31905,-0.8116806111394794,0.4920841724139466,0.9123834833051684,-0.3882921885772357
50705,-1.0138141046627598,0.304341419558709,0.13954754365891872,-0.005663089183729342
4625,-0.4444130950167669,-0.1297458420419234,1.929809430659488,0.3062387353053913
27705,-0.28302335612923424,-0.2804664499998678,0.05350634966194608,0.246958636455887
60505,-0.6155004225641205,-0.8433273390855549,0.886398607523723,1.3742796993916102
74265,-1.4420902974319618,-0.5195534940271982,-1.4285153522693435,-0.7814018760116765
40185,1.4952632227330753,-0.4551639770229765,0.5568462016866663,0.4567847157118304
26545,0.128327798696618,0.3709749878383933,-0.09477981423068602,-1.2202064306809037
21025,0.06836337931803371,-0.8607161960583702,-0.3780682816126746,0.12823848909626295
56825,-0.5999398198538145,0.18155755470103602,-0.9237352113477957,0.9876375552076466
60985,0.7788210600503095,0.7269923994265397,-0.992314076285503,-1.6368228374195122
18865,-0.6573778939525408,-1.5152039233431411,-1.2935162251295753,-0.27612827614553975
59945,-0.4404740250055103,-0.13182703440098217,-0.9321712427442574,-0.9286884200426326
33425,0.9367741299760405,-0.5195358795946633,-0.31679065634523457,-0.10946558565546409
33025,-1.1798709277153194,-0.8107971635590329,-0.27616865759447107,-1.7179403936946687
68145,-1.0655768597806745,-0.337844125137034,1.5142746871138335,-0.9046037531917572
5065,0.9692260025069426,-0.8028879191563792,-0.2511403053618354,0.5676356146836222
18185,1.9488375816539456,-0.6420409405526797,-0.4793352012420911,0.18326604051856044
66105,0.9353079091309535,-0.0014981104326011042,-0.3233052004283129,-0.1780897248786822
30025,-0.749809213909817,1.2377348561726114,-2.170039749951776,0.8376212915939444
53825,-1.4857597060619374,-0.759164986223708,-0.05822954485162565,1.2307222486079976
38345,0.6234168624984702,-1.4040430318568422,1.0938530528850363,0.8607635273450845
42505,0.5015856826722102,0.6212875748100858,0.5179874953377265,-0.955808476294645
48545,-1.5128561751046956,1.4820519827637322,-2.1495069521199945,1.327143407244987
2145,-1.30446563418074,-0.749097773389995,0.47899762531856754,0.31973609623783544
10385,-0.19645370657597439,-1.1631669443935209,1.1077320197156957,0.8210026773064055
51785,0.408529806839598,-0.24617909957605993,1.2945249124735716,0.9422459407062469
14545,-0.7963204911543489,0.4236939658716478,2.0330797309136854,-1.222753758926251
67465,-0.3654820319349113,-0.057578115478804134,1.6199816476970341,-1.3092974588210746
49745,-0.09413137517870517,-0.2598851371100791,-1.4843512524025573,0.26381948054039706
6305,0.28709533465592607,-0.9222166811945895,0.18224204684272807,0.9682575329917024
6585,-0.6866826153893608,2.073602656357124,-0.020739996133220424,1.21603892365897
27225,-1.3215068510049766,-0.3393406342463574,0.2959455523251984,1.5390171637281298
15705,0.00041403513428825726,-0.6743888065459567,-0.3161254144330898,0.5269677485563332
69545,-1.2405996687585288,0.30824579224841536,0.8917386962176166,0.16149202112897557
55905,-0.17700475491752,-0.7863235836672758,1.2616880503048296,-0.7710246184810908
24025,-0.6031862359446103,0.0939637390660961,-0.2024494337499701,-0.18725426859402872
28185,1.0666157914439864,-0.18075467965593994,0.885075087159881,1.4682317067048833
945,-0.6206084407544934,0.21997534587067558,-0.16284908882635699,0.0951317570197287
72465,0.43523679349706257,-0.45781200443721193,0.4076529234351899,-0.8522385464421839
76945,0.6622516245516561,-0.20563086018078977,0.4565606233362903,0.01212544004213597
2665,0.28968474067272765,-0.16384832449560635,0.4640736579765713,-0.4910985140779624
48985,0.6666733080491308,-0.27222686557712605,-1.3977015258203886,1.139392118243209
53145,-1.112205025305846,0.8046552024362414,0.5362784830065659,0.541011235416993
21105,0.5571391120161923,1.3168820428542556,-1.6645599404874998,-0.8839411283809606
30825,-1.4271875222187613,0.921690434145995,-2.0576431894316323,-0.40239975442081166
8825,1.2216640160689989,-2.3087847725920985,-1.4726246697915626,0.7659473305942006
1385,0.022283850966623393,-0.01688157547799571,0.38652474137879544,0.013585112993506482
47745,-1.0854330464805246,-0.9179234823915722,-1.0724576298859412,0.6973119806743838
55745,-0.58564518526691,0.07492741555491539,-1.3628054798763622,-1.3876629767064115
35465,-0.9637724196462235,-0.1351046097341217,-0.45457750686857884,1.0900317098592673
43665,0.6659819338898465,0.867280828125451,1.9332642346146298,0.09693625132839932
42985,-0.5883573309847417,2.3666076834370386,-0.45194166920489354,0.10821801558348251
49945,0.018757566585635963,1.787963928464673,-1.275508129615094,-0.33040059337865807
21145,-1.536621569419604,0.13812040932579947,0.13243334633910234,-0.3963318454761284
23345,-0.5349477446912213,-2.0326337726291452,0.8666168840225766,0.05069132615683068
67945,1.5801046859444667,0.8421231799562714,1.823189832625594,0.4611540645284156
60065,0.3720957942950629,-0.5138742111611728,-0.7433431641329281,1.7742034371214088
76265,0.7372594260434643,-0.8746498705845602,0.08738460463816917,0.44184898924447996
71265,-0.39563328579013407,-0.5244843905520828,-0.4251546234264917,-0.33158188292701407
59505,0.452928152163122,-0.40089576549433154,-0.7791083914248265,0.662988986664425
54465,-0.9965209789556312,-0.9489978792848528,-0.11325445116738572,0.707835745318716
68265,-0.43503787165426205,2.3531128882420926,0.46456663519851676,-0.15023873125870219
72825,1.084162703762401,-1.6390473146011675,-0.8375336730002946,0.08045174670607097
3305,-0.4558006096456537,-0.6942643205836405,0.04742836897834313,0.6219675427719064
16185,0.15113377859415256,-2.1000882219357027,0.16794258726055716,1.166472089232595
20345,1.471020068106481,0.03461207738691152,-0.09161982811697424,0.044041479545412376
66225,0.6659036110068887,-0.6933818255570341,-0.9477346675810059,0.8269094554924056
43465,0.0385531466178432,1.2315843361741752,1.3678354019628973,-0.6655572836397089
53865,-1.347268448874982,0.3517583300884515,1.5390719086843063,-0.9575343874865081
53945,0.039288688226201636,-0.9216734489928894,-0.7259705085421313,0.8884171316625699
72305,0.2617279362498306,-0.08934687328112131,-1.181966324866724,1.3583848574121118
62145,-1.501687675621162,-0.5297200384868604,0.4096818576719319,0.14000290100074184
17345,0.3908290644060128,0.11151938100152312,-1.0022788104530507,-0.9299025763439628
21505,-0.3134556484290881,1.4633839467590797,-0.5165951600718491,-1.1381458821249406
32345,1.5797421231980677,-1.544541083580144,1.5779349609347362,1.1149061135574494
25665,-0.09898958145218557,-0.287328972667585,-0.8234483743835108,0.06906520304173011
27425,-0.7988174731548172,0.002969023856006653,-0.42620244079892233,-0.0889181950049767
29825,1.4565233238115753,0.91553054602747,1.8720496338520507,0.10353476748599363
39625,-0.435336912317802,0.24995271672365482,-1.4188648566812982,0.1470343572719725
1865,0.2302907599170038,0.4645407034386541,0.9639619547639593,0.3522167409928265
47825,0.6774399626919745,0.09144580651721204,-0.8740342487191823,-0.6554778969043379
16505,-1.641587853163821,-0.5008120772179341,0.8290128469186299,-0.5301192362773465
45785,-0.36419119329035116,0.008947897036744704,1.260437582792382,-1.1391539688984977
6265,1.3137007782004735,1.0663650289462787,-0.8339364094015995,-0.5111233812714936
33505,-0.15916136603131034,-0.7019664531860497,0.49165817827881175,0.08647008679465429
3025,0.1762432352570512,-1.572302482229197,1.2210008938127297,0.7488567123578044
67825,0.014786240433687021,-1.2183744909357406,-0.43965236124305296,-0.09853556870406568
31185,0.2515375185673349,0.8884143795728449,-0.08626924806915771,0.21452299323924073
72425,-0.03965121570528779,-0.5333301806418056,-0.39437304165558923,0.2786027999739623
75265,0.2969564210681362,0.6850736654435917,-0.017034374709168895,1.644431490059249
72585,-0.47748216329903237,0.7799348621928301,0.11926550208482938,1.062579648095734
49905,0.4705524779321216,1.2481580808925068,0.460659117870939,-0.6590902389676755
36305,0.35583159248174084,0.5968673779051706,0.8444010137264188,1.0261187345820533
67265,-1.2931099412060363,-0.8676838361405957,-1.3639948259136647,-0.47201807643836025
9745,-0.8238142633164695,-0.48134260354197717,-0.3422717744475669,-2.655806264614203
44625,-1.3491935412959082,1.2379804271151245,1.2827074809758607,1.3918919469238342
25385,-0.451460849173031,-1.1991140692212168,0.515929551372668,-1.296001172255271
48785,1.6910130120990512,-1.0885195925155298,-1.559564451874308,-0.7716398104772836
58105,0.0730522735068329,0.6150259944238038,0.9722864659655742,-1.433216651206856
52945,-0.16349493381663902,-0.37604542330718926,-1.0971604794576022,-0.2222113438685166
62625,1.0977038868996802,0.7607322239679766,-2.1930343356254913,1.3237053817651605
28265,-2.6575369721623394,1.2187204315599063,0.06006793027703644,0.2693130666750234
56065,0.22856781690506098,-0.7371928482012802,0.6356997058711034,0.5495014223407301
29145,0.2510226290841202,-0.058685774540869186,0.9913125593475076,-0.04474748190826313
4225,0.11875305585051774,1.4560290406299112,-1.0133034941592811,0.23474595239415208
43785,-0.2969277008976211,-0.17214380029720142,-0.45956924207009114,1.390587014617347
9505,-0.75257075350732,1.1710807659645979,0.092738188922929,0.5960740892037963
54105,-0.30675763825963354,0.09553338123546544,-0.5508510706786396,1.6452398527421324
50865,0.7273413161275224,-0.42675462076099563,-0.8129676464317244,0.5093874343954208
58265,-1.1407843752525813,1.0433101148885537,-0.14619754210988445,-0.0766729005261347
51985,1.2556397365845848,-0.8580338691364604,0.13661741760621993,-0.7250109097619767
62425,0.9045284393616575,1.9173342307542036,1.922087853425954,0.24229151780428734
75225,2.4971234133989997,-0.4074751771744728,-0.5237869875372602,1.256291983993055
29465,-0.949099937238842,-0.3350931318094069,-0.020059916558438372,-0.5808345481221416
38625,-0.7140929162555697,0.8342800593908629,0.44427634351857037,-0.9892087404495522
42785,-1.0856569104043134,-0.7926114443894668,0.7681571406381699,-0.15734891847299726
27065,0.06720544870047382,1.4084773183120447,-1.1366068880417333,-1.0848361484629399
37665,-0.032030362679813226,-1.11722772823938,-1.2710949452300533,0.46861099573158815
18225,-0.22058563856798552,0.13914809566756153,1.1346700831972483,1.4911073025399548
15145,-1.0619876031219389,-0.11601535573087626,-0.2979346378740047,1.25464213139282
71905,-0.20474059220246574,0.8757041946470644,-0.03372078468042713,0.9295926572805843
76065,-1.2244036988779061,1.4717783216460267,-1.1907226470168968,1.4520241985195377
39785,-0.09961619437949377,0.6843445421304816,-0.010498578246332874,0.15496676404769044
33585,0.9851545618827536,2.7945083191446654,-2.178498912865418,0.5307662369874774
11825,-1.5638507179016992,-0.42898655774642885,0.3397031873824187,-1.2590179353841493
43145,-2.0857100134194853,-0.1492038050003006,-0.0601879410826312,-1.2395710001899676
825,0.7039441647898598,-0.5985833747776477,0.42249409167136437,-0.4352789505636517
12185,0.7995582671690458,-0.963939569102668,-0.8725430373053824,0.6123148463551487
28465,0.48870983790814565,0.7990249299604901,-0.1018870360769515,0.08751673126287016
73065,0.046355445110234005,-2.2386207265243994,0.8257091089452193,0.4198318978791104
39745,0.5739505832711332,-1.0648403730640863,-0.8492880272037889,0.5679320281113608
505,-0.09081885075191669,1.1667112528424208,-0.06810153377914435,-0.3654549223483428
45105,-1.1096997456905997,-0.8527516388776972,0.04386453679416917,-2.7120684047566734
1505,0.1314928098918082,0.1436283629976891,1.3091344675356393,-0.4283002941872481
68425,0.29519158404104573,0.8601526370800707,0.41574281968714977,-0.8422868954417451
39545,0.39108309105225114,-0.22840598880602425,-0.20381376385129368,0.1271631908567378
61745,0.22948176045781923,-0.045172831385018236,-1.002642926960644,0.5740000136384145
65905,-0.9739155766909983,2.3046534026572547,-0.5786746827301114,0.34197268605905073
56145,-0.6494898813993715,0.5954837864135808,-0.20159657558882685,-0.08446145178508488
74225,0.20839042261731774,-0.3318258758830292,1.1210910927017412,-0.30360042566549766
6825,0.20397694746366773,-0.6094097866550565,0.9606027797207843,2.3586977445684525
25265,-0.23894054051269353,0.24842848738470477,-0.059770416475248944,-0.011121425062717356
46905,-0.673996858201799,-2.0135666673083437,-0.474547942473073,-0.3507201517986111
33625,1.2060366521289534,-0.02067659036599027,-1.1262652667121862,-0.6631605411863022
57825,-0.039536162428299354,1.1217561644820975,-0.8169613807117567,0.613130963578538
9985,-1.1458393425397988,-0.11532284438948327,-0.7230027170642706,-0.06882399596080194
11425,0.6526642638424998,-0.16731946754994137,-0.6345626012187664,-1.64910419921908
18305,0.44658534091435353,-1.1419033990356595,-0.46262606339136964,0.31953992848030105
865,-0.36551520883794403,0.21845400954552235,0.07259836881930375,-0.24871521775277292
22465,-0.9548607381315601,-0.4456912321891738,-0.3493315717998313,-0.4276895473478908
67065,-1.2409174738804836,-0.747129593525191,-1.2669942292535632,0.7537822890658397
15505,0.7371658776755222,0.5578399033529207,0.8705832959755856,0.22961815568330649
60265,0.5741437689120149,1.4317850570260768,0.6170925073538664,-0.5420134698188815
2825,0.15133792968017173,2.133544396852571,-0.3061522805978826,-0.41770515151023224
51585,0.12630879717685706,-1.0050945956661808,-0.3491783417227277,-0.47734418772402765
7025,0.7854523863363176,-0.1771427963014047,1.8445262340973776,0.5245360979665314
4585,-1.2634910177203613,1.0695986839577676,0.4941310036861983,-1.903063508821142
27785,-0.21940153702440762,1.6414016146569101,-1.0986695913817661,-2.09112318863348
35705,1.0696437821933986,0.23707739409830067,-1.7335734704812484,0.4820509571860478
72385,-0.4988685024723686,-0.15610198329106167,0.06184391528694657,0.5167876002840439
76545,-1.6282280104784013,0.1852271104104094,0.2993415660047096,0.17629801083464774
74625,-2.2085255678920297,-0.7071009350634238,-0.1736977065324874,-1.306382824887947
48585,-0.2676834179558099,-1.3921919550695687,1.8176762003701865,0.82638719250827
56905,-1.2331952109184945,0.4529381821749436,-0.33868234173159545,1.577860542621166
34625,-0.5826756018520463,0.6902020441140119,0.7766486042958252,-1.105349587763369
20625,0.783973287604381,-0.40654460580115304,0.590310000817017,0.5273011198850581
31625,-0.19986467527245388,-0.8279158166135369,-1.3372776212967994,-0.6141063291629472
65225,-2.753920710486106,2.4307647438880213,-1.9596887776952436,0.3199813984373216
28945,-0.3856069713453319,-0.510451464375596,-0.5305475536508462,0.9366606665952646
33105,1.29730393913476,-0.8563795836034841,0.6838848136004315,-0.4378905164302877
60305,0.7848061531968253,-0.04321475413913769,-0.5597508971747269,-0.21197091344099317
985,1.705857428189768,0.751150146372262,-0.3047353277705683,-0.1462762595878577
8345,-1.3117307409574748,0.3982424474316149,-0.29525610275258024,-0.23773962994190537
37785,-0.21537716867347576,-1.4417217528794453,0.4739051470454506,0.3935802875204268
17625,0.23996682380123768,0.19923580733518995,0.2811759291059445,0.4579245885898631
70545,-0.038432706451436004,2.108196875019745,-0.6807201077286618,1.2546072095924419
15265,0.18144426451598267,-0.6697128937321216,-1.5326558343557843,0.33631386709302147
74705,-1.707528646442427,-0.6765950909896871,0.501201447632478,0.7649130454634878
66625,-1.3404257351734108,-1.129971956592701,-0.942351047440164,0.503120768878812
38425,0.5521838880959743,-0.9897792115443517,1.073309580495141,1.0030591490825578
43505,0.0946974370215806,0.2559904159036742,0.8442538343837124,-1.3295403027492565
46745,-0.5070869092650512,-0.6473960266660764,-0.8085179336853993,-2.2785130377289966
33705,-1.6055703610580612,-0.25619912252763183,-0.650877994793209,-0.07787680419736215
14625,0.19545357035781544,-1.3959749745483427,-0.20890796819906998,0.24937211722529065
18785,1.3856221983271901,-0.7425393428276132,-1.111504420274682,-1.81275625176747
52145,1.6713448846485535,0.3199238844644339,-1.2189665395986076,1.2714997435124915
71705,1.2679726855145284,0.12482682767117355,-1.201419129589369,1.1192184944750714
17505,0.3176186221446852,0.384200859750982,-0.42385341614545563,-1.2601778286200913
75865,1.0657535216617064,-1.5012923326531076,-2.5450175400260333,-0.6080342775037128
47945,-0.7179403421447705,1.8482648210082717,-0.2369454788810205,-0.05675629018187077
19385,0.0025567160534507973,-0.7440306810993784,-1.4702571859265443,-1.3766909135993155
43745,-0.6457371868551309,0.21077197377854126,-1.3157330227093327,-0.17519470610283525
47905,-1.362157005324649,-0.1356491445303525,0.04542047965886802,1.2281541143763006
7105,0.2044448461092916,1.0585563217787344,0.9989433983615584,0.5126597509656687
21665,-0.9955620690993429,0.22700408021234036,-0.859771515741402,1.0070749112407815
64545,-1.0841977737974224,0.7667847427084462,0.004934011866974311,0.4042900009107114
47265,-1.1362078476127102,-1.4266422321152998,-1.6392254313762145,-0.7289757154229534
76745,0.8425838517205314,-1.5106024659840998,-0.7420186933064997,-0.8104354242101551
36585,-1.1302406370553597,0.4565832416564082,-0.6351311872101393,0.09347548323194671
305,1.695977366498825,0.3967336473837156,-0.8427637409801368,0.18072483989468252
4465,0.42257292087097936,-0.9266507737945459,0.06791536304562204,-0.21311964183726445
64465,-1.9498451657365246,1.5164896466810305,-0.1341539196689446,0.42672420968333175
12785,-0.5726476022352104,-2.144680236135608,-0.32641858421275943,1.4920103525099329
16945,-0.8134969610365415,0.3996254513314071,0.5730703512928115,-0.9858362530132758
61945,1.2596026128816837,-0.5183209776156827,0.3848614351121571,-0.43363889451797966
11225,-0.207112373137402,0.049689586227700755,1.8652774811397683,1.008028251166773
69865,0.6754058001940151,0.42940284086459396,-0.5039739593706583,1.2362947724918791
74025,-0.7894090759497131,0.8262590975311024,0.5014256906140513,0.17045241365211833
1465,0.5531844131083765,-0.5131837680619555,1.0089529358974738,0.5761998769775274
42945,-0.9995050053094696,0.5672105727883098,0.8389241456042311,-0.09007170449437839
45905,0.3845091297129785,1.507185668258123,-1.2596247621714187,0.01346877570893281
27625,-2.1232972379402737,0.43510432192786147,-0.5185775899003084,0.6679148282398609
26425,-0.9118355079830156,0.47414764933391085,0.3528519740352213,0.12577846992482952
71025,-1.149483156907113,-0.8672879176996554,-0.2554568962044822,-0.18983333177567052
46065,-0.5465010551765167,0.2431128694050212,1.2003760587548395,-0.6602142187713929
38905,0.24841363335055744,1.2097631852109991,1.4617852820794441,0.8029971340258923
14985,1.6607145767589773,-0.563181561902016,-0.22212256619607484,0.4878345416781625
2625,-0.09805211235408115,0.1847337040646941,-0.5018391504286381,0.4514986048735883
65705,0.2573842971452354,-1.0896522353700715,0.0561358133034789,0.32228589141127656
23545,0.3920803123336295,1.4414618306975058,-0.2589697080747099,0.502953282187986
38305,0.3916249823657783,0.25313024979499904,0.7720020714217979,-2.625464589666666
15105,-1.60207168505127,0.47092404499723645,-0.6132401518730031,0.21918193337901162
75185,-1.3016735073610033,-0.7665065600051867,-0.0797456417603032,0.4351317142192383
23425,-0.31021644925884573,-1.135046750590486,0.14639045767990763,0.2918682194069496
11265,0.6693566033124825,0.79104294402283,0.8413881636288325,0.17397241201118388
47225,-0.5647043630227924,-0.7159351382908644,-1.3308130717107574,1.1680880447525475
72185,0.6385692925611545,1.1032065325527445,-1.2992646248466468,0.2644413054218931
76345,-0.8025466599059458,0.8327870718694633,-0.6584822969631859,0.20217492219888886
59905,-0.4385381789287626,-0.9423646648185887,0.20359533596856808,1.2187648854160817
60425,-0.7369780694036288,-0.4058043518086632,-0.4293383237272758,0.5498631112929458
3785,-0.1474617189729193,-0.7188376443888368,-0.6561252099830635,0.5829613848132456
7945,1.7078689561485487,-0.29705444912070267,-0.939232397677588,-1.257011782208799
12105,-0.3140774336480602,0.2680345545738599,1.2152786874308625,0.44719870846816645
56705,0.104981870523292,-0.591361725084291,-0.050738601832289114,-0.01257105424725074
68625,-0.9704392905792555,-2.8779727591139115,-0.018285202525374546,-2.452287952200142
60865,1.4879681317897568,-0.15105449354861877,0.3072034179214603,1.3426258624157683
69185,-1.185220196580734,-0.32153239956995733,-1.1700806810365685,-0.2690809175740603
8025,-0.7873012940762923,0.7721309927024287,0.4646937851783848,1.1998976482896564
73345,-1.3851178772745267,0.8907172445149171,0.5693046968895749,0.8942493534458946
46105,0.48178874487378254,-0.37033884457586624,-0.440227958970342,0.07147139316277512
785,-0.5391771677988783,-0.8937750251224313,0.34663322142130165,0.18844475877384056
4945,0.16507182117190117,-0.6048689928214395,0.2255497195583186,-1.464620239865794
44065,-0.19585863457225192,0.516181718980711,-0.9512758915153556,0.48711127458277464
17425,-1.3006993084667757,0.41630444525676097,0.43309041807865667,-0.46404782098713265
27585,1.4774502538423986,-0.02530559968616451,1.0191130635104784,-0.3228255337676008
53425,0.3142172447925524,-1.311365698416023,-0.3675422303276753,1.0995174114162487
25745,-1.2064614017509718,0.8316013234956351,-0.6878689317895547,-1.7317383627845024
1065,-0.6507810894690667,0.5864939260478742,-0.9076759457386995,0.32765282190637623
70345,-1.0087251328963447,-1.477715593014582,0.9513137738293702,-0.24289000199582092
36505,0.05467271635543795,-0.48376101074604255,0.38909977598015266,0.3065490351939603
38225,1.044008860758317,1.1486715968796488,1.4967141882247526,-0.00041719627106043787
74945,0.6827658815134771,-0.4653281712622556,-0.262151815837032,-0.03345246281780964
39985,-1.4018675771924711,-1.34837850179098,0.5528221842672458,-0.8736348900721472
54945,0.9706613856407299,-0.086191116837033,-0.6192667498878671,0.5159050239100306
10265,0.6150226398789552,0.784306719739852,-0.24204241219866987,-1.380100165414214
73385,-0.4454546682120446,1.6863086104472091,-0.08740148371427288,-0.8019378443902127
47625,1.0613671301485466,-0.6340530924588375,-0.5281536078337614,1.0697337226728059
59025,-0.17489228567971396,-0.15476851768289657,0.5502504858749293,0.3303259197336912
17465,-1.839786515110352,-0.24195422645476733,0.07035801235936238,-1.211962618528428
63865,-1.7402565733426725,1.411881905706328,0.2647946338579981,0.595105346702744
67345,-0.49444909033465184,-0.19522900676601884,-0.12374204537619529,1.9667158510626088
71505,0.8644398539155688,-1.3030623002669737,-0.28264216553063026,-0.6572574194142327
35225,0.22269538616310391,0.7863096742728979,0.5323063729435086,-0.854985206074341
15425,-2.12379846191099,-0.41475338616726787,0.1471171826947131,0.26339670839426477
12705,-0.4842109137444828,0.03396229457633312,0.16261781421186983,0.969457315434814
11985,1.180475817230071,0.7715747942180345,0.013195753560025511,1.0283657036822158
60785,0.4903934296196768,0.9317186832443363,0.43211058538334596,1.4644133369076926
47705,-0.2555738419294156,0.32019518182090506,-1.7985458878741534,0.9660972485132373
52065,0.4690758561494005,0.8127563494674757,-1.4309716250112132,0.12309172561827851
32945,0.20091135418163317,-0.7589444671014088,0.18759646643557004,-0.7308942347665427
3145,-0.745351326384823,1.9325013928212167,0.3671210637513973,1.2352395577514255
15585,0.24729314929688334,0.9368491083813894,0.22840066439971796,0.9998287575143576
19745,0.19415385693357323,0.16164128697299054,0.3528191239344638,0.8175879243952667
64345,0.8059532319162472,0.46255465742158736,-0.4502159636791847,-0.33711942784012594
23905,-0.6675618054479878,1.9752942071408623,0.5488053225844776,-0.428367723331878
68505,1.0658341345911209,0.23290829984577008,-2.365028552372865,-0.23055818552655455
72785,0.31792707271703313,1.2329715941564703,1.504480290762183,-0.36022257196302626
76825,0.45496178772129464,-0.6978040692379253,0.08691834631529255,-1.2468275097771602
36385,-1.7681831653496862,-1.973169615429983,1.813743614461308,-0.483731227979789
185,0.6008313168689693,0.2384460837101346,0.2564290273981171,0.47369602274832684
70745,0.049100216285006236,-1.1987988848016504,-0.19244891557142596,-0.7323080842582755
48865,0.5594006496118732,1.206146377502214,0.563884689194541,-0.22790819427869716
53025,0.45824293857034015,0.47850103955435264,0.6392040316082328,0.9015956166802734
34105,-1.5936943100582948,1.5101109157921195,0.6177259255740676,-1.073484989136554
16265,0.17730781287107655,-1.0979563029252593,-0.8852092797630453,-0.06386367553730152
37985,0.12608454833257512,-0.11577306174779281,-1.0304801090309885,0.6301927692737707
34705,0.5006887878770846,0.45363241198554954,-0.35057447900948724,0.42192270144421007
34465,0.15598428975153547,0.4832039923273567,-0.842489819931403,0.6780492105531399
69665,0.9519423061770894,1.65697834795703,-1.8018443951039826,-0.43233468760274946
45585,-0.4339264586471374,0.3478034455990492,-0.07561120398102404,-0.08369481456081886
5225,1.6805783586422152,-0.3847523623125405,0.33991898912835605,-1.2128511659382086
41705,-0.3276281834619851,-0.5513616397556944,0.22639662020143725,0.6653708444509151
48385,1.377670151769829,1.7010388715684863,0.39143046156246225,0.4799982466621463
45865,-0.5306845281254658,-0.6533221485503049,0.3754043144681271,-1.0967976110986188
9585,-0.30585675203992135,-0.13485573396749997,0.7134029329109051,1.5128370160621454
54385,1.0205880171500277,0.13074157581238097,0.0413374769831793,-0.34239901769501296
17905,-0.589177975743036,-0.3217199305618782,-1.359147900728782,-0.6041641750493678
62505,-0.3328626379330741,-1.5025612670163304,1.9877235311445753,-0.03961794379476499
28065,0.7915368207672888,0.07176241903420959,0.833780298314696,-0.5526494133538185
9065,-0.3806462564352645,0.24789318061597837,0.6924840915559298,0.5233236140353206
62585,-1.3780082848879345,0.6427150290094641,0.3957718944907302,0.6890412143349611
34545,0.470019222864113,0.722758429044299,0.21637173007089455,-0.9999746462386935
47785,-0.2580222431557901,0.405939168345521,-0.12913155695350234,0.06054077741599491
38705,0.5626575463994599,0.9978727123581699,-1.5143914551849873,-2.270929954547576
43025,1.8124245068598968,-0.33446337936686565,-0.5246156060391528,0.7577286194913703
70785,1.4527941371557136,0.7353999356116101,1.632945987415314,0.9816160133985734
51185,-0.6108851821185395,0.3141831866589223,0.9532554283506841,1.4604046738550032
59585,-1.0985528501775443,-1.2464756224670062,-1.0183693596230996,-1.1131985348772233
7305,0.008545896343990653,0.541241692897675,0.3862741663813897,0.2881944201477278
27385,-1.4986655636391313,-1.2317937859348913,0.701520591925984,1.3800668663417635
70385,0.934344683281968,0.688967562131546,-0.6328064007580879,0.5394442313403317
31545,-0.609759202898941,-1.0655258996046402,-0.3836132924628572,0.5783254797155556
76145,0.0005222329710831394,-2.3438113994597805,-0.4066579691532056,0.496298181235419
46225,0.8887273704461005,-0.5783086644817858,0.5255980028490732,0.5765358126236332
3585,0.1150851844170977,0.5901958022963301,1.8291179866637954,-2.1821775980809384
48185,0.1759522598633324,0.20467697390450135,0.666879868847241,0.4234554013504871
64025,0.5588008111645807,1.1487933550807046,-0.4418433032208912,-0.05120853343272544
64665,-1.1505356077467603,1.2301139972240183,0.2514957161246104,-1.2029825437377295
16065,-0.32092564056571904,-0.06201168481754813,0.6366428419465069,-0.767012454142762
20225,-0.7196458982042592,0.013215314831939377,0.8143282237708432,0.04706856315688188
24385,1.306279998247214,-0.11548370467716125,-0.44801700116322746,-0.8794186540611145
68985,-0.8215697413544687,1.504775207444975,-1.9557315908619055,-1.2616546652915126
28545,-0.29366237578750864,0.5760498806813498,-0.35880785333644766,1.5372719291272978
42145,-0.4702390307312772,-0.9109014959262698,-1.1056654175829337,-0.32736779714450753
77305,-0.27551212352731436,0.25156363808224175,-0.8801563473253464,0.04899155266050933
36865,-0.8434547171758634,0.0726154817746315,-0.257883471032635,-0.030618812823109638
41025,0.5188766514111857,-0.21379778299535207,-0.05894346831687684,0.4537735756765024
27505,-0.3666573901055874,0.245257767364377,2.089943430332687,-0.21510248245694547
19625,0.6157606600276758,-0.959277320673911,0.6567820819308292,-1.7157232817479304
49345,-0.42998362625009345,-0.043851814038076684,1.2813473372938269,-1.081076876737047
27545,-1.4574895855991152,-0.13234021269909363,-1.2147198962743744,0.38765280141018255
53505,1.7098875616148068,-0.20022188204107133,0.5692689483856059,1.0623993155192417
17225,0.3977211647402179,0.7038224668728841,-0.11865568549403861,-0.07910380376766665
61825,-0.23155005143282903,-0.2687080078596719,-1.5795156987257093,0.17905106402026486
48305,-0.36244014599620045,-0.23868932788098124,0.054750093746476956,0.6908051393272379
29705,-0.2745031053155339,-0.8593380788229298,-1.3657183567011155,-0.5142191326347105
18025,-0.546558086795851,0.6520685254042217,-0.00893429762846407,0.5029721926306352
33865,0.19855894234122642,1.690869864684753,1.4229817720621831,-0.06479757911496178
47305,-1.0741232062488264,0.615331412935789,0.5073195832017771,1.2009351932876593
76985,0.40816271542976323,-1.4480737245192938,-0.47217223085726356,-0.15141210582508133
1745,-0.23355028943179376,0.22631293623224308,-0.30210594978273914,0.31670972133673114
5905,1.0911161960976172,-0.37743881451871586,-1.7031067950856882,-0.10514311581884964
10065,-1.2603551709143286,-0.4101513811730681,-0.7894483766750632,-0.21627325837237685
54665,-0.2000400794744652,-0.7332599333676432,0.9198355719201764,1.9509864655028537
23745,1.5738762640106791,-0.6001830374668747,-0.5878891385794421,0.906752637229471
40625,-1.0442721535110537,0.16292140177680015,1.3871261981091443,-0.3511046949509004
26705,0.2649052755336486,-1.1219837510101502,0.13092888875229775,0.7767650311611136
10785,0.19261049233894698,0.09667654574950564,-0.79622181500608,2.0833986027061533
35865,0.600254228961175,-0.27900056654464284,-1.5684435772490724,0.23154620279269597
42185,0.502061056559188,-1.4594809310777246,-0.5279520353202432,-0.6753059742212714
75465,-1.0681057810244203,-0.2549815907735851,0.5415691373502125,0.6314543564423053
47505,-0.19648087592837826,-0.6676364497175266,-1.226564768590523,-0.968974363141779
19665,0.5749223592499544,-0.8752038983344728,-0.3261763198592789,1.718508840977298
51665,-0.9090282661906081,0.936176873729218,-1.1372300770367423,1.5701325522129042
15385,2.07873108212804,0.47624012139254757,-1.66730829535627,0.11488887819624727
13425,-1.345511224575346,-0.41443751170267973,-1.2626082426976177,-0.02215853002910607
66425,0.6743671442768542,-1.414480675734043,0.07676739338967524,-0.9605083086640215
23705,-2.095816154991827,1.2831768996925585,1.4189148106498422,-0.6652028100202246
68825,-0.08010944781841117,1.662532068974016,-0.5157633272656141,1.5139761678515486
27865,-1.734081005723345,0.9644126071401296,0.6409682601645801,0.3357779430748806
36185,-0.1772884072219674,0.2587754001646007,0.4781132309996171,-0.1640180662353366
22025,-1.5960861255881045,-2.105840007885703,1.3322029930001662,0.9367951149210969
77025,-0.8471247396316927,-0.3165804614918922,-0.8931374998820225,1.5692078880146492
4065,-0.396662299220458,-0.7903069375876285,0.9932843650836192,1.3393045275982043
48665,-0.43848051692172346,0.9510864384743991,-0.8476189191335329,-0.12470711039129367
52825,-0.3733816453782205,-2.230252699484618,1.3593940583138593,2.207068816064394
9425,-1.623998140460386,0.2675133411845599,3.170927093326783,0.9426369789656553
56985,-0.4043820031699982,-1.1349045984287425,1.0839438954877991,0.4832099469417861
44265,-0.16201810737806718,0.15048510228066764,0.12191988383480508,0.5916110680102559
20705,0.366410610564369,0.3396898291112273,0.2878567805266164,-0.38995977102239726
24865,-0.26123568659310165,0.47666082489885225,-1.1133791004740454,-1.6247258475292885
73625,-0.8852954114888489,1.3308640116748092,-0.3540427759603142,-0.17774612426060382
21745,1.2081826546854288,-1.9170746767363267,0.2943325572721914,-0.8560851616919365
37345,-1.3658706574921773,-0.4055201992582994,-0.21273382956386203,-0.4596791498919826
41505,-0.3397903549414646,0.7620390903405101,-0.08850770252301596,0.6401695156513586
49705,-1.0067749912916613,-1.1162324495207934,1.8221774887889182,-0.8735286656397101
50425,1.3379654456025791,-0.30413972898364205,1.3046255773352848,0.691074562208209
13545,-0.4248649994133943,0.19076771338655535,-0.34083233350928877,-0.4606626993119577
58145,-0.2529693167201668,0.8070933168902259,-0.5659255181881784,0.7200616315177241
75705,0.3533229634327339,-0.8521042632691718,-0.9031537734168001,-0.5089576281645692
68865,-1.44796578047078,0.042402651513969006,-0.5309160191412147,0.8392242319027743
70625,0.5847718481089037,-0.5134116024839426,0.06565618072541578,-0.07880754531152594
17825,0.02000692050958779,-1.1122826184012706,1.1703642941403287,-1.34659035174952
74785,-0.7239476656207502,-3.203326721252829,-1.0306188674311003,2.1082911088084026
64385,-1.4523277026195978,-0.6866748695596127,-0.09188098724797676,-1.9043222048377362
15625,-1.210070967742136,-0.3176649661878986,1.7835554348017106,-1.0947684897993852
46825,0.4951017201527014,-0.34326384658749753,-0.10425787795124807,2.0835326682848945
15025,0.7642997708789856,0.0029848065164768357,0.3417842736544737,-0.5974861034800265
50985,1.5778789322197866,-1.1126868193593553,-0.4503843324054728,-0.7590723866070762
13065,1.454021182562328,-1.1792029445211079,0.025074287360156745,1.2716250597264604
14705,-0.4368712038862766,-1.0067317349869516,0.16124264932156113,0.39059408303885734
23825,-0.4052032614743774,0.25350846534757326,0.9695022768334738,1.776127694810084
63465,-1.1748709067774594,-1.0605588320371349,0.03507895757974398,-0.54312077787223
27185,0.6334585299967419,1.133538299939509,-0.8171744838192564,-0.9061213876964707
12505,2.780696425649629,0.11084265159784021,-1.0997497432320364,-1.4934011807758871
745,-0.4128273739546348,0.5050938638896292,-0.7929123796808681,0.5899363794846976
21785,1.1565445706827495,0.11394705423248296,-0.9786520800734714,0.6874186376207573
43825,1.5654387708486377,-0.27219664408460903,0.5611510928275668,-1.0886534010816507
7545,0.6619968226173755,1.6704338298064916,-0.7749852335787523,-0.05367304741511764
50465,0.2855829450569864,-2.072024157354883,-0.5889745700877118,0.8473947250825498
15865,0.1179462050811916,-1.6838910301348846,-0.40316881411134137,-0.2726688726628515
73145,-1.375690579987927,-1.2798664799461172,0.9987779728484757,0.047433687485849495
20025,1.1897234197282633,0.5662713821085306,0.8871085705161287,0.14123474259319313
4905,-0.28268151708467165,-0.5560940519983036,0.6049351948113153,0.6709155964015908
73265,0.5798399113518036,-0.01801886966893493,0.1332033742557768,1.3548309419801228
48425,1.7512206991760961,0.26722274567633775,0.4234088682936301,-1.0228967462374097
32505,1.1675319363601284,-0.5088182325435235,0.11911276718012935,0.38848843021138324
77105,-0.2530173358277085,-1.463084015841494,0.18027445850781568,1.5909596996696895
385,0.3704882256599609,-0.15294788449454533,0.1611469089315132,0.761895302998939
66865,-0.7796494170906485,0.5739987389498686,0.7620102372905072,-0.5725093835912346
37025,0.007660047892486013,1.054453798849924,-0.12242404401758611,-1.5702024023191918
49145,-0.008968102874901625,-0.6742400781896751,1.037490783610091,0.616330883286538
55465,0.19422059382852425,0.7898681601021293,-1.6766528434244186,-0.7837682687941426
53305,-1.0714546087316152,0.32516661626249077,-1.1597884976846176,0.21876563239652239
12865,1.6417149766244128,-0.05151221175272631,0.35866826803390733,0.9359556588132815
52105,1.2529086456694296,0.9005029544288251,-2.5158507691705516,0.9498583891428324
17025,0.22185536692793575,-0.6058328384836233,0.9301678373078597,0.3301005910854807
3385,0.4388828033428086,0.8994559713661773,-0.07837951138615326,1.2554457897873894
21185,2.198546689792031,1.1134156516015552,-0.9975458329154662,-0.873386614888878
69945,1.1355146880101825,1.0403994389860225,0.892206672327428,-0.4450677366255979
34585,1.6120883338204512,-0.297100496077822,0.5094484124589815,1.1021319756332308
74105,-1.1251055223196924,-1.2839564985145764,-0.46572796225926477,-0.7814159474950967
33665,-0.3399030616591884,-1.5884481040387495,-0.1495427995655826,-0.8082843310524311
52545,0.6135144939080627,1.1062498261166926,-0.863264491731523,-0.8727806942562858
41985,0.4079974418316419,1.4948812912765066,-1.6112075179686316,1.0698899279119598
46145,-0.11604249608787234,-0.8290364679588352,-0.47927823809358344,0.07607195677267528
51425,-0.6346561315832732,-0.03052923602392493,-0.8246754212877707,-0.788377319559856
50305,0.3034071412443372,0.14199300690277966,-0.6151234653610834,0.22982658043865042
40265,0.6136819442712077,0.7823247761875268,0.34411660151503676,-0.23797476811601867
14025,-0.45692732988011114,-0.7239537725412483,-1.1807904270190839,-1.6103173487459497
58625,-1.1150455542621098,-1.166428335018026,-0.4066038442405591,-0.10374768960074761
22345,0.06653371309617327,0.6800945813631722,0.3276909028257212,0.952059518188671
27985,0.1673613330213014,-0.04036063570407819,-0.29266749420366245,0.4250800261237218
30665,0.12193961920866112,-0.06984231530017128,-1.3184741722544733,1.6503536926078486
34825,0.6726910015633818,0.7528401833890165,-0.613582511553552,-0.051690374959112315
7865,1.0018464071490631,-1.1910394080886522,0.4412868083541836,-1.1302256531604458
21865,2.058949422881983,-0.22408852996133333,-0.4468418782030503,1.7967792264331255
35385,0.025529203433407373,-0.27785049139545276,-0.23831700477014992,1.806477115304221
2705,0.9895501219031018,-1.9610192652606697,0.07065908012279873,0.9167217048938505
66905,0.05251732363541182,-1.1069070820130331,-0.18886584579786475,0.8082944892913337
6865,0.38551239136017695,-0.365604271463315,-1.5654643402615063,1.9174520227333889
15185,-0.28986309086083334,0.015340163483007459,0.19445657579664904,-1.2192282668368997
49585,0.7575928218997218,-0.6667541070131211,0.03982855719297604,-2.0336785142491083
75105,1.2624095765210313,-0.6126196567471032,0.1279806745116191,-0.3493530017483078
63945,0.3644925294833418,-0.15005590342693093,-0.5975305245785955,1.6893842992173833
3185,0.15744950010764042,-1.2157140255133247,-0.6657343880288861,1.0837690809961342
31825,-0.1334042638023286,0.6500519262385526,-0.24816623721408929,0.19539681119685431
50065,2.698132645437661,0.7840344743166173,-1.3552353932683203,1.2145411188933668
35985,-0.14699647565282647,0.5100712771434214,0.15587851163174993,0.773329340324157
62825,0.8504845000275154,-0.7240962089587645,-0.8897206529401552,0.8856375640431122
53665,0.9544005475722476,-1.1252887661974222,-0.9555147159185052,0.4323042200921457
7265,0.8366042855669117,-1.3498839328640588,-0.2858746946641998,2.0628264821169133
44305,0.05816947019404628,-2.0277520246496645,-0.4022494962086963,-0.7811642451245394
48465,-0.7083909922805088,1.2015077853620364,-0.45000536413405456,0.20630431167771707
52625,-0.3950691693125321,-0.3894784739318257,-0.20678264092565216,0.48114234465793154
50545,0.23452255504280772,0.8535123366229082,-0.13352567362916845,-1.616968104470183
20505,0.21345793088041867,0.20139695215266146,0.11177496171293987,-2.081786848907024
24665,0.7965792495737422,-0.9397151015780486,1.3149171466897565,-0.03584778248787616
8425,-0.24013121087953573,0.08356254432483888,1.9728328833555866,0.10089883849575591
69265,2.144093732189441,-0.12869218372079272,0.5224398280005033,-0.21344419499852413
48505,-0.8539030505668812,-0.6056785967995705,0.9592378096555232,0.2878586979580204
73425,-1.3319900770677484,0.31242441504065,0.4651636357806317,1.5898966955668323
29865,1.2722715306361578,-1.0127735724239204,-0.5338334982038583,0.010265881526559629
1905,0.6374226850229889,-1.5400843474124006,-0.9930928009494947,0.16643293308241813
41305,-1.3998597614470152,-1.4715468073008098,0.014528976108765832,-0.14506448859486648
66745,1.0501612370266329,-0.4588608842666361,1.0442293618988874,-0.21257960923604713
46465,0.04062076124772884,0.8028601380698946,2.1303750577987697,1.2318455346822865
49625,1.368975010559862,0.3159395243277337,0.31500436259610676,-0.11766452251040288
9185,-0.5957568763184783,-2.3985745818224053,1.2922859007632308,0.8056749715933611
43585,-0.9650261063618502,1.3422907557403283,1.329731284376838,0.1163211833696934
44425,0.9981891166600516,2.429065927021948,-0.3481024010384712,0.7431938708212735
6065,0.47531410470804986,-0.6353306166294495,2.2386698308799042,0.3113863893527255
29985,0.9811128347152012,-1.059690752782056,0.11873661812601287,-1.256363919397117
74585,1.1204071651175784,0.7533427104354676,2.2458609477226608,0.3949308547149639
34145,1.6113616022751143,-1.1245228553909996,-1.9258216208454455,1.6371293097894408
21905,-0.2447003001676054,0.2526824591888575,-0.34940025239580963,0.47997603925239984
42465,1.0006355061290548,0.04585347472314205,-0.45160247133011233,0.41931740668427325
66145,-0.9019944977997235,-0.8298693196494981,0.0418346222462915,-0.5174921482756741
6185,-0.01718395057911326,0.42083673035766034,1.6769794851685025,0.49495744077142734
10345,0.47023159099010614,1.3883418116205561,-1.515793986361616,-0.1440773620587569
14505,0.8471535782612233,-1.5197385999538175,0.9474522143717299,-0.4605806523614462
3505,-0.034285915579757555,-0.2314284681838907,-1.5391876146212522,0.07224790148489428
51865,0.20437460856527623,-0.6309336012863023,-0.18196645979369766,-0.7915860278405205
63265,-0.7264228153602171,0.942687954818655,-0.5853685408806325,-1.1028091222005263
7465,-0.3443279979516785,1.4107642962086666,0.39272606015595674,0.8380599356877023
67425,0.5124405613377291,1.6378705710477501,-0.17211604448723383,0.04674645101007646
58785,0.8211432168269222,-1.5911293656085097,1.0851677133751116,0.926814293097367
70305,0.28845269816239866,-0.4848039311674206,-0.04186952780518768,0.7229938135596162
35305,0.6018130584030479,-0.22654571195078974,-1.6367005092803468,-0.0768281734062278
55145,-0.997581747257363,-0.13414408101375844,-1.4581280577064877,-0.8138178752225614
39465,-0.39430702562982306,-1.9867970432247344,0.7689955957445916,-0.6796299065655165
57585,-0.21107989053435766,0.950590431082567,-0.1405325849533787,-0.07185933163865976
66985,-1.904243155904907,-0.2513177107923303,-0.6748898899670033,1.3074927576799917
46345,0.8399434606315536,1.0996036279705639,-0.7694129394776527,-0.8069375852087827
51945,1.3731043873667275,-0.9525496350048035,-0.8585507808363442,2.6503556724123487
56105,0.500414726282855,1.5637427108681083,-0.36967897234376573,0.599679567172347
59785,0.8361680404975826,0.15372152891422758,-0.03961811198759165,2.0337672991549076
19825,0.22323476593056546,-0.1771617363953757,0.217333382039221,-0.9131865413447059
23985,0.29994991819385103,-0.2785685119521182,-1.6065340840095057,-1.364110724996514
68585,-0.874036863239114,0.8252321981519174,2.034528822851009,-1.168849557413097
32305,1.2436089833569917,-0.001839096671743611,0.31251120472083577,-0.38881863726391214
36425,0.4681754306766749,-0.9466164992344276,0.725142014416975,0.976630320940133
36985,-0.20494125229519827,0.46968291889465946,0.7934899016662136,0.8770508346613716
42425,-0.25019455304836263,-0.5917353874770183,-0.36480931730793226,0.8208329355039358
12665,-0.3049741666560291,-0.06497927749600632,-0.11124241666764755,0.5018482600224213
71105,-0.14557826793439582,0.7235208533510913,-0.44370931821940895,0.31380199327923347
20985,-1.281326473802921,1.3987503885370405,0.9879250223030623,-1.8544065848900566
22705,1.7175994405695796,-1.011469866724883,-0.7796065129992094,1.802205491803916
25145,-0.4125394844459915,0.2806655680400747,-0.373059872499379,0.7738530072393395
41145,-1.1202982783697484,0.42100982403515186,-1.1897822292018783,0.7798889656011522
45985,0.07267085587442557,-1.9083689255987322,-0.26682962254673226,-2.0971283791604827
33465,1.042507350886269,1.1981885722500154,-0.42721489508026733,-0.2536799998484589
45945,-1.9466587660950427,-0.23417384041526518,-0.6541120934864032,-0.20724503701126706
5505,-0.08269919029551925,0.8010452880820575,1.688860137148364,-1.4906181008056765
56785,-0.6727134815191966,0.038432380318852544,-0.35794774764476134,-0.8499087391405978
9665,-0.3041848719737635,-0.11108028805918639,-0.8385296626060437,1.2861300521407921
54265,-0.008722663155255503,0.3719238512402976,-0.005355541683370703,0.6062055265322854
13825,-0.41005028101864427,0.739001871832726,1.0552203919250382,0.6355397445043803
58425,-0.0045867685070309725,-0.5333670268708244,0.47230232894191554,-1.11692037736423
14585,-0.7921769856414863,-0.5145559929169039,0.32739327467741614,-0.5841540014408203
44505,-0.576390471595134,0.6737223095816162,0.5738055834283201,-0.1732935278661872
26305,0.6748567911123867,2.477113963409778,-1.3915772251154417,1.2681517512476068
70905,0.43981407595935484,1.040835060231404,-0.07849892391271841,1.175221523848052
12585,0.06476058609594404,-1.1818544413132592,0.03677260016453187,-0.22448513273309234
73185,-2.2173738339847064,-0.025665854631800926,0.7124134578199682,0.23399903243956263
2505,-0.04209158818484306,1.0009070886821214,-0.20571742405266125,0.06533155993698622
29945,-0.25537453743864613,-0.155911071210399,0.8404883425389578,-0.10195121746894377
47105,0.10982021948738226,0.24090922634547327,0.5542195494204136,0.07711807875516068
10825,-0.7474565601454353,0.326113590429531,-1.6108513919255676,-0.5314865953340431
59985,0.3582349986087635,-0.5292005635941277,0.48980810677670933,-1.8880599489675658
55425,-1.9794683576885137,0.03472765003038766,-0.1712944021332912,1.2628869390549733
19945,-0.4861980840799115,-0.12142476890694924,-0.5728194399026559,-0.11523365473682066
63145,-0.13294488069758215,-0.4715115807347516,1.0296164052406607,1.2149411262783516
27465,0.7216135197070176,-0.7578560567608373,-0.25917870243866203,0.6438472578163131
72065,1.5743930806556778,-1.8963359874810621,1.3834034385753082,2.158262130683444
48625,0.9964786686175223,-1.0587835349359735,0.27326621376335225,-1.1909046867611603
76225,0.8438366224904599,0.09301026604307748,1.207589721651725,-0.38300728994458666
3665,-0.2693447575037292,-0.417092931755028,-0.9752640448487109,-0.4165426830506503
43945,1.52650292735211,-1.9343570519742606,-0.9222342266933752,0.3885027487764864
7825,-0.12376007437531593,1.7943719555771511,0.7561834568982868,1.2336473504019005
36345,-0.251289701207361,0.05164955456178241,0.020868256568150084,-0.3512906994974724
20905,-1.1647216688931477,-0.7881573124161196,-0.10218717827863272,0.8028627869874368
39345,0.23591996135532653,-1.0888394633811331,-1.1412016570793506,-1.2208316787583493
57785,1.4844675591026368,-1.0952884098537055,-0.8044049875349306,0.7860162830325641
11385,-0.36735578872892255,-0.43447189259577174,0.5524561342215534,-0.08494002774804231
54785,-0.44534508756494273,-1.3559753818498839,1.3252413468501838,0.5834833330516622
69065,-1.2850240676186604,-3.3261687068898893,-0.5608464572924967,0.1440026153051633
27305,-0.14707365431738445,-0.4757679040030472,0.8752159666823454,-0.0443037822858344
27905,-1.0081936633631812,0.3324042463206812,-0.4616289328726414,1.3380468737659046
48265,-0.6693104800967988,-0.09993968770499952,-0.8344785906855607,1.1510887802542078
1545,-0.2931394362049776,0.2216836909283879,-0.370796263961382,0.3695252303208594
49425,-0.6024600670028548,-1.028016096309657,0.5957134119500067,1.3347889432568438
15545,0.9196876215472238,-0.8225221441348123,-1.2537829246351306,0.04733366037136754
13145,1.4802568809876377,-1.3627629464761173,-0.11760283460501103,-1.497417988488009
40465,-0.839744097926076,-0.7951608743990763,0.028783187858231578,1.248841550815902
61905,-1.354851154697298,0.04817879677464775,1.3322320879332168,2.035635919163519
25625,1.358607974566245,0.46189808102079055,-1.3266696849795465,-0.2665955968372401
52425,1.0621255426969771,-1.6624168940399864,-0.14853463712251086,-0.3144452350828588
16985,-1.4238671888922116,-0.06759468736863361,-1.9919411774473808,-1.3602030372218987
74385,0.6030418661292004,-0.36814511227890534,-0.461273804767215,0.7264638985791011
17945,-0.6838785910366788,-1.3264478864829885,-0.5081488710790959,0.40563292963798286
38105,1.0836685337882774,-0.19818806404643488,-0.5078816718990027,-2.747684338651742
54905,0.3676011303176885,-0.4079228472336387,0.08387612329932809,0.3402922531399065
1825,0.4858682196812258,0.8397941953735776,0.3642810222834543,-0.07586972118107659
61425,-1.4525110527847493,0.1545903667285985,0.5283047500689179,-0.03047215144580918
5985,1.2768730578880743,1.035415057749118,-0.16161251891293238,-0.11244092747964192
50585,0.07825883033200931,-0.3161875098580282,0.5315428215202425,0.5380753308370136
15905,-0.19671489960885788,0.7126642476125267,-1.339293735218415,0.5927525126335202
54745,-0.20181170845792196,0.26550342442642705,-0.2656095466557297,0.7886172462310677
58905,0.06681527413305739,0.8551554081407268,0.7477094585709981,1.1926809670565983
63065,-0.034811927231033324,-0.3553490290204192,1.179600681817395,-0.14537072032259
11185,-0.3026692371311764,-0.8896872634753792,0.9991073412379567,-0.5602297244122256
70265,1.1538814384194311,1.0413921796578551,-0.5141323311209061,-0.4320857869183397
65065,0.6459704329669859,-0.14919671135126783,-2.0965816326562727,0.377945866513974
30945,1.3536148919072684,1.5776214256174996,0.3373107424488385,-1.2024359049403615
75545,-1.6479025209531328,0.22495666708131745,0.3293854783278122,0.3186407324387432
42305,0.669014813924863,-0.13410300929432015,2.149635238824304,-0.9863630950680815
52785,-2.303161181928151,0.19009444296304145,-0.19787100238368244,-0.019225963374398563
37545,-0.04412782864106398,2.315707916520268,-0.07071107826118707,-0.16271195439905323
7145,0.6963483905507588,1.1397800288124567,0.8345263637455128,0.551450494861113
55985,0.09001221133330083,1.3847712009798592,-0.13348245619484422,-0.06250053489703093
11305,-0.25195920346771994,-0.21017680454098359,0.5989636761565332,-0.5765640598637258
74425,-0.4717405823458392,-0.02689648830657083,-0.14012510879554857,0.33549672524713536
56585,-0.252919263286057,-0.6254228563164766,-1.1427541593126,-1.33309788853579
9785,-0.34684517684528166,-1.4122820229274724,-0.621792518145623,-0.16385488820984367
23785,1.0666742977922223,1.4127955378918335,0.6625266758350619,-0.011622740769084577
68385,-0.8215801018164429,-0.179344934247653,0.048935644838492,0.8008790543972579
52665,0.6422106374117263,0.8313447356930665,1.113700885700237,-0.7159336716002194
58945,0.27424886961153006,0.8387116237650264,0.6764625245379188,2.0693148763477898
40425,-0.1704264759845934,0.09596300740194842,-1.380359420480313,-1.448860697751316
32185,0.014881337867094844,1.3480404571851965,0.771622852566697,0.5723330775715253
35425,0.018772370802960056,0.9871320127185467,-0.20774941083352033,-0.6928265132099185
46665,-0.8016007037611826,-0.5543233861310138,1.4818228088461816,2.03285734411576
46625,0.35091914411406394,-1.015231995774263,-1.0161102686319408,0.6434502180069104
16625,-1.4401079861561112,1.3906093556061192,1.83347340467722,-0.4026492079428429
73825,0.976255517638399,-0.0668898921149913,1.0682213393792503,0.043190121182384085
61225,-0.6152429292251989,-0.23900874899998528,-1.074000147953223,1.370405954096249
65385,-2.122575820844175,1.9008847392086057,-0.7392368250115853,-0.0023960128321513334
34385,-0.42482447624018194,-1.2665966323551248,-0.35962236879517306,-0.45271284158200953
73705,-1.6109501305318628,-0.18437440452446752,-0.050878125704265566,0.49357627328800563
51265,-0.5668554116713994,0.48165778945138377,1.164151503932924,-0.3803740955365911
44985,0.44471847731896946,-0.6949679888950573,-1.7467370970444238,-0.07851008407773252
42585,-1.5922764676711294,0.3344293670347026,0.0892352271323289,0.4365867674255529
9465,-0.7949371159616627,-1.3063211864148916,-1.2484298922229773,-0.2412738889255087
54065,-1.3963008124778433,0.11055065735411576,-0.7177910569140072,-0.06898460915592122
17785,-0.6937405218891622,-0.21467928240102843,-0.01095611922109067,-1.4832571035014621
75745,-1.0294634594650032,0.23825434502593076,-0.5172756297350309,1.5087752822962643
61025,-1.1658089205824018,-2.326038973730657,1.8330070608351825,0.06877915719442011
26105,0.04511475552160502,0.8171572124564154,0.08130527235285122,0.20535404082568381
43265,0.57070365419736,0.17154165991492465,-0.5913027584669107,-0.45645577625336037
13585,1.687084044935488,-0.017817608807358068,0.32037063069718924,-0.23075334799947353
35745,-0.21700688365549747,-0.71856540643251,1.0713010179873659,1.1449224613028373
38505,-0.4365667965097298,-0.5496198133829564,-1.2658362477310063,0.5237079108373922
54185,-0.43239634288692536,1.082748874887529,-1.2202640617053075,-0.5465263786715642
42745,0.2295481532413854,2.3125829503807402,0.5800634585376885,-2.0120022843454093
72625,0.980365116981994,1.2372164455807395,-1.3912328455822345,-0.5545632813035716
29225,1.6329215411444,1.3708993938242242,0.027873122747950518,0.850889406521403
56945,-1.5146199514682621,0.5718548487627227,-1.051734233900296,1.1806360337643527
18945,-0.5036797628077873,1.5052695834776126,1.0689619664764736,-1.6746846301759755
23105,-0.6789975696199194,-1.761237513066096,-0.43908951001927665,-0.2580294300555514
43625,-1.2817702681383394,-0.31504746555870244,0.27434288089421754,-0.445293914630546
58345,0.23573928905428718,-0.8650061763824305,0.6490156611640076,0.34773537677319877
3705,-0.05841796213699571,-0.6854962098835223,-0.7406118854946404,1.1020005422489823
31425,0.9156529095075542,-0.3707954335796956,0.40075466240433366,-1.2003492660370656
43905,-0.05474601478102335,-0.24019321781062894,0.06352583233738478,0.47962917490141777
11905,0.20429798795292325,-0.8074639142579205,-0.671984828067491,0.6803631089088139
7625,-0.507999220198735,-0.6954809782416298,-0.222898668233363,-0.920890898249316
71585,1.0349722925689842,-1.2244203077944182,0.6980137597222247,-0.6014486677976033
52225,0.07748298465910013,-0.21500145821740074,-1.025601323483161,-0.642021088620582
15945,-0.04361912042369345,0.916292073541874,1.699028592599937,0.9516646008427848
63425,-0.7341923054698303,-0.7639186649476681,-0.5530737301046653,-0.7797834508816749
71305,-0.13139293830306997,0.01856812995353965,1.1794630352430222,0.7874933705824576
64705,0.3888703073983804,0.010584427624326759,0.3152849552429411,-1.6326210054295665
29785,0.4136404533721465,0.7949651733485222,1.3663144707580526,-0.4519036501331399
32585,-0.22719425060081647,0.37370153443903886,1.1054375760121244,0.003694053193728147
77185,1.4439607902663174,0.6875038163249516,0.8181595673710004,-1.6000206280986646
28305,0.9074967856909508,-0.518570895383332,-1.1633733024379371,-1.8501001226356986
25185,-1.5640906544312483,-0.11502813106793242,0.8137282345081375,0.24693081787056229
45065,-0.10815068575440095,1.153405424084906,-0.17895335333535006,-0.17268293020912967
37145,0.9854248212695734,-0.5568300403555724,-0.7584078251306418,-0.9534095464693433
26265,-0.39183136124285656,0.7566959019654261,-1.6025315908430515,-0.3212824305797867
25425,0.6281936907396435,-0.1780057104464511,0.4374025727462945,0.6825617544259679
70025,-0.306568380573684,0.8545820077247278,1.7810207972385543,-1.5098962493642023
65185,0.14410958051617365,-0.05687880334087247,-0.5914925386364125,-1.2995974950128466
37905,-1.3757683693541567,0.5979028868429601,-0.984526500348277,-1.3646681188115037
42065,0.7706875077706004,-0.679705227730598,-0.7166376494601278,-0.9167559219465011
31345,0.24654932968342563,-0.2883877998572967,0.8174940872537974,-0.23237481700000906
5785,0.7409457103748314,-0.22899117594825347,0.49437008010947897,0.16203880011468189
22185,-1.0522031778968584,1.1179688634255724,0.8964733495123445,-0.9594862221263527
9945,0.5265821049336944,0.9349391414424641,-0.32217258088329803,-1.5223102874590693
14945,-0.9340526095120294,-0.14357686649223328,0.9637137649169952,-0.7808942617386894
54545,-0.044267006444243195,-1.0552624824298316,-0.03900871713505767,-0.3370956800407229
22425,-2.4213514066583848,-0.4244400392267491,0.9316459014266885,-1.192304262378997
61105,1.3042943782378478,0.3715446985010243,0.5320738822676472,-0.3360473667597023
67025,1.344791819641709,1.2883068913867717,-2.448070995943176,-0.222534905465165
47025,-1.320059117877364,1.0991910706006238,-0.020357709371196114,-1.3052622612913318
30745,0.14305232253084918,-0.3004387180102321,-0.06586998405507904,0.844421973120003
42665,-0.8652120324362733,1.5501144705338596,0.45111619047232276,-0.7201270301193905
75345,0.1511703395576636,1.1942402434011536,0.8909317002231764,1.4708451246888938
56265,0.7462999766528823,1.4220464765127558,-1.0821352331286587,-1.4743340788220916
5545,-1.7844238263445082,1.398380172802582,-1.1389146010183577,-0.6568598130107028
28345,-0.8533311096160591,-0.45517738186791334,0.7046367202070546,0.6947459080480596
43225,1.6985845996163138,1.9142828538164887,1.984632799793487,-0.35753463833194693
2785,0.8533462195093017,-0.07508376785339706,1.4610702881711684,0.09333030307597114
51545,0.5557508472415872,0.5909707964415665,0.38593648944602266,0.654001449157979
11105,-0.22514149643644044,-0.37699991231981217,0.4428263475763571,0.12748285613629637
46785,1.754080374811993,-0.9929142552483876,-1.3344433896909291,0.12205861873937499
59865,-0.37463764719297643,0.39513231033267193,0.2732414038604751,1.4491102818702932
19425,-0.8324026688805589,-0.5161117777695342,-0.9815568088069013,0.046407586882819485
23225,1.513977764628523,-1.9339382887180407,1.168962921204692,-1.3549979570660124
23585,0.8527571689690767,0.4535070355593557,0.777169858577647,-1.100773650880577
70945,-0.9866057226871909,0.7405746291844564,-0.9375871425724867,-2.1004384190220073
72345,-1.6602527820687396,-1.6674642844525085,0.8969772729561346,1.3274296418935774
24265,-0.09481381938596468,0.5731921216626306,2.9411764430368597,-0.9425344562993672
36065,-1.6786358445185479,0.5250478208976108,0.505472215275289,0.4346161401114964
40225,-1.5991150085374162,1.619433988891493,1.1291501499445313,0.3663769610189389
665,0.19887690188058768,-0.05705867778725558,0.2481584022384886,-0.025240892549284643
44385,-1.131755253854153,-1.1975994866820217,0.4093279137147688,0.177111352179402
32145,-1.2275234389591467,-0.24335165306744416,-0.5538623453508957,0.5737606895310232
32465,0.5853744923038686,-1.2102688209235437,0.9296024089487132,0.4859448205737215
52705,-0.048785023039998876,-1.0730641630059106,2.9049121393743995,0.5841450697548809
56865,-0.4640895561394497,-1.9272448560378743,-1.028061127447868,-0.8887332084360956
65145,-0.4920146650353156,-0.7592888424814935,0.8318883989280542,-0.4155881195759421
61145,-0.0971083168160414,0.9190492248974043,0.5101536051492948,-1.160890974956379
22625,-0.14530285369666646,-0.010372675303558763,2.3590564284069275,0.504158749646017
41065,1.0627077399451088,0.5026415239990432,-1.983134660981754,-2.626924041183726
33065,-1.015719789117241,-0.6254776170498317,0.1279326184744088,0.4208623578932256
28385,-1.1981270430194138,-0.7283330321093614,0.44579411356302556,1.5673713520694645
45545,0.7376107686875123,-0.33266385095385564,0.6124663036312491,0.9274224068748426
9265,-1.0088228893948576,-0.9800068827721812,0.7195007333990409,0.7334759486921016
54225,0.04782600561925457,-1.0947237531941931,1.1465704083142874,1.05312774271952
26785,-0.672013159249287,-0.6991641402331035,0.6729555246561286,0.9409037227307391
26345,-1.237538481249127,0.5295335083631141,-0.46654163925689573,0.5612368649718605
45225,1.7861210404970322,0.966965694181347,0.2014239249060617,-1.7857192272033935
62185,-0.3691783615845764,0.9743100280751804,-0.37978246070858235,1.22500769796456
30065,-1.4209955007675665,1.4047872867232591,-0.17311796482988967,-0.5364323082534466
65265,0.47404130140621203,-0.4027275289327892,0.0480455095147265,-0.7112875330256052
38385,1.3614556468029535,-0.8333721060924304,0.7378115175061262,0.6902247549111111
9145,-0.16502122856883913,0.8858254925945497,0.29125065025144575,0.2227685709433431
42545,1.029824908160315,0.061345431131823426,0.3953390391756775,1.1578025217908563
2345,0.030005798773122767,0.6696311017860984,-0.7468785893975165,-0.35763540304153674
2985,-1.3746835733017422,0.8744473040066878,1.624214667959033,0.251780418210042
12025,0.43545050619296727,0.34861116886234483,-0.48059809926913677,0.05793765283816043
21425,-1.8898038609084766,0.16078410505475052,0.9311205242798799,1.6397103808198163
55025,-1.504900728728532,0.40027114550767384,-0.5738274660846234,1.3368464233470276
39865,-0.2316972122607359,-1.0495581553842064,-0.16140660289750208,0.9773034082727632
59185,-2.078623591158978,1.622940725562314,0.914202863315764,-1.2717048032550538
22905,-0.2666783569261176,-0.3871683792887788,-0.17446219164174884,1.0703234129521622
71425,2.294353008077566,0.728451752855385,0.6837431531056467,0.24187468556881972
71665,-1.696524948231405,-0.8328406594828482,-1.0439258575210586,1.8702865192808689
23505,-1.2623985657986645,0.7764620162881689,-1.0833068199478453,0.6134312044976441
68225,0.12014370687073986,-0.43333347527651506,1.0580808633991192,0.589988383929328
71985,-0.7586104963192379,0.7141095262498096,-0.8032663000298655,-0.02197041024030878
59145,1.3695497686398361,-0.523177467961343,0.397010756547081,-1.8394911193768007
3265,-0.36851561242434105,-0.8104993534266546,0.5668109406622153,-0.5261129890565738
7425,-1.1552917435429089,-0.46248880774207873,-1.0666631707890657,1.8023461690726776
52025,-0.7224570752739473,0.7630233415643354,0.14872611977753575,-0.6243455234865009
11585,-0.05799339655022782,-0.5739507249652932,1.046983657717367,-1.2359903130297651
56185,-1.5387408581812683,-0.4721035761998511,0.825144577741753,0.320343380820574
15745,0.8452565376678007,-0.9899541288048818,0.06654139506420874,0.5961871611631953
57105,0.17494047801686946,-0.4337874487869603,-0.5650912089373511,0.4000390751676481
68665,-1.1449020527295213,-0.7334718924972332,-0.6446071549367364,-0.9056946676905547
41945,0.6401817539677591,-1.2099684269795858,0.8673548862813188,-1.171512493449222
32385,-0.3461120655359468,0.11312948520514853,-0.45623872812636557,-2.134108985248084
55065,1.0980780711749938,0.32560398851397254,1.1856786611672774,2.434554317598837
36545,0.009030921398612371,0.828585985543135,-0.25860021207468775,0.07167381954321417
44865,1.2555596199659762,0.8066840424953142,0.5982360430839284,-0.4967898703694161
49025,-1.1539887491408392,-1.5111979494957668,0.3078697634984035,0.9337055428194823
32545,1.378843440517163,-0.09681310561007901,0.27016759469742485,-0.685218443190209
12745,1.4880923514890385,1.7468498666883934,1.2431218615211417,-1.6929418398590739
16905,-0.3373055805293983,1.7103143205565825,0.3868249721608455,0.039031954544546686
10705,-3.134453269681675,0.4326661095799411,-1.1045632787010264,0.1490020154660405
10545,0.11549407093721344,-0.3554753595718677,0.5450168441289839,0.20442502388305642
30505,-0.9823486146395616,0.19956150962165375,1.0171792981175765,1.4200602038952317
29385,0.20476263823276858,1.1172451964645342,-1.636361077060533,-0.09974839792956497
33545,-0.20318983724118725,1.3552104022041276,1.249141985871556,0.5528949985357088
47585,-1.743345462268151,-0.7952843761529017,0.6132426384029794,-0.4286559605725499
1185,-0.8751564833964081,-0.17495750796861914,0.6296622800238798,-0.15806783293780885
7985,-1.8592585771554897,1.275649648867073,0.3146472074544691,2.834006044175417
50185,0.4674938466375149,-0.17665974576793897,-0.3991124140164769,-1.599518529036599
56505,-0.17446454395702962,0.8110168017650422,1.474752530127131,-2.3194183762666833
74305,-0.9881260551657233,-0.130513183113463,0.8402406227900917,0.7113542178927473
66185,0.22599063491351792,0.7104409594421601,1.2002741481549521,1.2651370390391241
58505,-0.8280057709074693,-0.08030654235169103,0.5672252763506515,-1.6484212107222629
36665,-1.1908341336497061,0.7325492700872055,0.813135437969115,-0.24239373124999927
62665,-0.9604347582637635,-0.8522117580552143,-0.5592744542087356,-0.5368644545701675
26385,-1.987619644117697,-0.7706587893815703,0.1280502976450413,-0.41122160485523074
70985,0.7101423127119384,0.7815403003568034,0.5156565687233595,0.5629956263024282
75145,-0.7487042447995209,0.13809769307065192,0.2886729833281273,-0.3233918617038686
75585,0.40546722216642156,0.12025134467796633,0.7314243986421312,0.3256330300424783
38865,0.8948837588013195,-0.5124083826267665,1.0477951712928355,-0.2551752302260087
14265,-0.47267325390991327,1.8425297518209898,-0.7844008446439042,0.8075062602985049
2585,0.916088112592255,-1.2037082385246607,-0.23519755225685768,-0.0926734030559586
6745,0.3024394128747555,-0.3244697032100568,-1.268816581919502,1.4361239115443216
29665,-1.3754841630048327,-0.6807935207527716,-0.33293893104862854,-1.3013995181891123
51345,0.25634597752453686,0.434456535473612,-1.1723017125471935,0.6173526344156149
63305,-1.1532764113701877,0.03497402608414675,0.32957745254960924,1.4350904192982745
55505,-1.1648661088864647,-0.9636272418028381,-0.08109877592494287,-1.6731797395879642
19225,-0.26874305396004133,-0.03889573231007772,1.1865458223306342,-1.0352794705349815
27945,-1.1665604125197422,-0.483102634206073,0.1194420287240961,0.23056282052045338
13745,0.17887162911896745,0.9854482265579572,0.7655613638843536,-1.0599933462449602
61265,2.05961343610624,-0.6635979055616555,0.22179523333594608,-1.2873062445041275
31705,-1.1915462801807526,-1.3354230509972784,-1.4143082799165039,0.9277699984198544
76305,0.7409457526626998,-0.03551544654181694,1.4797171104380777,1.589718098628262
40025,-0.5950435984098479,1.4013351870370172,2.2529670334110046,-0.5071027251421727
64825,1.2124149050970578,1.9301516736989588,-0.4917866418845398,-1.1677817279128186
44185,0.8069375329423966,-0.3389574647664684,0.0736792125689529,-1.8571002902762845
28505,1.4841130938102916,0.8875374180181657,0.7936517898805586,0.5238020532075619
48345,-1.459305947008418,-0.2105980907285297,1.0768764301128055,1.3703561440012266
7905,0.6457714529679239,-0.5685924546104485,2.7282687055656307,-0.14482750820083912
27345,-0.9328679708505444,-0.8375588971979563,1.814989678464658,2.7190022175444986
56665,-0.09357708623404902,-1.3572301571953995,-0.5102232750959472,1.5207725743241478
16225,-0.7103719783262927,0.23465789366027578,1.8935135342289706,-0.2240372088310927
46945,0.08245279931729879,-1.3056551257447302,0.14422011040268667,-0.12028476184129483
64985,-1.194436619483471,0.374129381970875,-0.903753049806022,1.2035689234887565
69145,-1.1239901407565065,-1.5966185411709888,-1.8239800200757845,0.39177546965635146
53905,1.0903412346124988,-1.0646575339424549,0.7880468425560965,-0.7092008454184545
44905,-1.5723716667461924,-1.1862210469361876,0.735861924099475,-0.7938529174657495
41185,0.812751627796453,0.21441185727404075,0.6998718239122992,-1.1562537250336473
8305,-0.5806483342296133,0.9844040612828776,-0.7433577766798728,1.6459235947511002
45345,-0.6411670935921089,0.00015323916952922519,0.1020119634374333,0.12947924764196894
49505,-0.14329068793701316,-0.7159794621223515,-0.2395755706431396,-0.30761370182023634
42865,-0.5259597696512748,1.475532522077969,-0.13492686127851053,-2.4724210860550255
17385,-0.1625956561642956,1.0017566869272985,-0.661211044522962,2.5351096422816943
21545,-0.3259041167896588,-1.1173076674280018,0.34955017940010324,-0.310238480791282
2025,-1.8984312047403382,0.2515650594961404,-0.28089378595934106,1.1537756106446644
51065,0.31212207797376684,0.18490297679756548,-1.1182123002941107,-0.2698024322514183
12465,-0.4148986112520728,1.1866742483175277,-0.10344692433713899,0.1999770934253872
34025,-0.2655700358077912,-1.0017224043569088,-2.935868891204922,0.8695481882786907
7705,0.7693618788200329,-0.20629053532549993,0.18501063666815676,0.34148542764229767
42345,0.4683272093044004,0.23927748094322918,-0.396667060360165,0.6835873392623665
8065,1.5134886481287702,1.6123940404440273,0.4259602411272769,0.21885547629953192
72545,-0.08241702587322224,0.49651057958961464,-1.4492862143722902,-0.36787892828905716
50665,0.8612341845428554,-1.782458583668835,-0.7438582502010482,-1.029197335661575
67785,0.2533269997248909,-1.619187274505832,0.45480139858173274,-0.0891683188738705
64425,0.7781253875702328,-0.10392176464743103,-1.0537466701745684,-0.45856128629011444
73025,-1.8420574621432153,-0.3008911371553098,-0.42961944355703224,-0.9526999880321587
57225,-1.67876528382103,-1.7995497876910553,1.835864964532318,0.38366256391819875
41225,0.6783642172293739,-0.5812483125319001,0.8124738963538201,-1.8412999558702092
31025,-0.5305067141057459,-0.26218166781410934,0.29428716779057457,0.17432789192367018
35185,-2.332825211675364,-1.3934925455520306,-0.17471130761584194,0.5671358653328993
75665,-0.5719208731127906,-0.5403972734527976,-0.7566841049278265,-1.1529942843011225
3065,0.2534894094162822,-1.8899862578686863,-2.08494306258371,-2.5519033702418232
36465,-0.7405352342847467,0.9136179431016197,0.7565062893616723,0.527926920593812
41625,0.13058297749800982,1.384790125818852,0.31455010955479257,0.03150231588101419
1945,-1.0643547678250087,1.140365731533215,-1.315775190651332,-1.5399603248329063
625,1.250930354316458,-0.9710785917508872,-0.6036812778911524,1.2853792926636185
19705,0.99393799979824,-0.13943823044551146,-0.6677277591861778,-0.2318195723167937
60025,0.9191834124100746,1.401250740249445,-0.43387575281482926,0.6754028934558232
68465,-0.1410690271219587,0.40418330593961316,0.344113615688174,0.4541724294639128
30625,-0.6305839503556749,0.9745574306212681,0.6651740369349193,-0.3091926189858975
50265,0.14997308208826826,-0.7022700733646563,-0.36800369848395825,0.5672915255559213
71345,0.967547806408817,-1.5361264876058904,0.6807487749774959,0.5152436281607353
24945,0.888313679924592,-0.2689514791653912,1.7682015966530331,-1.3045743533663727
65,-0.21268580117257974,-7.811021530403431e-05,-0.000833899751228058,0.12370242930871418
40945,2.1024312464630777,0.4171746442149189,-0.5325564617281825,1.1918367571472246
48825,-0.027522331340150384,-2.3509836826423833,-0.5576521585252345,1.1157978341032382
8385,-0.17374343647180882,0.6210919762102108,-0.9285942846120718,-0.37409219829333284
57145,0.10065097816123608,1.3434768237633936,2.1903374076982662,0.8268442451085822
57065,-0.6537066998256397,-0.7459149338645873,-0.04555059357500762,0.6573219072468713
20865,-0.41497889211097744,0.19153131611639365,1.1934768161019333,0.008632199302673197
36785,-0.43936334832471285,-0.4320516402343791,-0.6782221203923189,-0.11186685341919538
25025,-0.2716919355055596,0.2193303605222994,1.7265668963215435,-0.19438415977385734
47545,-0.46078918611917286,1.5796353977382378,-0.1636819218266256,1.1878825397250816
1145,0.17782827360347586,-0.15649266558911887,0.18364948089045421,-0.8939798118247694
33345,0.8623435361007139,0.19405435550676373,-1.5334386728405103,-1.1955405376889268
45385,0.3433891080338563,0.9052928009940657,-1.2907079754174426,-0.5339983301028524
37505,-0.8882651694247443,-0.22464773316382133,-0.4552937303915593,-1.2394292064555539
4025,-0.7072321744821619,1.6922098880410308,-0.07519542974992689,-0.3129150765142978
41665,0.1067687673751907,0.43877187915073557,0.25528571368964115,0.5909417450183332
5385,-0.2713544813845525,-0.36744386810439944,-0.3248512734591994,0.06550955074041549
33265,-0.5458357814624387,0.3846906326900669,1.0589609139281901,1.5609300442119847
73665,1.0193096257975591,-0.7280546725186381,-0.3566790336695255,-0.06811763505827137
58305,2.041949670580794,-0.8166527192152679,-0.024031904842899392,0.9113565355227068
5305,-0.007549060294561606,0.6245274275592917,0.4073260364828924,2.4693173613120565
21625,0.2538835489655807,0.08931443098422669,-0.2549292731800307,-1.5526349161330282
68705,-1.625582688673867,0.8144160237448509,-1.5323843593760782,-1.9932243018806102
39585,-0.506503101680747,0.49036085247745903,0.7446601849772514,-1.015427768067923
30345,0.31355027748454384,-0.45773700331180506,1.1522484522003145,0.6925703621515058
71625,-1.742367794759389,-0.38013013691018005,-0.20421499157132872,-0.3021086868422783
34505,-0.16730476270575417,-0.15406065918272274,0.008205825575095981,2.342762808819558
38665,-2.2369619559434284,-0.8044273442411506,-0.3230048278265607,1.9769426627322282
14225,0.7557629961590419,-0.399782225891235,0.5164208133556143,0.5243669866469194
40745,-0.7888879546377628,1.603787630917094,0.08923080114052923,0.8119947579110586
18385,-0.5631687617131481,-0.26531164403380675,-0.2873400779013658,0.16530677297937724
51145,-0.41117174408256985,-0.8848736482771176,0.6058119556937271,0.7617651368395457
74745,0.6054571525070144,-0.21747245682555022,-0.5686343653899153,-0.34884032488635985
63625,-1.1535674194840062,1.000256296402818,0.06304264287642754,1.1873881612570902
67545,-1.127567240692123,0.21004656429209306,0.4548398584186357,0.5518322835864504
23145,-1.4817921665112148,-0.3215462348676722,-0.3466035962016836,-0.2575955338841031
71945,-1.0405723607676798,-1.4800544359037724,1.6002568595401816,-1.554618722508466
76105,0.9190656302718534,-0.31687696294698614,-0.7978373641631524,0.23492860518379963
69225,1.997686646753389,1.1931826213357815,0.30966741837403255,-1.3392961436163355
39825,-2.634507448619587,1.0931798156563326,-0.9101200857761135,2.341269453297268
55265,0.881838760472885,1.9294670846781383,0.8768639627654878,-1.9342795696502422
3545,0.22475679636227866,-1.7953438489185096,-1.0492596237562721,-0.3991397626593144
48145,0.5566954134402968,0.251626125441161,-0.7604302043614225,0.5811853237015709
11865,-3.1513494281682024,1.0822414528361184,-0.898072410016567,-3.814015507696997
17745,0.39353987347705655,2.066287631320456,-1.298071377269962,1.940529811504559
16025,-0.6146605935607148,-2.047252901238477,0.28704436884014767,-0.07128727478541937
22505,-0.08529548399943464,-0.21866649839251034,0.15192868876461368,-0.3096864748708148
60625,1.0947160846431367,0.31780530600587314,0.6364061308681934,1.9201122003729656
22825,-0.2767297754709509,-0.4046668382412144,0.9110105877988974,1.1808135391788859
32665,1.147047238940285,-0.46783822816021586,-1.2250575343104795,-1.5238319476344833
20465,-0.9629742434750854,0.7446266505616287,-1.1633054364312176,-0.06610205957956304
36825,-0.33492482853105426,-0.7285810935113974,-1.2292740295211597,-0.39174973703270816
40985,0.8013585451224596,1.5359203823731513,0.9613051085362875,-1.1546367099440353
545,0.8715691095959832,0.29260865357502147,1.6892653191998643,0.5144747671540987
45145,0.0622595076025356,-0.7703359932232146,-0.7499792895725668,2.536977618995423
58025,0.5650815606386488,0.7883865941785971,0.1313928259755403,1.1943721400121514
73105,0.1453293602013131,0.5322835536466146,-2.071191531843777,-0.2393277898596647
8185,0.013370479546452317,0.06135592246854368,0.5106640968483238,-0.5854536408237977
21945,-0.6981421998287772,-0.6657583282804038,0.7350996420166587,0.5457819722975693
21345,0.000543642457696316,0.24797589478961055,-0.8449644107513842,0.8014237039877325
