51078,-0.6492741698965228,-0.5886879968566567,0.33879905769637403,0.06980504906700379
69518,0.920717519196687,-0.8334571551855996,-0.6045133515657792,-0.16398699356128774
46318,0.2966476963550112,0.17970335962549636,1.2102272064507664,-0.27002323536135986
70998,0.113654574325454,1.0474741803262002,-0.9491255139779847,0.46910684380128276
69638,1.3325012464550698,1.0780661779068672,-0.3445859195878749,0.5224712252298153
28758,0.9012483178739861,-2.624889059241573,-0.9522935321522049,0.6683466949087743
48078,1.2757909897728372,-2.809777794032406,0.9220108194436248,-0.01619991768406507
52238,-0.6091069773402237,-0.8338054981102255,-1.5375786857216156,0.20455709276716022
26638,0.21664791265006977,-0.05029212262852453,0.15725352686731678,1.3189283600074633
8838,-0.6909080696241642,0.8467347534519751,0.18332057916387676,-1.5007770075139082
64718,0.1955231818338362,0.970408957507699,0.5656133845821881,-1.556660586492507
68878,0.4104516284107648,-0.07918311473601462,-1.5573738316208563,-1.19677414863517
22518,-1.510269719527434,-0.7531615068959172,0.49870703197942307,1.3232453562710336
73038,1.1163198009097945,-0.8468683103499359,-0.4801598331189911,-0.49731393268559304
60078,-0.6515712068390096,-0.9670183370733587,-0.5612823241681232,0.08699101117872789
45078,0.9937088272207368,0.11962237272644935,-0.6128159546867576,1.0200912109994116
53278,-0.8968842520026257,0.37630266555633984,-0.954426532907871,1.2454199651992628
73078,-0.8984701594829918,-1.1610989734204662,2.023711101604959,0.8710247411848122
3478,-1.259496590071867,0.0020298728027190894,-0.47295938876938876,1.1774342797799333
13318,0.20384404991604313,-0.00406083215300204,-1.2364572071330424,0.4162917447307337
71718,-1.3525040158757478,1.3175437485345665,-0.1863544203335547,0.8133542404864785
33758,-0.6587810724841707,-0.6936397407612747,-0.7690164077324453,-0.39968571704924677
13598,-2.08379334347468,0.7507007665653337,-0.024967438867955303,-0.7825890693954912
1638,-1.0170694202904285,0.6232369625775582,0.977570513759441,0.15128552259268196
69678,0.25050421095055947,-1.4121265308902147,0.9986348338537231,-0.7502790650976793
50398,-0.46805245406971496,-0.8120983083177076,0.46378028289108625,0.02689626371530772
26078,0.7599139327116192,0.03952990034615297,-0.4333124985216833,-0.6106360798498268
2398,-0.6323727251069021,0.5059853574400013,-2.122940219144725,0.2292313597787278
67638,0.201128860772131,1.5525116404819372,0.8985314256598339,-0.43162770912296766
22438,1.8552054129859459,2.3181137175683193,1.3066344531559144,-0.4327705884896314
44518,0.9403990580854206,-0.40164897218212414,1.5816661237564535,0.0698228573540732
16558,1.6893894979620692,0.7692224188599754,1.1031485456222938,0.10565637336926717
55358,0.6858069692729425,0.394039519914695,-0.010621202910510467,-0.09439431633640018
30238,0.2517327847169709,-0.416080449838051,-1.771355917550563,-0.043664119747271406
11958,-1.356290893993997,1.5041926337453742,-0.29494258401450674,1.9855610967062776
43078,2.350838017351034,-0.46069330196170677,1.0600567854706577,0.9218850747292963
23598,0.5153790782439911,1.5980663668908943,-0.07901668969944389,1.8987120279745295
32398,-0.8049390073897774,-0.37664253483693944,2.161609329634722,0.710349052134511
68198,0.006564889135721244,0.5539595922438888,-0.8955195414532339,1.1221269286174689
78,1.2344764344805819,0.564167321662877,0.27510438399310266,1.3745312338546674
40238,0.09292801106472971,0.0648730314561644,-0.7918518526750649,0.023435838631282745
6158,0.7427522912895617,1.2822318681474496,-1.0331651833157296,2.0685479838194762
49238,0.7859567842477694,-2.460566492937259,0.9544866710583066,-0.4632299096259363
1678,-0.34166874716148826,-0.458214484375578,0.04992973133922659,1.2401397927345175
66518,-1.7316315101708573,0.9992596525256351,0.7218564607166862,0.12421031958193131
20118,-0.25801839469098026,-0.6799197219218522,3.1126351280333755,1.9574604484844644
16438,-0.04977524946746924,-1.408738052671526,-1.8071556148174186,0.9257182140382778
38558,0.3193064552453389,-0.2620806509257811,1.3256734235595244,-0.18981546115899428
57438,-0.29520533513099834,-1.566603118679358,1.0676661735630142,0.14896451416713385
69358,-2.6221248169204285,2.1486200075675996,-0.49606718340328704,0.7930900028679015
50358,1.134700828673395,-1.9798967584768885,-0.3910738238111356,-0.3799996998438895
8598,-1.0503033772254513,-1.3905340767313734,-1.5785135785290696,-1.5465464685683812
51558,0.3379103414269541,1.2030828045594395,-0.21997914132076704,1.3054422039122349
45158,-1.6948332041912069,0.5523366690052389,-0.8009148540653283,0.21143234541871891
1078,-0.8437489297710997,-0.4113173032447326,1.2727402907657686,0.5484725129673412
22398,0.9495571053646719,0.5057060687205442,1.5580617716738494,-0.5200369169670361
43118,-0.06771305851634858,-0.605609400280899,0.43890810454944373,-0.051436174528016076
21758,-2.5042757720429005,-0.14640638800347167,-0.1811067244096433,-0.4993077204567965
55998,-1.5068812531502902,1.5363970248575083,0.8144294191640534,1.1333401983612
20598,0.8565513888732762,-2.3024691162535946,-0.47954960396549756,1.745386784009327
39038,2.3128715534098534,0.7700534279173374,-0.13551035152833088,-1.1056051486381728
10438,0.6593835613033473,-0.14682602797619476,-1.155019149289734,0.05009751781460058
65558,0.8609037246219017,-1.200583872669056,-0.20423994019854066,-1.765272956358365
6278,-0.6474170640023426,0.3441540659664437,-1.7380531858077264,0.40336029290772246
71678,0.5349023458359106,-0.8231799667739356,-0.7411416356638626,1.8664996597444392
24718,-1.2251659368178252,0.28550870689167246,-0.5622063468060609,-1.385894398497118
18318,-0.1699323593447634,-1.821360149517431,0.1622370375394626,0.544341938655416
39278,0.3942293335486288,1.6405570031914507,-0.6490717385935737,1.6322231458622012
43158,0.17718102456440504,-0.4149878865538806,-0.7318674632416675,1.0787086539606419
60358,0.9158971825253537,-0.5653949013951921,-0.40601825969164573,-0.5414563710981338
64518,1.6225987361021048,1.5514003484911205,-0.4671874824509485,-1.2005976366430067
28238,-1.1409251299313072,-0.017287314099137092,1.246465747049672,-0.9179995266606011
20638,0.544871694459387,0.2477455661060331,0.10545465861302614,0.5370318552135231
76998,0.27392472996389244,0.06467946929809013,-0.15685875061888258,0.16100420727959955
40718,1.5796909333226188,-0.06795969222986976,1.1114731514365133,0.6048133478755514
33878,0.5481224071242344,0.9382651399290926,-0.5224363132784434,-1.0190751314809985
43718,-0.19500043187346486,-1.5271985254172222,-0.003586169018532021,0.6793181326758545
39078,0.9789101148622038,-2.0351691833527332,0.407963913192062,0.7381478007253245
40598,-0.9939936389092852,-0.3921321987885339,-0.436884541292572,2.150339850639078
6318,-1.3006105988214482,-1.9374016422574658,0.014531261918227803,-2.221457740424236
21878,-0.6259404453612523,0.07923626655797811,-0.5202095978639975,1.66713225873564
40318,-0.38795049566815776,1.6198478956051248,-2.008850311759852,-0.05246620430412849
35838,0.7723975596862802,-0.6750474034499363,0.9142376424462485,2.261794308173586
2078,0.07225550761337614,0.11166349255235974,0.6937871570907451,-0.9244011617596581
14518,0.8778160371230537,1.1885364361612685,0.05875394325082227,1.1603063534077145
58758,0.80792566181791,0.546313733076438,0.838067953368623,0.6170847403041195
54358,-0.7370646158922111,-3.4423531639696328,1.2693338936117746,-1.3024609820987156
73918,-0.2294753849173845,0.3995603319254515,2.813875335767909,0.8024747550040344
62678,-1.461263600506224,-0.06080046518955337,-0.8237458276068529,0.934143239266852
66838,0.23093435384346622,-0.23525620092902458,-0.19206736662433185,-0.5713437949413304
30558,0.24435497818043173,-2.1231945988142997,0.2499148589237372,-0.6612892642392229
37238,1.0721881395805266,0.29671144912362196,0.12013745872137004,-1.2188002928554458
71878,-0.2720347746636955,1.0622045898175982,-0.3563396115898685,0.9422651496217325
16518,-0.14420147234851619,1.6910867846368105,-1.4509636894328999,2.4620643561342472
34958,0.06358137258243966,-0.1826316695644659,0.35910680410471457,-0.20904806154219205
43038,1.4167141083807204,1.064756858775972,0.5260575138906822,1.922428246126804
53398,1.3037654891566057,0.9033502455183222,0.8374600886299113,-0.33023037655865123
69838,0.42197625819533036,0.603687900576815,-1.0824931887425442,0.5748503268105513
63838,-0.9203702804295216,-0.8819149051063808,1.0802620121989297,0.239667441211491
41678,0.41509611571152033,-1.5201918591892407,0.8680619649720221,2.05126630218373
57558,-1.6769899166628668,-0.5495607166417928,0.5638066459849257,-1.9658717943619375
72838,-0.3452960637157674,1.3692739097406545,-0.3958425598576829,0.895749780146929
35878,-0.24741429236626067,-0.12024491291868955,-1.4684070565385328,-0.3386474662405134
55518,-0.39652026645844957,-1.2482969110930884,-0.24942709999044635,-1.0711154098335391
20518,0.20721222583159932,1.0576993709544322,1.0671273359668558,0.43880521100116
43238,0.05239160785661369,0.39190065066659985,-0.8727464576384896,-0.6284621275559894
12398,-1.53288216615151,1.4993793353826343,1.4687655273492157,-0.9736437348914837
24558,-0.7055908635419705,0.48199823258388985,-0.0632850954591181,-0.8198519697515012
69158,2.1752603466008438,-0.15186061502789347,0.9595586945397174,-1.149690161704783
41198,-0.9058226457514144,0.7817101176206032,0.2422051312732265,0.06776993079214999
55678,2.076274297545653,-0.32656966750447286,0.14410575960499752,0.9418841124817643
28918,-0.517030197682486,-0.47376418065517384,0.5938402625339236,-0.03061800420941041
53678,-0.019303758845156335,-0.5806051736786483,0.6708427755864601,-1.3161472775874383
17398,0.4559260982421091,0.38795630157723193,1.2511377921796145,1.3852801162471737
37118,-0.6624644927229,-0.891212929850142,0.29735561406068706,-0.3686020559168587
34038,-0.4340955606690259,-0.31729231184254847,0.7501803947472563,1.6647693149135185
70038,-0.4439580850252955,0.8923943808581114,-0.030067187655088614,-1.2883426942106138
24278,-0.6715560656009036,-1.9657721504784955,-0.5485908332916897,1.6055882756182083
76038,1.1434548930848576,0.9923861744808827,0.5170199800105432,0.07378815651664686
46518,1.5323386017912193,-0.23426219403202292,0.09379653351351516,0.48672331192994445
58998,-0.5856379504160478,0.9275744194660271,1.0702125550052708,0.46341202525513575
53518,0.7118349682163837,0.8991033683434289,-0.2451336759212475,0.7999564760259555
63158,-0.7088355630396417,0.5664759104400469,-1.2240802810134046,-1.3079351561150172
67318,-0.03933433772136454,1.4663277394474081,-1.8035359738490284,-0.11270739198651691
28718,-0.2628473737368189,1.1874858721854935,0.865457827980848,0.3178789256161976
278,0.8683352055843452,1.2020753552806667,-0.7701025026585735,0.10775355426214675
63638,-1.0954514643390008,-0.3142636377120536,-0.15219996624073737,0.40705182216676306
3078,0.9453998549209811,-0.20799378379020042,0.8616473098605433,-0.6006079598181017
69918,0.4688601638986453,-0.9005830182639324,0.9202628765875491,0.8512603311841533
55158,-0.13244290796709413,0.4176746017739874,-0.7215237903937661,1.278482274927725
73598,0.524735050155349,-0.27615967417555054,1.0957170447848181,-1.0415915223054797
3998,0.8090795184502318,-1.3602810606302347,-1.6750030411531354,0.121961983079699
64318,0.36681383869095163,-0.4684138350520359,1.280717651605242,-0.1158883975436222
74118,-1.2649411270027933,0.005537120875483077,-0.6270567580890285,0.7315491469363908
6438,0.03265447766679494,-0.5657425794119196,0.8663641070301702,1.2236921625754626
49038,1.6039273435953163,-0.6048541908822517,-0.33133264413442226,-0.3679688517641942
76798,0.5538783902430952,-0.28792100351724836,-0.7513847118827676,0.9797273224919089
36358,1.0616590479157835,1.4721136809283917,1.8427820200297838,1.4615505737722039
40518,0.17928815795409644,1.1482460794707554,0.2977383416078974,0.03542499460463166
65838,0.42068395409164094,0.7425889911967306,0.7052862538344788,0.14921318725151625
48838,0.9266994448945194,-0.894452108469873,-0.7720275404887655,-0.03798908689376728
52998,0.004699510679833144,-0.0434268809519729,0.15185690853945155,-1.4390948837378832
12678,-0.41731988834564304,-0.646578073906336,-1.1526184889638735,-1.3690179852298137
37598,-0.20340178026801536,-1.1018519115915033,0.3734207715873301,-0.9580527203428528
63798,-0.12795326413524635,0.43790129529281535,-0.026796966664079064,-0.807956682877528
26598,-0.877572716542345,-0.1376026937535688,0.3692568521963411,-0.34964187627852006
41278,-0.21706768233849102,0.30661196023897,-0.1333860303463666,0.23821317910054626
48798,-1.8737194436464442,1.1364062538510444,0.28667388785781356,-0.22510592125128065
9558,0.7187172315170004,1.6994746619677696,-0.7935999881984145,1.5575123782614828
36918,-0.8054587781426071,0.21986520521995495,-0.6386670691368682,-1.9803830693023174
39238,0.026851464944729196,-0.5846957297346564,0.06482518544800897,-0.23970729226797396
17878,-1.614042888003664,0.6086611793607651,0.25554350012929317,-1.0346780848044712
62878,2.2703549313612466,-0.6334203011239964,-0.03575467253514927,1.3029261844638453
16718,0.00047133129248489407,-0.42103534920490054,-0.6248945783649331,1.095623977042318
38678,0.3821997827015751,-1.232152463019895,0.31194636342737914,0.14432327699864642
398,-0.8093326448550894,1.1311745993369975,1.0687832590993633,-0.4021954475491058
65878,-0.44388227929435975,1.759794854908802,0.13421451279099658,0.507648402028245
14878,0.5165031505990731,1.4653311938881453,1.2244550516989914,0.2207992001022721
74078,-1.129109188089231,1.6898103316357833,-2.099996777025596,-1.0197450115419655
75278,0.38334961796140526,-0.9009340882961931,0.5431197629022317,-1.64310735987468
76118,0.9471917092505598,-0.29638393703495963,1.971379904276261,1.215875459181251
71398,0.3835902421965261,0.1930224225965363,0.5818537103681015,-1.1975390975277294
358,0.5438284192676769,0.5003043563034639,0.9501319582878927,0.14727510002015404
20838,0.0374949513505432,-0.6138125066994613,-0.10986664452520147,-1.115194175913761
43998,-2.003445684041267,-1.1378189042903022,-0.4547171881004667,0.12929589241996914
24798,1.3379897857208496,-1.5420725457768545,-1.6711648691957455,-1.4727671788931547
32918,1.0757860781687694,-0.473648130516534,-0.44076198421697166,-0.003344472228048424
52318,-0.34631171187009663,-0.053365391776438224,1.7121610375445646,-0.8273277497230974
11878,1.2282641846721505,-0.11212527538858394,-0.7037217988165192,0.6996047108416306
49518,1.2606678952886474,0.6183031584885206,-0.05428084079625784,-0.8176883661870284
60638,1.387682740157587,-0.35594782548848064,-1.4474857569813335,-0.14147771932537417
20198,-0.5338233638906099,1.4941749300245362,0.012471000726385352,1.4380077530394704
29998,0.6231814608972559,-1.0860128960483044,1.2576724936119632,1.4076376207088113
68958,-0.029647225824195718,-0.8535649300874029,0.015027310509900242,-1.1671422915169207
9278,0.19374250671895518,0.5106504068874681,-1.3004354685776247,1.6582721116095929
6518,-0.17945102114390887,0.06339941817176174,0.20517681478585528,0.008658414640158305
32678,-0.29244162692060943,0.9252953223891243,0.08833780272894348,-1.1088434509327416
40998,0.8594848118581524,0.014905998058102906,0.372840534368366,0.6772878977765034
4718,0.25465326210767736,0.33261516643802536,0.6933786477943227,0.75763513758579
65918,-0.8217911807130284,-0.16952252398945908,-1.1322268862574032,-0.6549326723144557
8878,0.6197878183035759,2.1994021910632346,-0.1441723416086994,1.2399365008544163
53478,1.8223081544400423,0.9235565071854244,-0.35191327042016224,0.9723959003372937
57638,0.008409579173487593,-0.6993795511027064,-0.83279531498695,-2.701262686093116
39318,-0.199658112747963,0.5789764360152703,0.8533636727234594,0.8872375951884239
2438,0.5416454122838404,-0.8347218964692719,1.203248648112219,-0.4886136722355068
65958,-1.0851853509806062,0.9923704393356336,-0.5412446995006487,-1.6083952323197725
34398,-1.2705564695133988,-1.6499083934075158,0.2904501242809657,-1.1331780179438642
6558,2.037978169645326,-1.6595959430951412,0.15071785645205676,-1.3505749247543117
33838,0.5551996517910033,0.9452606288481973,-1.6512329235281753,-0.4676801967928427
51598,0.4026236625689187,-0.2792887927155522,-0.6502476020230379,1.691926811390904
18838,0.33602154039850624,2.883211524903565,0.6512363734870122,-1.2105742698619608
10038,-0.2997889408924312,-0.19972698388968335,2.385222403048716,1.4625533107823028
2798,-0.2881540277660399,0.7503891818162292,0.5994462429715828,-1.0701888121368417
59798,-0.18823275044645374,-0.523689904332587,-0.4407594806268794,-1.1821445711981797
58798,2.5660055083360644,0.012468811277376337,-0.2702396967532042,0.20967657600510203
62958,-0.20599566089452312,0.9853623054675352,1.4975148002439052,-1.684215164446254
67118,-0.7934920045697569,0.7593498133834391,-1.1632387670125743,-1.4941272341030865
67998,0.3991272970727258,-1.9043330040845137,0.14990108813663391,0.8371751308728524
34998,-0.07058804343221102,0.6006802100513847,0.8918989230216524,0.5761902644877746
2878,0.0905275582880156,1.9176872655897892,-0.21001721313083355,1.38439652945471
22598,-1.7573468677743593,1.7366350071451961,0.7323532397435524,2.2286529020411803
76198,-0.041818881497486415,0.49216179977685953,-0.7359332949626687,0.27651956470804945
55798,0.9823121760691996,0.535389658679089,1.6025920450141302,-1.0380656774329249
23678,0.9693672812346616,0.1543963406147389,0.6184309671732418,0.1788843740125741
2478,1.4496232412834495,0.4631199328796238,0.4515109982894913,-0.8415986408412772
68278,0.2210393221725505,-1.1162635578544786,-0.516765354897097,-1.0527162903643148
76598,-1.4168808045260286,1.6337900708022988,0.9591905461894482,-0.46465380342808477
16798,0.7388252816673224,0.1594022910027093,0.20366959237093427,-0.6440544926498226
438,-0.8536066020959322,0.2815713622807779,0.057501422866055404,-0.5737190150912691
43438,-3.347704341235295,0.9594721566227651,0.9624106460032631,-0.726280180444442
31318,0.002373697428501021,-1.761887349921847,0.17383029182105708,-0.9563881163025735
56958,-1.299852295596257,0.7595956780481881,1.6995612154209963,1.501110330003264
18878,-0.45263070607382844,0.27473471239327657,-0.1749817798016262,0.40066902441602154
65278,-1.8685664527192358,-0.4003044994256392,0.3705168309400412,0.9096549217175194
24838,0.1458713470314792,-1.015815350595502,-1.0998004073754006,-0.13051941855722562
28998,-2.2629615997855894,-2.3825473104254873,-0.9178685171274614,1.7184021400438445
62198,1.077748613995665,0.6852600750470662,0.2552975386085572,0.24233502750781122
37318,-0.34578130786459954,-0.6492090056553057,-1.2243955004852167,1.1834642868076735
17038,-0.26306718536815976,-0.8275016251491848,0.13462845254177402,0.0074829503585276975
35478,-0.8004229714276286,0.6073626413857892,-0.5602567934720238,-1.0930628640368618
41478,0.3551009007569453,1.39976304586654,-0.9451140131938638,-2.0666411978972064
15358,-0.13226786084247957,-0.5759490805831438,-0.3472488876282495,-0.3969650374137045
4558,0.37109597503874425,1.1074405159654672,-0.5872436025702559,-1.3924072454989063
13518,-0.3466821830221818,-1.1356313981853716,-2.633327441482058,0.28624937473413264
62278,0.3796576226877008,-0.27852282648941856,-0.1318332134057967,-0.15210819749338067
61518,1.106396490592763,0.0682933326535299,-0.7061123392953906,-0.2525557897079334
63958,0.6835298328645002,0.30512010767562314,0.8461885975083605,-0.9879309138337163
62838,0.745113406922373,-0.46465940080280294,0.6517460482279992,1.465003615195126
70598,-0.46219963533954506,-1.4355390262332821,-1.33527852149591,-1.0954443464573744
38478,-0.1325590884031252,1.4447532708350252,-0.7927529065483903,-1.3598988641741327
72158,0.8991367968673759,-0.7158540273249862,0.24248268768872372,0.09701186769674049
46798,-1.6011303261318084,-0.5582006651952877,-2.029079016453281,0.7856695462530864
9638,0.4552089540451556,-0.8024827589005555,1.3102018515612568,-0.3414952726874255
18918,0.23333123272087986,-0.9584564574390934,0.5827141406109303,-1.5739295361334098
63438,1.4752207951789196,0.7732998129828449,-0.1860198441640306,-0.21425446512787313
71758,-0.49230450659967606,1.0143638344845018,-0.4448530124037969,-0.16254060567944606
57838,0.45003794098044453,-0.7756400815377863,-0.5720738949013502,0.9143554395963258
57478,-0.39025560826498085,0.33379516292434847,0.04668776519075641,0.3315017566287196
39638,-0.14130750935395733,-1.399823040876125,0.05059594685205548,-1.184903100618217
75918,-1.5449296116699203,-0.5832598190521536,-0.16152961751578415,1.473364155387456
3358,-0.36623590838746356,-0.679387466768004,-0.32524310788991034,0.8089849117913491
7518,-0.36014043393696477,-1.6322134928349297,-0.05913407544973363,1.289320353954732
8958,0.5183948833613676,0.41598064485223646,0.21598744446532342,-0.09051898485765143
45558,-1.3080548656027218,-0.17049449399474595,-0.5510769971139727,-0.7234877512671992
47598,-1.4930804294272417,-1.2857704823385268,0.0293411709740207,-1.439774332932291
7078,0.24374385101069893,-0.5862865889021811,-0.06696796738428819,-0.745345611522516
43518,-0.14164047025929138,-0.28145072202165977,1.1671847156164556,-0.5686425617030614
29038,-0.056962223775994865,0.8062387244616314,-1.7509369675284743,-1.8045027124818964
72918,-0.9431793412760323,-0.9386346585303635,-0.8185536831654073,0.410308713930057
10478,-0.3312128555049326,-1.4482226922933208,0.27241266487083715,-1.5883674224872193
77078,-1.5228284044045786,2.0154561024325917,-0.0600355098405844,0.7206242783869273
18518,-0.5090480951887156,1.5504286345480764,-0.018439710727782825,0.6305136473302277
31238,0.4615962445338138,-0.7628332172873975,-0.26776657275957033,1.4579447934316199
38198,1.1711464114647518,-0.47644453570118944,0.2236197536182368,2.1847637628920453
59918,0.1873512307461538,0.3027964363972755,0.3344336474258422,0.793008177859559
11158,-0.10106856525397995,0.49310654053359676,0.623473293216155,-0.7106765512565256
69038,0.27582151527579696,-0.6474903202339247,1.0797361631136435,-1.0133815341680623
16918,1.4601279777100635,-0.3449304343815255,0.6157101401222321,0.4962167467958161
5678,1.9142835542939873,0.9176243717520576,-0.7636595737149664,-1.0297016968697819
50278,-0.20627251595011972,1.7521528600161749,-1.2820364732887106,0.1625683484752056
76318,-0.18930813004283464,0.4561449939590627,0.9710436484262575,0.18890089752168657
22318,-0.15181387215231865,0.13968865934357322,-0.9077854938609338,1.761448312304475
1798,-0.04957731709747983,0.023659623441549604,0.16397815347593836,0.43847604142263064
74278,-1.1439165591040699,-0.29253267950763917,0.8252112810032908,-0.1981271636477384
36318,0.9622428555333947,-1.0851242311934841,-0.41358488888950246,1.2644398300555175
22958,-1.7792371047561444,1.6021548177813039,0.7898633053266382,0.7119371295422564
72238,-1.2640969225508942,-0.4381713654038392,-1.0600062610514818,-0.5677211677974549
29118,-0.4330816523515872,-0.736426515351862,0.43911896222265207,-1.9637441674249032
6238,-0.6354359347048893,1.1206611292980837,1.9958138360214321,0.21758501392805016
70198,-1.3812588307838582,-2.2956476445168446,-1.6842812235206295,-0.20075307314429086
50318,-1.2176063548951122,-0.31059463849017543,-0.610588433932753,-0.48206749987275893
22358,-0.08372201978378202,-0.13052069992557971,0.34729335528894684,2.0309519463020327
47238,-1.9003412296457336,-1.5250086365594724,0.410244561030438,0.7080865147144929
47678,-0.10174760832510266,-0.25480007796422827,-0.5581759884329881,-1.0115404033496838
2958,-0.2360965431329401,0.3613593418180817,-0.06172724286052034,-0.43947161990879957
44278,-0.18915000297283213,1.2863681918353558,1.0994969754438628,1.5676330424414988
7998,-0.3349915843681139,1.1264774936138249,0.6601257904459369,0.690305713941151
66998,0.10489297042725906,0.4733665478294179,-0.8420736646772794,-0.6129040812642274
35398,-3.0075580812912377,0.2445871402656823,0.9275074584070799,0.4008641465998618
20478,-0.771049741106859,0.8547446444935112,-0.115091843165989,0.6907733791494173
44958,0.5760899265345804,0.2726731273859853,0.5771917112958647,1.5775645963809277
43598,1.8650905058834184,0.14261351796876365,-0.5172939891356163,0.13479801442933892
73398,-0.0727329929473726,-1.2978838528675476,-0.5903926665438918,1.6269947016543962
838,-0.3874178497523732,-0.5649981793204633,0.4589240472023177,0.03460409021265215
45438,-1.0478143705554535,-0.09728286937962186,-0.46454174654541697,-0.8705136737286345
598,0.16688326106835005,0.5973123010718758,-0.07264545672431486,0.09704180457829477
8798,-0.6707339434330878,-1.046664588187878,0.18625842803621148,0.07788074145992603
55398,0.3004628347434763,1.8991395571154495,0.05792689762009242,0.8992504860053671
16998,0.20616469038547547,-0.773368633208463,1.147576184050478,0.2884891011717424
30078,0.04579299517698796,0.6711505992687029,-2.18077014268471,1.7703894820786803
1998,1.7983003305784044,0.3005909533427645,0.22628873078182685,0.7290435971309781
10318,0.10207940350131788,-1.5689641899522997,1.8512035275519059,0.2957692997586466
66158,0.9703525695853998,0.803368237252467,-0.32187735080532814,0.8960033593969755
66958,0.8929697665125804,-0.13137158643145172,0.816090754272988,1.5103996377879538
21398,0.7740546824692065,1.8521972614073405,-0.5396249996853134,0.38040737227938526
15798,-1.2192381645290535,0.20210622126568892,1.1127155533272692,0.2744555846032189
67398,2.408749343672981,-0.6655168234463289,-0.858471267678119,-1.4128592604496713
49598,-0.3229177649699275,0.8336170787063117,-0.9007663013377459,-1.3023898831195477
2678,-0.14976999432418436,0.3165614131686402,0.8147848011881302,-0.4527830036436646
75718,-1.3540330897031398,-1.7706273296712047,0.406730773167164,-0.45947866260912207
39438,-0.3442472509991953,0.3362902881195048,0.05154005464530612,-1.8463830780971393
3158,-0.10440146834987712,0.13247569730563735,0.22536997251014643,0.2769904974217836
65038,-0.1035362831423544,-0.6282574645693034,0.02026103466626001,-0.15595536181216996
51838,-1.1872109549882213,-0.2503813213755272,-0.43835158084228054,1.1805853049051684
33558,0.5968970294101462,-1.4586691348820746,0.43363654447624045,0.672427101566303
70278,-0.4035592342301249,0.9591846676221002,2.089414061582243,-0.0010462770365238208
56838,-0.9232908388359136,0.2303197562026701,-0.015160051523921818,0.9488129748977292
52078,-1.7447397276471268,1.2777622741956562,0.7803471082368602,-0.31622746305784877
27278,-1.4150133988868248,0.2966062194260441,-1.1336263428477418,1.328627364332995
27758,0.6548712604072362,-1.2262901885042137,-0.0738974344865415,-0.30843204435597993
14998,0.40075718236165564,-0.4598707789384666,0.08789028212852587,-0.37054109352883285
20958,0.023503318774410753,-1.7099404415263404,-0.8952988081317115,-1.318981806332288
33038,-0.025779161900796634,0.4010537861440145,-0.6444008968545673,0.23721953496482012
69718,0.8343763187956181,0.6565580686270254,0.33793433539174,-0.7799280732784004
2718,-0.338365342891836,1.5370216850168077,1.5034804909374941,-0.7541601790985942
27078,-0.5210347147018514,0.24060767316679246,-1.834057911489987,1.8961349013465258
678,0.7956834282914866,0.504300134923647,0.11496125354221379,0.1161196954728557
60398,1.6315010759462425,-2.5486680379327953,0.22968256741310578,1.4571094300434613
13798,1.7792438703433808,-0.22666879111339983,0.6498874000972537,3.002448719974802
55638,-1.2604822255313683,-1.416833188922108,1.1165404635501088,0.025333151952387875
62558,-0.7228760322830812,-0.8569781821262047,0.4940350329057798,-1.914042498318784
19118,1.579713434155615,0.30515328755939497,1.4507816017517983,-0.43728504273354896
31518,-1.6876779713276122,0.6811368035473573,0.5198782047821517,-0.8643370608573755
47798,0.722464109243894,0.5641274677403186,-1.2676156426549923,1.4735656911580879
47078,-0.44970131596488205,0.6539444705779685,0.8841706005517189,-1.1684094162493583
10798,-1.184885837671477,-2.2598868434883177,-1.2177496766327596,-0.7869174189918829
4798,0.5841974689754771,-0.34532882096687145,-0.37957089266668614,-0.8931755694888118
41078,0.6260616299026478,-1.4664505322519243,-0.2557452426051984,0.9760340265563722
2758,-0.45058867320089685,0.4185840459592711,1.3358407474875664,0.06591331972364432
35758,0.48398627820953355,-1.0201850086199324,1.0234020025829107,-1.5126604846256457
31438,-0.006233755489565913,0.18174680863619794,-0.12178071876165975,1.2540780600744112
40838,0.21933111291434748,-0.047372564212221725,0.5000510682862177,-1.217217417482355
60718,2.1160119929363432,-0.47998309525705135,0.12420208781176499,0.09758656425736369
13678,-0.07012956117339565,0.45227977544113535,-0.8477453699104498,0.7294532053160198
25038,1.6983226201505395,-1.98642350548948,0.8281945979691422,0.8835182486336984
29398,0.2779343217337829,-0.24682986459551828,-0.7662064159721795,2.6655511689059854
638,-1.8002747952169094,-0.540739392628143,-0.48392704734779024,-0.23089531980839806
17118,0.15605534246928385,-0.5225885731745463,0.7124620409894967,1.0250153706798955
22838,0.9298690009451133,0.6725558073765919,-1.9895567587848801,0.22199984571138537
53558,-0.16295309704319444,-0.39767566365066137,1.046975277091998,0.8604671873861927
39718,0.715420643396472,2.074104037410081,-0.4530897059975545,0.2832087600029245
76518,-0.7333175524144365,-0.4308209499525429,-0.2669810322909015,1.0245222331064938
29758,0.22738346443933022,0.7988776085457958,0.8262246768793685,-0.8912272721580033
74358,0.14384835551000788,0.08309637441724872,-0.15372910085540434,0.08555335481107317
13038,-0.7885805741887725,-1.208896403964133,0.060260427112956046,-2.7774143260713053
38078,0.4755479715740724,-0.23309182942942705,-0.26751110281461815,-1.5836617482267081
76438,0.15881332895406242,-1.2519602735297446,-2.073887170810184,0.7691900508484085
18558,-1.5741258935141655,0.5600473856975577,1.417103191563012,-0.09150325994348064
758,0.03632737878141754,0.30374411935651746,-0.18936828318022514,1.4939205901926023
18438,-1.4672618029807738,-0.22229540017556615,2.140871437949552,-1.1118894644879607
66918,1.135830597300075,2.117714908554037,-0.6500519320068087,0.17967808075790076
39678,0.06273224877835859,1.0726763432568676,-1.1471997038502761,-1.1221380117994113
71358,-0.6231390048550541,-1.395433600277492,-0.11547893076308265,-0.503163119814241
34198,-0.5740847905518617,-0.1368677119522165,2.1212809484634145,-0.004562351966780982
28118,-0.6769342992807043,-0.2202903608494833,-0.9122073703483022,-0.421179673087015
58118,0.18597324165196097,0.6277227025635794,-1.349935198267866,0.8579280805080896
47558,-0.1597247723245642,-0.9582381544189627,0.704604101387937,-0.40598543997307274
11278,0.2507384421331622,1.0918039377887434,1.7300075582113903,0.8257137384316512
55878,-1.2986349177967142,0.9024496416707802,1.85506589116878,-0.4540171976930115
56078,-0.14657460605332392,1.4336654471471861,-0.5173698648536893,-0.32789624606475243
10398,-0.8840713133423681,-1.5721771919208494,1.144488840322726,0.5204757770813697
72518,1.0965710386178034,1.1247075616830213,-0.08408170033787701,0.14575408693336855
1838,0.8249851812298897,0.6997105500740224,2.1161009940794964,-2.0038537067317628
43798,-0.6226264872913887,-0.7214755242083485,0.1392787442182693,-0.40006851596269677
40398,0.6127531037554576,-0.3336650111074961,-1.1488402564787787,-1.0562186598467311
5718,-0.6324233162568615,-1.3344330750666484,0.7042856101445073,-0.912652534968672
24078,2.2579110906478275,-0.7645112040435568,0.2006537887969806,-0.19589906161095458
31758,-0.22112200602724064,-2.2669404408929665,1.3115861222739003,-0.8549869595595121
8278,0.8406667378615887,-0.5393015518971371,-0.1055074916054939,1.2374707474080582
41758,0.3255871729910491,-0.39177278040476016,0.8166879301963216,-1.4418047584635898
57038,-1.2337818174134483,-0.4056474772099608,-0.4532295487890412,0.1751029345622832
20758,0.6300345653709769,-1.1658065594327387,0.12360055971302816,-0.03811685630307997
24918,-1.1565807755376163,0.493600608340696,0.8535581284598185,-1.083761071351476
67718,1.2507174837018435,-2.9974509918329177,-1.809316901750224,0.09385188256585988
19238,-0.4172733876764598,0.45817696236688477,1.5911669856672817,-0.8725951247599845
1118,-0.16377904159840254,-0.05266417210211552,0.042791062421211036,-0.018695520057824898
27438,2.2508218431935125,-0.8764853884919512,-1.1490865340091017,0.17244172461450147
54038,0.7608336532541348,-1.6951571615224592,-0.07643934870419494,-0.27987430058571383
41438,-0.8383345557598396,1.5460384753294794,0.51237506746361,-0.44937511977156014
66358,0.7329048649044103,0.763444674734872,-0.5480500607776673,-0.3631019022494439
50838,1.1134337841390705,-0.48940957398452745,0.10703060939490573,-0.3091277043824372
69278,-1.8064304854050288,-0.3958056412813511,0.793359549155909,-0.7069441814698403
74838,-0.35399124880499344,-2.058962380032147,-0.0043147628188530684,0.8796695226294095
74558,2.0934992612867234,-0.22469998364932112,0.7697311519907372,1.1729244588127004
42718,-1.2019880624674542,1.294418337291332,-0.6479738005890171,-1.4025191562438901
46878,0.7035603226400113,-0.03201095910009203,-0.11097273866558385,-0.2871204722050953
36558,0.7023678594920936,0.15023577020684523,0.4950399452607737,0.9048968185631365
56118,-0.3602999034088626,0.7694373585116199,-0.8413276747699454,-1.3095366250615403
41798,-0.21328099317719212,-1.5469181821522053,-0.08466660835115013,-1.7807892491904962
14758,0.7774289909157498,-0.5967477503911321,0.8283768620315588,-0.0030779207943289403
59358,-0.20276187368821927,-1.3036387399496348,0.2336683404995538,-1.340574505900347
27038,0.9158298518810268,-0.39602704623958723,-0.9019161094165914,0.920322713943311
63518,1.2389357604902367,1.7415401476731496,-1.8411000667729378,-0.9455990951838689
27238,-0.5490861377997054,-0.1538695437330011,0.8022306312639783,-1.1681275095480668
49998,0.10381129759349321,-0.13211476023437474,-0.11857395217135835,1.2541420011896318
35558,-1.2140013703319803,-2.4246606161422357,-0.4131158979045528,0.37920199574469265
70798,-0.2798151468950124,1.2546205047329029,0.9597742258002763,-0.10232184037615587
27478,2.211584709798084,1.2050262067223074,-0.3441972579639334,1.567010439509475
52198,1.4318496205021902,-0.9769599645615785,0.5898514591552385,-0.12828730971920124
25438,0.05758440626841835,0.3584547353445729,-1.8967104034057543,-0.04851627049721423
64678,0.4142126328435777,0.09224088965781188,-0.0964503051983883,-1.042720592434587
68838,0.6035972389087988,1.5353701112409683,0.35866215773518706,0.001725531961676673
72998,-0.036719742802865815,-0.018999892594354435,-1.1356360928254252,-0.2805563468808996
70118,-0.17720700037744097,0.24106374163230218,-0.47661126395818076,0.9130834772421006
23398,0.7719817991162995,0.24988827792508111,0.46354771226692465,0.4076281811566317
8758,-0.1208922814034335,0.015738275994349342,-1.114854481779774,1.8698473044151542
30598,-0.4273213202797547,-0.1874339392261639,0.6623328928520683,0.9904144028905306
12918,-1.2898619075643816,-0.6220327450446884,0.22746838892793453,-1.0288837778493922
21358,-0.5081548036010637,-1.5201403820808244,-0.9453781677969318,0.44322855100923486
17078,-1.982782903264548,0.17804667345764782,-0.16053662676175343,-0.5009820991616135
13118,-0.4121904019917229,-0.7456743018997133,0.1700637048278875,-1.2550575830983024
9078,-1.8045140928081904,0.9567413630812347,0.7872445986101098,-0.6193658496199957
1598,0.33355431595703855,-0.8803067231008639,0.2199714094533803,0.5063190460128749
46198,-0.169751699398001,0.12167507384599921,0.487159778652519,0.527070197610319
47998,-0.15035833036252033,-0.5262324621620227,-1.6430144210077997,-0.4332240322409818
25238,-0.6482546254995644,0.4505480116510065,1.8214003244169312,-1.602040453397768
17558,1.4888372399241308,-1.2828411709496965,0.6830146713021522,0.6968657525061541
4998,0.5191700359384036,-1.6899668726118366,0.15062425354773584,-0.14219520669983654
62118,-0.4097919253516257,-0.17926327569032494,2.05029728819614,1.3265467670196278
52598,-0.7741158459339323,-0.8421551667440259,-1.2604524394189391,0.0654113992968002
23438,0.5114469509467324,0.48805382375922607,0.839717914750098,2.4456261985515955
71038,0.9752710749198845,0.12685299218462537,1.0317797289132773,-0.9765772286670921
6918,0.3004443585825102,0.7965674413932612,-0.11305339166960542,0.1416471720260416
11078,-0.4263590127234284,-0.6776025923807908,0.7069575740844234,0.28861825531085444
21998,0.9622069378895056,0.9381688586884889,-1.040858783294974,-1.279348873641897
918,-0.951576541863466,0.3300951558055849,-0.3812916994577452,0.2468155898807848
59838,1.715442828470205,-2.4190098917399547,-0.8297642157997596,2.172124281503902
38318,-0.1993006406977344,-1.1884460199139237,2.352519601650556,0.061283464652262164
68158,0.7398484132858226,-0.7318797334739697,1.6923156808752169,-0.5762942708009915
27718,1.4033213962837494,-0.21275009481159426,0.5530128873575922,0.8347015054904159
72318,1.3838969514765591,1.3179906102141254,0.05830759063663555,2.3834970345248485
19358,1.344468971816195,0.592277890924817,0.7761044382504141,-2.3117634810141143
76478,-0.8897535045410181,0.01038443266106875,1.2043944901172772,-0.5431520443588675
36038,-1.1838294219419154,-0.578993923957232,0.30629317551258256,0.31255297934639653
44358,-0.12109196405119751,-0.3413950764752532,-0.23189191885841637,0.23430735439178726
52038,1.2550506180817602,-0.2421229563415926,-0.664765744011258,0.5340292267170172
37798,0.9173472607347078,0.8454415752396273,-1.4463120228002693,-0.8260004566979438
60918,0.16464732319359218,-0.6271694415202878,0.1655004453521827,0.746421996314465
16398,1.184551005645962,1.289529640397437,-0.010750728592375625,0.4502300615014801
20558,-1.5245295081826211,-0.6595957989042918,-1.2059454768767526,0.013146981133795126
15278,0.0745257204221694,0.0485438504148219,0.8038423146943566,-1.4610289953742588
30878,-1.155044756860364,-0.21671118409790702,0.5753088652185812,0.8435921466891689
74598,1.421265858060642,-0.5334335122342027,-0.011754739921883488,-1.057642642863514
37198,-1.002221877946556,-0.23169663483531672,-2.0801344309562793,-1.1841540275522857
56478,-0.1242919005575584,0.6911899281429073,-0.9773205038054635,1.5018592616259308
41358,0.7752223967423224,0.017983928004604258,-0.6951866066230913,-0.3960007370029704
41878,0.803580296355615,0.8841087241587804,-0.01856150378471994,-0.18724737310255204
5078,-0.11231817041542379,0.8803614433622471,0.7125708659817552,0.2466187496575806
9238,1.539453920111252,0.5852902129524606,-0.5484212089088557,0.2182873565168993
53838,1.1965354291921402,-1.046953075933511,0.6448945992409487,-1.1327087602433152
57998,-1.0809590466426826,1.1277311108726555,-0.7000543503405846,-0.40161058174924297
62158,0.6254662499275127,1.2995757165290083,0.3524696055711,-0.2523745077536555
30038,0.2539500753646549,-1.7986758739092525,0.3252109104973585,0.8368100635029108
4598,-1.0301022958354804,-1.2851220297410233,1.654281838012355,-0.6902260585845658
9158,0.04225524022891225,0.37757370949300567,-0.6643481722460945,-0.09515479726065097
18078,-0.12800602267702776,-0.32377884131285584,-0.6501077772165805,-0.3448550070361119
42518,0.6695000721054608,-0.043606289693481216,0.35381897059747125,-0.05618481847159527
46678,-0.7793752618203766,-0.9923584742661672,-0.7882154900575356,-0.5612287027592826
58318,0.40522983574435,-0.46470737947595175,0.6022116445933499,1.5921063198845598
54998,-0.5846852703356491,0.878382730057592,-0.7190602937030465,-0.33940133468019623
59158,0.2609046612904141,-0.12147937183465678,0.2623150324824995,0.004636067318456044
26998,0.5495956660811814,-1.2981344410256757,0.06066298813715566,0.6434893795264747
39758,-0.4982262473504665,-1.675510226802104,-0.04408303889566708,0.5148857418851309
56278,1.3609937044467562,0.15537143394816438,-0.27732315386433815,-0.17367233231221196
75798,0.896209665306566,0.12460609553233014,0.6914012943312974,-0.035165824602268046
74718,-0.40644481209166416,-0.007619874381745784,0.23740297843872962,-1.5667770017902007
47838,0.1257356768059297,-0.04790459501390215,-0.6414233917029082,1.240229904747326
56158,-0.07403578952207704,1.1851362846198663,0.36709036676165097,-0.18256789528532882
18598,0.40049049194282316,-1.578136616156624,-0.09361224078754468,-1.7467678109446638
60318,-0.9733196604520062,0.26038726860191136,0.22469572300838403,0.47288278561725533
64478,-0.0536108559645147,-0.4421795543024646,0.8784093554419102,-1.1544236474132954
24038,0.33013197585934206,-0.866754543677949,-0.13476682853558553,-0.07732832604181278
68638,1.6369896233618046,-0.4210471151693424,-1.0101858434288953,-0.708254689039972
44838,-0.251475011763058,-0.4809977851754349,0.43951897737277207,-0.07424137765635105
29678,0.16254792548477182,1.2007183896964644,1.4602351658228834,-1.7043791757415274
36518,1.2260761954875201,-1.2926791771612942,0.4795143568011534,-0.8754239012150995
58518,-2.1984385009232144,0.5704669443247665,-1.607300397318731,-0.32804581439431213
40678,1.2578603741702896,-0.4351680661344626,0.865193384143098,0.819475226546323
76958,-0.7900870156099237,0.5745996855198728,1.0039796337111229,0.6640063927446354
4398,0.5082526164690002,0.2302018846816691,-0.1514950341763485,0.6058573801613214
63998,0.21183588759296013,-0.5431373508801046,-0.05271447435587759,-0.2963948707343196
27638,-2.1489737435002585,0.22035955061964718,-0.18662814608685788,2.203946001980576
12718,1.3495082223651849,1.120514557143021,0.743677159614859,0.4286525787904621
16878,0.24774436931556532,0.19205342950841653,-1.2861091324588911,-0.9650320002899779
2598,0.39340539394250335,-1.7115272580649612,-3.1246622335864838,-1.4580169879954146
67438,0.32540693028847256,0.43008191617329683,1.5938998007433194,-0.6935885627951704
21038,-0.5243512330053745,2.4156734759555194,0.31377318403399634,-1.2328699908208949
65638,0.44577896293247904,1.1255478923996105,-0.6890244723522314,2.051280289469894
56318,0.6198776604735806,1.0836480590330577,-0.06573052954468105,0.39682409159205506
34718,-0.19143352758568657,0.29043561110145066,1.8242339533995047,0.4610317116507277
33518,-0.2401620710482719,-1.608766985240824,-0.9116592327051192,-0.7024713281183895
17238,-0.6540343364497181,-0.09087067119503554,-0.5712872281497346,-0.29183695683040206
33798,-0.560463830464068,-0.088130495191544,-0.17600800789068322,0.4867049421314554
53158,-0.8650486230245811,-0.251464957136296,-0.5966109803525494,-0.9516102240098343
9718,0.051879063416580766,-0.010291426753407726,0.6694256184301232,-0.7255176082860078
48398,1.0618811030245012,0.3095688235560698,-2.433545441388042,0.18696172446340795
54318,-0.9670365401956884,-0.20540594250120567,-1.198137752143923,-1.5182093725656558
64438,1.7363619337286818,-0.9666277727026842,-0.38436321676817475,0.9900862801872573
62478,0.38987396229449145,0.4223043826645011,-0.48331776692220235,-1.5366013168322674
22198,2.6555542623042228,0.6598992613458404,-0.49224508945638895,-1.051306974394403
66798,-0.8804545832617314,-0.9613198802037776,-0.32821350343346545,-1.0162689344440807
70958,0.4510195960354305,0.18617020023001515,-1.520620334005992,-0.7092484148856755
57518,-0.5442697001446924,0.49787263936555504,-1.1257814003160267,0.4995831387104637
50198,-0.4894202677184587,0.9037520881189787,0.43341280774186464,-0.7816282943865107
38838,1.5243915186944659,0.8354182342347939,-0.4787444360391266,0.05255057608660279
2558,0.4963560289662345,0.37783886567315933,0.34441592739899063,-1.1917612977501313
6718,-0.9779868606278611,-1.224435783512775,0.5506706178973526,0.978346242112446
48158,0.9856607681838623,0.0753982006518817,0.5312322074822559,0.8428125220190865
15038,1.162287300185759,0.7540683097543743,-0.12546472008875478,2.6555651352792173
19198,-0.4580148113998137,-0.07055207818716397,1.0754043217157359,-0.2490183326256028
23358,2.6732594198743653,0.07501586904016927,0.3461657561948407,-0.26776858176553514
61478,-0.7646528096452855,2.9749697550625296,-0.8186874036911176,0.054120342556564435
67958,1.011644316304056,0.7263474404437119,-0.023087668949885277,1.9688250485877772
46118,-0.07895062205156433,0.030451364595873495,0.8754350662447106,-2.3783429411774617
72118,-0.588639334699637,-0.380914695280027,-0.6984401317109918,-1.0487347727626737
5558,-2.094524509361721,0.8437275854992088,0.04624100951639639,-0.7121627008508917
798,-0.3434625412921261,-0.8046475561044079,-0.35158648122171293,0.4923731195613448
44078,-1.54482706292021,1.911266445855418,0.17082961963894605,-0.23549055617131073
48318,-0.9651056865239069,0.3147109424869406,-0.15844293672277432,-1.0159681655260755
7878,0.1168327397513961,0.7352951116653552,0.898586992485941,0.3538713462023846
56638,0.295534760417738,-1.1800085931096864,0.11770303748744561,-1.2269232058473352
10078,-0.6615967714426818,1.3401342443406021,-0.6884185061045132,0.14141874200165552
52278,0.03674987734030393,2.3735275739427784,1.3714879144889163,-1.033469447381845
64958,-1.4275334766225642,-0.6065748408705267,0.4764499912173819,-1.1279340589995783
73278,-0.43734311031472495,-0.14835619126904487,0.19460415418227656,-0.4265351150828263
1358,0.6483965861626485,0.964817937711803,-0.5681068824432571,0.40832273635494376
50238,-0.5755748926239602,-0.926293655594943,-0.19986330412800643,1.5057101984838175
41158,-1.1575907715256593,-0.6147671415432125,-0.3249897399055276,0.6048768824046524
4878,-0.6023095608176493,1.989304362258504,1.2971375464077,0.6726745991378972
49478,-0.7667095798786661,-1.1444154162728135,-0.3740694160090681,-0.177339841042442
55478,-0.37376612812225907,0.20258013433535135,-1.3776139493574018,-0.6385441784551654
58438,2.2598152306653456,-0.13705924249642001,1.2535903272199707,0.06356665374302843
9118,0.27421182785308035,1.0601643133756584,1.4081793534522693,0.03014937786621144
57798,0.4499354685097414,-0.3039742808541702,1.2454051627997176,1.5442154721440662
52798,1.3460883888613897,0.8099470420129439,-0.5682577820678353,-0.7802337465118959
21518,1.232073336122403,-0.9077661105065855,-0.14369438827896022,-0.6016740642911221
66118,-1.1880663502774287,0.5543046996979059,-0.5249863055241721,-1.1105894052442906
56398,-0.5156495260288153,-0.43826409767093394,1.7608716276585317,1.1355680099029153
74438,1.7737402556907147,0.5592622479663624,0.5280498764581473,0.8979384902680809
38158,-1.141172035373328,1.0368539911036279,-0.24044551020492227,0.9314586245901207
1878,0.20606998286202088,0.2644642905213837,-1.2710179836057198,-0.47432617109541003
29198,-1.2056324123093358,-1.3519847134299654,-0.40059899918272496,1.0485572273470545
64598,0.3235226277713918,-0.4181684859529044,0.15509675287259758,1.5448568667929516
42998,-0.44398044170806994,1.267712725476408,1.4779462888853891,-1.2242795700522298
54918,0.5219040215311255,0.5617068409572038,0.12444186912717888,0.6296554131829647
42078,0.2743467037653546,-0.1931691290430121,-0.36034589250615306,-0.007259087287279613
30998,-0.48204242480853365,-0.11181226022018309,1.0935500705680774,-0.9122334852308999
35158,0.6611154449438841,0.3643557864343624,-0.2588706178521771,-1.9145486034527108
2918,-0.9732196059720073,-0.1295092546914106,-1.1743193096072195,0.015120767255745295
40038,-0.3075570056648946,0.7753271383985454,-1.548553007540028,-2.012591759472069
43478,0.7932299329344122,0.6969279809775044,-0.22774498206684257,-1.1335634802548455
29078,0.8826053926846738,-0.6116546085344932,0.3870770058235741,0.3052897143254629
57318,1.2689474345319978,-0.37078161875275545,-0.09936925071037774,-0.8940372724955931
31118,0.4664272519660015,1.6599815134954103,-0.5621870959588918,0.17739705151468846
48238,0.1282184148962768,0.9315717277329663,-0.5438927704242422,-0.6946716645293527
49558,-0.9539271187545274,1.1357316039264422,-0.6754912533065371,0.812404007038902
60118,-0.5939095634044168,-1.1959362872211923,-0.28028753284593483,1.3201159685030743
23838,0.2312817765655434,-1.62234500610646,-1.3673095124824788,0.7661167862574038
68438,0.5803661323625384,-0.7478494849717127,0.9397655719261766,-0.9043597835105431
32958,-0.18841701238434067,-1.230907125356944,1.1729017056961266,0.4529324577573518
35958,0.5650233683544944,0.47923017433407217,0.8343258665776995,0.8375639117831538
76758,0.16464532494621514,0.13386037559494796,-0.9231768623468632,-1.6442710252597346
16838,-1.0946965373092128,-1.2005047346534115,0.9947997150503077,-2.0911796532796276
38,0.40216314376167067,0.3145828593328631,-0.8297184813024278,-1.303536238990492
44638,-0.551217876958324,0.12647132650802395,-0.9494638921412099,0.3355174737844816
4198,-0.9464424068807689,-0.46919459614429626,1.272388592259804,0.47952646702303936
44158,-0.3169787851619895,0.44257169243771366,-0.5737254161941614,-0.1289346424724133
8358,-0.3458101717610128,-0.008402755047720326,-0.8177912568579377,-0.5123672625931771
25758,-1.2187846517359242,-0.7424242595852563,0.6908945350801601,-1.5195336224082918
12518,-0.6993486706837487,0.5084907626753877,-1.0104156936749922,0.5193979892263736
61278,0.1713502228208208,0.17976303138615343,-0.9283542591028439,-2.370006782124737
37398,-0.7903396887667792,-0.41505927972951223,-0.7708454100876135,0.05423606002119216
11398,1.0402466131400825,0.8407648390185753,1.0894453808811744,0.532240202442045
69598,-0.4156742464063561,0.5543046011478203,-0.5101733165673887,1.145165110159862
37478,2.069798092674214,0.36772280259762935,-1.1376410023028138,0.48738840124498584
60558,2.102313063882252,0.9712278177671955,-0.3538978514132531,2.0665153633158106
1198,-1.1879235998297117,1.0135963549936675,-0.8550428414640345,2.0683136285839936
5358,-0.44931586840456555,1.3069990766153121,0.07980446392340211,-0.705198153528427
49958,1.1582856324627047,0.41978460653142946,-0.778290738711422,-0.05773697076304653
71558,-0.7585007388974419,0.06891664033187808,-1.4340486383514761,-0.29221280010249334
54118,0.9677949316046573,2.1839638153324237,-0.8860241013761245,2.618562274541967
68758,0.8105467244032849,-1.0193397353662585,-0.1623804089560523,-0.44967904863572256
75598,-0.1298723196824661,-0.8209745018843881,1.2956503925588219,-0.9417720276415462
62438,0.3750785431721359,0.37702557327190445,-0.2673145147919076,1.423163942136653
26158,-0.41401422791019715,0.2712265680901091,0.24077235349973145,0.5965911168308867
34078,1.984529744949607,0.8089002369052678,-1.1057677680938849,-0.08435940705009556
46238,0.9205189777345522,-2.1517988855327754,-0.00910239461643527,0.057086700195589146
38638,-1.0160545173323345,0.5940752327366154,1.2416639723336997,-0.5034708846231607
20678,-2.0620347999732602,0.4317462002328268,0.6128450846970089,0.5226806852956579
44198,0.6104831988583168,-1.648282378087892,-0.08154604954175507,-1.5656420035021024
66198,-0.8680838596023622,-0.41800686467828485,0.9742816096475185,0.24465683871420116
14838,-0.5808786238975465,-0.42388246745314306,-0.8457274709661076,-0.13477360228250862
18998,1.9802882929540926,-0.41346220332844436,0.189956590710359,1.004373571288527
23158,0.9336857319150206,0.11245287520370001,-0.48567058463558654,0.02743337037005719
31918,1.495199711857422,0.5189242412946371,0.8250377167320834,-0.36481470553221435
67758,-0.7947227701395779,0.5274857038303351,-0.3774174067353707,0.17606714170768906
71918,1.579162414777038,-1.124298052849624,0.6264168415465629,0.6454931949238543
76078,-0.9600823475249868,0.287812057122241,0.8358155289529516,-0.11186821476666321
5518,0.32686567124404814,0.7670483345712322,-0.48218856348274924,0.35245300308906663
40478,-0.8815694866691998,-2.2903963127001377,0.3442310452768603,-0.7551970521036966
40118,2.022996428236738,0.8946958677652891,0.7167483982655474,-0.7732691294751001
43958,1.4788988992605208,0.1432270905182716,-1.890633671971493,-0.8835474665896863
1158,0.2651427755716969,-0.050019453981107895,-0.21268410118088726,1.3461523457584297
17598,-1.789840562596006,0.6938720948305906,0.05681162782178569,0.004755182166868077
60598,0.545283228975581,-1.1604723390005052,0.10603077499281592,1.0230929490975595
56718,-0.25124083649716045,-0.1570366470689584,0.09907772883851011,-0.06437705485217235
64758,1.3253211316735325,-0.5616128997582668,0.34956751020087745,-0.35868701781633733
74518,-1.4686574441478493,-1.2781063260503882,-0.2586975606897972,0.28817580687974137
60278,1.5810130098540243,0.2805527198827575,-1.1477241691386033,-0.7659995068603588
15558,-0.02227415731400249,0.044309887692623756,0.5464029340226348,0.8403042496842074
158,1.1910120776408784,0.3126419333947256,0.15754900801570518,-0.4591074088463667
70518,0.7321171772186061,0.06241323479532759,-1.4249952121261753,-0.27916474382355877
49278,0.7807126404063096,-0.5493038819203101,0.07625680653116992,1.6463082432420482
3278,0.3708679410845338,0.3338599847728014,-0.45493299499138706,1.0465142218727255
53438,0.7420526880279366,0.6719689027250778,-0.1041933363456491,0.03206514672484459
13838,-0.1477921350359342,-1.5381101657179126,-0.6069758287302737,-1.6566076831763132
61758,-0.5713707444402184,1.7065941576343933,0.262633831773255,-0.35772814560676863
74958,-2.337326715625798,-0.05019682068772121,-0.4023809788204817,0.031057439396868593
1238,1.150624726749531,-1.4091494066140793,0.39042086250696917,-0.682483339271195
70078,-0.10100588973746315,0.31276291725616046,0.30630968583270113,-1.2514455273475797
29638,0.371040562247874,0.8539291155856232,0.26015340435953266,-2.0256597728035577
74238,-0.39697469834587706,-1.0998236196584674,-0.16351287572563614,-0.20335551665588597
45958,-1.0817610618012987,1.475764568019895,-1.321357186236592,1.0272660285132207
37958,0.18369061372425452,-0.6097294089749394,0.3403525932571352,0.7996061202784854
64398,-0.18779137121276293,-0.29347314380233136,-1.282096722944006,0.7352775033430967
70878,0.3916263133235999,-0.011047588175403527,-0.6098189522507039,0.4679311960241449
59638,-2.769601779447018,-0.419160473657054,-0.5535932680036164,0.7651177030442876
54598,-0.23405054414987592,-0.26790988650242403,0.11531142730074388,1.1663561189045821
33318,1.5028879224510248,-1.2089292402521907,-0.2455978917053742,0.37004548288533895
48358,-1.3140104316048775,-0.7746832461426183,0.35256668790128887,0.19531922669609245
62918,-1.7944737289323132,-1.8940502923546851,-1.3298403824888183,-0.2957794510042126
67078,-0.19102826748869262,-0.22005270233158084,-0.3218722842260609,0.5728170712456035
71238,-1.0150549642025246,0.3491942196407787,1.3920440013051127,1.1363136021887787
56558,0.585283050441845,0.7057182908739762,-1.5162709332014717,-0.6110718035753355
39118,-1.9071381683139739,1.3693342610628807,0.5394141752970404,-0.10205952956764613
2838,-1.008906695323027,-0.8390950699867737,-0.28667179274278254,1.537376093708351
47438,1.2109657571961998,-0.4060172781098998,-1.9601149214141533,-0.16465779650690562
27518,-0.32136405142327207,0.28040183191845036,0.6862734601427127,-0.7443544456193005
3318,0.08432081269908007,1.9021953324551364,-1.0371917858703823,0.9606501480041133
31078,0.3796549035435288,0.22747051042277425,-0.5530767340300328,0.693127390586261
72718,-0.644804665325558,-1.1145281122255908,-1.3042882940869673,1.6807748108715503
51718,0.18385568949349837,0.6284556097695704,0.18845111132917625,0.3165038534859616
23638,0.1663020820791881,0.30770117651185663,-1.0083147970212036,0.9206274793368227
27798,-1.1914296973810254,-1.8713931484460364,-2.705818872761529,0.48457565896913585
72398,1.559272042907389,2.105356360103403,0.33443383373197666,-1.375910672609128
36118,0.45014143100791587,-0.8479807307219764,-5.699690357951456e-05,-0.19270721586727493
67798,1.3898855644561001,2.4396189473151515,-2.125497976506446,1.4105416290776216
40198,-1.055358292316031,0.16072905358869574,1.3445309394256235,-2.27171853889516
74798,-1.9832920337341275,-0.00218555610634528,-0.42530331205180844,0.8926500356838103
48598,-0.13909690444436873,-0.5246743947324588,-1.2251765255831624,-1.8248111331427417
7278,-0.4451614801903067,-0.1336684224850048,0.12218972011914517,0.6273125731652425
2518,-1.9988915651582018,0.44552885104933637,-0.7580696209884829,0.45498460221590087
7438,0.10530200949169077,-0.13246006080827039,0.4319071022994726,-0.39478854554937826
65238,-0.8077845083074814,-1.653727035966129,-1.9113605083588157,0.4851649820822113
69398,-0.7871562351022098,-1.1842161934549331,1.0203315699507134,0.05140474352330546
61998,-1.2201728010167174,0.446050412265606,-1.7694601029159187,-0.39313899969197097
25878,-0.02899719674995488,0.07940820222512955,-0.709639864900433,-0.8831018856701098
76278,-1.609143218320691,-0.32296107608845814,0.7993660441293798,0.06790486531930297
998,0.39514452609848716,-0.8897760276331638,-0.690899512382398,-0.37445338964495906
45598,0.23276896909449346,-0.28562088718464645,0.3919800968080033,1.116695555946158
49758,0.7013436776457064,-0.7226709901789963,-1.1063286716867085,-1.0251741966983041
54558,0.4405855116662884,0.23540737780035054,0.8671019532218546,0.7772682851269995
58078,1.9496818081287013,1.0758628947117983,-0.810635922484138,-0.812281969308608
17638,-0.01563510608650119,-1.3481061953576978,-1.1702603277589287,1.1104507673024
62238,-0.7029486498928247,-1.115576403044225,-0.7874354317496292,-2.077791088657834
21798,-0.23693466991263912,-0.6876441687280862,-0.7630760131160441,0.9093642755884038
66398,0.037977695619694544,-0.7861428061551682,-0.4692045828610659,-1.2100672430271273
20358,0.47256862521587467,2.1263757577153095,-0.6915833822375833,-2.719864273368572
52518,0.45469332906536347,-0.26262229122409764,-0.9739245545216716,-0.388286094059236
30118,-1.0189983394015656,-0.5944163384415775,-0.7579951155001811,-0.9012803782201744
75678,-0.2664005899895093,0.39210609222655096,-0.05726583782328516,0.2561942517413254
38438,-0.6614152840983559,-0.5706440264986559,-1.3919346164191353,0.8034047107700324
42598,-1.05087128068443,-0.9375584981768804,-0.4933970544161656,-0.7314655036464746
50478,0.341544790956601,0.6054836498129732,1.1433937128147968,0.1643587992463113
46758,-2.1203735996156885,0.7897970422475054,0.46740857320412116,0.5552484247046019
50918,-1.9419950052701154,-0.11992611530041035,-0.2367502432778951,0.9981451850528128
14638,-0.11058063511986108,0.1628378941406171,-1.8404149744188105,-1.299331753419236
4318,0.3031805474143896,1.2400612108110767,-0.4820454025082294,0.9032946659951693
48438,-0.5621399896383364,-0.5039815786140572,0.9958479347783188,-0.0010481355717338126
33438,-1.5204549690653602,0.6221101428741039,0.6724007973300226,-0.8939133959787696
27118,-0.1317311565998468,-0.5105666165912764,-0.8491396688906956,-0.2513244051034254
31278,-0.8044051614766795,-0.8708268292392434,0.34313349916897884,-0.45793593074208494
75878,-1.1171051327153942,-0.3657333146362449,-0.3022862173162352,-0.9601808177828434
25918,-0.29165817009969724,0.35094659304864584,-0.5857087335418175,0.9578370145316627
39598,-0.8463272423212388,-0.01672931192277176,-0.030438273219109167,-1.1668163136439171
65158,-0.3055132034453105,-1.0764863123201855,1.0360350256544621,-0.4735047190226205
718,-0.14734220785452404,0.44929361699565,0.5664303078892177,0.47729933573473504
47918,-0.24479931911197722,-0.14793766460672356,-0.2249465437251715,-0.12096496075326243
49718,-0.21648104254435452,-0.37027803496974143,0.06452282839681044,-0.9321995689035617
34118,0.40460040383330004,0.5888019377290977,0.40419917957628876,0.10759124037628011
56238,1.2098803319035822,-0.12746630702311573,0.5174942341583866,1.3938298970939638
19958,1.1536121131371637,-0.828249707857251,2.2973140071464764,-0.2851364375541609
64558,-1.4618752790133158,0.3889826746939345,-1.9552522651210478,0.4016487347501926
41838,-0.011986635891042189,-0.8425511503956906,0.3855634348688712,-0.12159807924135302
55758,0.40883494785820396,-0.6950956723032073,-0.2050919529563577,-2.2464848854876105
42318,-0.254707533839571,-0.21499565561472778,0.39000777221478955,-0.924449253746047
51278,1.0540230371914003,0.3810006152490804,-2.18336029040063,2.6214904427053285
36598,0.3241660501603469,-0.11498283162190237,-0.8836736173533773,-0.5663850006851822
318,-0.1930224000542908,0.31085942823423124,-0.12898721392595716,0.722496053238227
43918,-1.6828265806424394,-0.0039278345750726,1.0134747123000938,-1.0090648723293467
19798,0.31564946400312277,-1.654243915737097,-0.4826573925124389,-0.6377477788189868
8638,-0.8701965604331555,-0.6624154864664956,1.4532262223655634,0.4825200690425657
64918,0.586392438112885,-1.0287102511107447,0.2918250011822257,-0.308402372924664
57398,-0.687420578238271,0.24489486697790838,-0.08895517300549285,0.6308317439302081
55438,2.315407527435607,0.4909745131411337,0.7122834058868355,0.8521591383431264
58718,-1.3949270766243476,-0.9705450393592631,-1.8072032814413095,0.32535894373831376
25278,-0.684866897189857,-0.6230691390341346,0.467950659005144,-0.22497234303203587
69878,-0.9063394508358894,1.1414470413039095,-1.52907652985902,0.7687092203060664
33598,0.8838329954088338,-1.2698984377353175,1.052734513821271,0.7561724190819819
7398,-0.3704558131457613,0.6594053993829039,0.015211422492199037,0.7049824801131246
36198,0.5719171680433285,0.08938487231961126,-0.8002594823818815,0.0716605029566647
46078,-1.2283386477526708,1.0460357866739163,-0.024953409852481616,-0.16003863493301518
5638,-1.6764920112367974,-0.0309765252352826,-1.903705282963891,-0.36061030425829815
13198,-0.7050633093721467,-0.7335770057985788,-0.9102238091914802,-0.5897669323731564
54398,1.1675188358942086,1.5939214896823006,0.6747934533573723,-1.8623135603260523
3438,-0.6967226873443536,-0.08997652131592417,-1.1608526879067615,-0.08501068601325744
3678,-0.3870001879795407,0.8403883812695679,-0.9364384328242732,-0.6008612971871328
26438,-0.881118407220006,-0.30322625207996806,1.755742842592061,0.3980837475718531
16958,0.8823062022786207,-0.09071718362769661,-0.3962295515961616,0.19220696623179684
42358,-0.17419187525023944,0.2355449136996914,0.23573288386906902,-1.0955333822345128
75198,-1.846343302106067,0.8801330206784223,0.35666976871936823,-1.5117099586977076
63758,0.43321565513039434,0.08198396752977409,0.18208333454700243,-0.5206952288391385
2638,-0.4967408850397317,-2.159960235211595,-0.5085470653831377,-0.04418009680559012
60798,-0.0931170639793363,0.25651516390808937,1.068580296556049,-1.7215239266884252
51398,0.5943007075434722,-0.3950215984843234,-0.5664061346091069,0.29137824280771574
61198,-0.3925485968889295,-0.5579295438675984,-0.15648624522112026,-0.0891156977345405
15118,1.4466224579709783,0.6264774478266162,-0.9098849450202898,0.9751191338332493
46958,0.12318732249669102,1.4264082826442104,-1.5272256955823877,1.7112148725497254
59718,0.2729162859521148,-0.10295270862781934,0.5699386008570199,-0.8714879870657096
62358,2.141290021067889,0.017866557499352374,0.24549624272094014,0.2690805675838477
48518,-0.13790943118868326,-1.77201296639235,-0.4182182141786832,-0.4510762688802218
44718,-0.5504588211434311,-0.799180234484986,0.43619068801859456,-0.3157020652024199
68038,1.35621944058891,0.9854942061716592,0.03737039074312121,-0.03981785471297947
73958,0.11555525006799258,1.8655395736195097,-0.9304924136613386,0.08451654365550422
16758,-1.1412488690219735,-0.9298412077867756,-0.7122847399853944,-0.12940863171322978
35918,0.09290205917058895,0.31140335950519094,-1.3836437611996069,0.5315119802870871
40078,-0.1881338331739111,0.32849678674471755,0.020917870131986874,0.8108076030772983
55278,0.9436059501170337,0.007934872720996172,0.5396660497904443,-0.23104556388593114
7958,-0.44141345548404326,-0.4231568847022149,0.03590928293605884,-0.10706433358205476
12118,-0.047555200784919385,-0.3450264330238208,-0.6827858214317898,-1.877733896603245
36078,-0.9127806628249194,0.9335954289915958,-1.339753903423044,0.8731754701285028
44438,0.32254936069044887,1.1238686457239715,-1.4075651210860223,-2.0301740705036617
60878,-0.20932913469670056,1.055084158098562,1.5418175463044168,0.7908033932994724
33638,-0.04643157541094626,0.3347969567481123,-0.682792111622744,0.029067510553809368
69198,0.08844911752225132,-2.385534613624156,-0.6983006583981352,-0.7874094808617934
42398,-0.3286616902880462,0.3230001339844601,-0.11672148445817179,-1.426355958039192
41238,1.1246386532085835,0.4607197436127342,1.0348672052095187,0.42022001786537727
76238,0.031144242236807146,-0.5660482016377442,-0.0010283495046740547,0.563648771966994
45398,-0.41680231438728566,1.6286748276786804,-0.2891005110681642,2.2260089567528913
45638,-1.5413956874148833,-1.5449875439863576,1.1247890153074735,-0.34698746524912516
60838,1.0683748302360303,-0.2610837376400634,-0.42808588592656804,1.0143241478130682
13278,-1.1008585754902498,1.9666224242137607,-0.08930157227657681,-0.19273251530210742
17438,-1.0424451478032102,1.0758189858780405,-0.8058242534005643,0.11414526714041683
21598,0.9107426309687389,0.009597850273725644,-0.9279263178937186,0.3983498248641707
48558,0.14978078114599855,0.7439594337239189,0.30083856769945266,-0.489121782862247
61958,-0.1121754248257839,0.33597208678656165,0.6798515086115094,1.1471580139107826
29918,-1.142097766907299,0.8246978330977696,-0.4230265831969995,-0.30991657612908174
57198,0.15742066611748762,0.31706132623467154,-0.4550184220047085,0.010728647351683739
33998,1.909997857385028,-0.17096391789377666,-2.12854914353493,-0.9603208346704674
75638,1.641652665749978,-1.03805149022616,0.018752311824753922,1.146937579679166
38238,0.4402961777071807,-0.43196670871689713,-0.2778110922194636,-1.142181898600854
70558,-0.0441139191484229,-0.21393546241374187,0.2700207679274385,1.6588469737965974
56758,-0.04769317159200883,0.43093742365324017,-0.028488067767700954,-0.0314089966648607
1958,0.5376077761367618,-1.1795991533657555,-0.2134948292642197,2.232682616076839
46558,-0.9386822034203994,1.1163931053519294,-1.11434820701558,-0.8074185003890274
6118,1.3670126518365515,0.1713394187991341,-0.40264123859008444,0.041195920979799336
54718,0.6061918907174029,-0.07914137298241446,1.3174832133429606,1.074168650871329
67358,-0.6330699640054586,-0.02673651699316561,-0.28905901677433893,0.1528745375070704
18678,-0.8920007810925075,0.18192548218421786,-1.403176222213076,0.6447614238903424
42438,0.9396450201960559,-0.6719277498119491,-0.47509574182822106,-1.0003946699937674
3118,0.6487696989491799,0.798591248103343,0.4195312952744432,-2.2815942775984617
47718,0.6128238306751927,-0.7434090210025154,-1.6546950968739855,0.4573487545451051
19918,1.1612476310165882,2.1947760591888543,-0.2818054751563302,-0.9290577358884381
60758,-0.7289318654697112,0.008507581542170715,1.1331826950535564,0.49118140576846137
47158,-0.20123345673676238,1.1371546363958644,-1.1612732841907205,-0.004219465668273814
64078,-0.9483049595620118,-1.1171208816559808,0.003849058481196908,0.7102787368136242
7638,-0.029775003347930918,-1.2872575417964212,1.2425482698682666,-1.5850956366306812
72678,-0.5288005017480362,1.0207956348684284,0.138015762140949,-0.2032125430304958
51238,-0.2925528040036813,0.6281041196393075,0.0027131574682409017,0.2817172631567317
36398,0.7707275893537754,0.6520832004912287,-0.33822819692593986,3.0832945537754695
68718,-1.4960460026528808,-1.1389343063725574,-0.3976133878172252,0.45450533661092535
40558,-1.0340407630647792,-1.0794991983367572,-2.9849550891535044,0.2305999468003635
15838,-0.7821295874661591,0.3845741297929831,-0.388218731720088,1.2131690961856643
4278,-0.7866218107030553,0.025540524447880335,-0.5072071944681652,0.1342217641309871
48878,-1.921293883141848,-0.7105870402471625,1.6194756941053847,-1.4451522440761242
53038,-0.21369026540192582,-0.8561999755345118,-1.3990180620415393,-0.957531862298377
58278,1.024286385111178,1.1848013072153962,1.4561559431470612,-1.170030774122088
3558,-0.03397865114228182,0.5161224152787622,-0.02567676753155378,0.03600365597495619
20918,0.08818089825550646,-0.1291539634564617,0.5204439983046285,-0.016983875091135244
65518,-1.658638487924788,-1.7505079890699873,-0.49079044398484034,0.7404832680057313
73838,1.0308029429603278,0.8411028246896787,0.15391338157169462,-1.356966769804989
29238,0.6214239258648618,-1.3499450214271878,0.3132312287450162,-1.713896165327927
33398,1.2922511494522058,-1.4727046296088593,-2.414557662645264,0.3324213993636334
52718,0.5821934107169167,-0.5110152597630157,1.3196996342534157,0.3835731123031209
17918,1.5053160989623091,1.7090622019743034,-0.9785868966018958,0.9940579923619243
73118,-0.46350032944983227,0.9436160678155684,0.6197591220685638,-1.1298734774671586
45878,0.036387318578929906,2.4033152139445537,0.31784902472955656,-0.9502427254465501
57598,-0.7852300862370254,-0.8797863078448197,0.788124792048197,0.2836354065857319
50678,-0.5635496156052678,-0.3971748259355237,-0.57482594882829,-1.807184089102558
54198,-0.43801637130479787,-0.0148733781331813,0.5087672749887094,0.6054252472751915
31598,1.5501396205000892,0.7075387723934367,0.027085992151799146,0.053898347173690346
58358,-0.7206263188681901,0.2920615892122322,-0.02826203143119761,-0.27456343848088
50038,0.5635597240336633,0.3836026699433258,0.45837736381377153,-1.6366478546017964
22078,1.5735153347548123,-2.4765220308270584,-0.5300442412890316,-1.009304204590875
68478,-0.2780913008816045,-0.6620297108768707,-1.664750512583506,-1.2370279297959847
66678,0.0550435133542014,0.015930980211311323,-0.4185028482259036,-1.283009482994898
58878,0.6179258756942984,0.5388610293122226,2.1170972338142717,0.10017695100847551
70838,0.2506175314706172,-1.0240150258040581,0.8291845901105663,-1.292253668628942
74998,1.7066433724514642,-1.2016514422970266,0.4014444713171536,0.09197156606638475
38718,0.7403328939660411,2.652435694029769,0.7499742308825381,-1.5295023725573524
41558,-0.7764097641594565,0.5814492553077351,-1.906789429727857,-0.24511058511874173
46598,0.08067897183607621,0.5312588426782731,-0.3818828813477764,-0.14787866225992502
51198,1.2889954615071173,0.5081179216740418,-1.1541948192647824,2.2606832191674453
26238,0.1209008769818262,0.3361117725142955,-1.559917970666513,0.2140837175952639
59518,0.01974601595626443,0.6346613869125833,0.42577744432588877,-1.012690602804495
54798,0.5471820821315707,1.7148855161684462,0.2060590469342684,-1.2795120001539346
67838,0.22453561117331503,-0.24413494915732323,-1.0070095480950132,-0.2787395551668347
27398,0.030674945421992686,-1.187196349188489,0.34967691457485695,-0.9425033392993903
71998,0.08523228455678913,-0.27801260870076955,-0.43016917250936265,0.20801623309740203
31558,-0.6680173615370377,-0.6808982275345128,-0.5267123129439821,-0.2592910404648848
66478,-0.47332675970839533,-2.4325455981334434,-0.8538322958929806,-0.1800938958692337
52758,-0.8619857994974314,-0.02643767629862031,0.061372885723511045,-0.7109768283914807
39878,-0.5015276861890458,0.3029436813560545,-1.4416607941796222,1.7711485253660986
44038,1.8871098816120004,-1.2081782962529715,0.6786199558864713,-0.1014608705953932
48198,-0.6355588694767212,0.43968770248003,0.7014829907852382,0.5110109907038466
19998,0.3132466267287455,-0.5263846281225811,2.001820780607622,0.6832755756934079
56518,0.49354279768970843,0.7383247269835356,-2.5138694064105467,1.447750219586941
60678,-0.367848360439315,0.32859903448478517,0.2463754000438521,0.024077477309402295
24398,-0.01956074872951638,0.6967657158131667,0.24767961713643938,-1.4901820288075018
50438,1.6637738364842605,-1.034105028615279,-0.45728162609745127,-0.5488422779144166
28198,0.8958929527256241,-0.27484588277273997,1.3808940789629058,-1.4584839434815255
73158,-0.00900225965781516,2.520667098290422,-0.11034784566810053,-0.8245155234614118
36878,0.9781555095710448,0.8134665488143921,-0.38568491869054367,0.09059053377064809
44918,0.3192603968135957,-1.273258706280374,-0.9457226805193367,-0.16000682588374865
43398,-0.9993749713250462,1.4053509392963122,-1.585813313521884,-0.5831205288266341
56878,1.187432401500348,1.5746980484494553,-1.1912457204935845,0.7065756020322189
21718,2.2617105805993423,-1.270379149657548,0.25863821880188387,0.6962739241238547
49358,0.01815087621190127,1.1494444615557975,-1.892564231758976,1.1678915752465011
57678,0.9858315361425537,0.04659876692220362,-0.5684246048909082,-0.22027879131262146
59998,0.6922546092791458,-0.8898128280373108,0.6966639573195248,-0.8780432953384315
54838,0.1816553854766614,-1.578367039121071,0.2610997614733189,0.25860671768513965
65998,0.05918338685118646,-0.7354907821751253,-1.2431443820644466,0.8830021449359955
49438,0.9225333809358798,1.1678732287101656,-0.0116550069462891,-0.32005846644148356
29718,-1.9052498554294925,-2.076445076710324,-0.6084161241664259,-0.4879540740393096
74318,0.4363037356871441,0.5818870013991634,-0.1447511248885822,-0.1375792716038535
42558,-1.2197100852676737,0.06726502486336605,-0.0951363419807891,1.6264865816397385
24438,-1.03844392438591,0.08899147206391589,-0.24113095243106608,0.9829085577183404
5918,-0.5071028443946936,0.40258595251667867,-1.1960402165680004,0.8952799595881286
42878,-1.600026471167235,-0.14436044499375167,-0.9640669104403945,0.5061213220314703
19678,-1.6233759452601544,-1.0352046524569207,-0.02224300769913586,-0.33703758280127327
23478,-1.9285238360787746,-1.262876757856177,1.047319204732128,-1.2865019189033415
50758,-0.04654654178516146,0.618788384506669,-0.3884319244903336,0.1387797927108901
58838,-0.6719739319478236,-0.5699402521936316,1.5921616124355795,1.0540443242148174
62998,0.5892725122589821,-0.5935290453530282,-0.07292674196970571,-1.2778563605652125
26718,0.26402883429377866,0.06374572529520711,-0.3760222573993682,0.3087231659528123
58958,0.6990112068683869,1.0446643084823986,2.271179415002734,-0.9850874988068945
35038,1.0530127133169203,1.76792682434274,0.2622405909099373,1.5047904744822678
12558,-0.7052176358796179,-0.988972958320822,-0.37121335447661274,0.3802328561906632
15958,1.1699135053268042,-0.4380983011500069,-1.8497738747893562,1.4421347998355576
73878,-0.5393115207287978,-2.696660538621597,-0.6963996924392363,0.3190381728757453
31638,0.025805006956561696,1.1312732011140656,0.008440237191176864,0.5079960160860583
19078,0.6289880744209364,0.5737437144279591,1.0250027461744695,0.36888796541958896
55838,1.1762897731607092,-0.4197597508440779,0.5167440071266348,1.281552014592345
37518,0.6150937890646228,-0.10647352819758646,0.8453291823155643,0.0866803361080627
44678,0.15683894504777113,0.7928885201581128,-1.0628935815251457,0.12982663231034108
19558,-1.4290510302378125,-0.9562613567550438,0.07914013692479735,-0.5370519433409824
75358,-0.00663712157699126,-0.40763974284654936,-1.273707124098086,-1.3860540799080412
74398,1.4224960868483343,-0.10805922650728278,-0.706154037440996,-0.013013904137249397
27998,-0.23738163445882646,-0.10283065041706095,0.527307357040832,0.2992956608795469
72478,-0.4473298763332962,1.0634061564262514,-1.006912936205295,1.4842060399489638
32038,2.8358543610404983,-0.5621494467435498,1.5165904964636343,-0.030785175226698897
76638,1.0002918847258793,-1.6888163751100982,1.1907051855695079,-0.6508089757080605
73318,1.2114804045677092,-1.0827058018265476,0.350743215090488,0.08564427457504911
22118,1.3828513575135675,0.28525888792607335,-0.6440452382233537,-1.122712048837339
46438,1.7223661278322924,0.2918737624108823,0.9275604403233522,-2.2754182143098896
64878,-0.06030475674534512,0.63422596832783,-1.0667173718145757,1.16834297923811
48678,-1.0626750274772545,0.37787032023527073,-1.094846445528965,0.2411784766076749
13718,1.4247887422178902,0.7197288695405494,-0.5979806405744313,-0.5333093263736199
52838,2.725023573016381,-1.5225285202219296,-0.6086766818620889,-0.893434703473304
71278,0.8124992561383902,0.7856843525049858,0.4107566065917786,-0.041229393131571625
8038,0.5741993761200064,-1.3959462065357238,-0.7643201007709032,-0.2762955132879377
61158,-0.855368379569829,1.3312056311789815,0.047974356569196505,-0.9084054405590702
65318,-1.8883068437395685,-0.17442948342631276,1.6277283810657857,0.1586437136110261
11198,0.17923476777618955,-2.01807930972783,-0.8232330913012731,-0.8652768987908662
69238,-1.0796074654682066,0.5109973648610321,-0.39761451330024355,-0.023752281154476324
73638,-1.2327873971016636,0.6713466869917027,1.3173807816077026,0.8405542737600054
22638,0.126862525900111,-1.467843565092725,0.1081638244785598,0.5511079815234562
64278,0.40294801132512803,-1.0165016270984875,-0.2913761850696154,-1.7647544437267904
41518,0.3280593280576669,-0.8713013129781468,-0.014616831330544765,0.493210475156486
72198,-0.5999121627962434,-0.21867032623590418,-0.5073322136507153,-0.2737516061946143
5238,-0.5732990360531968,-1.005194074353906,1.335082633696044,-0.8696742660139867
46718,-1.032177648967433,1.1243942220088068,0.9574514278981323,-0.35596458640885287
49838,0.41327495743585424,-0.3641334637015017,-0.34758154456780005,-0.5581587311382272
58158,0.7229648714810533,0.04876726389879143,-1.6465789761940055,0.7559891151609132
71958,-0.15219365719671282,0.45408107235176315,0.033602966566563815,1.3134626417966302
75398,-0.5251732076249718,-0.1652119937459482,-1.6002300649199515,-0.9859018130837098
26038,0.0028679883932295567,-0.07054443023600067,1.8434696021498245,-0.33008683209867484
17278,-0.849813787290992,-1.0610626711542481,-0.6615777876901338,0.7356213568670072
34358,-1.1971047029569353,0.2345446087990924,0.07005258678701383,0.8576637103042529
38518,-1.0629613723111357,0.39094587619273696,-0.7238529885974949,-0.18946439376078278
22158,-2.9122260557410926,1.383346854306234,0.3112152139389675,0.6251518362364222
42678,2.1919324195060423,-0.7157380749903619,0.46257864395379056,-1.4305328356267843
6398,0.8289741283025791,-1.8217897747738563,0.8104868698453767,-1.7461684647148936
10558,-2.339560654226495,1.9905629650173924,0.9170724334757728,0.7763299725779648
7758,0.7491618157236277,0.36957888405410816,-0.34905071800979914,1.647680969066881
14958,1.387212984991886,-0.30079694919330496,-0.8971778166852149,-1.0508139783512978
9878,1.4786551849121745,0.6802770999767291,-0.0013881240850920564,1.900122853933413
63478,0.5285057000294646,-0.639315222849871,-0.6864906612775445,0.58294411039157
27198,0.8799657367250279,1.5057338913159761,2.136206216677406,-0.03741891746971402
28318,0.4124218115879428,0.3203460865580156,-0.4106883208298631,-0.42950165053330885
11918,-1.1861068203314828,1.753609755552936,-0.488414441161656,-1.3470103886976936
43838,0.21306225106304721,0.7810333143591989,0.6683871695862015,0.024859639284502022
30358,-0.2453692208793616,0.655018303808421,-1.3204378810139639,-0.12432062145218006
19398,-0.23836058995751755,0.31459429451104154,-1.8242711360687014,-0.5743413831536572
5798,0.8835170387301592,1.5830990318658593,-0.5312651191424417,-1.1118664446364093
11718,-0.5926191644218674,-1.1783163342726464,-1.8775061634932928,-0.40015736455577766
24598,-0.4095511866008681,-2.2837380546707347,0.4598135589256113,0.31611125763031644
15878,-0.12802509731804165,0.18171616325150522,2.6912457089009405,-0.5118616035472582
59238,1.4631285817369108,-0.37701555485833216,0.24991820891460972,-0.16272562132004842
64638,-0.1305986526619089,1.546288282539237,-0.4400334831907259,-1.374577604933442
65198,0.17978615600629233,1.2753730836260626,-0.9591233863421037,0.8571589431069154
30158,0.7364786966052327,2.6283308310997553,-1.0963971319165677,-1.4653764063091061
57718,-0.38156243677546037,-0.4102750480972512,-0.5736446912513108,0.9635575082699614
36678,0.8213581790197492,0.2644782460425438,0.42338986495790387,-2.230671498929977
59678,-0.09569048557751192,-0.06363494547056282,0.7051824787554511,0.03500865350136633
52918,-0.11988974764253187,0.6589025884727663,-0.38356103399953817,-0.262825482040467
44998,0.2181390963609342,0.6384702623558928,0.7476795887079533,-0.7424672971908463
8718,0.1883352839020678,-0.006270778144178368,1.374122804955723,0.6721430949861968
62518,-0.9562404330475028,-0.5925303069590256,-0.36980718630972137,0.2739731897411205
53318,-0.3307386412698851,1.2087863738557931,-0.2515509880023705,1.2116221517373675
61118,0.5447546997262233,0.6305761269191866,0.28412050626705504,-0.08997490742451374
61638,0.7062198729434003,0.07951994650341286,-0.2592847473307569,-0.9410263883159874
65798,-1.6877471197452718,1.1583278061728155,-0.7908191908029435,1.6970905681700321
53118,-1.3252068876014,-1.2309276585897058,-1.2557561486707014,-0.49550635455785397
53878,0.3406718803283131,0.06782223051762763,-0.4213680657935393,-1.0469049713844998
59078,-0.39307960895469995,-1.4003645874240886,0.6879809738690947,0.45204718560638996
37838,-0.6276641304947794,-0.9960574295022728,-0.28880854244039106,-0.4033351917899456
1558,0.15053918840303948,0.07599823398861898,-0.015362303058724533,0.24181053996853455
24478,0.6181438829881566,-0.6761844412848121,-0.8533710333797596,1.988773867327498
5838,-0.1978673877038906,0.07831435244847257,-0.653012128727671,-1.7417360225826295
54478,-0.2462953723851727,-0.8138969711305571,-0.6112787643916041,0.8042253755282219
58638,-0.4141180466122879,-0.8563659051731658,-0.10589936542337766,0.18468398149095333
62798,0.14803191568656673,0.42423024378474916,1.8670240113352454,0.14929906295817466
22478,-0.7372915806016465,0.08060217257786247,0.6751186110501092,-0.011683493895098734
44758,-0.7379167713854994,1.109380721272552,-0.5617639716627553,-0.8851159076553091
71118,-1.7648191341661668,-1.6244240415701954,-0.6450399836000232,-0.0992163951671445
34838,1.3769490966103,-0.19430430634498924,-0.2198866698809393,0.49252863198970925
46998,0.3523671705199485,0.9519954130319803,0.5394337130239116,0.21437245732563298
1758,-1.567045360057905,-2.1044283606203296,1.3543893670970877,-0.2885636064680546
6878,0.41704750701142423,1.2848489578659659,-0.20837349234179212,0.9136077652547989
15198,0.8508644178772633,0.5814028467425981,-1.2802440466510772,0.4394282492656184
11558,0.3165328773403181,-0.335936329261131,-1.4369364863083731,-0.460171576333418
30438,0.7800409873931722,-0.561565947443375,0.8185787125858701,-0.19859297193888517
32718,0.1481215325478824,-1.1018729865488406,-0.41171596490338896,0.6167232142171817
27678,-0.4870171031302698,0.039825582410883915,-0.5889639554781236,-1.9269244974393247
72278,0.09111921127638602,1.2293154555351389,-1.3723506640027652,0.5027501330801568
23198,-1.41229174826632,2.2215968704218767,0.7112072000607687,-1.8500582067343994
7918,-0.5845132198034246,-0.39130757396714966,0.19855148844904189,-0.5545946985228679
44318,0.8503292314825531,1.0084964265089504,0.4459689271508946,0.013763526543880017
3878,0.8185333065167983,-1.3132197040348355,0.41703998715349555,-0.8884264780214994
48478,-0.5709523118145282,-0.7887827473295457,-0.7296334276875986,-0.45795280890852424
5758,0.3451584245240339,1.2446321798654363,-0.753045005441096,1.4966465460259748
57078,-0.6988628374433627,-0.2357842655400207,0.44642673331045063,-1.315080148789033
15758,-0.5879671198730475,-0.9006556147423184,0.06184566111082305,-0.5581691692677846
56798,0.5859317832050573,0.012571706282789995,-0.4149551135184188,-0.28972755212941337
16358,1.0931521078735353,0.7845213928753969,-2.1352205460707596,0.6495371252897942
60958,-0.782897008730163,-0.7205598096390476,0.446711322228642,1.5557771988060318
65118,-0.08297740535252499,2.2396190711312918,0.025513292749724092,1.1489249950420177
24678,0.7878088747219617,-0.19912355142505575,0.2714375078590968,-1.1728459342149007
75518,-0.5988702575649312,0.24734219060561013,0.600660721933192,0.2875268346657129
73438,0.7307430112015595,-2.376401749372609,0.9865664057830779,2.007281193831806
37158,-1.129146791051693,-1.3038702641967614,-1.1627308993255732,-1.1808502096228146
48718,-0.45825479573225997,1.088636667028802,-0.05251297660500344,1.041837104904933
46038,-1.242716377976055,0.5953006657976752,2.269114253180392,1.1726360136099927
63238,-1.4360521208825483,-0.31409217016741675,0.47734975285519526,-1.0643581614604047
5038,-0.36954533549804885,0.5308566890255537,-0.9337484869727077,1.0725455098141399
9198,1.3118072291352283,-0.36013770795463035,-0.5015069220997601,-0.0673457565412127
57958,-0.9298145822986926,0.24492255997634496,-1.0902317511897925,1.1206441229780797
20238,0.24466437663757987,-0.4816984571210142,-0.2910558905741198,-0.26564955225187864
15518,1.4373109656774377,-0.7812218795303115,0.1926138008497714,-0.07518128972221041
26758,0.14809214634187756,-0.47941889926158304,-0.7768558948434897,1.2215865826418464
45198,1.4404920073427543,-0.3274502548028316,3.0226979919813934,0.1411315029452993
35118,-0.064017669944867,-0.5009141008833312,-0.24256897460945528,-0.527115103676964
18198,-0.5505950360889578,-0.07071016498881046,0.3048016426726023,-0.0705016637333509
35678,0.38133825036586233,0.9316022599413959,-0.45459581896865525,1.6814880205273643
42478,-1.3198892764193444,0.21628591518007698,1.0293750349342345,-0.89910469066206
46638,0.1698793061211745,0.5680185554732999,0.4550092595418296,-1.6994366288725289
57118,1.1456232893186966,1.0129811177495214,-0.34519423846410824,-0.2556079528750481
54958,0.8073821360364848,-0.06896825570819039,-2.2327553145768197,0.43477919774236756
55958,0.19003285747458978,-0.12078023640852537,0.5935957348212895,0.21284416828863728
59118,2.1537655540914935,-0.18351174693534378,-0.5446071149663458,-0.43033310159449395
63278,0.31516882061197354,1.5963204924311971,1.1331038765903774,-0.41602930557587053
39838,0.855091348559073,0.9884868913386333,-1.6797434094864183,-1.1020389304105769
55078,-0.4280856428591771,-1.5865662744577291,-0.9166254105621813,-0.1897921592423225
75758,-1.2548999184180083,1.0563066696027947,0.09075537293836258,-1.3567978003894159
39478,0.03894883924401935,0.19800683147826137,0.7595117279705543,-0.12000146126003763
73518,2.250218309612842,0.07100934397447725,0.31350813538913475,0.04569790657817424
7358,0.7160184492172355,-2.412145256251602,0.8386496839439156,0.3640432079620395
61798,0.7354413295481127,0.7127651318742234,-0.107487398003473,-0.5613774813416792
25558,1.266213362040153,-1.7037065466851633,-1.4572567017247167,0.7255278680993161
15678,-0.8438501319515007,-0.7887624094260691,-0.8657779059452857,-0.9899467952875316
38878,0.12288105438722297,1.4033057182966076,-1.1601314380178511,-0.7878922913307318
40758,0.8920352354001888,0.3679753546653874,1.5193139258968558,0.002901083757553953
23998,0.8051719024570568,-1.6539978509652222,-0.6049598958494244,0.8319485068561283
28158,0.014387797685203249,-0.04283400267805379,0.3911234508710676,0.45880705530201615
47758,2.062389715654474,0.46844245945667795,0.1531055605520951,-0.5188671814316566
28478,0.13716557897589762,-0.8603120028595385,0.5973841989285642,-0.8531244690869159
40638,0.18471367536227973,1.062792059817802,0.038606274249240846,-1.438033228300441
198,-0.14918392472486264,0.17343443423195024,-0.01992041315298526,0.280375103174919
44798,1.3641192017240273,-0.05982008261417054,-1.4628368340557227,1.195144914182559
24958,0.4453748627133611,1.3999615426873129,-1.1935567307184896,0.8677522818664445
2358,2.535291867047436,-1.0747636839717685,-0.04350095622736684,-0.8038997547848149
57158,-0.03167295463521431,-0.3769742809340579,0.9105420791960761,-1.9845587646630423
38358,-1.4036957187002463,-2.151844585856868,0.4941548114109529,-0.5112888703922979
66598,0.459989652370617,-1.4071048558152022,0.4492279515330517,1.6772717338243426
61838,-1.5788867892074108,1.384406441477636,-1.17640289044857,1.0794024509465283
25158,-0.15132523479367924,0.1291008595867511,-0.21284458801685197,0.03449041403384384
69758,-0.9589809269365573,-1.174408776306789,1.3663948984659657,0.11815202307308428
3918,0.30217650838838145,0.463405676178257,0.6771640352634094,-0.4434949922635551
33478,-1.8357621120862517,-0.19939234970861142,-0.4305334169283833,0.0020905712695400186
28958,-0.5273414615086067,1.085948556328281,-0.9688284131050857,3.0170637092159978
6798,1.4767003514729162,-0.29125983760537394,-0.3770574309330995,-0.08994060344756818
63318,-0.7619855214545778,0.23057951959063738,-0.7785052086189143,-0.2614614618299223
9678,0.4938456549258363,0.37892422055159597,0.08854537268669978,0.740571943339774
54278,0.5047642202735321,2.316531109406187,-1.5639659620274067,-0.5290652686166132
38038,0.9540633452993367,0.5280403177595596,0.004799349581485396,0.41115749916195776
40798,1.182917190966054,-0.6768455127310353,0.5082940968734122,-0.11341251315897333
26318,-0.8221569852273775,-0.05863338658877108,3.1298220081003794,0.8337670094051735
41958,0.687298269435749,0.09669861950007899,1.5513642586702467,0.15121085691487482
18278,0.396583904362918,1.0335933660038652,0.10327080921610123,-0.3494938982183256
70158,-0.05790792684966228,0.3029714798813212,-1.680954923542588,0.6178092076135734
42958,0.2260324422618066,0.27437194899035455,2.3702445627581934,-0.5407668620856368
65398,-1.6235127426517015,1.621022877428297,-0.25209167404049543,0.4896432523018377
6678,-1.0050244931015695,-0.1718827403527723,-0.37219845161032605,-1.744391641520433
10838,0.25645414645177655,0.5436527426850081,1.8974750324502037,-1.097466537247467
26478,1.0900244848872827,0.23623021914116563,0.17047382605296582,0.3417444604103811
19158,0.22812937414681525,-0.4239668999275496,0.17383920252907636,-1.1734023524214925
23318,-0.4200237934622109,0.9969848042591968,0.21193944858053415,-0.38420633384119746
67918,-0.10723169948366876,0.266652582957552,0.7354348903971851,-0.9331697607200813
31038,1.350102056899864,-0.36785603740798106,-0.032940821951383766,-0.026991488592289743
72078,-0.5881311839226993,-0.22139149022176552,-0.3283108658620751,0.03253947686044936
24198,1.6740044270959107,-0.8577882770216725,-2.3453741900012552,-0.7169560518674054
35798,-0.7843313149520484,0.49525587726970327,0.20121314824295355,0.5655171764569408
45678,-1.3592771949009061,0.8412789117976273,0.07973653647615633,-2.1241152616653958
39958,-0.42466569535923016,0.4879109153265623,-0.07394187487150057,1.3594532723030337
44118,0.6502318208609495,-0.40403568792775824,0.5576536126893916,-0.12425758069361037
48278,-1.487605303931336,-0.4585271017967696,-0.4867198143194458,1.8298857450931139
52438,2.4808544635639027,-0.04462127743596852,-1.162509272050835,1.8731309315046947
56598,0.3539303217412901,-0.30339702551312125,-0.38459566282642715,-0.04745478671804333
878,0.31936804494540316,-0.48970022125945795,-0.20826236340244697,1.2400967919403214
20318,-0.053363774695539365,-0.20809980421369412,2.0629189867112583,0.8936970125578906
45718,-0.7463216756200144,-2.068775920468528,-3.024507261432385,0.34777038054209286
10118,-0.2600257048236179,-0.9254363915262521,0.04698860176758405,-0.8966213612760141
69078,0.47543041805322434,-0.2602599804795014,0.33759392742980104,-0.15249519142219597
36958,0.2652318294947827,-1.0845618121650955,0.6261119887493948,0.0007354094447729276
19318,-0.5308876302033106,1.2252444766158086,-0.24369449188946601,0.5351616887291696
38798,-1.3481895329646183,-0.1470476435854541,2.0732555647094615,0.36586653921849055
45278,-2.369292128402996,0.7016116287763506,-0.11163796548414907,-0.6743216822368188
4838,1.2484325068777353,-0.24553663406502124,-0.826083463850076,0.06761111759798182
36238,-1.3905045457949192,0.5051368200503873,0.7713725704139742,0.9158885998362892
8998,0.1946250461815015,-0.32682381009076505,0.335515332817516,0.5778545974396554
54678,0.38778285530102763,2.783223058263151,0.9351347159745425,-0.8525646171075164
13158,1.320191076597115,-1.549615704488737,1.773029933613222,-0.7536363047455096
26518,-1.8887928788838055,1.9546136577925066,-1.4947455398648528,-0.12698056144511724
17318,0.6074909924381606,-1.6911193844957229,0.2677139154441957,1.497269618302949
37758,-0.5088181654579315,0.3424075522798577,-0.5382119946496674,-0.27595595267628026
21478,-0.3624271618181696,0.8906569977021622,1.2978053691717009,-0.713102520721703
66078,1.176493583268857,0.02951728069246775,1.1069628814505854,-0.27808791642588676
29798,-0.640354366668306,-0.7043068083986989,-0.3621718022826469,-0.6330330435984903
55198,-0.012599325394412999,0.09921987026469802,1.3025767541166795,-0.6630996754232886
33958,0.9648490394669325,0.5678231337060646,-2.479307064814901,0.7405321144842054
63598,2.0433199674383866,-0.9375175033265395,0.9677760135206821,-0.6383922125193902
38118,1.312982818852916,0.33697009026491687,-1.8543455024588587,-0.7666897201393249
42278,1.2369365495120315,0.466359885022534,0.4043603092254727,1.4961741196694813
76158,1.2709375560703544,0.13936522756464723,-1.9003968129042612,0.2534104383191054
18758,-1.4208570445042106,0.2679506652404924,0.27254535594158064,-1.5243027594456573
12198,-1.4222984422217542,0.4002232555289559,1.4459416838103911,-0.9562261983968102
54758,1.5952314628773572,0.028274715380974084,0.3999143770381421,0.02430713509542903
58918,0.04375130105065263,0.14873780754467567,1.2473732409278844,-0.04325120751869446
63078,-0.04652896569525906,1.455838040881265,-0.04804164667432583,-1.6612349263382162
51118,1.8882448171676929,-0.4122831581928485,-1.1424750879129644,1.4183946561567207
26798,0.5576772929882108,0.1526459088647466,1.3653815398095275,-0.6705847770923444
58238,-1.3099353874394173,-0.33267059370998775,0.5153733427180109,0.7952650922937943
75558,0.5860481315906607,-0.056814149014976195,0.9113120818549947,0.04053216298301856
32118,-0.6750974100873609,-1.4406351766939738,-0.675936605558327,-1.358726245269196
59038,0.7876046787731885,0.7395698951776168,-0.4793352509056032,-1.987589027178766
49078,0.4550433062499425,-1.0137706949953431,-2.227004853646092,0.020932719224316904
2998,1.8332411123858279,-1.0708170043444987,-1.241706574018881,0.6740262149094508
76678,-1.0356973551915134,-0.28431131912361873,0.15089757346577562,1.0328803560102267
16278,0.511563354746814,1.0677283742603318,-1.3733702940744117,-0.030304807493582258
11318,-1.186843996031718,0.6899829274882483,0.20465274780128132,0.27354138871840106
76358,0.1259940219915117,0.2452902989581043,-0.501585168984376,0.05734274200457782
67158,-0.7362036839390853,-1.2067376575831665,0.142976676861991,1.5079678993560854
27958,-0.7447912194432493,0.00220949339199583,0.3718471901162512,-0.7370485537733845
73718,0.3833875201850744,0.5993267059463101,0.7234239346636737,-0.20681552164817507
24518,0.31683402158926965,0.6252168438345082,-0.4752458432725722,-0.1930900667563758
76718,-0.6232340484209519,0.41219207562117816,-0.17395750919837305,1.291360524965196
53958,-0.42967961747520467,0.17711591661499915,1.5199854706096807,0.9115030712751202
69998,-0.7793457788871682,-0.6414396245610767,-0.1651865336479439,0.043252473233556174
52878,1.1324958517238455,-0.8889695858463997,1.9749780470471738,1.3540196863425824
44598,-2.0934824981079823,1.202956148315927,0.7561920685897797,-0.6579646411271927
71318,0.1773783638775752,1.6239469754350622,0.28686124939360685,-0.7787649803043918
8318,-0.6880230266095466,-1.25247873063396,0.3230671145911957,-0.7907109184874413
53198,-1.8149424727223686,1.3183423904056226,-0.28347866497709784,-0.4538131872011528
16638,0.5818210169634909,0.7601319066127379,0.4515963973541858,-1.0448365204794698
61238,-0.06329345683249488,-0.17260939567239827,1.1851588610429282,0.13110612358486814
26958,-1.2136459551989356,0.0001470069236961134,-0.9289010675335637,-0.8216349975846232
40918,-0.513069020220199,-1.5672969145187827,0.11746619934863599,-2.1824172880552135
15398,-0.9205700021935695,-0.12468227753613947,0.7265166630162543,-0.16738660981079748
33278,-0.34991312011443987,-1.4017948289721993,0.17066042272124682,0.8882099661289969
75478,0.22259068580345037,-0.7429407040115383,-0.4303783152422078,-0.42464151031732855
37438,0.2220056134558446,-0.6007070522259051,0.8358063228151179,-0.7359237418760379
7558,0.9403459726033774,2.2092174519853938,-0.32633812245922045,0.26616958929034223
41598,-0.6440889790319689,0.07015945603274917,-0.9132295445890447,-1.0976474412694417
8158,-0.6239009075428346,-0.11130166129695214,1.3542058599883295,-0.9459359855287417
49918,-0.8951234496797856,-0.3624177254486195,1.5856834800132151,0.025791664815324418
9478,0.21250315974013936,0.6972421114713071,0.09937581642367915,0.2908710755236324
13638,-1.7102284468033655,0.5314238217163165,0.9198136539177704,-0.8700229007017354
67238,-0.41878673501434366,0.11545405952554127,-0.740147740154191,0.08864420887428061
36838,0.6962431381539028,-0.5760176469643986,1.3148492983826399,0.011793728203925973
62398,-1.812236967301501,-0.6286847490989451,-0.37676840613199425,0.2849658240858789
70718,-0.4763673835681782,-1.2125978524031122,0.36011857598155733,-0.5426905692686281
30278,-0.008162199852247736,0.27882696756910064,0.32005349265020944,1.2191164456899959
45038,-0.9673126896271489,-1.86123613058211,-0.2522315442340447,-0.699913354325975
2318,0.03821082284692051,0.9893611323697811,-0.5397754638399322,1.0908279141730244
23718,-0.9682989129526333,-1.0921836894644756,1.0214146927423746,-1.5245203909457523
46918,1.3187451800258267,-0.0846898707670164,0.6379385422261317,0.14551312121774848
5118,0.42619527253682965,-2.6196285707639184,-0.5753055919907962,-0.022557439954123595
12278,-0.6120575278053504,-1.0109234564380836,0.6028125725194328,0.8942654709127794
55238,-0.6500850313666028,1.7603944647603842,-0.0009103662373980923,0.13184542341588482
32638,0.3418212391720562,-1.7032590999595005,0.33834313364012986,1.5687211015950182
63558,-0.6046065437534048,1.3279202890101247,-0.12546929675214408,-0.34188025555164736
40958,-0.03975697577943596,1.0965208483216842,1.0016530212674033,-1.5155837775205612
