750,0.030907633477752435,-0.0506128181385766,-0.35711418756970514,-1.112983128377633
75110,-0.9601103620941593,-0.35613777697300264,-1.409677356839069,-1.197349370396561
2390,-0.5449809906275509,1.6855298730840755,-0.7504533411451721,0.12057647742070432
6150,1.025257449278121,1.0026773822191162,-0.08580098246330244,0.40243925203726694
17390,0.0825701982358,-1.225626913756016,0.23045617339405994,-1.1990182026171554
21550,0.029587986307297927,-0.46891927926067206,-1.1375862884734296,-1.0001854185703236
66150,-0.407652136941377,-0.2991744555469629,1.2959850602540743,0.5867410362253729
4110,0.8694410610787183,-0.9575038345853031,-1.5307057069392638,0.8140582534764825
29870,0.3024575039597182,0.9245112873688288,0.6526301445877105,0.8530305672268418
34030,1.082628051510924,0.7443746778820555,-0.8554791529813761,0.25067185365293265
32870,-0.6485383412580445,0.05579282625326105,-0.1933835096586267,1.5732437205277814
37550,0.47730135992890715,1.039581141424034,-0.11497051056624347,0.6301447284020597
53270,0.13453744417313374,-1.4027113096064003,-1.2116368144936118,1.7175959277253345
46510,1.4575644528514702,0.4148366172173894,2.34457655357986,0.001170789517535202
45510,-1.4289100341969079,-1.6900976872599438,-1.2210195109048667,-1.480114271109741
50670,1.0164141380035072,-0.46606901478952056,1.3001578729066745,-1.18911769287681
28590,0.5843120089563941,0.30677546482100804,0.568121446603839,-0.9826883141497624
18550,-0.5700940467905634,-0.4142679120949106,1.8547898996756653,0.17277253494846745
40990,0.6361408982508369,-0.13112196946972982,0.6782963521581385,0.062067011976907345
23950,-0.4954165531813698,-0.312207105765357,-0.804957428650059,0.8115197143176162
67310,-0.8462496875277736,1.101967761943106,0.5124163024435696,0.45985546168730235
27510,0.3114677280292355,0.14354711014257174,-0.674042817631063,0.868462434422228
62470,-2.313643837587812,-0.5651253243477454,-0.5211219589899645,-1.4365335269055137
18470,-1.1930684389777522,-0.20186820829581129,-0.1931536406486315,0.6998932509003213
51830,1.2625074719576512,-0.5253362851863072,0.7226533127634158,-0.4581276674289684
57390,0.5766271392826373,-0.7676771512091777,-1.7481416809850758,0.6015239195768395
15550,-0.023185536261300512,1.3060373074249907,0.017475368994212714,-0.7776014721010874
60150,-1.2032244006132018,1.1826090404385117,0.2638730261121163,0.5921561900195265
10590,0.6643797890852693,-0.31894646947731087,-0.3823852399739431,1.5673461727942142
14390,0.19866518001555847,-0.30433101085006203,-0.46015226386611296,0.44033405578850626
76790,0.9021623394722809,-1.1830266760037422,-0.8743699918425926,0.8628893053715341
40510,-1.2252683365766037,-0.33436878684950444,-1.4986744848620326,0.1206787488415138
22150,0.005891640323146909,-1.2839107793838591,0.25552745772375646,-0.525867468683278
22590,-1.6688285361834965,0.04561880473462401,-0.712346847411263,0.8134305936853862
59030,0.3609380879568231,1.3857722860060313,0.4342476102763063,-1.3074983983523045
55990,-1.691214913885245,-1.0592853810399254,-1.5218929832030939,-0.19146623745119595
20550,0.9214543408200625,-2.012936166327804,-1.8197039846940108,0.5416880846680517
65470,1.9381526066797214,-0.21249733213090827,0.40750791072103054,0.020343110219552617
34230,0.6793812161008432,-1.4578721507250973,-0.8859715808742167,-1.8505596579659644
49230,1.2728303584538923,-0.6003666339771303,0.6720165213402731,2.0663762712570977
28830,1.1695055250543984,1.1787838001640045,1.0086251736068614,-1.0949390423424357
41670,1.4693268797063783,1.248298311752036,-1.4024939928866258,-0.6421452086520728
5390,-0.5113246329907405,0.24464595030579944,-0.7343528797743057,-1.9188345579030572
55310,1.8075045088510573,0.8531405015665064,0.8721880617235175,1.0612246898268616
6230,1.310932709740232,1.0575949860589366,0.645066303114495,-0.30056348974379543
22030,-0.5925365913746652,-0.949023133443263,-1.6443786612756237,0.48856183384615026
67350,0.279695692516609,0.05139814953430627,0.15235101302929577,1.529639006897087
75870,0.07889511445071602,0.46086207503359544,1.0673224854887304,-1.4174799407518173
74950,0.4058331475610763,-2.0208343220294633,-0.6607291957427025,2.3699670557170243
38670,0.16357657839125844,0.6089094163725407,-0.8644938494657519,-0.7809719668291055
72150,0.7340145746811215,-0.6146688764285028,-0.19854962929426162,0.0545230244025352
64870,1.2122325252506214,-0.6790741041062214,-1.3998298107204121,2.0751292187182044
2150,0.3013857832404131,0.48691536509503375,-1.1206160475155136,-0.45947500640101746
51150,0.025439990897187407,-0.8595600490458193,1.0645108370112546,0.33747973954995636
14870,0.5218863494406065,0.8845590814750093,0.1743918864214404,-2.7674782116877443
59470,-0.5027878258630338,-0.5323186939666286,-0.9515588094541058,0.35875325210767806
32630,-0.7956817091538786,0.6165028003396525,1.3358477051503108,0.612479825551274
23350,-0.6480640437374035,0.3751750176968416,-1.4893976784745324,0.5644629291101145
27350,1.1011763514871005,0.1402964324477213,-0.32309153333016183,0.0547040295767371
71950,0.8725003908612012,1.3875354644461937,0.45151016668031735,0.39177011635469616
64190,-0.606975894502149,-1.262929515697504,0.28306162900944365,-0.06967552969323747
49270,1.2543873627137263,-0.024181709800249106,-0.22377152135809658,-2.2552757771981775
3550,1.3781431255696006,0.03719290923797754,0.8333528761023603,-0.9019548933465058
51070,-1.9199921854334348,-0.194409963884337,-1.2655272001186084,-1.5103420802847138
64990,0.560577138542916,-0.22082210843020655,0.8467139712164131,-0.6940067967066305
47230,-0.8525747016847588,0.4482515517731749,-1.1881436782130828,0.3301724632563958
42950,0.31263554941017185,-0.04141733455685419,-1.767793052122984,-0.8692675349497269
12310,-0.14756455639564622,0.46428643420038096,-0.19841213759436596,0.19720851040569512
55430,0.7325954392549296,0.5501143701015809,-0.5779721732370154,-0.42729318010053036
10230,-0.7980950444728907,-1.5096068230301085,-0.5346204309485381,-1.1319493270598489
36830,0.2175054059343568,1.217191943763271,-0.8825322757140474,0.07533545818592724
2190,0.7441077423038802,-1.635026193171004,0.4686564039985075,-0.4418536117601742
23910,-1.700929397290993,0.4243443059681987,1.0898879848004246,1.440847485295889
17190,0.2638407344672058,2.1492269316150163,0.03804943535071838,-0.21229587758845023
61790,-0.4175289673929677,1.361553498970907,-1.1212705330624375,0.4354670824737418
62830,-3.1303233783778333,-0.21443061004861433,1.4718355872355096,-1.1337918200729538
150,-1.0104544994218867,0.24463671689198058,0.7543836291781949,-2.321930336958137
70110,-1.1496642643830428,-1.600918095614839,-1.6958463221291151,0.6373001832970961
37990,1.334452321536457,-2.0385847546888014,0.32941377831800106,-2.007263890433766
8350,-1.0965509547643408,-1.0662969852395598,0.538627837030337,0.6669501485664271
42150,-1.9475604694933033,-1.543984789858747,1.133846401603405,-0.08902053040849575
50470,-0.2915006496792278,-0.9241689210895856,2.5655350850833365,0.4243911151693492
26310,0.32012782725984024,-0.21451423659472427,-1.29551072445507,0.4496319239955202
6310,-0.31174503952984,-0.9023068468234364,-0.3983977590872538,-0.666909134657465
58790,-1.3680989740454066,-1.4874323158507357,-0.308134857896846,-0.8187950682962869
50830,-0.7644117013644256,-2.2785778637931364,0.6102923311238334,-0.06240835074890711
65710,-0.5172304977318847,-0.529652276000544,0.9614226657441405,0.3238929293117197
73870,0.5536993985463338,-1.1689407047572513,-0.4141960604029021,0.3070596701009585
43310,-0.047871715299752746,0.24097526195479224,0.09328465162269535,1.001256701800379
30,0.06678346765886224,0.1332181170289195,-0.021918440285784824,-0.0663396883182212
73910,-0.06800422384717159,-0.2603026777195225,0.2641943334297754,-0.6504908984027081
51630,-0.3093517199124991,-0.17695719989491945,-0.08191566721780769,-0.03313271446372045
15350,0.29309016987660913,1.0024443024326504,-2.2268092814474945,-0.6549367263915554
59950,1.9434550482462376,0.3514397684296697,0.09583439896974658,-0.02981063418183905
31630,1.3834300245023836,0.08774300576058129,0.2926406468936146,-0.8092237771288516
71870,1.5009243211072885,0.529514510273549,-1.3067579933079354,0.22095485393363687
27830,-0.09344956815139889,1.4947198258712413,-0.2668889851665296,-1.0813471280131854
23030,-0.3132220712988813,-1.0037475614049727,0.9021473985094707,-0.33459819112553174
68510,0.5823855770568624,-1.820312357141211,0.5491039699907055,0.8484941217168677
76590,-0.4385890382428854,0.7616071208270666,0.7746475360366942,1.5594552720891997
35190,-0.15996502088315168,0.6502104373622296,0.7355444804720901,2.1715448221635483
8390,0.6603612330874303,0.36386336880354236,-0.0615744108659205,0.5882753543526293
8190,1.1339327027912223,-1.5799412217253617,0.044352551750782315,-0.6845166401323266
58990,-0.9854891984575207,1.3102458026917603,0.6647790356984239,0.6044402323253861
16590,-0.9214634657935581,1.7813139565604854,1.4439535211251506,-0.9844000032709412
61110,0.26126061053138677,-1.2646048241270162,1.5420242737251382,-2.247617187597521
24830,0.9237459830552824,0.43792898027914656,0.8046749137144636,-0.0862266658504484
69430,-1.4448460090704123,1.0796068084847912,-0.2829579147648866,-0.989387217081295
44750,-0.3833782129580496,0.5689335892784175,-1.4294909111711422,0.8041652727290622
55510,0.1570859929144636,0.748479518411113,0.19927820292586954,-0.9814670105912241
41470,1.1006615557923858,-0.7047041085260741,0.7308706866640057,1.1961981050209827
11990,0.155392240662545,-0.4929782509829766,0.8744232903835932,-0.6511829243169136
49790,1.1986526287794337,-0.7488979225080865,-0.08927450885114134,-0.24605979645264361
2270,-0.05924465045205723,-0.05691406739798692,-0.41453230729648166,0.08805486263416035
13510,-0.944547522896871,0.46701339286356724,-0.1354852057036379,0.2289909042790605
58110,0.5354565667523621,1.3132076968523527,-0.5519926058159866,-0.554228102082548
17670,-0.5899988030124398,0.44190263267176366,-0.8968447278633142,-1.4078286190978764
33830,0.33983380675570296,-0.2860980264060294,0.3637274948941604,-1.1830766259554126
41190,1.9210984542213998,0.810668154015258,-0.19860294244520188,-0.6349123643672
31910,-0.9376808594284105,0.7400451437495998,-1.1818790394479008,0.3187410302572907
74750,-1.0391627254030613,0.5602779197465124,0.04847292693303784,1.0251689447862204
34310,-0.5177909982760663,1.8871245489786652,-0.4093201097804873,-0.23197079374097218
39150,-0.7536728595877069,0.894071123756958,1.909692867540725,1.6349305194967427
6350,0.27642942599315906,-0.7289781481107112,-0.8551916617923959,-1.735062705399816
14670,0.6475530167568861,-0.7560126452503129,-1.4373952974380781,1.9030165244819217
43390,1.354965587384659,0.6494053396669615,1.3837380815161875,-0.43737355177072634
26870,-2.002366697627035,-0.8590807209350046,-1.042105153323094,1.1170351201843856
66710,-1.804585464172657,-0.499231505192451,-0.8375363045773591,0.5060812235908947
27150,0.7039357528581801,0.6207020949172524,-0.30333700876880393,0.12914809652683606
4350,-1.219587269543418,-0.33888985571745467,0.2871801249831371,0.10324270189440435
43790,-0.28354845636912435,0.9186917020138425,-0.8370290158214726,-0.7027219807018582
75630,-0.44924592805670294,0.2212291848272898,0.9354061611684766,1.16321555414253
6870,-2.32394917253063,-0.5045454142917245,0.7018599203003015,0.23200002472686698
22790,-0.01987400111959016,0.1724089176689904,0.22368171131311168,0.08726590376177158
1270,0.5252422535404837,0.4885529160577039,-0.44807302099493035,-1.4522475649996869
56270,-0.28527757730191944,1.150318452674037,-0.44378287315378107,0.12060211228004161
19990,1.3803791932091332,-0.3145835199617177,-0.36397302606604853,-2.5730282064794996
64590,-0.5903020190372851,1.4138575516694942,-0.4651323853278499,0.19643011607389943
20750,-0.009912429654693326,0.7695758943752458,-0.3943147549875734,0.29269088981322805
56590,-1.340565080836164,1.2723617907185205,-2.3686452138423397,0.06270280440828707
350,-0.19379575077275163,-0.6474782488518754,-0.03208010396079004,0.28171419945604037
72750,-0.24911707872087785,-0.7766462127491015,-1.2723977241617717,0.864471728566096
39190,-0.14798702282337978,-0.5723123444880858,-0.281025605194342,0.40296527773355234
49110,-0.7799054630158974,-1.0413730267073869,-2.358711981141808,0.18993782285378524
12830,-0.8082794638004297,-0.1587734879206827,0.6916484506823806,0.41116399873730364
57430,-0.2782714942203901,1.5926604921253849,-0.5717211571715937,-0.19680670921557547
6430,0.2754180957616788,-0.2924516945078222,0.296993131318534,0.23938748589926243
60750,-0.6332761066924695,-0.9142718311714534,2.2618864432725188,-1.5070865262396111
29470,0.44346359309261213,-1.1520658534427235,1.030757196404116,0.15189781213463766
9590,0.45966503166340433,-0.013635334309050909,-0.4605569027555699,-0.3967161107382505
74070,-2.4216714874466745,0.5723613962411488,0.9674839022405265,1.1370441477892586
5510,-0.08189092553199948,0.0925455553144731,-2.2366450434225618,-0.49588629722283856
65830,-1.3454966127793895,0.44377065109253266,-0.09971279631175124,-0.5640298106109295
22830,-0.7250110716739174,-0.6326048382605575,0.6579431766535274,-0.040016648683514754
9830,0.7872091118694335,0.9331817937811664,-0.09636963987073756,-0.6622145819337083
12590,-0.05797686164165569,0.6720411885286767,0.3857617136902315,0.8000319076704242
62750,0.5065795946194298,-0.48602125728108,-0.11688106583968938,-2.7691387386675106
4830,-0.3945955655558232,-0.5431230534837946,1.1245128641966002,-0.25832956459560114
310,0.19771144199756838,-0.501433700082824,-0.6973468569928871,0.4555736474376979
30630,0.012467251425323775,0.3866879800430515,-1.5640346688066606,-1.604213672931232
40590,-1.36383517877038,1.6870964801138582,-0.30226993173376454,1.148118200587136
43110,0.616855268910104,-0.086448339279178,0.8453285866942558,0.6944404378010939
39230,0.4967091934919658,0.4470630279560992,1.7110341329793552,1.5007209288286083
41110,0.5326590339471124,-0.5077055305045113,0.09096824927379675,-1.8307486200533463
36350,0.9195958922487124,-0.3525541967080345,0.44624627252560395,-1.0983934023372
55590,0.03145088856659476,0.4573870932637653,-0.9407716113440026,0.5046427253065888
65590,-1.0005781142016448,1.394755682686904,-0.907937151205126,-0.9354006292796538
6470,-0.10089123131128142,-0.053341868264165634,0.6890066931152391,0.6384822230983179
3350,0.8954026356555896,0.24930702010982758,-0.6407049947711865,0.6171849039173165
54790,0.3522787370201375,-0.12033065248556966,0.7075043491486028,1.7424740789180297
31790,1.6277680919680522,-0.6141846594688822,-0.9724509266242377,-0.41934275152337347
22070,0.21171911633423074,1.3667216023543847,0.801742434612728,-0.6446369500481679
24910,0.05730121024220227,0.13130736834494983,-0.5650087957030543,0.11346984807560016
40350,0.8778980065208732,-0.3049615389104691,-0.5582362808812732,1.826189955379194
3830,0.15874586496144083,-1.171373085148979,0.023560249130987147,0.42994264689468187
8590,-0.8681261367450603,-1.2660976941208657,-0.9401878266414355,-0.2302540597271594
33110,1.26779335091672,-0.14426268390583552,-1.207769515226338,0.4395097080917527
16310,0.834021108512807,-1.0793186003190816,-0.7816479901974969,-0.6586509906997783
20470,-0.6013856209976233,0.7861135084548323,-0.07721251467879227,-0.4370919366267724
65070,-0.29468205740945114,-0.835324142766329,1.640702726273724,1.0880743173977878
11550,-1.4973562496463289,-0.7664627880598741,0.2883582626132739,-0.10684034413366031
41310,-0.7254265654385084,0.560969938593613,-0.45795449052566056,0.31330546938065135
32950,0.8843563348595967,0.14813101096900547,-0.7435176827050092,-0.226342235317009
41270,0.3727474771278892,0.20817757769164688,0.4985170808621535,-0.7998256263029039
63110,-0.41608375667122455,-1.68423491934556,-0.982865882049578,0.4455917268373973
74470,0.10432435778412184,0.9967358790535867,-0.37420294129183584,0.2957113401214066
69990,0.3988343793232922,-0.1487712863905867,0.4724861512386372,0.7434480711006958
9150,0.4238265080958242,-0.4799754256122739,-2.5827862148851954,1.0122692033191372
30390,0.4518560169286054,-1.1175855399447938,-1.233636930717056,1.43727370360851
6510,0.705785665819552,-0.494379324895864,-0.6910613081412517,-0.012070190372168967
70390,0.18696575598151088,0.6995165965814523,-0.2001380024202277,-1.387511593628363
34110,0.7975828075913434,-0.16479366787075844,1.1463457955999834,0.0700955388959624
17030,1.405239933571601,-0.5599166890523706,1.6185306974142872,-0.9367434611965411
17470,0.700525193153008,0.7246344976480973,0.024659205717270975,1.0415126072508625
76150,-1.644880959120613,-0.3469489689359362,1.9161706985418328,-0.5603540773372573
42430,1.0531791209025676,1.0545493185080215,-1.4654422247466201,-0.8937745763831986
41430,0.5139434818308255,1.9528614615582287,0.33511379592609053,0.28001409305182856
50750,0.3856114547533411,0.5322556064461891,0.5125567336426181,-0.7087447291270977
2430,-0.8936437147545587,-0.9133014313551004,-0.24997173310692733,-0.42757036287481087
18630,0.7278172538431484,0.8165838931966901,-0.11434638975203856,-0.5165185700059607
16790,1.04347493429598,0.7837082481291809,-1.4071324538356318,-0.5530264748963163
72070,-0.33683957350816485,0.21232662170168465,-0.33101011228864186,-0.15024802935324055
35270,2.452608178810473,1.357532020794481,1.2624796053178005,1.3131823287526039
53910,-0.6243290487289942,-0.22589721936251952,-0.6158969570368659,-1.2752008219971407
39430,0.01155774903100642,0.09396588404479156,-1.7307875799160282,-0.4299450631753095
70030,0.8961443285427197,0.5049687546553354,1.1964878624253679,1.9611131576385143
5990,1.2784486490918836,-0.6953831230833655,0.7201126949135168,-0.7905831477796226
60230,-0.1163672764397528,0.06495022669628618,-0.03428075124594957,-1.6809611409274494
72430,2.2292262793026976,-0.11340453256313987,0.9386055948302092,0.26202962763130383
6550,0.7257367980394203,-0.10905419439845565,-0.3377063815625471,0.8936169750524473
68550,-0.951127795244884,1.2761274601222488,0.8740717302807037,0.35269049153504967
6390,-0.42854544196999633,0.037155430571699954,-1.6835569302708098,0.5952125716276586
36430,0.2617437872719358,-0.5190136021489891,1.0927115318007723,0.6569579506254241
24990,0.32950021137979757,-2.1353722350570803,-0.27776116943499596,-0.8395550786383275
51790,-0.6361725669666983,1.0019814845262918,-0.19108634220028622,-0.4603112591790694
71750,0.43632206575865096,-0.5801681721193479,-0.11417974682185376,0.849872233639098
53670,1.4070840806478278,1.3576308570629778,0.5375852464424274,-0.6531482321692605
65550,-0.32331216269189755,0.4967058762982761,0.621271972361308,-1.6973176299194386
60710,-0.7219892226859705,-0.1449503044269461,0.08452256768443073,-1.1649761100729392
69710,0.70453464773702,-1.6369924085132617,-0.13503244006809484,1.6332971789230655
430,0.07769305168162466,-0.7518015061767978,0.3849096147399687,0.3148001779235753
74390,-0.3143823584606124,-0.7946773905872951,-0.24373661199748528,0.3841628242886727
14750,-0.21451445281896864,-1.237091517457196,0.32963006459976885,-1.6462798103249376
39350,-0.5323176594081271,-0.2886393593234027,0.9759423578944879,-1.692690732233675
54230,-0.3594722947960003,0.23989402788359052,0.6852845330172559,-0.31250578026377995
17950,0.9220219736225577,-1.608229279195167,0.2991206570062567,-0.42826456798416046
62550,1.9996659183038141,-0.009521159180382585,-2.513320341247469,-0.41688301317879334
47550,-1.216875787219055,-1.967188149184621,0.13236241978175914,-0.1022174500845285
27390,1.2123774225544406,1.5501262253904615,-1.2394563585214593,1.8910417300165754
14070,-0.9847991025714259,-0.5765555113881367,-0.3408971040254326,1.3334764967770534
76230,1.7676082481721505,-0.8416560281300264,0.20258858123600956,-2.572005679487652
11790,0.3246059914430139,0.09464296670294484,1.3676244385643777,1.677087912798868
34990,-0.07848696006600529,0.6391613777679058,1.842060939858158,0.12245601644929931
55390,-0.4734978281492902,-1.9371962176625743,0.07147857050503201,0.12264783184951017
14950,1.4523099101271146,-0.060519108694151086,1.8947524008872165,2.209080009873338
33230,-2.0360266741623674,1.1237747171501355,0.39157987076927464,0.11206769014053719
19110,-0.2153614393270978,-0.920090426662679,0.2891914649722637,1.150385599419285
7030,-0.2386283984603358,-0.029448099903660995,1.0675699005114778,-1.5193664002595326
53430,-0.0435842205109016,-0.5888356586196821,2.170302243316723,0.025880314093584607
28750,0.997389891609122,0.13038146128871508,0.3255657243847594,0.21058650498901965
31190,-0.004546759039631509,-0.9370685859165634,-1.2277702997715323,-0.2050396478919271
68430,-1.373376168348071,0.9703911188143701,1.5782854046536592,0.79444963756013
39910,1.6835052940637096,2.1003026683666666,0.13278659934645148,-2.035909731286235
63350,0.4963755922839022,-0.20809951090686196,1.7843391879657349,-1.7480377513733938
3630,1.1642660832205414,-0.6234383338933888,0.3077884287875531,1.256894246280175
7790,-2.324810257584998,0.4886326646342763,-3.792585551136717,1.3331883170872607
39390,-0.07359896315432238,1.0225807209432738,0.8742761282606453,0.8163511599552705
11950,0.3729069991967433,1.3496737393958012,1.3229418241397126,-0.6224955495305358
54150,-0.5885445923877057,-0.8213205464082654,-0.2187170444424902,-1.0621199745860075
2470,-2.4875002398318857,-2.5719870253603374,0.3511954214796472,-0.3466124968238887
68070,2.3011311918260273,0.07239046892129451,-1.3821232968322446,-1.8324065692694576
69030,-0.3505718977884894,0.8045108927231674,-0.5315112075772153,1.3395131572370127
73190,0.9741154960553676,-0.1758214425660742,-0.2644258114300101,1.248858111995946
4590,0.5823579765542474,0.044205125608219195,0.6561569727978344,-1.391870147915003
45230,-0.23953913391021114,-0.4212882555522456,-0.9234444818679756,0.9175592575559326
8950,-1.2283282515863845,-1.724424950005136,1.6908676779293124,-0.9204363637604549
11910,0.053961076178335385,-1.149988163075866,-0.3545746269757233,1.1688784609134413
52990,-1.216818170628852,-1.3968045795908341,0.23155625149083753,1.799885571837073
43510,0.6202180908939373,-0.38936632983095304,0.5312654839902439,-1.5461797307353407
67230,0.8485881378463797,1.0173640939252913,0.13775697154317657,0.3488590652864254
66030,-1.195552996458423,-1.82206866203347,-1.4231412897599207,-0.10766842324368862
60590,-0.979197863787293,-0.6408687478832532,0.6659389808776478,-0.4994131979802372
51710,-0.7217979323302125,-1.0401628495016453,-0.4549003450180804,0.7271865235867495
1790,-0.7798573365964708,-0.6546888025095948,1.1192275703390333,-0.4571475282993309
34510,0.5794761207603294,-0.6003970696971609,-0.14818693517505893,-0.47849265663427376
67670,-1.4557940746643705,-1.2476615861858003,0.4485727920551688,0.5626967737767683
49670,-0.05484847918639844,-0.747310556986743,2.274077908151191,0.7198917244157751
18430,-0.6113539953671936,0.379781090875181,-0.7141069145080371,-0.5338211946934966
63030,-0.280476815991678,1.32814552391887,-0.2096266715846961,0.9361629109064037
37390,-2.076277153630412,-0.5800858110774985,-2.47416713690717,0.7295067535533607
20910,-0.3087694926427274,0.08640583304281955,-0.08660102877849121,0.06370519721907705
66070,0.17226250220096972,0.95332405632349,-0.8389088631964351,-0.5680707280082283
43670,1.22619273127658,0.42430815003474565,-0.9715773531551217,0.3528845584305346
11270,0.6171467854158793,-0.648519398011612,0.2659711355299961,0.8036131867375583
74270,-1.7664221104664473,0.6325886611567794,-1.1240110238950929,1.9361465814336625
27910,0.2977710381808807,0.35751786226174376,0.8903841597367064,-0.9816074886801884
32070,-0.4918554660928598,0.2113464411394763,-0.5519925825063788,-1.56531020063087
4870,-0.9121557940102579,1.2709602618151263,0.494809527508101,-0.08712371563462162
51750,0.35283766950757445,-1.4721059801392742,1.2272143888934923,0.606533153167214
46990,0.6283431113411582,0.0949866440841155,0.18156279970469502,0.0440273604790227
8750,0.5442365658932892,-0.23359537836397318,-1.8242620820311295,-0.444933937461109
61190,-0.4249624207780755,-1.5078068750817195,-0.3872469773863384,-0.943072409611884
65350,-0.13867125144810877,1.7124628140240452,0.17242383891124474,-1.832485899359448
45150,0.3618640547441825,0.06617005661732624,-0.29403952438712583,-0.8303959039034648
6710,-0.20552484376048302,-1.4910803690225092,0.5528033562504794,0.7319128353800848
32710,0.8915243253155043,-0.12398928567521142,-1.4429421306594847,0.4580650268863299
1110,0.22868751863729356,-1.344317241693867,0.9292018360015333,0.2789661533827134
55870,-0.9712298078574094,0.5346135187522,2.10951193070942,-1.00777714532061
54030,-0.04657535702374263,-0.9058319491468994,0.24530975675423308,1.3785421964769589
17750,-1.0648453570278367,-0.9580797976572322,0.5494714232240945,-1.6798523517112025
59830,1.024751581671157,-0.8463086521517763,1.0822269412741266,-0.2284787104966566
43590,1.211242752380736,0.3046491611653038,1.438972090128176,-1.2374642892998597
32110,0.3212220586100849,-0.46144804751550705,2.223058022154438,-0.9013834061802047
70670,0.1571630748986881,-1.7850727162184092,0.25500384218236516,0.7861067957670287
590,0.9696514693354565,-0.8618940230333345,-0.5844469353721576,0.026876135056449316
42710,-1.425710886401352,0.4960530711117828,-1.2030457463337811,1.140599972412677
46870,-0.5671421210246915,0.7473068501835346,1.3166520567817688,0.16378655457485605
52590,1.083883849023711,0.5714970030696828,0.10179778274556976,-1.8019690385419735
33550,-1.4118671371747133,-0.07072385352360591,-0.7214552945266622,0.19042979434257198
8790,-1.927506879505812,-0.21454585831542033,0.4326461802458524,0.08860008500104037
18910,-0.06548232072640447,1.0637564344955723,0.3482834627993397,-1.974172398723146
75670,1.486772059973164,0.16039185669486697,-0.1719760588609339,-0.24410785811008948
27230,-0.7390015834028791,-0.11806576573317434,0.6125593783944255,-1.3868739605580225
68390,-1.9327658077594236,0.6841798828264094,0.043238440729977096,0.7348829259906526
73830,-0.23722081592418534,2.844520285677661,0.020580610505731088,-0.3229012692958787
55910,0.7780457010278943,-0.93753912216483,0.26157576748156314,0.300323671797899
32430,-0.22598111936740906,-0.37334707809054574,0.07718373986818604,-0.4788355611415468
56990,-0.23594521717351688,0.3799645539782996,-1.3418392584952634,1.2131373132217236
11750,-0.06767362049093775,-2.2742884747717746,-0.06112091061670466,0.11911475132579785
64110,-0.7026183875235634,-0.3045899884749531,0.9836778283487279,-0.3984402979481553
68830,1.6705522048813977,0.484713903304476,0.7194543779264047,0.223999832388765
28390,1.113151505728553,0.16459285812265165,-0.5508174373965072,-1.387841789552416
32550,0.29110912997611926,0.8908856018399913,1.4665737268446828,-0.590872136448565
37310,0.16451014390776708,0.255957647282084,0.655925231066869,-0.32787521328788494
62070,1.3184307445214418,-0.6408601140978806,-0.3131479694960042,-1.7450863155332794
58270,0.17280963575492225,-0.6291241922268422,0.9359357575497063,-1.274583133722889
45030,0.08113756481861885,-1.0997897626614732,0.4587663208315503,1.3988054667746601
49190,-0.4751935866424666,-0.8705051546577736,0.17075851983382295,-1.6711408580413047
60030,-0.09450431025096746,-1.0175778463876273,-0.9351088862687758,-1.2620593849240058
53510,-0.43774507466148527,-1.3044826582192448,-1.437170151793887,-1.173820178943808
22350,0.7753943383375608,-1.9342639626191793,-0.8660919076539916,-0.7936700887861158
61670,-1.192464317280057,-0.7495747330242705,0.04471423816430182,1.5109506599112457
57110,1.4361466448713276,-0.9167848781345613,-0.4747576700563182,-0.48534119732454595
6790,-1.8011748151773388,-0.5560964754829741,0.6468874671766915,0.9049602031544578
56870,2.159768567219902,0.7168381267661705,-0.09010147103570787,-0.018184493421171954
25230,-0.016246073690497048,-0.05927829546973373,-0.22462033131012668,-0.5756628238739173
9910,-0.9918785521461316,0.032339446236802044,0.14903750545689626,-0.06238577615804888
25710,-0.07975436552040992,-0.8836026225402097,-0.1410342468001491,1.2800171933463598
33430,0.6653811321927137,-1.6905843101233218,-0.22073271482947904,-0.2786310590129687
14990,1.1550114135301854,-0.518329247917512,0.4748982119587055,-1.4564278417807064
34870,0.29404689984750515,0.6150856978792267,0.25512366134883757,-0.8537757828670635
41630,-0.472751455707874,-2.8321303096765305,-0.9077414292221345,-1.7543973888936653
6910,-1.0743190128988611,0.16817610526200286,-3.05389332469578,-0.5437948762923339
51510,-0.17611529841416204,0.1952578426554859,1.5619184338470276,-0.48458688246490805
14790,-1.134475939504608,0.05160813646400386,-1.8399337857545817,1.1500292210397067
70310,-0.4735096419895489,-1.588464663997499,0.43125525402968373,0.5687359155592039
23550,0.7150028255810452,0.9883341919256271,1.1042311339012554,-0.7626372930629677
38030,0.6929306126283254,0.22639018030850466,1.2002801015539124,0.1353065158278704
17070,0.3558750521593716,0.25609757264278366,0.7525245694665065,-2.136898240599398
36030,0.17405137802840612,0.6364331892621544,0.3130387445304654,-0.42409255855998523
8990,1.7027252637776245,0.003736222599105241,1.1039962922171753,-0.9228373885115193
25270,-0.32783741648437004,-1.1572505441156038,-0.24576976943319162,-0.7564377410884353
65390,0.019155948615834792,-0.19630921666867043,-0.5410522432360683,-0.15464243938117672
60990,-0.8776464305765876,-0.4959883274778746,-1.2931566017454996,0.4085249872165155
53950,0.5813449815905704,0.43837439663223177,0.5481916507983324,0.259130988437758
69310,-0.7804777824768566,-0.7817264716468997,-0.2542718541337735,0.22194253862277905
12950,0.24375303716973803,0.12028875623545156,0.5025603435869723,0.5605965026796491
37190,0.9937847361978287,-1.379732167772912,-0.4817065398167943,0.5084026623662781
39030,-0.8053048304436622,1.0289027609026822,-0.7628108225357672,-2.0034126126732725
710,-1.3283356422783315,-0.7424759967270578,0.7138473024771247,-0.6118009011625739
23150,0.7580400481516123,-0.712522311089906,0.6946358947526788,0.8371805013767767
64790,-0.9043723615765834,0.9085098217230362,-0.43487917950797594,0.4534547322216164
53830,-0.2941696795287585,1.0450748616209133,-0.5131675844982441,-0.4649619093935751
8910,-0.9169786299148827,-0.10170737984755701,0.6999206996138545,0.5132411985584212
66310,1.112749356275662,-0.37279704349795195,-0.5259435630589956,-0.9437887359077505
22990,0.3478699355993116,-0.2986634628249238,0.622417881171958,0.39958150058368425
37590,1.2671930647301313,-1.0382250256112247,-0.40850657778060323,-1.104763092198126
38350,-0.060478621540421156,-1.2823392141543275,0.8887197818669871,-0.09159845220640248
2070,0.8847115776367857,-0.6862666987913408,0.7056593067932541,0.933965794101051
76510,0.9492563603835874,0.046323300143703505,0.4353459908890087,0.41529044058094927
22870,0.14335398294046803,-1.5899857173401113,-0.8683884810134758,0.8059428309799357
37670,-0.4798986517520084,0.12809071008393688,-0.3025988689247942,0.5657799890530184
13030,0.5567571860229981,0.35786547574112515,-0.1944708489696456,0.41737197851237207
65430,0.9238561971505967,0.7962842616162825,-1.1492285097656691,-1.7530760453151153
21950,0.19898322490513276,0.1293558822267804,-0.20843672841375854,0.35791803436826586
75790,-0.5708045939773839,0.8057672024319916,0.21798407350363536,-0.061865358598344265
21230,-1.9572123616813712,1.5637454266151125,-0.8567346864223909,0.4439304463940217
51990,0.5904075370753358,-0.21967659377308768,-0.961913239922771,1.6906991520583747
26750,-2.5724098143609555,-0.7369657135997412,1.775538462990045,0.17589199042005205
19190,1.2360579944211358,0.5060609612686863,-0.5332688056825723,-0.5554771508704193
24030,1.6181478918590348,-0.49242620691243666,-2.2060702115714887,1.657588589390968
72790,-1.232510633413305,-1.1052008565321922,0.16119741249680347,-0.5422019322373738
37630,1.4367257654909418,0.5350101194475918,0.3377275903937012,-0.17997671639543394
44830,0.6969505979635067,0.0012098907438788072,1.5060690894639175,-0.4602990811509148
4390,-0.9271651545062289,-0.5125523370875936,-0.4394667785246446,-0.6677478743927708
46550,-0.40305881791683085,0.43745284459022854,0.3039062690779623,0.3380733746858723
56070,-0.5581049002004134,0.8068615689531469,0.7041056963926934,0.42664587276872756
16870,0.11631422959227714,-0.5585203783056274,0.46454269215127647,-0.5524903496419995
21030,0.43440881729510367,1.7991459296890615,-0.29240100287404497,0.14880134992414545
65630,-0.06663728490758954,0.5531244852517523,-1.6927189976472101,-0.35662696307122704
25190,-0.9206274676215509,0.18329029885131098,2.009748658744677,0.30346114139235864
23310,-0.16685795372217574,-0.8902090271903956,-1.467181631591797,0.17924420296837185
73950,-0.22867335969863514,-0.9245112650916063,-1.0724388778307894,0.6422788591996567
33510,-0.6774641922586838,1.2426777561785343,-0.3314354025437395,-0.22599216812975917
34430,1.2346322087838115,-1.3900239587996792,-0.20327970091960215,-0.5748096413598599
56110,1.4296139391157536,-0.7115754575818426,-0.24896081578837298,-0.3208691833091087
41750,-1.306995805263847,-1.8024400488108707,0.07148132030830867,1.367356036631715
9710,-1.3666440639094084,1.2194175881305769,0.9547068600003398,0.28443425884952483
13870,-0.5517005793417725,0.2537162402958125,0.7234098368576091,-1.053042869439976
32390,0.2506630081813894,0.06463722138816298,0.015337281757187097,0.2617145608330077
58470,1.5628443147329238,-0.5237965417840381,0.320837483276482,-1.6773310480625658
39710,-0.9740536979004031,0.39511928039109356,1.5167747469452317,2.0304149005045566
62630,-0.7623993036427555,-1.187608325765489,-0.3249356388673752,1.906032819852856
26350,-0.6261066112988118,-0.33963373090199767,-0.026645296947438543,-0.1256604992034117
19590,-0.16113599172393095,-0.3609344432167381,1.5554109452660123,0.25566873287155684
27430,0.483869530263935,1.2528926511116805,1.4568230563837545,-0.038980125896979606
37230,-0.14747734453583106,1.079120732497991,-0.5139504813245491,-3.3617546502966946
10630,-0.22639322407148704,1.858897552022464,0.423292633456928,-0.8114660920320891
29070,0.6159989011566962,0.5645511163137684,1.0561198860605665,0.49235756537850595
47510,0.6170490458161416,0.6933722007110389,0.9186584652118113,-0.5756779012033908
15150,-0.022168745489157596,0.9384136501756986,0.32780946851575665,-2.114807160280841
65950,0.13898099817096105,0.14703458992898347,1.0318105870713785,-1.3011794933591734
59630,-1.043649141309445,0.4739821594847134,-0.7442248250100979,-0.16549766724722864
63790,0.5114547004758339,0.9114248965457616,1.079933142996208,-1.1917004489183418
13790,0.5074471370287256,0.13429707788350626,-0.2662601309081697,-2.102194724687417
2870,0.38617222389632233,-0.03275820391752266,-1.742480492546825,0.63630939671417
72110,-0.41573338076905914,-0.3318598718734611,0.36404224667150387,0.8361575171773262
67510,0.14071028597373542,0.4906213149025249,-0.6805733593907991,1.2059248454694622
11070,0.10691903540834809,-1.5769777943708279,0.7541027992900297,0.5522068994185858
16190,0.9106889008765019,-0.9839517547564934,-1.2228787920305242,0.7442955524338224
13110,-0.44118058349891415,0.8192105516648245,-0.4170086384297243,0.4920156489837984
49990,-0.6550503140246805,-0.3631488320530901,-0.26340843689624416,-1.582515439036122
14190,-1.1784873281599675,-0.2609227723946586,0.48568929924057275,-0.5763868646245065
28670,0.8472186769721952,0.20282594996616582,-1.9075318151153389,0.13258622023169253
32830,-0.06656123797111232,2.473112266159272,-0.16967422418993897,2.295821591828115
27870,0.2760874600604195,-1.7684496611081473,-1.2610700273215247,-0.005751959846090286
47950,0.18098869523159525,1.773605579212031,-0.7711269855931828,-0.6507409118833841
23110,-0.7545112242805123,2.0855448258127978,0.37271768263385946,-1.4203921401145363
63630,0.5827915145727247,-0.9776119735402916,-0.8906526628588566,2.0062622981237115
66390,0.8928760239585684,-1.51746951103006,-0.5938594828498341,0.8413313517317604
57790,-0.10441801674967079,-0.6221156614609626,0.1442280267804914,0.4872081501325417
32030,-0.8694952205862566,-0.14490305523363878,1.5621309618383297,-1.1840118597540543
66110,-1.795435111488741,0.6311235524489516,0.060653496922872176,0.2051090138372271
70270,0.33640484895165185,0.787161798660016,0.15289110210687012,0.535428937525054
43870,-0.2903678670034409,0.23531268986757864,-0.34687826961649254,0.4464142601230118
74430,0.3668272553782435,-0.7813423240860026,0.21779010696617288,-1.0073663914744722
60070,-0.30789423226995893,0.08924962679883587,1.221239866107349,-0.2788251400230164
18310,1.0717548528170742,1.8687137697929446,-0.56647498582514,-0.8318675606361033
27110,0.14474613217992383,-0.09404946905377255,-0.3573008604796414,-0.40043196654304536
72550,0.8538465856098671,0.643117170790094,0.6196052696320602,0.054258123116379293
50630,0.06750000714467207,1.0841230862813565,0.10483441024253667,-0.07158656884942477
14350,-1.788238548101474,1.4691978652215485,-1.0352352725430234,-1.3557826677131248
2550,-0.7837462822307734,-0.8869714054564415,0.43101017307054945,-0.08957716511333988
9070,-0.9297701437666916,0.4674917559932872,0.4333833003537434,-1.4837156207143791
54630,0.9467517545940053,-0.34402665124115567,-0.27918034553382676,-0.9035257200869584
67270,-1.0660542185088502,2.230754648208009,-0.30800473107721626,0.492726922329009
30990,-2.3296150406146103,-0.4116003523608699,1.8227996706843972,0.5813491571910491
35150,-0.5503504495260504,0.5394558753544566,0.3180591055472974,-0.1435313784286918
62270,0.464942288590131,-0.07953226810502383,0.9690487765821736,-1.5047380769854763
68470,0.9503749948999877,-1.2507770860622272,0.18704199730386767,-0.26819621002010663
18070,1.2328088299946882,0.19865330851277518,-0.3561589452924958,-0.36802357880168446
47630,0.6161666430852015,1.0900803844680371,-0.8157474365408119,-1.2106116017759665
11350,0.21600577995818554,-0.000520895023894935,-0.9671742011718073,-0.004427548381660113
76670,-0.7981199567109699,-1.8485699096807433,-0.9560933219692708,-0.10732325849462683
60110,-0.9214278073158064,-0.5032877270082111,0.21478254864053167,0.03677076965174729
73630,0.1291742587450207,0.4555374220891552,-1.22402478007588,-0.5681389905560622
64270,0.6205066496483052,-0.7303500731290933,-2.2243305419034822,0.4383992825012726
39550,0.9669390823105043,0.23516922116844033,1.247549506294393,-1.0910454199830268
27990,0.8998309988228438,-0.7429542666890412,0.2138873003284529,1.7288041748930127
5270,-1.17161335976163,-0.8914016721798018,0.03697515146984041,-2.0454002160217386
64390,0.9898989740752467,0.7000984618230972,-0.8120977511562121,-0.18067252311037532
59990,2.5168125660814926,0.5978319312309424,-0.8707078381032076,-1.32409831866116
21390,-1.6073951421196482,0.2674268041496971,0.0007914742498685192,-0.4645065694663062
12510,0.2408911065057802,0.5304697422686699,-0.416913984517635,-1.5584146397530718
57230,-1.2074734687639872,0.7938509852985662,0.8029654583366439,-2.1722691123093187
16670,-0.2913847961313282,0.7613410776019135,-0.14945463871602652,0.42880498430763886
61270,0.5353328310205296,-0.8655631776572474,0.19868254901141152,0.36214485196867907
55790,0.14778369647717812,1.6986862000702523,-0.20520462609268914,0.7613757824125399
50070,-0.5346871008655815,-1.7390574687702642,0.8912236268398378,1.4485075446569444
29150,-1.1500415786766196,-0.8615812130671986,0.8438678786062277,-0.9414770407371013
62350,1.0944602552387255,0.8797522181995499,0.09267512660531102,-1.516434215775166
17310,-0.0012508488841093365,-2.7542191690321993,-1.4128031948428577,0.536464703701252
1190,-0.22488860004859942,-0.2069449065295423,-0.18535419922053914,-0.7395568343943444
49950,0.02277904402012036,-0.8510967842730636,0.7256705111046705,-0.6764130186928893
9510,-0.12089586970130753,-1.0687544356863108,-0.30503628354102,0.3637499106420588
9030,0.2753776255396129,-0.9421118506860208,-0.7739597620779993,-0.6233596562274383
25510,0.47583812473407794,-0.9599996978461441,0.3182172370395925,1.5594579454204802
49830,-1.624711347445062,-1.9830251822819212,1.8346744402154584,0.5682478345604077
1670,-0.22475663578871488,0.29185923708816164,-0.022975157483620428,-0.6979061629025786
68870,-1.101107023131004,-0.39250416313696723,-2.663549317828414,-0.17195396803134255
30310,0.794456405182744,0.3018197505271964,0.03891077809032696,0.3057013865585313
23470,-0.6547307991908511,0.7675294148501262,-0.12635600195276817,-1.9397161959143037
2350,1.0325450045886109,-0.396853363983492,-0.40185176325371214,1.0796024811805258
69790,0.015012635504144263,1.433018295750927,-1.0164919395351915,-0.4198768090202505
31670,1.3221468688500595,0.16222485823361316,0.8149230232421442,-0.6972607652237304
8430,-0.2637688675405767,-0.015752757436663288,0.9749795130689701,-0.016593493211462647
1070,-0.2589112728566241,0.6172229332806423,-0.9191364363751127,0.7238981078047563
65910,-0.9810841977385065,-0.3184266568247318,0.2665562332594063,0.6460807834170711
63590,-1.0839327490968915,-2.0331603193354226,-0.6342051285235666,-0.927282254076427
19390,-1.309406949498482,2.121514943506225,0.7068881558249189,-1.2712020425324495
45430,1.4325467062883022,0.5447657856603335,-0.3075949581447598,0.7808799836347292
31470,0.014600095907180019,1.1706154575116803,0.6727870666421556,-1.459318783724112
76070,0.1858736040320556,1.491497431588462,-0.9496050053641782,0.7568553557488878
53750,-0.5748778446485084,-1.7964459138235631,-0.5283125749798384,-0.29527121733554046
17350,-0.7665166922840382,0.08057361670093584,0.9560678234471849,-0.3693075530903642
7670,-1.5581251187903764,-0.6858890555162176,1.3041574358095323,-0.41400132385165966
31390,-1.4325905847933391,-0.6016059876637722,-0.21037558012368068,-0.978790911276505
52270,-1.8009293436862284,2.005179218243365,0.24047633493040566,-1.0265690865616015
35790,0.5949014002044476,-1.7540130246421766,-0.9517645172860105,0.6821684930375183
20150,1.6687143496383867,0.5249779042001076,0.6018614472060694,1.9656019216562863
24310,1.497902623950997,-0.3915818322085022,-0.003316710851603998,0.3205721833187711
60550,0.0746335249189212,-0.6951408024147843,-0.36187473624620786,1.309378612092617
68910,0.2495906716135632,-0.6899415750135368,-0.3201681969704245,0.5622689007874488
3310,2.1061529054555255,0.34153325204848517,0.0759061804525023,-0.5975676423324123
73070,0.4968900968317904,0.02262981208066946,0.9279015672455115,-1.1672297590457676
43990,0.08778985249289761,0.6424137653310719,-0.21859838674636303,-0.24345381643965214
510,0.999806464632942,-0.3116726035410502,-1.999359811988269,0.2977591336100254
45110,-2.322861330004513,-0.018065235248628582,-1.9755112111530064,0.040616981345491784
52190,0.7502502130697408,-0.5880429347745141,-0.2907642560799048,1.2145842642697164
12990,0.35329499287933114,0.7440029736800337,-0.3202466127918786,-0.5008780419012349
64710,-1.7657846404032416,-0.607696387828951,0.0683604994813587,0.5625349891051216
57590,-0.292753501909483,1.4657900342272974,0.6439696802207545,0.1271844639831504
21310,0.5314357193541676,-0.05670713787288095,0.1235612814036007,-0.524363484670465
47270,0.18064470411624903,-0.8106179492435065,-0.4151155450925939,-0.33034427547449585
19430,-0.6198701186547193,-1.5191721717213802,0.41784505950134826,1.2536627016570283
70070,-0.3015654581326095,0.3845699528643559,1.5331386092234691,-0.9436997587282128
31830,0.7217536425565343,-1.4193030076153594,0.05275893034298041,-0.8881439575033239
74230,-1.2152411499548512,-2.3202876725623978,0.474752198182304,0.48088658452778205
68590,-1.3759454648322527,1.4126067003453484,-1.0636555163883024,0.007153279593139582
40910,0.6789044163765409,-0.20518275344003672,0.6321053161594701,1.2583356122050051
59350,-0.18719441912475512,0.22927140114120856,0.1449352794734209,1.9608342411575994
54590,-0.3631493801697099,-1.2307975753221019,-0.19050597117931178,0.4060641776979009
14150,-0.9205042057998953,-0.8138476467531527,0.36791033257504635,-0.12125816425587889
61950,-1.3935176354890288,0.8674972913565759,-0.8761582035250383,0.01861770832832327
5110,0.9014195393761409,1.336726006676396,0.661568212760847,0.8331909775742624
62910,1.6577741012723552,-1.5156303292611701,0.6763040076398109,-0.7542620508148439
71230,0.6082262268778054,0.1951251639000892,-0.5762037046019428,-0.6790110282238618
30790,0.8047003785713382,0.5381574345861131,-1.2983958064113659,-0.4496680694011586
3430,-0.08644483908418195,0.19081267603144825,-0.9610533790160607,0.09588705251180149
3070,-0.7789971933593136,1.9518726170277445,-0.01262982089892641,0.22388691129673008
39110,0.041679391545934835,-0.1600432692378601,-0.41644543189802613,0.3352991936853002
40310,0.7667731982062348,-1.2888806507450303,-1.146036921578508,1.3741699440458355
6990,-1.2338432588581767,1.120486342137654,1.9179236648586202,1.2331426205247051
51030,-0.8143656364227808,-0.9768885308301024,1.7719034820843933,1.2723517066261036
52230,-0.8504294334799061,-0.5039952324725391,0.35322943442419014,-0.2677750099288334
7830,0.697825988353791,0.6944592038854926,0.7380393170382668,-0.7363144017995443
55750,0.29039782787400936,1.2503700402164382,0.9559089773346463,-0.9264593105847817
77190,-2.4859460543366776,-0.26652189721954433,-1.251302377162729,0.07656875046497295
23630,-0.34367709728937795,0.4179207483948001,0.1693531466389003,-0.2386866055998789
19470,-1.2883604110087161,0.355439372115781,0.7624406262014396,0.06743741684581386
72390,-1.0653834414075514,0.48969995531934446,-0.5537609744025375,-1.3894384239581248
36110,1.062298991960762,-0.4274418802580053,-1.8618730784553867,1.1620576016266073
50350,0.36712033707291236,-0.42008122763484385,0.8420927546054602,0.9471373689582797
68630,-0.3528644729136246,-0.3624492828240751,-0.3811431221321753,0.521734756735722
48590,1.6478229807592188,1.8166829871684451,-0.9134309418831782,-0.41679300278811693
34950,1.6213864511025735,1.5818129156539198,1.9135764963755593,1.1427292873116024
52750,0.36507459110140406,-1.0708648218021768,0.6924488271013887,-0.2675494871563084
16470,-1.7836516584309203,0.581922458648332,0.02007423627128644,-0.19117926556245496
46110,-0.09507746645638537,1.4843552026439613,0.23149000151608853,-1.1888484132240422
65230,-0.46348322838174905,-0.7404904421816668,0.8766321170064575,-0.4824705574116372
28950,-0.48908521344328393,-0.038859641886111525,-0.15660318487272631,0.35518619603716356
73550,0.5799038864897597,-0.36548860055227816,0.6025176061476356,1.0365225497662442
44550,-0.12389563432664397,-0.7398630771178644,2.2461242438313764,-0.8312969729770309
54310,-0.6212004322100523,-0.0037471194235401874,-0.7869808949231035,0.4319901911923685
990,0.3417985641197339,2.3071101588984257,-0.5370451228128958,-1.1816729256610607
9310,1.1191998900249138,-0.6130141657687054,-0.4764915696574461,-1.2015224647272749
48030,-0.8794881414015069,0.7458251883377887,0.756388774023363,-0.0005998708083723707
42030,0.11920326636092332,-1.2045978021592212,-0.6892262107476315,-2.011512420226671
66470,-0.09631200126417856,-1.6972069524240885,0.1820612794330598,-1.4488388058000237
48990,-0.17948111041194137,-0.871898943913848,1.8102050469644182,0.4337184266447047
39990,0.6762094910567042,0.3879012491887088,0.33373521322585736,-0.4177797313149112
15310,1.4354813747264463,-0.3958193970511886,0.568819724573422,0.7546277978840709
34270,2.1364857660536942,-1.1450463390019785,0.7747996040191218,0.9785119174668824
75390,-0.03363973852082917,-0.2688454633979774,0.2917464356332475,0.44835526314386764
27710,-0.38787184506213246,0.8903876180883963,-0.6145795066995864,0.4189347168039186
50910,-0.4402729236688107,1.1844693809310758,0.006224487926024387,1.2080548096034407
14630,0.26386837871252067,0.7766053449223328,-0.2750177711850229,-1.1835044577437888
7470,0.37123185879881565,1.405313684668142,0.8089906275326871,-1.5287233405853424
48310,0.8502363681274706,1.0751606926442665,2.337318394986405,-0.2856909918140488
25670,0.732689266116867,0.4321330218606832,-0.7920361281524528,0.631542604821081
33150,0.17892703031495272,0.8493298962266426,-0.2151642073252235,-0.13429559843706299
31270,-0.8065106908020048,0.5984372806804116,-0.16368483194924568,-0.7957937642977738
3150,-0.035648144981886995,-0.9112929489205672,-0.054748632458585154,-0.8583486254236081
43750,0.6143394656710864,0.2558792092390237,0.4456599512706022,-1.1956575906296358
47910,-0.4571896578289773,0.3300953991670876,-0.3135465662652524,-1.1053665120572511
16910,-0.9217981104064025,-0.32633067816608846,0.6284268062061787,0.027795537920183928
52310,-0.5772748658639418,-1.5832889865989084,-1.8017468124614826,0.05421470097564154
15790,0.32089209297140414,0.41807766626151527,0.271579699545,0.7389701901935264
60390,0.408697208836881,1.069101857120608,-0.20746008786251646,0.016980916665118737
2590,1.3506183076662261,0.004117705554922921,-1.513168411703256,-1.1482142357038507
64550,-0.8443131618582141,0.9816507238209086,1.4039551743803291,0.950663748800014
68710,2.0534048438146537,-0.031350280676580376,-0.26048217830343995,0.7307897252543947
50270,0.591087856915895,-1.5667754097364655,-0.23462998193619436,-1.5273163715494238
72870,-0.6638957215801161,0.32113280211554307,-0.12529888138979675,1.0341607305560614
9350,-0.791348879638652,-0.17057565834973112,-0.28516536304914153,-1.2143990556743363
36590,0.9148836825617053,-0.1639654534013694,1.789364178843294,-0.8873451915977348
27790,-1.052772910409527,-1.3701881760467027,-0.6020726002546806,-0.9462926850723884
40750,0.07667500118626452,-0.7584321700945043,1.0212527609945126,0.799513308914895
46230,-1.3954201788754665,-0.9289481448998036,1.0817132576828288,-0.805077575727813
62310,-1.535799816791229,-0.12144733884597701,0.023288737870231436,-0.6757101541337922
48230,-0.3768483338756167,-1.5652170526850662,-0.5810186995247059,-0.5967732923844643
8630,-0.4940010734002641,0.36455845724211455,1.2174944422235738,-1.2333401076456951
53230,0.4780287887076657,-0.0840563090683209,0.3939939193643989,0.4162525955749126
59910,0.8672115512760816,-0.7133631273502417,-1.9102112628406311,0.9653464355827377
46190,-0.3802781853244503,-0.5242291106113592,-1.3741495030835125,0.6071347653751387
3990,-1.2517317349305135,0.6283042317483576,1.6523421128214122,0.1065269746593265
33590,-0.06968428503406358,-0.15518369000238755,0.7493370757811127,-0.9523591595519285
22430,1.3191637306805553,-0.7831510458082254,-1.7563481928694837,-0.49274590669161683
41150,0.6263239179618456,2.776234609386827,-1.84659003074906,1.2364713824620637
33910,-0.21259262434243484,-0.5928117486171376,-0.16978503524334085,0.7431424351084722
41910,0.7850022479694303,-2.1717177542346224,1.348546774745035,-0.03787336510553377
46070,0.060625099307896994,-1.0540651243624821,-0.1845146697821317,0.20930269855684133
50230,-0.7124519829828848,0.2529652344168684,-0.12287871614907002,-1.040016348018194
13950,-0.7212404535690591,-0.21450593267713666,1.4657285734121135,-2.331962348210923
31870,0.18488595025412646,-1.2424357982049423,0.4430889517045713,1.669769522293141
8150,0.2834871493041551,-0.18381712451706558,-0.46633498800495593,0.5527743092178145
66870,-0.7621432181104738,-0.5776702422570774,2.066960342158339,0.38899350750376466
71030,0.5591017004148444,-1.2489073382356777,0.8782070213772742,-1.958380209577566
29830,1.1559062685018602,-0.6470876947823636,1.0283471141920857,0.9258344885724191
48750,0.07932538420393023,2.195441705480895,-1.9148626144147813,1.3166618806924395
38910,1.2604308122071197,-0.666443865602387,-1.470722681373695,-0.25334445874865674
2630,-0.6781146207204282,-1.008436122749798,1.7587159589866233,1.1509655248005035
7310,0.2349169081116598,0.3063226427669785,-0.7733068853426267,1.992986258846543
51390,1.1521998625663776,1.3106454875623565,0.9676905622615617,0.5724419422357601
30070,-0.44983623028839326,0.4653129936742897,1.1925080986372396,-1.8288608861330242
50030,-0.3793468765695713,0.9922070193675355,1.4764287164858318,0.6904838097282117
25750,-0.8923473363855836,-0.7828697909444182,0.6200964058252525,0.20358028429128225
68030,-0.36491343471852594,0.898001803635405,0.012299694772131132,1.475187183753092
25990,0.547996221461676,0.0030208033658209186,-0.5168980273921807,1.3761431630380774
72190,-1.1442303108352216,-1.2088851042846476,-1.150794631926638,-0.22857971318257939
76350,0.3881136734585696,-0.15680513385824207,-0.30117702952523684,0.023375696206858396
62870,-0.008694826372287419,-0.3108043519487135,-0.3957367218246095,0.2716494762818597
33950,0.6460073988358107,0.1473324396801972,0.17187398968561118,0.3165469609615935
11710,0.8497780190134857,0.16337438211099078,1.1322244624513607,1.307775126099213
44230,-0.23794659580734925,0.4914521315696625,2.222541328102822,0.8315098275946556
48390,-0.6713913638854189,-0.6725371344530422,-0.6166805216747921,-0.34927522884619916
28870,-0.07807288134538752,-1.116247721219277,-2.1056937824709934,-0.38061789691792486
52390,0.9637542180204286,0.24195031015993115,-0.2246943780535953,-0.7639973151471805
65030,-1.297513740720491,-1.2713632083989683,0.6763008695561743,0.7875345160332541
20630,0.1141403099527364,1.865998300550618,-0.4870354648411201,-1.3989471914507472
15870,1.5183260050162144,-1.4020349157573757,1.0335551261608824,-1.6499307087255366
19630,0.6086178258633953,0.9067007121165598,-0.6703045009157079,0.9559394337722766
37070,-0.8173246284164924,1.072345936559891,-2.3690799520749284,1.296254786616428
4950,0.43385315607440816,0.7384407470907106,0.3540713104685598,-0.8339848814518602
33310,0.9450412901780002,0.039675661362176595,0.26463681927675314,0.7993009272771574
38070,0.07862031026189824,0.5067419822878645,-0.7953773866961151,0.5891341952931723
47990,-0.8194209681923622,-0.8905160584711705,0.7611356072869002,-0.9040033434837441
17430,-0.04408717993351792,0.20425597724773617,0.8554428831403404,-0.7057301895160107
62030,-0.4867830915447285,-0.5913310590591723,-0.6842855033781966,-1.2860391607635304
46270,-0.6730942447033595,-0.5938038693513256,-1.2498613421299285,-0.023187330282047294
70350,1.9309543820214585,-0.9889922452511588,0.3914255343651105,1.0833489555024587
74510,0.7288131383792233,1.3611787036182232,0.33874334511127746,-0.9012229881592192
38230,-0.05341987619746446,0.7023716307638641,0.02072987561380454,0.308858046602301
42870,-0.2702162324232716,1.2042878210665158,-0.8269072590855295,0.8836652597958975
54470,0.041647041352235556,-0.09156203247666299,1.2367767202527677,-0.9814835917447717
14430,-1.9394105714943168,-0.1766467191826555,0.46878099530910333,-0.11971767738687376
52910,0.27144213306907566,-0.8505453195387711,0.03425165587261641,0.5946597425149287
21710,-1.8117348731028122,-2.122781635648508,0.19571955170979913,-1.9349931389305213
63190,0.20993033648767753,-0.8521755679144957,0.17226754482982698,0.6275331218131568
26910,-0.18583649286949055,0.6623548391616425,-0.28330468556787003,0.32967851783698504
71510,0.9507640473401656,0.41072504086271583,1.1539342066185592,0.18619551660668918
1230,-0.22494429359576032,0.16026591725167258,-0.6558633172956412,0.4619829787979686
9430,-0.7982482729906039,2.1894046257371826,0.17975431051324356,-1.749564165218803
28350,0.35634485368300894,-1.0529613688787445,-0.38478457171562647,-0.886103258031542
3110,1.6819471804419663,-0.0021368423664386077,-0.5466566059843068,2.382662114233589
47710,-0.09575396194938698,0.42239457184153206,1.8045987053914476,2.22223995938901
7270,-0.5104832978982133,-0.24919898481358838,-0.5539374517719743,1.6957139064982087
17630,0.4402094218643154,-1.0502979912463768,-0.6540699031191634,-1.0251550311579234
60190,-0.3424567612834322,-0.8729765473544655,-0.8317155944811359,-0.5336831568101924
60470,-1.66213951284626,0.753306725815022,0.20722534577164922,-0.5222021534725674
48110,0.6000557382360195,-0.9313197076612497,-0.3816162085950435,-1.094456056111
72230,0.7911948592198207,-0.0712424683338795,0.7731738247594592,-2.3149497989032386
46310,1.3905126087416502,-0.2577901551561963,-0.7582098324103268,0.7508254714267694
72670,-0.19125445510300854,-0.26072494552402725,-1.3989225743903388,-0.008849837609417254
76830,0.9395409473507165,0.05988174969713695,1.0901960108047364,2.2512388792856504
36390,1.01076245608944,1.3470874671722943,-0.47521901313855736,0.7970727188353567
40550,-0.34630670372881356,-0.6703191202870403,0.6724389412492029,-2.0318950107870672
64750,-0.3709522751773014,0.9724887909614632,-1.270489540354055,-0.15849410007421968
44710,-0.4066747128767058,1.0176005446473584,-1.2539055784575133,0.2233435943958672
48870,1.5879128822058892,-0.036823810803732024,0.28792284584593913,0.3968097130330438
53030,1.6968646216053296,0.49518109796751986,-0.41275121873889364,-0.9699491617926614
13470,1.9762995465314734,-0.0007291538334192728,0.8737644560271267,-0.4961311122970921
15230,-0.8113586904804411,0.1878067299992434,-0.11925709805439824,0.19974010438066403
31990,-0.21029149518337484,-1.9174631226070138,0.26316689165269697,0.12605645728043216
25070,-0.41687155680893506,-0.4656150597513842,-0.29395123395379785,2.0203640242550343
29230,0.5736792242419388,-0.312160579747152,-1.8183325918667912,-0.5195339392567437
50430,-1.4754149749081613,0.6959055766754914,-2.0498042856740137,0.9003977263717203
22390,2.5984149036757547,-1.4113584369360594,0.4986960888549352,-2.2776762190061692
41710,1.2183284079425198,-0.030516088616803605,0.5332200549241187,0.18552880343502626
5430,1.0518885064311745,0.5645224428866698,0.16511091411478748,2.065753798650241
50390,-0.3143310735510828,0.8129314776370156,-0.251789246719163,1.5798988221509525
38150,-0.6194285707300142,0.3618304636077025,-1.6365458109961095,-0.6775626843077125
5710,0.6184891225003365,-0.3883663354189765,1.123738782288144,-0.08063666100532735
61830,-1.1340353973436843,1.0724645371913843,0.3221269474967527,0.642888945281493
15750,-0.4167604272867845,0.26511600866204993,1.1387018337659323,-1.6114566478988779
62510,0.7602250941126552,-0.11689143081708438,0.2723370495674334,-0.14927446495352337
72950,0.7251756079109318,-1.292656067977584,0.9775247251454041,-0.1971185505056594
46350,-2.441976645249188,-0.2673116236434568,-1.6649098526163268,-0.37845022471102774
70830,-0.44109049407863354,-0.6109040620451284,1.8428473703907347,-0.8949688388303871
74990,-0.5849415575853113,-2.1850741421606066,0.4428043055952327,1.915368401128546
38710,-0.634306481567981,-0.26542445625332145,0.3404596426275602,0.27439629293300816
48710,0.19169580480268097,-0.8232903447449341,1.4246019058991013,-0.5622384123239177
70190,-1.5245013696848853,1.325104273647744,0.17368929057400767,0.9917152080777878
13590,0.34236754354722865,0.907517482663573,1.4227472206385041,-0.07022632002360533
6590,-0.5145914088094109,0.23260835805668942,0.05760451381657873,0.5154450070840939
24590,1.9334852082731868,0.4906737190402529,0.6372107803666288,-0.16868142355162613
35470,-1.083236311526061,0.49746151242769066,0.39094170538677037,-0.18321838043095437
55350,-0.3015107480780108,0.7659299648582885,-0.09394365291221078,-0.7659458689969312
59510,1.0590126665779869,0.06452109076054094,0.15545895405077592,-1.0777635194704243
21790,1.012233890075886,0.18888073470575464,1.1044701466083142,-0.6723898345289334
23230,0.6597303626805361,-0.1598594239135317,-2.425590723651425,-0.3880644608534799
67830,-0.8501398332050198,-1.9315908113906275,1.3699176341852877,-0.4996955804179097
31550,0.327930005072685,0.1520690387498513,0.9361120467743275,-1.0310785225596368
43910,-1.6569319922369343,1.7496915208332169,-0.10689182280451838,-0.5190465586952713
70950,-0.11974830111738585,-0.49048627174729675,-0.716595042486781,-0.44755192861232584
39870,0.12264934910653602,0.3960167945835259,-0.4783852434097147,1.0663572882463144
44030,0.5955454626323273,0.4185994041921702,-0.3530023618694477,0.43143444609889386
48190,-0.6319176305983454,0.15778569118528984,0.9184102521466583,-0.616325470179034
38270,1.65729286656171,-0.12227343747127332,0.013676554908252895,1.4274367674002346
58670,-1.3323507290956456,-1.62074469225372,-0.7403432016285777,0.5631011472664983
56510,0.990494473705117,1.1031633072808738,-1.7926775994168747,0.23468237635177283
20230,1.3422803219584203,0.39861394819890306,0.6376877901575727,-0.33600633112407924
64830,0.9526215531100464,0.6329444735935258,0.5678066378949567,0.02566665005418239
24390,0.07935256990533279,-0.4188857309400378,-0.4547144315294925,1.7336505299992029
53470,0.23416322949411827,-0.6903423924950008,-0.6590408984741916,0.5661524815253898
56630,0.6242500349206981,-1.8188261599669213,1.3124068260637956,-0.8387843996996531
73150,-0.3253240296306903,0.014072649299970869,0.6765412186878426,-2.0807747206060374
15830,-0.29094777328375077,-0.14938467549274737,0.43873372747882405,-1.996904639210826
75070,-0.3049825973367788,0.8120399457116406,-0.5490548861023604,-0.08973875714082326
75910,2.0249582876619114,-0.05490771851853125,0.8312825057895793,-1.1710442746413587
13070,-1.8423656727814433,0.8432869415388123,0.49459459984307885,-0.6331390918361809
57670,0.6788864897458008,-0.06817757290283454,1.3119223794432961,1.4000254297787211
16950,0.1774165781233895,0.3373279850269548,-0.07605494389621917,0.5080378624927977
42310,-0.6959615389356254,0.2556601422663751,0.7094064411378848,1.0216795863943071
65990,-2.0426350745160966,-2.568058931361665,0.3468996138856889,-0.4092179402293715
70150,-0.8578559351897553,-0.7439597909130422,0.47862430025724595,-0.8175215865698678
33870,0.3109092044299437,0.9441786990870653,1.2231010081756801,-0.06467877907209824
30030,0.4078540568710687,-0.541133590755944,0.1926236601170555,-0.12216557524484575
33670,-0.6178304018582326,0.45508690369132415,0.8939848421184519,0.6993208865183155
42190,0.1349606733086708,0.33771297383942267,-1.189965381279818,-0.22508844337563155
52110,-0.3661217269839697,1.5848526890309995,-1.8175321089323557,0.715634628100962
5910,0.7997775399526047,0.9340579412930962,-2.4528217148451317,-0.8687157297904531
10070,0.007579964694004682,0.11166914115462352,-1.0382786854430226,-0.24835330549741755
72590,0.27101660143320244,-0.301200557035184,0.9609753915516378,-1.2354440315917585
68950,0.7127913954024769,1.1371929102083422,1.843584411724322,0.44126445428808775
22550,-0.6673751700242603,1.0711047968715122,1.7556654498353772,-1.6132476861543414
26710,-1.7570540184542651,0.5448928531667944,-0.37650183398064596,0.11642579611705672
36190,1.2795044940867606,0.29957869163114226,1.3179590474078913,1.050581323297647
75470,0.6427513548298829,1.066920259408652,-1.3459688262748026,1.5003994242560708
33270,1.0629564844625576,1.2174068208093627,-0.3008964512179589,-0.4496747859636597
2910,0.37932000837279506,1.0134444815217771,-0.7313655972971648,-0.3387117370407613
66790,-0.3409959366444922,0.2114069207719603,0.7513016560107899,0.19864791169777116
13670,1.1404752973944188,0.3457378922323259,-1.1614968895999493,0.29964668814372164
56470,0.03574238950202142,-0.09452276850195022,1.4023160229454927,-1.5845662202644144
55830,-1.7123315492568425,1.2444188296545944,-1.2096166538456166,-0.6261178138723497
41990,-1.1536382076040168,0.02699699568314121,0.1711520407827164,0.5682074787319031
42350,-0.9545894229001968,-0.5541121517129131,1.8989440137147808,-0.912235978800571
55670,-0.3555585313211574,0.34068681826738056,-0.4153358744770216,-1.6038283017161712
9270,-0.2276064600391345,0.31399407345437946,-0.8998493496223484,0.7990539004508299
72470,-0.891015448502946,-0.40433990277232973,0.5628570391461541,-0.19212735645002224
4510,-1.2559430862110574,-0.03749340766125254,0.019936947566007453,1.2563406325055195
45630,-0.7567308123115292,-0.5842067323089796,-0.8220335977394553,0.3887561459248474
60790,-0.5288828606158221,-0.12242147019467502,0.4318104053085483,-0.44313165000465693
39830,1.238781518487686,-0.013606764427482267,0.206317807830935,0.9853330867083725
48670,-0.8852894912590054,0.6867502216305098,-2.0196936133282897,-0.7863503424564663
52830,0.19990090182434636,-0.43708425252831173,0.8130325017891374,0.5493321254918085
12390,-1.439200339767839,-0.417797297948865,0.4570638421772086,1.0104630704023312
17790,0.4675796106607329,-1.0161208901446284,-1.9117307980555376,-0.5043319679450232
16550,-0.022558173094054796,-0.5481730463183456,0.43201818547187837,-1.1972055456979724
24870,-0.6021093607898111,0.47283669867473244,0.045223746418243206,-1.0742870469473176
69470,-0.6736463948877881,1.1022659122416296,0.6786918240793128,0.9459681871805374
29590,-1.7840338626320162,1.7473452313464555,-0.39121231396880507,0.22360664464490232
46470,-1.7866293577449608,0.13331073672852553,-0.17635316733423625,0.4399714514749769
50310,-0.7320826488589489,-1.1753374326977666,-1.1979299304048505,-1.1924014061310564
37350,-0.3776183795440465,1.212231257778683,-1.1855051179279215,1.350390930056504
68750,1.3063922305817715,-0.2233664961389451,-0.40123156036204516,-0.14276698416038902
41510,0.1135601547190753,-0.09721510176565135,1.123315745670198,-0.6909609076875445
40790,-1.0135514760654076,-0.19650039722951163,-0.39005587149372245,1.4021588414818746
5230,-1.0201057301281242,0.48612818819278336,-0.08635833858924787,-1.6171746930845687
3470,0.695319689941334,-0.2971783420617432,-0.10409352221656089,-0.8524638576867251
9390,0.05941529193171959,-0.28438147631409616,0.3415041132513299,-1.1082896384615408
71430,-1.198493489064209,1.746876113250431,-0.2799064872929124,0.4505565198003163
53990,-0.3668653721258569,0.6939793169939271,0.9608747366291617,-0.614145228751299
17710,0.3605197637839821,-0.9899472513767129,-0.149708936110344,1.1262521177967295
49390,0.1637076023601481,-0.5578502188518488,-0.14966513234403273,2.515837186040466
11670,-0.5071637667876115,0.6742097823799015,0.760226940151044,0.21787418243095677
26030,1.70176269302178,1.5514920203267015,-0.35920562896549985,0.24615766218370938
26510,-0.5919117823152844,-1.3959018345718655,-0.6102228255750012,0.23648362605204729
70630,-0.09214338465378255,-0.8010934881448138,-0.6957775769680494,0.007924547265686867
44950,-0.529272582065183,-0.6745931162902008,-1.4033622396699779,0.023093632128635484
34350,0.9520398963304314,-0.3607402988457585,-0.8652335606838732,0.291739889345552
16990,-0.9723268631233933,-0.0043859415301178975,0.2725269244513748,0.27801550097719835
9630,-0.7858674428705488,0.8454560823013496,0.9718983488325541,0.05427190455504412
46830,-0.551923076557878,-0.3646112448090041,-2.752211435266335,-0.008743143026424377
10550,-0.2224561186388433,-0.09899318450090784,0.10046599429865219,0.108659554257884
58630,-0.7567247804097215,2.0160798267916373,-0.2748462479684324,0.4451729993886886
64070,-0.5080955252563938,0.09801419962594948,-0.5220561327237278,-1.1067338351340141
7590,-2.469787051734107,-0.07842613698536548,0.4805719972647931,0.5442360144703822
18870,-1.131213241084984,-0.9372814484295499,-0.3350680912339206,0.4466052804097015
2710,-0.04369558232654127,-0.009018971451920117,-0.2329244144383569,-0.024914489463244788
21150,-0.5733348522508384,-1.6291692023770998,0.8762815085838769,-0.8529645825653492
71790,-0.3315102608534176,-0.3353968889583644,-2.18588722904351,0.6865182171827438
5550,-1.0383971780219154,0.6391101317613196,1.0027025518200674,-0.09295083881606564
75950,1.1318028160365745,-0.9495964962517515,0.06901455172055769,0.5915167463843558
42070,-0.31648813117353014,-1.5042111201201642,1.573857129659064,1.8406858471458896
39670,0.9635615722650221,-0.11810664721204611,0.713984982690592,0.19936781308502632
3390,0.42284708137868,-1.476414878068671,-0.3882257638348945,1.1904952662390285
42910,0.16111488359392206,0.5525032104398153,0.1746020093937121,-2.354624416294887
54710,0.4479437915277425,-1.3661938266712121,0.8020958672006079,0.5976104391805737
32670,-0.7934565661459141,-1.1224353032965966,-0.17823156029271336,-0.32989051480738263
48510,0.4318726749538102,0.7225425965479303,0.2494896356623537,-0.785443947100565
28030,0.2872373689589802,-0.6457257574375954,-0.3218372010389239,-0.9240056552933048
20030,-0.481283115532462,1.0039809121863288,0.7808093317113977,1.3181555927844193
9470,2.108132685124882,1.5433942109198477,-0.2936252318236797,0.31488725931510186
64630,-0.3953959123269002,-0.20385701237101847,0.6634704400731218,1.3403208429816742
52670,0.07967530912453975,-0.49869977066018034,0.3742928673059736,1.3614595944307633
68790,-0.9515974439811103,-0.7289440650374529,-0.22462041622891135,-0.05020284205315474
32510,0.6537551544635052,-0.22240261619855223,0.8012058483071377,0.28825275431043035
36670,0.02041666227939615,0.8649213735286079,-1.2716089001763267,0.8565857765047258
47350,0.2694863923920915,-0.29247230571661703,0.8935232865756224,-1.4444064379581425
60870,-0.1609983531615135,0.8584523161319518,-0.9975951720918741,-2.0761864162069994
44990,0.9323311423896152,-0.19716646566790944,0.3698800982042,0.8174799702832005
6270,-0.6114982873644794,0.5268178360842765,0.22927204696917758,0.4010628167785373
49150,-0.057172092398373446,-1.722027266525763,0.6127285074588613,0.04637772062774451
8710,1.7307222237860134,0.5856995336533144,-0.27849638051156816,-0.1869517229449186
53310,1.3120905404585173,-0.2440148726556452,-0.2868126596495409,-0.6368613963360515
12870,0.01881425494514331,0.9257051737463519,1.5723588332755567,0.3286875329281921
57470,-0.8977993009989317,-1.3210629745755549,1.0968178610140362,-0.19605354556994908
17870,-0.9914918235673538,-1.3029880042342417,-0.13387370412596164,-0.40797282100433047
19950,0.3028919964422511,0.31821428666049006,1.1822271645483176,0.6907069270419879
61590,-2.1989691382808094,-0.874337064773988,-1.37270029660626,-0.27604899903314134
29510,-1.3911525550445245,-1.4088215104970419,-2.879050062257605,0.7659272948890975
74110,-0.7711943778555586,2.14987857052291,0.08480512050960097,0.7573599827951949
67030,0.2841429236917393,0.5257033864393811,0.2575464937828813,-1.24280017377545
1550,-0.9415286260981728,0.139897690288863,-0.12404783386603989,-0.061402421662525644
1710,-0.901351664463533,0.20658852966813643,0.472393454069269,1.9102690780972087
46150,-1.9565999025584533,0.4020337819419666,-0.7848338907949483,-0.18854372845459927
75230,-1.2477673166191003,-0.3779897649414039,-1.4504055061674002,2.072653601271273
910,-0.3183853465308678,0.5536445603292307,-0.46941712937560637,0.4887040616678267
14030,-0.04189511442926442,0.2706070177346975,-1.1772540175678428,-1.9920289744316568
19350,0.12100190097246345,-2.2437851593010203,-2.1823060118184143,-2.9054182686194774
18190,1.0183403226312533,1.055475517446056,0.049439658933190335,0.5157461180379745
37790,0.522314129263751,0.6795283308915686,1.921252745696202,0.7588724417902721
62790,0.3676674114897105,-0.3347749612022795,-1.531798153418671,2.2119437861465583
76710,-0.12247507617303253,1.682856443843378,1.8491624067760366,1.9188422950879116
1510,-0.41858460295631084,0.1885832044546679,1.4712940364458358,-0.9564771663796853
71110,0.4464224079152569,-0.5209892120268964,0.9798318271395017,-0.8679905697405115
64910,1.0013572488823532,-1.05859321360036,1.362971147997721,0.9769848185804868
75270,1.9040888047189006,1.6935724806765728,0.3806267131756935,-0.8824955382736792
60910,0.9188975827479107,-0.6621493251768389,-0.9950794395622119,0.023388382382638132
47310,1.4888237467445724,0.9385010116592933,-2.2441201840089415,-0.5069669570268607
15190,0.7065118144134903,2.378843138977256,0.10010492255284083,0.05300561240446897
60670,-0.26600441479879816,-0.18671979373460723,1.0657892774639268,-0.09684930843449156
48630,1.9920615334613831,-2.5330601453243164,-0.32617072732196944,-2.6197594390037753
27670,-0.5869146523094471,0.9891542724373176,-1.0379496537572224,0.29488087417804043
23510,0.9933655548986003,-0.17106413592006825,1.1298689664124173,-1.5560046400919003
68110,1.1842416252761971,0.45169716013225425,-1.3424078603484695,1.2395266181764546
55630,-1.600311322935417,-0.04627262822523473,0.4668201703669252,0.9233587941866737
72270,0.1162265927317119,0.6486015263176393,-1.4378394042027982,0.1343043746953207
77310,-0.9072687060303394,1.0985514856574783,1.6745188713379928,-2.789829113609175
40150,-1.5700351148545952,-1.7199226928280245,0.6614482496910354,-0.20448094845166676
44310,-0.35553940739024265,1.381334093399493,-1.2873115020388333,-0.04859828400833913
8030,-0.3111580671848316,0.3612204668672728,-0.7735009067262552,0.8128476479407051
39510,-1.2574996072896203,1.4470420963335218,-0.3461674890637005,0.04114880249121039
13830,0.9439595562420224,-2.3866342802138467,0.2059884959351416,-0.17529709330864146
41350,-0.6787783864476011,-1.0569422677087779,-0.36153467857793864,0.9960046899078528
56790,-1.907869139951751,0.3190326754856165,-0.4818277668861024,-0.8044043574635346
59790,1.091267228467599,0.8431057482724557,0.19808948252977962,0.5633186170299287
20510,1.4168276705218517,-0.15853171860755977,-2.7621302265868235,-1.0654885434115173
24670,0.6472371156586111,1.1784132745129068,-0.3367949227317838,-0.08556917947538051
62990,-0.8260664879254496,0.8188680000176463,0.8204071798671205,0.18135475625162636
10870,0.15245577467152957,0.7017380886078664,-0.6897415779267172,0.6366308618568812
33710,1.6598960936653997,0.8707199275769976,-1.211952526115848,-1.2537336938645205
50710,-0.030163839847739557,-0.6590015044874284,-0.37113650427104117,-0.7872162988497533
63950,-1.0509993094010683,0.19024984959538316,-0.8768356109472109,-0.7141802698763712
17550,0.8217548473587593,1.0308815398710267,0.9707510838479961,0.13843762872305757
9190,-0.2168656907504992,-1.5185124087745716,-1.4649744437256578,-1.097935133647845
35990,-0.34651320449964035,0.6481919897519949,0.0008050650428367495,-0.27286883023552727
13350,1.426979680743355,0.1655701405431184,0.16294372169201687,-0.35151075927464215
57950,-0.5794968198548178,-0.6112493576834368,-0.20780786411564495,-0.11440274462442064
17510,-1.4730776679684638,-0.6568000078193202,1.0516924366953895,-0.5606906628711626
28190,0.3782476490384763,-0.1344727095533402,-0.23601560912551275,0.7886897569431205
21670,1.1991328074220644,-0.9698880529863064,-1.0995401261371471,1.1904124356750787
26470,-0.8347945019883661,0.934313180604219,-0.6896133235124882,1.8711444512949689
74590,-0.4652895416030425,0.00016905234403314403,-0.5236048921158845,-1.6661487914730462
43270,-0.41068849255712486,-0.4718003769351563,0.1161650912736903,0.17205237918082955
67110,1.3416332117163956,1.3270705839924475,-0.3022157758843532,0.738843909829068
38310,-0.8900827466776605,1.655767519169218,-1.2832638784898807,0.8382164218939874
2030,-0.5342141339133003,-0.507508626482291,2.066390704697875,-0.8176937415007449
50790,1.9881541685315112,2.007780118913166,0.490816975318183,-0.43592482443032676
24110,-0.3194596777918703,-0.15280164190336468,0.34960344029615575,-0.6496929547822479
14510,0.45111994446332143,0.4784646913344113,0.8861618322530135,0.803565507106853
50510,0.14734823663826016,1.0075501241453266,0.9241565190284814,0.21106231622623306
77030,0.8977871555238163,3.0567067907654772,0.9296319411110041,-0.6036789076364684
63270,1.3847245463577487,-1.261806827074672,-1.1594545616793488,1.1784486571272876
2670,-0.12152992636497283,-0.948286225390763,0.35959500025074714,1.1882939872842853
42590,0.23745724420097017,-0.33602420617736256,1.6147839960786405,1.4907106322778199
1590,0.4373962794968282,1.1756819211521357,-0.6358128260443838,0.3619873212357754
31150,0.8425837963407925,-0.9835166530039147,-0.7361181597652058,0.8494398598411809
16350,-1.529435114437313,0.08515189110526235,-0.22030509137168625,-1.681497506525912
35310,0.8602575224637186,0.5550809626341949,-1.4770250055746468,-0.9406929866887112
66430,0.4638453564522495,-1.3626676264371307,-0.11129423665223406,-0.92107326066775
27190,-0.26065309891614247,-0.6295531561949254,0.02677317314985906,0.4092626276307889
17910,-0.9478264414753853,1.5648984632785308,-0.5894521337898635,0.10971557094262696
43630,-0.00867579463155914,1.3845451382164369,0.02075949465597024,-0.8057838997738189
9790,-1.8929666435278618,0.21193351745426522,-0.21857151326668703,-1.1012195357178067
7350,1.3733107498083217,-0.21670485000410938,0.8792508894626911,-1.4451358044011742
76430,0.4188716175001029,2.034522016765879,1.3937792888957796,-0.5391133993323173
51590,0.4868595167664186,-2.235017545719803,-2.026301670131754,0.4085734112656523
11190,-1.451623797387108,-1.126729690252803,-0.05409157762327004,1.8159395893615027
38470,-0.02549581247200272,0.20885537611277677,-0.03613490811356003,0.21802359314653852
23990,-1.7231190661631035,1.6662677578626781,-0.5085447752428747,-0.7636759321996653
28150,-0.7395247030226005,-0.17831614267171014,-0.4236892607211241,1.2407091894044995
76910,-0.27286670520265766,2.204222358974695,0.47243248758643663,1.5371696082246824
46670,-0.5181523379457845,-1.7456053552885669,1.4184434042585312,-0.5437106514689202
34190,-0.8277161537990649,0.07571370508525181,1.9995221781225248,0.6110898438265929
44790,0.4792128061905037,0.6409284488721969,-0.08609470972835864,-0.19303981397295694
52630,-0.02554609053249306,1.0971239392942282,0.25592593985674444,-1.0347807530272788
71070,-0.5664436627305977,-1.2467442343947854,2.242275885647887,0.6585096655324707
25870,-0.5151072419458843,-0.19135508009410038,0.5803508178292474,-0.1429013857114575
75350,0.33385036220253966,-0.06363346478361637,-1.7624460243464544,1.5961010468697594
16830,0.4681976479948388,-1.0030797753320577,-1.0272983416966932,1.413750764916654
25150,1.0684124248319626,0.9442777065708462,-0.24105897000594145,-0.6239202990517501
69750,-0.46451747056963794,0.6512952155319007,-1.034163542798444,1.4552753574270543
63070,1.6443153063094997,-0.10002138592280513,-0.3103091099445315,-0.1642193856408194
10390,-0.11899310838389772,-0.598864380977649,1.7180123910642797,-0.2006629904358851
41790,-0.8539270598624368,-0.14080307031627498,0.19721272362072792,1.6432661897919199
1350,-0.6230531492595682,-1.0019925289962688,0.3173151897005482,-0.39628400242872736
76390,-0.3533452646398464,-0.40929759551726164,0.8484123322818268,-0.708559068119786
71270,-0.7379083649802326,0.8393525064776032,0.48773970737395356,-0.11622557094505079
9670,-0.8357467567219843,1.6294196334251834,-0.3697382504889608,0.834976407332219
54270,0.2658998181154324,-0.5932513336565604,0.9109952239180366,0.8211035480880512
870,1.3807347177473304,-0.0013457408943514052,-0.20378900978966602,1.0760708946406787
58430,0.1314210139965763,0.2512904894990574,-0.16320345114154053,-0.07246747946836242
19310,0.3884629712417768,0.2207378139395094,0.1457041459315222,-0.3864603352049276
62590,-1.4477155884329556,0.45954751178721254,0.26924367585071934,0.08203970303694733
38510,1.9181188168627792,-0.0559207524159826,0.15035563136270821,-0.8250291717463866
66750,-0.6243979592581521,0.36193183116132,0.4840004230914355,-0.16893426117899307
56190,0.11758634792081897,-0.49547487809413243,-0.5643469235623915,0.18896766030864492
70910,1.1798587377953238,-0.5468021683575095,-0.35497246948514716,0.053496689239363085
30470,-1.5760491162827908,1.201636280610861,-0.18707826654380794,0.22281640309782408
70590,-1.3303614535371577,-0.19596225634804348,-1.9150841241648746,0.6317226974394444
5750,-0.342283338187586,0.10455635721275225,0.25436119392480105,-1.088729396454312
5030,2.4142110449750485,1.3196794120452249,0.13737343543627611,1.060982489599715
6670,-0.5426835451723725,-0.2021293745842422,0.7482096072566253,0.8695290551327072
270,-0.6899236652667584,-1.06625513421899,0.893546089730113,0.33186753050646023
65110,-0.19024467804941336,-1.1945675019021622,1.195264550685401,-0.6197203866603447
65150,0.37879180299624693,-0.6723122003378083,-0.5832778687170785,-0.9375725761962641
73110,0.5468583702497304,-1.362332525974329,-0.3425379903019331,0.026677699262535798
27470,0.8304537362415756,0.5105361702551091,1.539406560701233,2.4194710440161455
69910,0.952222882314855,0.8094012300857654,-0.5068202683401016,1.7892283839476246
73350,0.6558167123296788,-1.3412924180047017,1.5420974778113863,1.4078318998048849
74030,-1.2921266813515837,0.6176100321967493,0.010998392386488462,-1.0620639657910942
69270,-0.6106823881369424,0.2666957963742534,-1.0748760443199827,-0.4552173103530807
44110,-0.38101065079684077,0.6039521529694882,-1.1599448484670165,0.6156718676458102
20110,-0.7244723403632862,-1.088658208300413,0.7938028811160891,0.15608451484162272
52430,-0.12652391757179673,0.5839121622224129,-0.6823746947204569,-0.4419158362728735
16150,0.42097012907787457,1.5373810300180804,1.1459459213331222,-0.25208351216004343
20310,0.9270998056280846,-0.2128433487453484,0.21850857185239236,0.4333525504887065
74350,0.5960030297738658,0.02529590581103121,-0.8214194877218921,-0.09633715774607461
28310,-1.5012862453863693,0.4086783065596187,1.5366335548250096,-1.2975422412991884
69070,-0.4980787470770471,-0.6239046333064548,-0.7194193489596178,-0.23685683254775436
27030,0.1347815221843496,-1.5529995227194877,-0.7138206481264724,-0.3129954117984825
73230,-2.201645279539823,0.21919973333603818,0.3130017003856275,-1.0755354321974862
670,-0.29894462590941584,-0.9467766688050478,1.5639553485766864,1.2217572424990402
49430,-1.4025713825933719,0.3343674643542964,0.8132241634729978,-0.4911740451771528
53590,-1.354642259585693,0.14798510692902841,-1.3622141325850017,0.9096292791242541
7110,0.16599625008322105,-0.47746083155273983,1.0015381691988006,-0.15441900311467152
24230,-0.7646231702899043,0.7586393733568642,-0.4405266071055555,-0.5355404126642489
49630,-0.06271912124400551,-1.8037134295553152,1.8611091244152569,-1.3297595134939708
25630,-0.4413691972196353,-0.9450487518249773,0.08840095472627327,-1.2844630754547592
29790,0.17619326498560886,-0.8073373553490485,0.8332926940394384,0.5223045155613179
63150,-0.5617811188756505,-1.4077825852380115,-2.1189463734612413,-0.23953991068383376
38110,0.24336314144883672,0.9865950952908943,-0.8824067421775205,-0.08501669808185335
63310,1.5909409656139204,-0.7907253422636061,-1.551771137354815,0.0412551738699386
1830,-0.6072308830162841,-0.4872485811762457,0.49080542001845856,-0.1626927995477548
46430,0.5530222066326702,0.14664823379541436,0.319437174255049,-0.3543146204783285
57630,-0.40856127022636163,-0.7622989279020431,0.5720574668450283,-0.08511495143060396
71350,-1.0061090888902378,-1.7841394624951181,-1.3242875417206026,-0.007023105503332713
10150,0.30863391603959994,0.08212322209299766,2.634220770065551,1.5342159275492584
54750,1.553179579230471,0.9785745282258339,0.035160924555895784,-0.5532907885398699
14310,-1.0398452462169288,0.26458172183375195,0.5941396116513864,-0.11000275983613096
58910,-3.184676228732985,-0.7388244797611313,0.7131738724221285,1.584644316857153
35630,-0.47351271569284503,-0.5467022193065011,-0.9637728015540631,1.8923473767547885
22630,-0.605776863033258,1.3530368881374255,0.42597183121299315,-1.4356019992173659
7870,-0.013662267339357125,0.9655438382068904,1.0834366862023759,-0.007739283301307192
26790,-0.44973700736793104,0.3486130658390679,-0.08656534503769694,-0.0019224983797181284
71390,0.3982784191011408,1.615478317108306,1.060857700414071,-0.09429533233867976
30950,-0.8908168898678857,-0.6929956732329818,0.28903752064631033,-0.7871136389272738
35110,1.4417234204941294,1.4057387975412559,0.8888286333181888,1.4600135328897055
630,-0.5084897984389556,0.5180099019122247,0.6504992476814917,-1.2019344642849363
57030,-0.08114872170472397,0.5148698886913473,-0.3285282111045415,-0.6442746013938933
43430,-0.5168957510893082,-0.7384637285183465,-1.368376778874467,1.7944121511877156
7150,0.39344352348873496,-1.869615027712518,-0.9442344812172668,-0.47696294896707997
30870,-0.9304771648625241,0.9588284679359875,-1.7041027704985114,-3.3354018171602604
11310,-0.41080163453793167,-1.0179469858185746,-0.4357764242023697,-0.9375957206138181
15470,0.1092656969005413,0.25717364084187555,1.5421952962562286,2.0459442882797085
54990,-0.3364632353826916,0.011180822879107613,0.1788611206733421,-0.5656175002206044
46750,-1.0192737315962006,-1.5936045740609281,-0.15440559595527492,-0.8945427418465057
64230,1.6454658154641615,-0.8210799110000734,-1.1934760364055321,0.44484556729229713
27950,0.8556733728088863,0.7569585493048938,0.6052805656011772,-0.2001104934932722
5070,-0.6627993526606102,-0.5586795909762927,0.7694003384452521,0.06042288084596774
1750,2.0110863100972054,-0.20777167458949333,1.054768287264742,-0.6487015050154862
36270,-0.06680020553862703,-0.18960331163454594,-0.48320551860810085,-0.17860910425345658
34150,0.23660458396058742,0.6809435824277124,0.13713167227602704,0.64686197416056
8310,1.3732811555101139,0.14243459403929476,-0.5733559968383602,-0.7122934965303784
30430,-0.03921327845915827,0.742093268526829,-0.1561919426276182,-1.7479991359932268
12470,0.4341658398919767,-0.982373898760407,0.0690828197728339,-0.08388170997348725
16630,-1.1692264796968048,-0.6254176929321761,0.6299728346494932,-0.9259682610670329
19870,0.8115961143927269,0.39131538299801355,1.0042475508695747,-1.4577167464633947
61230,-0.2568952584651004,0.43453882642799774,0.12982886879755934,0.605819879360436
45350,-0.07176497350942963,1.238477191949921,-1.188875181064388,-0.951838780396803
38630,-0.7837617639965175,-1.4791789208167592,-0.05020473706627777,-1.0125119469280501
69550,1.2078882394826547,-0.8192478678824332,0.04321682676071783,0.2377131263920512
73710,0.3939014717677322,-1.035074734389895,-0.7973518417527388,0.5259889104035851
37430,-0.7342934628387104,1.165275635301972,2.9009231634026165,0.7134730936625258
65670,-0.47946074025987484,2.2673949033237237,-0.2150685200326678,-1.6549844279533017
41590,-0.17134184663267288,-0.8271473332183763,1.204420331750601,0.9651158918599109
57070,-0.6023303462767122,-0.15637700563437848,-1.040301791504747,0.8830310740337753
49910,0.8657527897593725,1.2904761921376053,-0.16958582905908814,-1.4614815847060536
3710,-1.1656574007713951,0.11166424235861913,0.22617139780923542,-0.4700121991536909
65270,0.09918519436830459,-1.196490432665363,0.9277289485440324,-0.17266437543467908
21350,0.3580059477725355,1.6408912902255532,-0.061341364035900466,-1.4784410772979328
26110,-0.5417331723584925,0.43395598932762675,-1.373995688084789,-1.3996733069769187
30270,0.23962336394106226,1.0490339694195348,0.5628435333898546,-1.928153623333391
74870,-0.646681877096361,-0.8305087350608319,-0.11589492843595631,0.6033372327492627
73470,0.79405716144864,0.23625430355510563,0.08557404535510225,-0.9643891613689111
58350,0.6894367403633704,0.14367405030092142,-0.25044948504615416,-0.8166326646796755
49070,0.48919834042124827,-0.6804987086564919,0.3391341795057817,-0.5424709079601898
2310,0.8663070663881508,0.2165780778954613,-1.2695002970267946,0.7885888622347511
46910,-0.20144896857832198,0.5720110306335432,-0.05194059170909779,-0.733425870264886
3030,-0.6704955419175517,0.5616705878740363,-0.8666374308754611,-0.3888053498749782
50950,-0.9080731954578006,-0.20697367234782632,0.8184540766519007,-0.8505248740061195
55230,-0.756295992183431,0.43882180060166565,0.0833914916288208,-1.3829970208836946
60310,-1.1041071536906166,-1.1469663019054919,0.03921375634052613,0.3884173781219196
13910,-0.3650112868380428,1.289378709715128,0.26389692198883014,-1.679072351834986
32350,2.2623689204890547,-0.8165451511932903,0.12214277482271262,-0.6364084176639638
67710,0.9247640897887305,-0.019432901458582612,0.16971318286231832,-1.4593876733603437
48910,-0.35681174956385,-2.3541326250974404,-0.26295700142397366,-0.018445023887889135
31430,-0.26805092464901636,0.5673362432384161,-0.8160633489775669,-0.01073885608804466
76030,-1.0007845438953513,-0.41226622964971904,-1.059218728875837,0.47866276298577537
27590,-1.5576192528917447,-0.19008174441578338,1.009600932709519,0.24246497373288245
38190,2.240392699221208,-0.5957703064236517,0.0096242921117678,-0.32512511423952056
36630,0.16217808772628559,0.49888430438408077,1.4721360203417881,-2.508469930223697
64470,0.608651704516743,0.04586803865759302,0.8688765797798448,-0.2565362537947811
7630,-1.5168586403813995,-0.331900612022242,0.21747143574667516,0.21268704034692862
7070,1.0576160649751511,-0.19752339033952473,-1.023245556050386,-0.043058231953204934
16030,0.365420815587457,0.20595270610385627,-0.24628176355671372,-0.06589303857581619
34590,1.521239641151185,-1.5768423776079978,-0.8878116746172328,-0.627846123972293
24270,-0.7292072903977369,0.9924751727299536,-0.5288348166704397,-0.6882010497180602
71710,0.8019524339805217,0.2703789190077606,0.8277834409857344,-2.2377375367176953
28430,0.6654497316478846,-1.798165884308127,-0.9688592794365105,1.8229497455159949
13270,0.5077598168752401,0.3958314633950652,-0.06449931209567282,0.28278485679964105
3790,-0.42456224996685193,0.36943460111197934,-0.6312692124984608,1.943064474274387
37510,1.4874305367029108,-0.6087294498632978,0.24691082548656101,-0.7007839509557823
42790,-0.65208572908051,-0.8815656127593132,-0.02247646871810502,-1.5724018497950694
36470,-0.7954408102789894,-1.1229165355767554,-0.3100376507644607,-0.24374517805015378
4630,-1.340847284232232,0.046588355628667553,-2.238995536032622,0.8112275587165549
53390,-0.9537185812617067,-0.17630086069336431,-2.1740756111925896,-0.651936912639123
56910,1.234747844122267,1.0470423177493058,-0.9394152319273985,2.2519454872190288
57550,-0.6855510331803966,1.9937726596899545,-0.7986195258494664,0.27419562264659836
61710,-0.08645065757081281,-0.1849070119185225,-2.125993032449849,-2.0936406870067357
65870,1.5265832475495371,0.1259550483358944,-0.19740970900457216,1.7980508950798235
62430,0.1412888972879598,0.5882669209934105,-0.9410962097994897,1.2443484892891308
28470,-0.2445114403662078,0.4864514614293485,0.3931349288679671,1.4689745408041857
33750,2.2351113653604298,-0.5373024102408391,1.3520916403957164,-0.025611138519559998
37910,1.1731498538488085,0.6487134333806874,-1.0275569630771282,0.6310186386101577
1630,-0.4617915015896589,0.8139820788553014,-0.48919040770027555,-1.1952879904652853
57990,-0.2589803304039876,-0.18239453838367378,0.5221465609180794,0.3441146798803085
5950,-0.3898418179329838,-0.5996264487213572,-0.3589445056599942,0.7395101155634807
6950,0.8286798168606457,-0.1444016635826635,0.38638108366420915,0.5868169081950669
58510,-0.03658607925661061,-0.18244256723789937,0.6281609539787045,-1.0713800123968948
54550,-0.2791804013614973,-0.6999332869339726,1.4684532045865901,1.05912317001386
61750,-1.8903504614021565,-0.2041023512924766,0.31335203985589544,0.684944479843561
44870,0.6258369040633729,-1.589932582296519,0.10069047827243338,-0.7106509097891988
26590,-0.5830656732868269,1.7023741255269604,-2.832405070241529,0.810875301973245
67150,-1.6044235039664094,-0.3523496489859093,0.0013769003972302265,0.5397367917899472
30750,-0.23037269769015867,0.6671545154954447,0.06931292322495113,0.5430980419086421
42830,-0.18409554258169408,-0.7819429983162206,0.3566329542380471,0.4168924088799075
43230,0.6825524098468322,-1.7781696189370553,1.2611569762379504,-0.8929898255267785
11510,-0.47616459009374645,-0.34954227467896715,0.5290034054143505,0.530817207159021
71670,-0.9356629567812159,-0.09859159164882654,0.26484834077692754,-2.094362464191362
57750,1.1457832991798673,0.5464148175019279,-1.0430639158766213,-0.07128058729974486
51550,1.0245602750598957,0.9978398535520279,1.612869396773037,-0.012955255036914907
55950,-0.31670733787131394,-1.2230428927880714,-0.8649305042660353,-0.47937428154867817
30550,0.29837147534712966,0.11304330591644113,-1.2190231206740394,-0.1721052412206039
15270,-0.3912602002938369,-0.07308502492423068,0.8309311876533362,0.17862240757141787
59870,0.996443144543599,-1.0008334209321037,-1.1338578108560813,-1.2704586713066697
71590,1.8766088221953443,-1.4045061528281562,-0.009520910770944711,1.9070116147879708
64030,0.40966085201122193,-0.3993664146972608,-0.7503990969490268,1.1307491696533616
27750,0.12872933797396743,-0.8616021128371352,-0.06817654250672821,-1.6509418685201909
38750,0.15652537860845223,-2.159858324547958,1.6555108890837247,0.12831262282770553
15670,-0.6871128978820663,0.01971317960543268,-0.9263142437926245,-0.2152746398567434
44390,0.12298152385314483,0.04783494590022195,-0.2280542323945887,-0.1335389229110269
36710,0.1260887034038924,0.18461436565534625,1.4782305827453397,0.9208993294445599
48550,0.8462886391621621,-0.23353800706378885,-0.4214849148845139,0.4171391663929895
12270,-1.1508462850262715,-0.8084496700386727,0.8731685001192042,0.1702194266596634
1390,1.0982446214817545,0.9781930568747583,-0.2690597282972166,-0.538397345602356
61030,0.13443970779486045,-0.7127453475267497,0.9280799968039236,-0.11990916833925848
44910,0.32614114439370434,-1.5603916770167587,0.44688559441821896,-0.29844355340895407
65190,-0.6514915666328948,-0.6292725232129946,0.018329681566378958,-1.905108777009856
59710,-0.19179829962282816,0.10850116815139263,-0.12004643226650002,-1.0778948890769091
1910,-0.1818363190536209,-0.6625718179488825,1.0084179249924763,0.9590698428942801
950,0.25558957369572827,-0.7335543766989434,-1.2555608072410795,-0.08260042647407434
45550,1.5236844289997609,0.06809507652416219,2.27478453923808,0.8430152020562105
72350,0.4143782150479381,0.5428058886640887,0.6403374503356449,-0.261205893572638
49710,-0.3091071514633061,0.08639185665847866,-2.0832427591719496,1.9708867580846017
53870,-0.18139561088651893,-1.0964335863066708,-0.33020439858361167,0.10158316521618627
40830,-0.290555919543003,-0.5219237763496819,0.030021624469929124,-1.2575616721154583
17590,0.8577201182728109,-0.6323147852896654,-0.6203687501890427,1.27872309485093
21750,-1.2951458025402232,0.39487069624180804,0.7655893813180616,-0.989168294542306
66350,1.4091812128443024,0.021271224146422046,0.6992062917955598,0.5376066260346741
64150,-0.6568713853432293,1.861749036659666,-0.0034253035309320156,0.9586380023914223
8070,1.6391804185442727,-0.8697370715078068,0.011843983657857448,0.6053210778963223
32910,-1.2472861132882485,0.03980682086047251,-0.07744586672908621,0.08040096017017356
74550,-0.44970908718472274,-1.0844023185400162,0.3092551910879417,1.9867298163484348
51350,0.1566599692690243,0.13983219507388495,-0.16234313388416885,-0.365734360341009
42550,0.9967015099574089,-0.3516775724392171,-0.8366916428839938,-0.32438812400875067
46710,-1.0776016317661956,0.09950932651960136,0.3929209627492752,0.9974591122893575
6030,-0.6301807697342611,2.4407742481055545,-0.864638180841581,-0.7256523462842616
55030,-2.545708165530464,0.3638799028418999,-0.8287014122034204,1.8918557208972406
41830,0.38451672213031207,0.07363177900649459,0.6554551185416613,1.4559173666414267
59190,-0.3993588582083714,-2.543109637610765,0.8089789670034854,-1.3024526048102698
60270,-0.7331247478506666,0.9321868962181189,-0.5268522686967643,1.3297812390867525
27630,0.5272755021345309,0.010037853248181622,-0.5615765464559793,0.24048260073525854
55190,0.9634227138569934,-0.3140357441634262,0.5306897648475565,-1.6543021994294278
27070,-0.26503820861702937,1.2299773572826505,1.5773028922743795,0.18839128384007592
27550,-0.3415122053500047,0.5339781292732427,0.10403139567490467,2.886806395023879
71190,0.5107736583977579,0.3966451742937615,0.4296699678172082,1.0262286429483587
75830,-0.9318447083495601,-1.0810531697486705,-0.29685640164282995,-0.7457161264018359
1950,-1.2092498815419586,-0.24537437904550852,-0.47027916144708043,-0.5537661239798171
15510,1.000550936610088,1.0648934918658517,0.750660442386659,-0.1914737276867061
47870,-1.4972350021356298,0.6987086646098681,0.5267049768128973,-0.5376363802529778
7430,0.030521159355208473,0.38364478330318,-0.8627899336575013,-7.541018750009025e-05
52030,-0.4592738105281465,-1.1707302042270122,0.44558983328785334,-0.9633638714305331
52550,0.8063204167305774,0.8408366053209323,-1.3454448724432662,-0.08526389508927881
51110,1.6944120550753987,0.5097731743862897,-0.4986240785102088,0.4105807264107347
29310,0.3566713149753061,-1.2295348194731903,1.4772170707547707,-0.510962684583772
52510,0.037225782360240205,0.03186824091829848,0.5992640868347324,0.642438190523138
1470,1.9244002011597727,0.9350524911618023,0.7391062819613957,-0.5434099646431564
68670,1.0766131609004805,-0.8812747666590756,0.6417850587103201,0.8964771099697484
72830,0.7460176294021463,1.5630496224596395,0.26327573566829954,0.4425037125972899
59310,-0.485497217183201,-0.6125623373162795,0.5142819156959891,-1.5012029452767248
36550,0.11403808337897076,-0.1362688963932843,-0.8223736447064524,-0.6115060976258845
22190,-1.2828213840694445,1.0868457063791486,-0.5044204387790057,1.7017902620951337
40710,-0.6756450621727177,0.43158710913848586,-0.019442759272083936,0.6440020763406411
2790,1.2046287825215853,0.0818906871120562,0.5474897443662947,-0.39352406504172305
62110,0.050586553809622056,0.41001613737178505,1.352535620746899,1.3580960322827342
26550,0.46891512240223404,-0.13634020343342512,0.17530504540928243,1.1788743916218412
12750,-1.0055668167716387,0.7502179490809873,-0.19866282874339677,0.6318719393572152
41870,-3.619517459856126,-0.2213807733344403,0.2975680915112376,-1.5968079648219862
21070,-0.8236548054765205,-1.8597349246562656,0.06200084804457764,0.9372983921270163
31110,-0.3557363030717079,-1.174539217245596,-0.33053404247057594,-0.9404119683298086
14270,-0.3777674394352395,0.2931376199986083,1.4326366038776364,-0.12710828725455978
49550,0.17772356615043752,0.5473759651520368,1.5180842525210274,0.565382103126659
69830,-2.273241320155726,-0.2797352497563713,0.06677524861203409,-0.3844760317945353
67990,0.9749702698295735,-0.5277776067204283,-2.5053994448911494,-0.18825863545947674
73990,-0.07950049102044812,1.279910651732288,-1.5111177479879752,1.6168948078224752
25590,0.6294174082236854,-0.019034428068214645,0.0879897411982078,-1.2490150278907817
73670,2.2153618762884797,1.2979804295810562,-1.0582647912016014,1.0145781237114686
46030,-0.4693996823430855,-0.34718149043161617,0.39431927991663634,0.6023012748639195
75590,1.1551699742216017,0.141774681254163,-0.5469218736252524,-1.0263133285692188
50190,0.33912769838759654,0.3492924780090584,-0.05991998794520315,1.4967900444024107
54350,0.22994647759238865,0.5737352439411507,1.603985353429916,-1.2294808467200518
71630,-1.2303726423676116,1.0940662332296072,1.4410631322885146,-0.9262416864139512
47070,0.5119049205134457,-0.8244997489686436,-0.2780101725589455,-0.3162076529141471
22230,0.05261172889848591,-1.1462703842151405,-0.4217790594948034,-1.1053080433051035
44190,0.71539785180658,0.39564757988940913,0.3981055039176625,-1.108635603487948
70990,-0.23274622060598407,-0.6615323256192165,0.10569629518916532,0.7349504751713632
76110,-0.44715072471378287,0.07664486040386598,1.1096445794674272,0.9437968505463917
69590,-0.8932194048897814,-0.6868652047742074,-0.23670595562529267,0.048094335749281916
38870,-3.0337379238788187,-0.31419979354433336,-0.18850134373126712,-0.5798104278175547
16230,0.3605474520996047,-0.27830779774510267,-0.7757644521373244,0.0034021674471118235
43030,-2.463603109693651,0.27572060196450954,-0.809690596504082,0.20547563757440487
6750,-1.3616524838306474,-0.40903146280012026,-2.2358066304285122,0.2323973666173941
53110,-1.8682212722964486,-0.5663566868929181,-0.4875684442395531,-0.0736625755042345
10910,1.9553355637032772,0.3428658336900721,0.32732004441214857,-1.0122148270356233
52150,-0.12437882902076827,1.2769572351224165,2.3528415911752134,1.135661364486005
70710,-0.08805042601127251,-0.28603622602247175,0.21986261819054426,0.6206836456688508
75430,0.45853652572387515,-1.61900687592108,-1.3239210234437995,0.8903917382315278
4070,0.14462628795725338,-0.20658916146079592,0.6355176806419983,0.7842685640439504
31710,-0.01988398892365412,1.2640663446330913,-0.40541656898876466,0.6954126714681841
35870,0.5050421248087549,-0.4931159529509397,0.9691383719390492,0.6949661149820718
57270,-0.5917690978545201,2.0143265651637945,0.07179645974384066,-0.7845704928160127
40030,0.021240747704691157,0.3159896653220124,1.978355691214735,-0.45413322750086
42990,-0.7103323307929136,-0.7904839188101294,1.4399034064949672,-0.8548779916041058
5630,-1.451749488819331,-0.09596074823336001,1.1139537284993033,-0.9728362329297713
7910,0.3380097186106995,-0.12852703788319245,-1.5353855593864414,0.5389091186595136
61510,-0.20603185093658544,-0.7819383702704772,1.665507641796106,0.44772473282451036
33790,-1.5754930221536363,0.5743496220628483,-0.8742971683450786,-0.5346491097654051
51190,0.7535412474380668,-0.18276298074078748,0.18425086457121848,0.32269000822056676
66190,0.41609195082357275,0.43121565541867046,0.23491666466698372,0.8310069572822699
19790,-0.9611448938150642,-1.2808348725417862,0.03330097089203852,1.4803093515853567
24550,-1.3776395677812605,0.8135768581295526,0.8609735638275128,0.4547844727375403
69150,1.394858964727272,-1.7443675668211387,0.10337704928356191,0.2807795755545243
29030,-1.314215820563449,0.0800329475583582,0.13889974155262805,0.42419520742000355
69630,1.5056122705464716,-0.6712055212599314,-0.20280970339315124,-0.15415383516412745
