18432,1.3764703092115955,0.08654549181942994,-0.7385185718370229,1.7481978550014228
28672,-0.03973017489570427,-0.391841382024116,0.6100813001289865,0.7130171707508147
1432,0.5295811263098752,0.24735744438510415,-0.08272332172881272,0.5659993107628095
46032,1.8889138205463505,0.7612926476120886,0.16186911254208228,0.593712686668514
34152,0.24434815493873008,0.24809731311894723,-1.4341824094033384,0.6158265750459682
57352,0.3808501278484025,-1.091205009453786,0.2859653099007211,-1.2957633218252356
71032,2.168699138087077,0.47609172875227407,0.29690513742207203,-0.788769130764785
66832,2.3168181570932975,0.18305646363886782,0.23817544666729806,-1.181234990280916
34832,0.4082393897874535,0.3429373598258127,0.9747966868692794,0.7426261264469581
53592,0.3796550777751604,0.2452044698331629,-0.010014137776308621,0.06685404231203293
38872,-0.9420406412526094,0.6301430103150307,1.85071399370334,-0.1428905787677797
2072,-1.439763868726777,1.4602908983871181,1.1708002824176975,-0.07367523804445895
24112,-1.071813802590585,0.9687836067622188,-0.7270720440657463,0.2536931703640938
40992,1.6729878104420117,1.9242026119634055,-1.1960769392724933,-0.7622486060491804
32432,0.44173151294775953,0.08508550690869138,0.5120568768597116,-0.8668293551244262
61992,-0.28010973453277427,0.540918472400869,1.0972856937980127,-1.0875248256655652
31712,0.8270888770483822,-0.11896239515944888,0.3723770157021107,-0.4053871322176287
76312,-1.4200910543774352,0.014291400524088334,0.22839648960778927,-0.4070616697338
28712,-0.6113008550967812,-1.4452591826628653,-0.16957687813325084,0.17134303008432503
40032,-0.023264556862288604,1.0854608508307062,-1.457220655640618,0.42110094050217856
44192,0.2703231247205857,-0.10564918147875585,0.6000440594065141,0.8669319058138311
48352,-1.230340447026222,1.7342874739991172,0.9128180318518614,-0.8317678291996937
52512,-1.022533634585124,-1.0784914320522672,1.176461687252781,-1.5588646779310913
36912,1.2873125811942572,-2.1696405611395995,-1.4566664310208721,-0.13057921342110904
47112,-0.38785341128127654,0.7087766537330686,-2.4767158451808964,0.10944923839009828
60832,-0.9522939780067332,-0.2801929447563814,-0.3551315671934378,0.8545960191709573
34872,-0.8053398230279495,0.06923021202087025,0.2675840157396447,-0.5414936095134208
15352,0.7995596881563676,0.2418563108923155,1.425486766236707,-0.33083366340606046
15712,1.2446366919796215,1.7985073262580604,-2.1157496009836865,1.4401285720231551
57832,-0.3158687090640461,0.8062707488993887,0.24186139154095598,0.010782331131748738
21552,-0.5589036013915532,-0.494369915111044,-0.6675806532289246,0.9078590710061316
72,-0.27854346007463415,0.3150266913143406,0.012195691068977763,0.9605950060435324
38192,-0.09544475873108624,1.47858480137781,-0.6726554664916115,-0.04328212452057637
69712,1.2433935608890625,-0.3894498666484521,2.8057505154025537,0.5442561144198859
66232,-0.11773169028990631,1.9102075460883612,0.19686560711471932,-0.25439313288402465
46512,0.7921633588717731,1.365916191299737,-0.19945230025587785,-1.029913761502245
36952,0.529203574431751,-2.1162780061559707,0.39833886985804495,0.702602712979347
58992,-0.23583326660421103,0.8560535149714957,-1.0754573336851478,-0.5448522639175123
63152,-0.7262938005544476,-0.784209172298114,-0.5442127578245496,-0.704998363814402
71472,0.793000857307118,-0.2894018095471289,1.7913548984593317,-1.8031968444316533
55392,0.2403072191492071,-1.2305296396750987,0.6647192053699035,1.272899865814419
55312,-2.0959486935674954,0.8617665383632189,0.8384604859210888,0.6604436018266621
63592,3.6319821147286286,0.23811872088132552,-0.29289517718184843,0.6851313473769954
56872,0.15817406161091555,-2.371619082864791,1.3737079182478857,-0.4670819538705145
23112,-0.017079155089433203,0.36344599652926285,-1.220075322788355,0.06113950487487083
76952,-0.8321533973677985,-2.0324724697773195,-1.6474528203339074,1.2224209185885995
64312,0.07256885612281329,1.2432613749912877,-0.12052561797714315,0.12767996253064262
41072,-0.03236891213117437,-0.2607836796217785,0.6969412708269512,0.17349720071863645
23912,-0.008922744302529326,-1.554558980847453,1.4540188474539124,-2.0009054869258986
32192,0.6734506409944739,0.9614800239146142,-1.0205700922771321,0.7739099696547727
36352,-0.810594560674193,-0.822256444425849,-0.40340572755045556,-0.24601619545407916
67432,-0.9678630746980369,-0.9554616300517671,-0.7816421326171592,-0.7432551956223158
18552,-0.30309018977464386,1.2646354120784549,-0.32982572336598376,-1.8735482149964862
10352,-1.891618705760789,-0.9366259561040242,-0.33645866182276585,0.6301757432756248
44672,2.1513738841361647,-1.0568551159547115,0.15663539361823953,0.9111285514444708
52992,1.2582789118148219,-0.20420049948587587,0.7968735028950651,0.08319489244193826
47232,-0.1432668087055554,0.5710451941410736,0.9208162741571356,-0.12024529222579705
33472,0.03458662762089962,-0.23469542544235655,0.041346195788972535,1.7508359867199281
76352,0.4038585285200916,1.5971943542759222,-1.215324060874394,-0.4802391465100719
69632,-0.7396593671192545,0.5823060668582636,-1.2005619256133055,0.8926330513207007
75912,0.310057148992912,-2.4626329515833287,-0.3458414229662009,-1.316903433497402
2192,0.8229776320277887,-0.7755067843127132,-1.1330204420896177,0.20763439571507933
43032,0.9832085871392331,1.0083405402192442,1.498873347496731,-1.4215038027734224
34112,-2.4502120951392965,-0.8803227416012822,-0.20906985974966596,-0.09090841158478911
52552,0.03388784161239327,1.6854351991804997,-0.39366153536907283,-1.420290021877986
22032,-0.4135868921735452,1.6637984796842735,1.9525920384422129,-0.4543108787109459
51352,0.9518291405283589,1.1925067856195506,-0.559650748844858,1.1352952046821914
30352,0.31733152974921836,-1.651570347661337,1.7200636767552793,-2.6488791423369973
34512,0.7043305672720576,-0.02009196874386939,-0.25035414452117966,-0.5654628167977601
44312,-0.711768243193784,-2.206901605670317,-0.9245965210951903,0.08180215724312107
38672,-0.3280967065193855,0.637645788312859,0.5155869504955866,0.3986855925681354
59552,1.4158764194126943,0.531206953462425,0.6051854275498231,1.1573033884978638
6512,0.35891975692625955,1.4609700882672123,1.3747902078781837,-0.5535638918866114
46992,0.8654551847972642,1.2022577868262414,0.6316856972283631,-0.1882058515822512
67152,0.4245539625784713,0.17198231151177532,-0.9283171593117794,-0.6534556024417861
6312,1.6190375909210861,-1.0506708506941553,0.2264717885213284,-1.2082767479104946
63632,0.22197854157835678,0.9334288663826674,-0.019516591088386527,-1.8133222028913132
61032,-0.38765866307172797,0.3465266044414462,1.2430163451317964,-0.17665735747562525
34992,-0.36770713335074146,0.41221142533977667,-0.390870238528897,0.726141274745149
41672,-1.926487399436248,-0.3317822776080087,-0.6623467423607341,-0.9205369479769736
56392,-2.2086940582012846,1.269686356424451,2.0409003329815483,-0.52599134196595
22712,-1.6353871814549648,-0.17962803737427588,0.2069405045751712,0.7267096564954654
28432,0.5456455951337656,0.4251335581727472,0.16098754745117486,-1.4429232576623263
60632,-1.183809180438083,-1.2550058042675403,-0.2770150332847129,-0.49258087041670484
41832,-0.38285114301824963,0.005739110379742449,-0.8738452602476711,1.3269039268834022
192,0.21163753557703574,1.1121282443875855,0.9157749981022931,-0.9114251768324226
20512,-0.9206580016400462,0.6563049649071111,1.3834268905197384,-0.1719732579379821
36832,-1.2530946106339438,0.21217031997948627,-1.0159335804262146,1.7143769600438188
8392,-0.5007927727383538,-1.8778823077275448,0.701780733784185,1.274283934022307
53472,0.8943715408175147,-0.06862569888731687,0.34885184690489557,-0.8209877391807874
16592,0.46229762095710514,-1.4590565574398748,0.34594974169466447,0.09998458875218295
65912,-1.761197904137519,-1.241901182940832,0.4267559864857247,-0.19543345107885515
65952,-0.025774993025433957,-1.4550919548985124,-1.5064823648145913,0.45066663117196676
30032,-1.5669216055378479,0.0653446935975479,0.2075358821155677,0.16959241732903904
75992,0.04617601169174412,0.02754363826822665,0.7465200607095225,-0.008455065203458453
1712,-0.6680454680051097,-0.40789813490194615,-0.6627965190443974,-2.1723071905951996
5872,2.1747432073566726,-0.6318075098082889,0.0915026664710813,0.2982200759658064
2272,-0.8097817014193255,-0.7936864100296405,-1.018656385965849,-0.06316598862174957
39632,2.0216910468962914,-2.5948607520895153,-0.2873878143183865,0.8157597564667669
67112,2.567478537572112,-0.8954213710447838,-1.1180318033211745,-0.583147603055721
41192,2.167401174783453,1.9290615920683956,0.014616820956259748,1.0088735043751516
71272,0.9793508790426865,1.1495745705549285,1.515202199822343,-0.6772374564096653
21592,-0.5371839974278029,-0.10353342272940619,-0.448408079790274,-2.1186055885120876
69872,-1.2276829177091897,0.4671235131646719,0.23905585232987622,-0.580723001256599
69672,-0.9505223437243545,1.4259678185631004,0.4776281008618003,-0.9790277280352075
55792,0.7373686916448863,1.3825133297722692,-2.021388425411506,0.07973795013836672
55712,-0.8730196933226196,-0.2999737175691043,0.7383401213918642,-0.11716465691150028
47352,0.14927711715103603,-0.4871803172106473,-0.6096728939171057,-1.2518698476348895
4352,-0.16837775728154397,0.15883422915106232,0.5930235763708361,-0.03820519637175888
2432,1.1743991281444772,2.086042062536011,-1.1104170279275205,2.074444165429445
67392,-0.4831560519088562,0.6116573364582814,2.0736719660460934,0.9429359195271404
4752,0.43657817403347304,0.9725255908968348,-0.7611629607316075,-0.25603919759191646
16232,-0.20943279198189177,1.200727335410621,0.6946654015917381,1.2344692142618545
73992,-0.36872866726042325,0.7830033581848257,-0.3361959053349868,-0.9553185205011222
53112,2.223066037620753,-1.2245469184428401,-0.021930559789869686,-0.7551748278407043
24832,-0.7058997767434331,0.673687729319133,0.258307597712996,-0.5506599074986374
71952,0.972168273024043,0.21479305947986682,-1.3404509537824272,0.8313697671357485
32472,-0.4096155390496412,1.292985941924806,-1.499226749552517,0.7892339053773081
20392,0.19125753463202647,-0.48489409207948836,-1.310949744955127,1.4106537225914793
59672,0.10140992806584963,0.20124511141221105,1.5940010223926757,-0.1350683975081242
49792,0.14997584402613992,-0.0935920650655089,0.19011757571189308,0.4030320054681779
58112,-1.4124935568846961,-0.35044238360891394,0.7674043147878835,0.8267149141023243
57632,-0.5284705569642311,0.30928812202295347,1.0488763061764228,1.9433039133772156
47152,1.6741891865392542,0.5182903238348695,1.6001894319792795,-0.6573885109898058
1352,-0.06383830898178858,0.0003483085496007801,-0.15385181981190493,0.14931212526399507
42992,-0.4358593883528051,-1.1855078667338856,0.7049462240487208,0.9933792619447268
19792,-0.4757397918874306,-0.7634574426677128,1.5099815778796473,0.12105098709526663
74752,-0.0020012803013976055,-2.1821343937491697,-1.9631061735312905,-0.24819621129119046
45352,1.3878494570037117,0.4445713321377363,-0.85976125231744,-0.7357726824943637
6352,-1.7601330274557794,-0.11024936076994009,0.21067801421107835,-0.16136156233201654
56672,-1.2487565201613093,-0.8760182226412055,-1.039337698526406,-0.38770345901387726
43312,0.17368912778177892,-0.3459476610281977,-0.3779006035146285,0.6687856170302597
20872,-0.7293082398056825,0.22677570445069953,0.025612939064749575,-1.6836415324093028
18832,-0.6120176750019887,0.7400535726904448,0.47858851187791107,-0.8304718603536962
67592,0.2971284196765205,-0.9792853072185482,-0.18425323600377466,1.6204902654943978
31032,0.4563272414453969,-3.404550738720044,1.0966219730237072,-0.2643222850223012
3352,0.8449191705841371,-0.852353745397285,-1.0473511684243229,1.235885746267093
49472,0.4444992187565408,-1.2501575788640966,-0.7557085470902327,1.1572855367486414
56032,0.5926726206417832,0.7125216382049526,0.04744705092533813,0.44120561471112996
15832,1.2473489778649345,0.267903863855874,-0.8993578383780471,0.6712712147288074
19992,0.07584983415317122,-0.740088960651618,1.160140860416398,1.9124079349985144
37192,-0.5622725983365842,-0.4862284599132556,0.2898632332284074,-0.10336694380849563
64592,-0.3360635329983928,-1.0892642970107373,-1.4688588084920078,-0.8461735956937609
55472,0.2761853496756904,0.311914723034186,-0.9459640210987525,-0.09287184093922003
65872,0.34208537640259545,0.34038575575968427,-1.3612440361261582,1.4395916418315287
24632,0.1724409597736216,0.7343632272340915,1.485126909123903,2.6213675868811346
44952,0.4515266359751586,-2.011334884023387,-0.3510669266383865,0.7476213361501395
49112,0.9463687610737013,-0.8456351114712717,-0.6554062438982535,-0.728595540143548
8672,0.5315547085525602,0.42598635539661955,0.2586737989394408,0.08099346848375627
12832,-0.6367416491397303,-0.12769308114054329,0.18497946099292253,0.2394345910895055
63832,1.4141790370358147,-1.7930306337993651,-1.213878460376288,-0.4271322147045844
16992,0.043275298178440655,0.6474159519091172,-0.07993048100467397,-1.0310956342568889
65752,0.31183455268217,-0.7146831456964474,-1.1569316147351503,0.46871649983363173
10592,-0.5628313561444781,0.39546714990184784,1.1820359738482742,-0.13244958155441058
49552,0.8053466194158883,2.4433213217103744,0.601135519004733,-0.2640686738139735
41952,-0.0785229510037694,0.5420725022697865,-0.7151411387272882,1.150987416423437
49512,-0.26676328662074966,0.22241141050625587,-1.3180393849916945,-1.4766900681441069
50272,-0.9114581196443112,0.013281709947171113,1.4033247577144852,-1.062210988778465
63792,1.041077211922143,-0.03740508905186709,0.9167833325788984,0.15481386589551238
62752,-1.8104866210542503,-0.5344234880477258,-0.434105720903609,-1.9289990934477177
37232,-0.9649120160885001,-0.2511098949309845,0.16635269699075525,-0.7529710320851077
74472,0.35341243846469345,-0.7110512429493961,-0.8478259681608862,0.10914799133804377
71072,0.46138464471624085,-2.032477601286281,-1.2478690494922149,-0.22081182553688858
54272,1.5131922378622138,0.42641479063818255,0.202299346990981,-0.356352140450574
75232,0.9077906911678127,1.202058370932033,0.26623586946241984,-0.8945273201706937
38952,-0.33973161011574704,-1.2680273009963559,0.5667429547700905,2.0062104391620106
14712,-0.08031883421819078,-0.29776624958764497,0.11661551552082355,0.03544664505011498
55592,1.9186294130649948,-0.19524020079549995,0.36651374543735016,-0.23549185034938225
33152,2.517936341802456,1.9193527733640159,0.9619538573681913,0.4008179332540257
17472,-0.38422910111055497,0.4408808110760837,0.17245806451256154,0.13999097712612157
63912,0.4031074094135417,0.8622728016469772,1.1357617857604725,1.6272149020756903
392,-0.7634055785720434,-1.1185806363345363,-0.8127041533699564,0.8291698904102346
76392,1.4683097038414004,-2.2739959036008353,-1.4495145156699913,-1.6747185098412853
40112,0.0041256715656517885,-1.044033672095117,0.8054581475421533,-0.4021718633267367
22352,0.13303275227325467,0.01294460332593761,-0.03891017933825908,0.167422527173276
29072,-0.7489904825019572,-0.06406745493887255,0.8745603957012896,2.585845699662097
11672,1.3254733301093666,-1.0897195077680124,1.373704570405206,1.6186633352905566
56752,1.6433081488365804,-0.34348026512130414,0.9819335373785909,2.2084811515823803
60912,-1.1285335820022562,0.9639274995968573,-0.5259169245725718,0.8424083590505274
65072,0.5076186756726675,1.084280191204796,1.0270588877139482,1.1461847475366878
57752,1.2524849925195198,-0.9274380187234428,0.33686611746387546,0.6989225501822289
37112,0.2607118600671496,-0.9983847831250906,1.1560850275239256,0.020828934339409987
41272,0.1572452377040096,1.0351303668904501,-0.005580020473312906,-1.3876414538947976
76192,-1.1532977143971526,-1.0064192424185903,-0.5324909416768695,0.7386228958721188
72432,-0.1853763387319382,-0.9001341576989896,-0.3589893693816108,0.47046925497867664
57232,0.8235377019336689,0.018009309443209658,1.6611801753980557,-0.30054130068380025
9152,-0.7194476156205553,-1.2034575741700066,-2.459275253164264,-0.20401283313210736
53752,-0.05483211179629353,-0.5084929497322921,-1.1815841185524423,-0.08566235150517607
48392,0.4058397419467172,0.10292786359591102,-0.46531223994442694,0.6851513051645755
2472,-1.2187428846419635,-0.5170002092635997,0.10937436125358406,1.8305388787802288
62072,-1.0080484648267887,-0.6709628457121826,1.1749473903210423,0.49208882966217377
74552,-0.1358485450017504,-1.0608743910204785,2.081226390296815,-1.437192104556719
61872,0.014951104044379871,1.2953338970375903,-0.4039905391699052,0.11663586925208805
51272,-0.47193726798674107,-0.5135054442518241,1.5066060465263809,0.7544077928943602
6152,-1.8844004017944451,0.7750714893260054,0.3050862909182162,-0.2086320154136444
8632,0.9768429134768253,-0.4286644538652048,0.06507938870796706,-0.4659606625184528
51872,1.9657771111091165,-0.012276183141268394,0.7800476316063105,0.9340736475885071
18632,-0.8500889418701013,-0.28939616875241925,-0.005954459447187091,-0.8306547683129922
42072,-0.7883013648855457,0.4747104860368295,-0.599878002681539,-1.0256119104509287
42352,1.8134283297360592,-0.5984579435484273,-0.7059895424481198,1.316186891331588
47552,0.5438682267699768,-0.7878693151869253,-2.1983466333951447,0.4955468227877751
14752,2.4753072310183013,0.583756009892901,-1.0012233997469209,0.5666830217335793
31112,1.2105988932594443,-2.5796870283052433,1.3240406545888583,1.9332468503892093
75712,-0.8334707071124213,0.11664792699595086,-1.220413848454763,0.5731346671749962
39432,-0.4889100981053528,0.7308932258839563,-1.9141009888862017,-0.45426467259895587
4552,-0.581594681222782,0.29226721061557576,0.3703834749151208,0.4091016542798471
7312,-0.6351051498694957,0.1567816952366677,-0.09688226413378166,-1.4676251278656303
2512,-0.18895318937830094,0.010653755150252065,-0.15069883788692695,0.1738746429654747
3832,0.27972272699494843,1.0841550886767493,0.07045854481171421,0.4729813119727251
23952,-0.6851184823422241,-1.612523725008482,0.5501028596178392,0.4063438100261034
72712,2.1045387899107686,-0.9471989772275222,-0.05209380871118792,-0.09248162232612764
20952,0.3754163207174226,-0.067012541947761,-0.7870442577901365,1.8544750727309274
27472,0.4394682579052952,0.6563226383926336,-0.450838319132742,0.2253508023851114
4312,0.22267448540836807,1.1743118586604198,0.4901536234430572,-0.3377674003464483
45912,0.29286501585306673,-0.8619429686995931,1.1768484565054482,0.5911972749407088
39392,-0.014894801531588444,-1.8041990442795035,0.28134952839828076,-1.3261049252650738
3152,-1.9271192669956472,-0.2947823001957263,-0.6464726974879023,-0.8915830135890443
16792,-0.9318511136209461,-0.037228481090854186,-0.335432535568769,-1.375591310056879
65552,0.9196675435981906,0.7216586447193876,-2.2426316105616393,0.952439177335133
36392,-1.803523195286995,0.33741929441601154,-1.834522561231493,-0.5320686683705353
68072,-0.3449682995601242,0.0851182693880908,0.09755287733554487,0.0024330690129339503
31632,0.9882244177477204,-0.05347614483978499,0.4565349848269212,1.1467957707891028
33432,-1.7931891985921224,0.685099235789456,0.3777615997414279,0.15626226498571916
1312,0.6135153020192887,-0.8177963532280336,-0.31258219214608707,1.1728209333088784
66032,0.2614688408988811,-1.1026795858128982,0.7231772013369401,-0.7542323989784182
74152,-1.1163780209184302,1.9826150932130908,0.9734255159481332,0.44570155350508234
9632,-0.2245577235003878,-0.45818031151985883,1.8314909171953597,1.4124068052076517
54232,-1.4994913483824968,-0.39270012783700714,-0.5539431681430773,-0.5149262431769542
13792,0.5804334538610945,0.15184346872046303,1.9992444959404996,0.2473180847060907
58392,0.17507107098325245,1.6877758956340154,-0.8061640880001114,-0.34298756058038976
17952,0.9784444105294705,0.6827327123920313,-1.0914151135594212,-0.25315555092220055
63992,-1.1109271398593576,1.0726703136333648,-0.980916625383566,0.573471979815388
22112,-1.8239322217676528,1.9057507957606856,0.6867857201187655,-0.46266524753707705
70872,1.7093198059980224,-0.49929321039332025,-0.6804687826588818,1.7078057417060488
30432,-0.06469246965926921,-0.5380196009056786,-2.2537916629679082,-0.006384870065156324
75032,-0.8678509056131204,1.1396008236877737,-1.3544335766433517,0.06979175237057567
512,0.051086305831483055,1.424905231661704,1.0115403711344786,-1.0026234075307938
63232,-1.0327837375161395,-0.22467831987890569,-0.16950152385071401,0.19840630509469334
42912,0.7833574228092002,-1.0056279626703846,-0.11229964384987771,-0.5244504847491994
39952,-0.6829122163467781,0.2684533457282912,0.5554082476007022,-1.3156720779190507
8712,-1.5320316068676343,-0.8481064753574974,1.873486420360141,0.2259063436179115
23272,0.11486510671055492,-1.8400976085311396,0.8187313142051199,-0.1392512052172342
6672,-1.0287030575283187,2.0763708073429745,-0.5283499612611007,-0.08665981691628687
47192,-1.7722465938173488,0.7263236851030075,-0.5958272165762181,-1.3457490473118197
25672,-0.7973560730340501,-0.35051974143218495,1.3002586131746299,-0.5650704482029574
62552,0.6945436148697111,-0.7989090039270447,0.3256139717814301,-1.489144623780802
44072,-0.6279288620003377,-0.17558941309599685,0.1199154254146527,0.37787714016813223
45592,1.0264150445706002,0.4900606615172511,0.9501118637747497,-0.8854920651285013
30672,1.2281557227243336,-0.6189985102845286,-1.043196561462774,0.8116796293911912
16112,-0.5162153379909413,-0.9304817043707092,0.9872589650096084,-1.7327829442384377
60712,-1.1518803470027181,-1.983947881273747,-0.14133744269767776,-1.0057120342717856
74272,-0.28995757628101,0.5353512971886156,-0.349107946055693,-0.09270702586902445
432,-0.8156968064254608,-0.5671548448766489,0.8008451750500881,-1.1058956137914169
30552,1.1567030629879425,0.6877574006407366,-1.225384951116213,-0.1271139542859101
552,0.4998832943920044,-2.2571056615240397,0.1546169606341558,0.6426131515495276
11992,-0.12041050380319204,0.49927551034464773,-1.3153548982462793,2.211289242986094
4792,0.5262868745979356,-1.1176241264337425,0.29159490250358827,0.23730769954133252
57192,0.5889073797003151,1.4214796325481565,1.2808482025519672,-0.36638501337612256
75632,-0.9357068373860086,-1.1229781166102386,-0.6326212950329748,0.07397308094555063
59952,0.47207827372582256,3.157896881815406,2.795002448048324,-0.16639255204479939
76552,1.5088644119683998,-2.760244722527358,-0.4891945305630153,-1.1108851011288416
21432,-0.08325051138394211,-1.0356479133073224,0.7407451838942949,0.9318229882581849
29752,-0.45216485576325477,0.5816449284130805,-0.4777942150576834,0.2172766539238009
57912,-0.028358220697675858,0.8597581396964349,0.022627651956274808,0.34618779555173135
33912,1.684687299072091,1.6134029685504565,0.19904390872902497,1.3368065550342907
33392,1.2888453937689466,-0.3733049543478615,0.48053391533399453,0.42059092850125024
66112,0.17976182878757163,0.023525748562011006,1.4487554425330176,0.052191556902317894
65632,-1.0325315714144598,0.38533396770370415,0.6595913254748077,0.16591673009710942
54712,2.098007907512719,0.8186083600583101,1.1693400880253813,-0.5252204145875446
14272,0.31927081071385544,-1.5265570881397716,1.3229016327564151,0.36087524136435906
58872,0.03562371156212386,-0.5135332633193266,0.47764154163775174,0.9104546160386076
63032,0.311020918578369,-0.5286911146598067,1.9752276117015197,-1.007998948223569
12872,-1.3955403029026832,-0.8843668805458166,-0.5754126855086611,-0.08174106284796837
67192,0.8642440130058293,0.3442984044541654,-1.5928480897174047,1.1416698159660108
67552,0.42178136229154245,0.37805718672499294,0.42403865735011104,-1.3196507238023876
37552,1.1641833491090385,0.7273365332559589,1.0895045822179037,0.1680489997424676
51792,1.0457580583678332,-1.1303942619995977,-1.458521982105614,-0.618401479891723
59832,-0.15629989357441323,-0.3577475498201182,-0.8218479708199499,0.9897237809273091
7112,-1.284037576933341,0.6469237738434319,2.183601158805616,0.32408104578282915
11272,2.040712467847505,-0.2162157087664919,-1.9235118915708078,-0.5726801814627765
48872,-0.5415978669867759,-0.03134685628512953,0.03801290856575816,1.4925302271542809
8792,-1.3427262463975846,-0.7446082461878728,-0.22084870274177842,-1.3702066910414552
6752,1.6836539141337146,-0.40129712841661064,1.536829974491103,0.4626101286634821
48912,0.02892171134451413,0.19786855956280794,0.0904959390590971,-0.5056789361291704
4112,0.8665207123565001,-0.06798818686936832,-1.3658440691188296,1.0070995260931375
14952,0.3479946677634388,-0.3078108274039529,1.205228666405774,1.5633085609917066
48632,1.0467423219887853,1.077145584015654,0.5482763990141251,0.6904378882571951
12912,0.4943108077345985,0.35508490259635467,1.7022775063014224,0.10276849228304219
7272,-0.6180555370259059,-0.45240155850231456,-1.5344590001772207,0.4957633559440123
13152,1.9293946301916716,-1.1797453354811052,0.5688472709260953,0.03903136837790774
54792,-0.9852306623998012,-0.7297179033409601,-0.7650861044974386,0.42852383024908874
50032,0.7176598546281456,0.05530792401963435,-0.45212625147823504,-0.8156853948759176
3632,-0.3709801570847237,0.7842379563521155,2.076814372522547,-0.3699513151400692
632,-0.54119430539371,0.5652032784080484,-0.1968767772958116,1.5553576741583426
54032,-0.688942428618113,0.09056919310708088,0.06042806376136808,0.39124800372093643
60032,-2.743295287274814,0.9208778823761729,0.0902053408013249,-0.7794371702185702
16832,-0.24466055169966006,-1.1006213633585409,-0.5348895237424798,0.15238407791477177
21912,0.4112484780586917,0.0539872312158792,-1.2778168977741773,1.2872978514620181
26072,-0.4742734051012556,-0.0004074928165371042,-0.16475018599167793,-0.39419869793659224
70672,-1.897583117388908,-0.3125834682505179,0.392260395936139,2.0538175918740214
49432,0.7638257768054187,0.5282805272785548,-0.44838898037530506,-0.2993290987782483
37512,-0.2430983953145355,-0.3215028233968606,-0.6787045678472804,-0.08455342279674377
35472,-0.9447421834702009,-0.3726319159510643,0.12371491233361247,-0.03070912175129164
62232,-0.8188770498395679,0.15350335822045316,-1.020786617767343,2.127279158182463
55192,0.3702399870526253,-0.20112720599288383,-0.0005352773223174812,1.1855023344584654
35152,0.9109289134237036,-0.8932959231907988,-0.5694096964364115,1.2283524314404854
63512,-1.3333218974093044,-0.17454067689542696,-0.7454733307747632,1.436645323752803
23192,-0.04042045823690022,0.33608698673973764,0.38692582308356777,0.2567454516512202
31392,-0.03384185435073564,0.26091529612506814,-0.3048989336600263,-0.6193584194355015
21152,-1.8828970003472076,0.9739589591971127,-0.9533766496379877,0.8346648931491414
56432,1.917456141014682,-0.75243472804878,0.48500359350119776,-1.5131692311317055
11752,0.38550064983226184,-0.7411203172933443,-0.24191529195811962,0.4107971103407079
19112,0.08782413426480147,0.8752550719210994,-0.6372731627222247,-0.8239179467470076
57552,-1.0491164279194127,-1.491536414341203,0.2772760392253187,-2.3270591104997442
28392,0.15099526105297717,0.902409590704506,0.5526288462666827,0.3287277539882796
32552,-0.27836246645354473,1.64782453054021,0.1884865995524205,-0.1440096645958249
6832,-1.225299588849779,-0.19363201270703595,-2.2426488684636197,0.4708601329672115
25032,0.7464213075145094,1.9897288304804774,-0.578548193784609,0.035860506482865984
40872,0.1968904135143764,0.9645587591365941,-0.5554202174501425,-0.28842532866322373
1752,-1.966963846408496,-0.9536728356509042,-1.2368332480999593,0.17113317972373238
55992,-1.0446409105779821,0.757819378518494,0.3577904906046645,0.05086690084567665
75592,0.16770043789400876,0.6129036094187496,-1.0352354479576067,-0.7235488934651636
57512,-0.8451603429900851,-0.43990340884163537,1.5881591425146935,0.1531035870498512
74432,0.4799633653376471,-1.4674815622072424,-1.04438443836359,0.0503180087334227
49952,0.009239731745696573,0.17660635214960005,-0.6313455169376704,1.421172280327134
14912,-1.0197683518879734,-1.3046760983156491,-0.6851840101646623,-0.053505313170191464
21192,1.3187235718802948,0.09996692980348446,-0.07807205638072032,-1.0734621017629256
5752,0.8953876097152316,0.4505051615577075,-0.16418112491468384,1.7711361732822521
9912,-0.16271664492477173,-1.0036478415039802,-0.5802983149717781,-1.4176398659354317
14072,0.2674410656924029,-0.08383681108699416,1.1330231333217442,-0.879851562779421
49872,0.05874800853504684,1.9167264586303474,-0.01537896773507457,0.5659846357426928
28792,0.9262993463348873,-0.07421985241034934,-0.08645218478795978,-0.93795955706735
26552,0.055100137915594156,0.7603023325626358,1.991733179265074,0.3487956310937357
1912,-0.11842705625601174,-0.015559293867357785,0.27098499405070253,-0.3845071178475197
47832,-0.7295912407312023,-0.11098631664405101,0.7600672851827303,0.11890307884443087
39032,0.6051815259700818,-0.5224867832538306,-0.9530675469363589,-1.4515713965964432
27992,0.15969538995426877,0.11650658701530774,-1.5254735227267187,-0.8701256556433172
6912,-0.38740864177585416,-1.3846825110595176,0.38637450564714837,-0.6702968405228704
35552,-0.5544887071067449,0.2339133270180909,1.5655967974880263,0.39458544843117904
22992,0.931528230003283,-0.5625845354274167,0.8663144972564032,-0.8300123074004531
43272,-0.9531312503383096,-0.6261594499542497,0.5174866670250641,-0.27262887196426167
43752,0.38838568470575735,-0.6991961452472196,-0.8081873679120463,-0.6040062425041764
31872,-0.06296155432666456,-0.5666064715909794,0.4243991249843068,-0.8152521434836799
752,-0.04558406460503658,0.0057622269423541796,0.476185554595015,-0.28338990650049767
68392,-0.4673903086353607,-0.8041705482676869,1.0569441539424644,-2.530300679200471
16392,1.2685352760591624,0.04489313749987441,-0.6052316213657283,-0.42549896873354465
70392,-0.3226848594441563,-0.05452492823832741,-0.6489857757840953,-0.4370946552164637
24712,2.142548848570397,-2.5663937159699772,-0.865289988481349,0.05451828095018532
69312,1.2990346681308367,1.0141622241360029,-0.11227457074820678,3.3685111995564996
29112,0.5339458272170106,-0.20526547029194617,-0.696380570173512,1.061814399984326
68352,-1.7219372668908395,-1.5084178319436576,0.2532620432147996,2.448297077875039
16512,-0.9987598667717827,-0.29707833979698284,-1.2722344920692081,-0.3394953407955619
912,-0.8699576809246257,-1.3518757891842719,0.8022229417824011,0.37635681225107365
45512,0.9771207728887144,0.659824140272001,-1.4768489759843717,-0.08595572795289222
17272,-0.37285802161721227,-0.30977552565568894,-0.3084778903256712,1.4738931737976697
45832,0.8863670573226775,0.24972255892257503,1.138254543869627,-1.2089131431004156
62152,0.12449082468594727,-0.1838797504506444,-1.1808408963982906,1.694735741063439
66312,0.8523205132573336,0.6342120429277327,-1.6010803811712324,3.2553684692662435
43792,-0.35578568712581216,-1.0887152272075704,-0.16794613281579104,1.4297334173764413
31192,1.2004776517572708,0.24736663503687217,-0.22605080932051105,0.043258947483687596
74632,0.5660364768060854,0.7554108853795843,-1.3914026013355003,-2.54771718780488
44632,0.30525073915679274,-0.7686829728692328,0.7365975743918582,2.4679096754193632
41752,0.8548585917197065,-0.793097531706347,-0.24750574009345863,-1.0584567748750104
18712,0.10936084594513518,-1.1131680296101596,-1.8137668939439398,0.05662891191980635
29472,-0.1677848385353538,-0.3654052196476256,1.3639242967420793,0.6836905253452211
35632,-0.005866220353011822,1.5905472398529839,-0.02926906318144979,0.6323492357283613
48792,0.3458879014380429,-0.7866136841891967,0.7146850721889018,-0.6783785768197093
2392,-0.2376279425070137,0.17766683796974506,-0.07633349184909297,0.28125001732189536
47912,-0.7912048268502947,-0.26039396915829455,0.759178328281291,-1.110780216833783
20832,2.082427179443105,0.4359274038387894,-1.0334110426973653,2.392298519300671
39272,1.002525158281436,-0.5827882308115802,0.9288795589283318,0.12403619459409827
11552,-0.6746190245077451,-0.3650982393951986,0.7544885936412042,-0.1644703346788283
76592,0.06988451594544295,-1.1725191425877421,-1.3635423965660596,-0.5302359231819462
14472,0.5307224634790471,1.0113613746326973,-0.19420846708372325,-0.07398602332255898
19872,-0.007547673990521877,-0.9093172510372163,0.16240467820364848,0.09649668823076951
24032,0.685267773246868,-1.7281016874448314,0.2067034509462756,0.7731733995255419
13112,2.3193141043368257,-0.8098830794585327,-0.46816627200085675,-1.0761606763830263
66632,0.055162913648021776,1.0095583473412377,0.4494176441821606,0.8633860653047797
36512,0.0978735979740533,0.14539989443362886,0.6572374339756804,0.7839640823988369
4392,1.4140913232719738,0.5114515215660488,0.37492387834111673,-1.285188877126628
832,-0.22361988983587477,-0.34476531570148794,-0.5491527667656673,-0.10143312950227244
59872,-0.5830504332769326,0.5376447985271914,0.9536538594787939,-1.3019643498970732
53152,-1.1597984651775233,-0.8739292483026547,-0.32251938031951183,-0.2730178681273036
16872,0.5832172566418196,-0.20949743932677153,-0.6352236545443517,-0.9980442607885177
21032,1.848551081797047,2.1252175405752642,1.3662902506232566,-0.5847774218629247
39752,0.08838480250226133,-0.20435683714402578,0.3421116644774361,0.5251134196238642
33512,-1.207644570149114,-0.582939420878888,1.0761712320547692,-1.8924188941980138
37672,0.23869505847039693,0.5176356262206885,0.41397538432044134,-0.6529388522667705
68432,0.34086763446296764,0.6985154645651602,1.0047643031124969,1.0891672672676078
2872,0.9488130106184048,1.218262259152389,0.16488602726847493,-0.2711198400851854
45992,-1.151367512713184,0.3955156488829476,1.0975242506982488,1.1651824762491625
9712,-0.5946952169631642,0.4170162609164166,0.10234221046711053,0.08381015805706393
54312,-0.10833533430004193,-0.8162777499405145,0.16949124644019442,-0.351159171600098
56152,-2.635878319577623,-1.128997771589747,-0.2270130975983892,1.616215181380724
58472,0.9912787408998928,-1.0915018485594965,0.07590755104058904,-1.568717939959644
22192,-1.3688967386185529,-1.4633176387471887,-0.21092008625954853,0.12156395527996013
26352,-1.0341501962852235,0.23175227095714931,0.1896009460285296,0.9984179555848609
43872,-0.788951439131616,0.22822817436452594,0.003289876805456829,-0.537488009861851
12432,-0.745619786853048,0.8518508762783769,0.5096810242181045,-0.8927687474954605
2552,0.4181488687101857,1.60260784499119,0.6344854353237672,-0.6106662703363489
51712,-1.5479081599271165,-1.4206517373814982,0.5552265682093112,0.4291799449390147
31592,-1.042159751330658,0.7780235939080341,-0.9237315488910806,-0.5620257708066111
51312,1.6184828119924461,-2.8852766620181316,0.4962049131428314,0.29744721473533425
15032,0.13323192303545195,0.8562385025189033,0.5584195831191489,1.3458898950929903
19192,1.553033663897095,1.1767199468827225,-1.4620120528722307,-0.32545241443075434
23352,0.5893619227040013,-1.336075843654185,0.4223037639255762,-0.8965357875234958
9072,-0.1840856781849958,0.34988422971888405,-1.102599991239475,0.9225558071944038
62952,-1.4630171581983966,2.076128377043795,-1.1377877440415871,-0.4483843610209125
72112,0.27867408247800385,0.0650772001584093,0.7787834656810655,-0.7352618300093632
76272,-1.1115895100916153,-1.3266872457572707,-0.37049315679629563,-0.1580256974016457
27512,0.1256656893238092,0.9106979875971122,-0.1551510897971913,1.6328992762617647
3712,-0.6303199121893779,0.7376481821928037,0.6855274763601121,-0.3241898184754294
52472,0.5023554634746246,0.7543279143205728,1.056269471350425,-1.2463155979853762
60752,-0.3413477512689063,0.30262137047765136,1.6560891607951496,-1.0522561347716242
56632,2.932010716356962,-1.196468675913945,0.9381621272541619,-0.6020391848928163
76672,1.325475571226232,0.8277275996391587,-0.25952209784264924,1.0416891721050212
62272,2.4009397190380812,-1.4139561420105395,0.5019264616687309,-1.1687605863646522
20352,-0.19512017195219067,0.3514492252980114,-0.5380605125811389,-0.08355475771236585
64952,0.3543352577519861,0.10766654962049033,-0.925653310773516,-0.01063145600732038
54152,0.05035531174623513,-3.0690914766190707,-1.047767121567256,0.3232410446458597
36992,-0.33641831161608454,-0.5837571616710556,0.4177574028342787,-0.6316130815763166
712,-0.6206288046640246,-0.1738138706033001,0.39980950131675974,-0.32993721056199515
4872,-1.4321234619700125,-1.0198381128116427,0.4664486801202158,0.280516630618512
41872,-0.3375845446181777,-1.409796183661316,0.8060140573450351,0.4557109403016225
152,-1.039914087660229,0.24496405898473045,-0.1227845129564702,0.8290895829430377
7232,0.7609826899024402,-0.47754522767576063,0.29793695054197306,-0.34080604674943954
19352,0.682532066492777,1.165110735726573,-0.20686620665260735,-2.4890385118278933
54112,-0.38504195643262507,1.6786116546519838,-1.2838172835483206,0.04153503954228431
72552,-0.5667598378032475,-0.9798010209396577,0.5115231198857972,-0.15340638442808782
48032,-0.892262783620282,0.08921536049054919,0.9778579140782379,-0.7282650567286051
4592,0.35113092943253876,-0.5751642761820699,-0.3059318129917676,-1.9799917285787463
46472,0.1988353532604969,-1.2294493031358185,-0.5231637082217532,-0.3067386968868098
14352,-0.9656990707400032,0.4613804327035313,0.5094034725276321,-0.008864021715575697
15272,-0.9445455490368854,0.4914909563718562,-0.0318688293337717,1.8532170254711726
22672,0.22983931808628663,0.32882625593038245,-1.6615034045582202,1.0224198987348205
67272,0.10984089059034698,-1.192617529543512,-0.763451840881372,-0.3919904661850601
74672,-1.035888263407368,2.3863641506357482,-0.724406753431933,0.8982805101033168
55112,-0.08265413733748918,-0.10949100165978008,0.04576624651776891,0.17837246496943285
39312,-0.2239329106679185,-0.26769605262174695,-0.9407685043472402,-0.15227710464574193
62432,-0.4500269683054668,0.6559514324639988,0.48293578003578036,-0.16305938829707783
51112,0.8900854633009779,-0.4853832494015721,-0.8404779353279138,0.22051001085352506
31672,0.4549533333402764,0.5458664265368661,-0.5047266074802071,0.8394896073252915
55952,-0.05727151191536074,-0.2081429850378333,-1.0224344329244752,0.16353092362742058
76112,0.004969249505062124,-0.4179909643806181,1.4902836091497436,-0.08587229259042076
60112,-0.39157655874119535,0.8778624349286447,-1.5955248624349179,0.8666680249120073
64272,-2.0941808561294946,0.49193010943342286,-0.7874510621871994,-0.7228672705875525
19392,-0.6148142694107296,-3.3439484990290773,-1.5426148047259323,0.007694167883592667
69792,0.017728798716193723,1.0337939790162678,0.4805782897348621,-0.44504410188989946
60272,1.2069874261596405,1.3161036678972136,0.06847429725704245,0.9552340799761422
76752,-0.46617130746294494,-0.12061736614450799,-0.05912830088696274,-1.1019218566081035
13872,-1.3810555326091516,-1.1477273656030265,0.9936338567978716,0.28291394112386353
32,-1.2252275039288765,-0.958936400111904,0.15016847132516936,-0.3221022960168381
58312,-0.6976759764966923,1.948526700647893,-0.7910097162729455,0.08031697102263331
33872,0.5223829151185458,0.9137925823204617,-1.0938808750583393,-0.6947519569355044
52952,0.13544541360113957,-1.469611485769311,-0.8516034911292826,0.22266447182026994
66512,-0.5665241764977172,-0.8240765584404454,-0.07638872859255157,0.034484322587426924
33272,1.3178849900850924,0.3233599315351536,0.03514303453519314,2.5122886265567157
65432,0.35372829638734676,-0.5350406343807486,0.5418059775430973,0.8926726127776881
24992,-0.054761062192297046,-0.45719374513611843,0.7039024005046733,-0.15627098423504943
73752,1.418673810058959,-0.3078498146552002,-1.5249464115686506,1.9702752227659364
33312,-0.252052798722579,0.6609302806351474,-0.33538634328728767,1.9982169298311725
43992,1.3277969732915371,0.2509700157829483,-0.624327940206455,0.11362165766952376
45792,-1.3629697310245874,0.32573474205495356,0.11821657468457764,-0.05515295496968011
9512,-0.04643015392383243,-0.14930440932715852,-0.733463897954786,-1.9281173263935631
52192,1.1083000772862976,0.8888130004094973,0.9107833774373221,-1.2907879888850764
42832,-0.8725351895526011,0.29604509433953546,-0.9738512877704757,-0.13835038811933562
46952,-0.2091728983078562,0.2891302591015954,-1.4458436799028356,-0.9389282618363411
65392,-0.32312917537721064,-0.2936698336323681,1.3064267699126197,-0.5137323404325356
66592,1.4264998915229252,1.061498704351658,0.0789149191943451,-1.1586741982410107
39912,-1.6323402866708683,-0.08732861503948015,1.0203586010026104,0.06930373019899241
70752,1.2862289327090044,0.3793829729636139,-0.9683186760057314,0.7191409238105452
34472,-0.7459252846260258,-1.165299750311786,0.6940565945182704,0.03967066362918863
38632,-1.2154261517600544,0.8355050559828189,0.5476657477341533,0.7859537468418053
55872,0.20176216130578914,-0.05085770465771364,-2.3558651574320204,0.10175435879725005
68592,-0.9120614131511052,-0.17770491751429454,-0.0689665330279986,-0.20368779297286851
26792,0.25407518197118584,0.13256756894921576,-0.14470071318803532,-1.3723547716434976
10672,-0.2766128138085911,0.07708453754005479,-0.11180421888371325,0.13785826525969552
55272,1.293107857551551,0.10577705450672258,0.402494914625086,1.1399824176790694
35832,0.5066066189775756,0.7798021730830363,-0.4191944272037006,-1.4506801047696694
23152,0.7392696555726253,-0.9884477766979413,-1.480871673152408,0.3815439758026348
67752,-0.0505241761926041,-0.6572006856850383,-1.876958760726293,-2.2495873724670683
3072,-1.5856634534838223,1.1912940253665747,1.3827962623383263,-0.4155443842302855
41472,-0.7273932895919352,-1.5806377284500535,-0.6911994101574191,-0.13160266663522907
27312,-1.0677123854314432,0.5786768635900453,-0.977082628747448,0.19290267398831884
7672,1.1740322079980694,-1.6803674040729357,0.4797823313653267,0.01996442885970732
32072,1.4176739878869908,0.26392982985945485,1.6490851147511674,0.9158482973606586
41992,1.8981675095099027,-0.13041423550134484,-0.08744249493764873,-0.4918288470774589
45872,-0.08164654818940367,1.3881312422050238,0.8646226396242406,-1.46900979926161
60592,-0.781406722866264,0.5279452878956444,0.32449509512957125,-1.2643713250624689
24312,0.6105401758122971,0.436543336525336,1.3724184185438848,-0.031153790435654798
60432,1.9264300724704215,-0.07206701935248218,1.2500774957668197,-0.20874189815481414
66392,1.209641223001455,-1.13922618181289,-0.22453750866044894,-0.0849795660163988
36792,-0.766225951916284,0.5249161049957225,0.4053197719119587,-0.14606157912046489
40952,0.0228867043959358,0.06000066662239344,1.5212603358152166,2.3998588169525927
3992,-1.0655685508162724,-0.4309328868761682,-0.6536126675619749,-0.3376385933788281
68632,-0.3957142644297641,-0.5573178100901706,1.337317214049951,0.32882036578182866
8832,0.09897530607219886,0.7502148157175119,-0.11553975502154921,0.3208891871359235
53432,-0.7805949356032653,0.9219562208037128,-0.7955341321526119,-0.8620793534630427
12992,-0.17130016187337244,1.5650151990487384,1.2589798381344466,-0.5414858480797721
17152,-0.32874491829553326,0.024148655915443882,-0.48465622937115244,-1.1635963558473166
61752,0.9985643669864867,1.306864194472864,-0.1532160426827699,1.9924355810310472
46112,0.4148284003275531,-0.6927712428856146,0.2118133159567932,2.2302422577823666
45232,-0.8601574928547693,-0.6685645224589519,-0.5011644282320754,-0.6521922503955161
70072,-0.9738222992900677,0.5549108016499202,0.22843322234053537,-0.3564445301218279
74232,-0.6985234411100033,-1.918411690984903,0.805297708491727,0.4840867953559961
33792,-0.4750695792753616,-1.3416884588004971,1.0894590826746602,-0.5303848538086201
72512,0.600072348640633,0.5237623185677485,-2.440802971555164,0.6866540290345551
33832,-0.0861108352629283,0.10505201144521109,0.17173071812847057,0.0448684055932731
21352,0.37157138477349,-1.0560382770819026,-0.507030091428516,0.407445537262392
39792,-0.12167462292276764,-0.8250533719538162,0.24757544436389617,-1.2029144604712279
42032,-0.29736295805573754,0.6878369442428196,0.5218187748197585,-0.5142914190465033
34312,0.4717101638032936,0.18374283328622654,0.6866302391707828,-0.14080015844370194
58752,0.5697964851270398,0.006764204097783958,-1.4874299207584374,-1.8734539415708094
26632,2.0429731430928024,1.6699197997429538,1.167345611365688,-1.3731302165088655
25512,0.999900110796585,-0.5189483766508008,-0.8382330221599571,-0.10617618266314355
75392,-1.2472407653189426,-0.318566016911359,0.4839636843313395,1.2672524183350444
45632,0.90061745541107,-0.44149506569124664,-1.2472844784641577,0.08543754487646048
2832,-1.0333713168300362,0.7890516077237618,1.1794340963282435,1.2898063196366274
48192,0.6969250244588258,0.9158273812769437,0.77245999372876,-0.9917988204149335
23392,-0.28315569650035954,-0.39972028492762773,0.19768384508652784,-1.319023442073355
55752,0.5632603448079787,0.12414193492825015,0.9945372651201808,0.11315351637567907
46672,1.3110656601377986,0.30637705730142256,0.21539564189822027,0.6753669829841633
15432,0.7598684289292461,-0.5756433571355114,0.16933880071300544,1.7993736049000268
27792,-0.5863096838823454,-0.5649567214914226,1.8832900997984567,1.2396809942328628
20152,-0.9406364156339252,0.1077179856372179,-0.9157422285192349,0.9294456349643394
31952,-0.0057357365267643986,-0.3445445171633269,1.2055354367278897,0.8788020143328216
36112,1.1633613259832583,1.0522118123693671,-1.20093487924009,0.8224523565441864
44112,-0.10196649864102676,0.35027021471337605,-1.3486929210722456,-0.7973895860027868
2232,-0.39912851488169626,0.39468807819733037,0.08926673015299348,0.13388340897784334
44432,0.6234787454174026,0.9361332611763415,0.3110696304710348,0.5779796976157247
45392,-0.29514356464175034,-0.005710904031748668,-0.4825922030533784,-3.162186490363624
48592,-0.5815988233601791,-0.515339582741776,0.1509587036698739,-1.8022325685111362
75472,0.8063428941737744,-0.14752989342760445,1.7951009745044142,0.6466506363563158
72792,-1.8599729524050237,1.472089920305055,0.7461500382285001,0.5281963941723788
1112,1.3964787001062837,-0.8366888153801415,-0.30675095549484604,0.263011214591065
68472,-1.7957579961978205,1.2595428332718643,0.07046692359454992,1.0505167380873812
24792,-1.2234683142745475,1.5042307301483835,1.256205773630048,0.26959032383826853
28952,-1.820772868804063,-1.4055587451777458,0.5051710924584478,-0.5624078369121763
60512,-1.0914419208898591,-0.29511080269561696,1.3046927115489229,-0.3908864990971208
57872,0.10307711936384091,0.5071433061803026,0.7844357551598752,0.7576268545523543
37272,-0.810425411925916,0.17357574685210314,-1.1721340479676263,-0.11423133437815862
41432,-1.049242401895646,-1.2611319616260888,0.62510437624972,-1.4035814053627083
992,0.5614726927981397,1.7970308658704,-0.07615781675276004,-0.1865578286012041
37992,0.4400474604697789,-1.7990699914401436,2.22595513998946,-0.4518608181863615
9312,0.6785219913578993,-0.4069622751134128,-0.4757747898029855,-0.11532052863418675
17632,-1.048202532086461,-0.8390261770584908,1.0627141063073342,0.5914110692788631
46912,0.09023980360415397,0.21887350343036968,0.9257851349995825,-1.5497370850153231
46192,-0.5584708834950829,-0.09460405839005114,0.567835855589673,0.21066233472144216
11112,-1.9168198549389432,-0.978329378572879,-1.8428758758757655,-0.7393359030485599
70552,1.5991178613080455,0.3167135897860215,0.8359294097664974,-0.5331202772494528
74712,0.0857281494916418,1.4273351061324542,0.9603892381548769,-0.9582158245076361
34272,1.565009671884862,1.4282326903915952,0.8086521936125046,-1.3352877941701047
44152,-0.4791497044758568,-1.1089156363079797,0.2954557420463894,1.1739996773283294
50912,0.05631252645010071,-0.668640071614452,0.7420049403931487,-0.8084506348193798
69512,-0.029630897562505327,-1.0117101155155823,0.6975735517282206,1.2906121549689233
55072,-1.0732078788196875,-0.5193403280708184,0.5630475312544805,1.039060565890284
11392,-0.7804598245979879,1.3874814776842719,-0.5975741128458371,0.20126826031922954
15552,0.28427072748221033,-0.568667001710412,1.2086190423578937,-0.7469624393915867
22952,-0.14024284641883603,-0.7361318382132588,-0.32373864046264306,0.06330008380075561
27112,-0.8408043414533853,-0.47587063289962606,-0.27473454313091994,-0.4922143151034246
71712,0.7780010181439602,-0.7789131480128789,-0.5259664311160362,0.9117064270921623
29832,0.6136113984824567,1.6033412275089385,-0.44488445981200836,-0.4530111888447913
58952,1.0796653810034609,-1.1812775146590826,1.1395459871371276,0.38193349797765197
3312,0.7347313353237838,0.1392635318461188,0.5416177040699707,0.9677922796720289
58512,0.3370958209596469,0.7876064547336101,0.0542898110936549,0.6166063534445152
25112,-0.44502200122150637,1.5526247400828097,-0.5018729006680631,0.0037325389156008353
56232,0.30271338831801237,0.058466048179658746,0.5004730748699221,-1.0409089675105934
64552,1.1854702996781887,-0.5492876584667211,0.24391313460920275,-0.10806929932762055
15512,-1.3561214704509477,-0.05117879429266046,0.23492136512167555,1.081526155930234
28272,0.4327612218752258,0.8217682200768822,-1.1831004089421078,-0.4667890817550918
40272,-0.5397283764391457,1.0237139575736354,-1.3224171081058596,-0.21705397070693222
72872,1.1888516409235197,-0.07913356241878775,-0.4042002580989103,0.15276596316371877
8232,0.544522844684677,-1.1835034875916184,-0.29683415237620897,-0.0452565865835905
36592,-0.298911989526753,-0.7055161512210929,0.658104626776575,0.9380844389544902
312,0.6243894817758292,-1.1589064129592828,0.7626527793048231,-1.2024376937945966
13472,-0.6980535498268076,0.9196428412316897,-1.1848536720738776,-0.6656414277681333
24432,0.9644647038315565,-1.470893273343753,-0.3227411124456807,0.7840888872603854
30872,-1.456382834358216,-1.051736365594176,-0.6675442479968922,-0.49360056420727827
42112,-0.14882439685544854,1.4736326357582754,-0.17802212630577427,-1.7794635551133222
1192,-0.810989094478927,-0.39380055654108853,0.34250504914147284,0.39607284897003314
21112,0.3207388285616118,0.2060997346874549,0.18517274425063832,-0.381732349878124
7632,1.3751241074308402,1.0051059099944712,-0.4201364779293063,0.4997006157642904
29432,0.7793692169544494,-0.34611363009488366,-0.6734357083583034,-1.080250233863958
33592,-0.23907786584655802,0.8289870495585617,-0.15079388704785374,0.8025833427639784
29872,0.08100320152084492,-0.6021368096491367,-0.6656538014810343,-0.40492237815091964
39112,0.3700679738239673,0.0929770250656956,0.6209015362223864,1.2830669841804678
75352,-0.32625737801559623,0.31538681793859824,0.609502065270785,0.9766048911860289
50232,0.06951400009953403,-0.8144400229767337,0.7179896529477782,-0.28134865137822984
17592,-1.4422092025275581,-1.6267072753875675,-0.0876842353865822,-0.9798247402720681
54392,-1.8499137668327261,0.8336877707137769,-0.9219644171549091,-0.09606626702344409
76632,-0.34741322094481025,-2.420905123968958,1.2931942486723003,1.111348901322164
7032,-0.6202695719687161,1.0460605255426367,-1.6979524854527794,-0.9616471761617845
62712,0.4626323279177902,-1.2356636319559224,-1.3213798530522392,0.3114438706562426
22272,0.097837402443651,1.4630251583973843,0.4194935535651475,-1.6897631383338985
46272,-0.7208426383167741,-0.2013647156689933,0.3347204105941106,0.2521051583464189
28192,1.5028721111615273,-1.2805845042789357,0.387051311058727,-1.2283837628670566
30592,0.023051609584671694,0.9468925222171618,0.05832308953483488,-0.00825244994473359
75192,0.5075907291950352,-0.07985218806608624,0.15955333942645405,-0.7761131221535629
34752,1.0963922877969683,0.9840839864239562,-0.027747944505941063,-1.227179539338998
43912,0.45426290562182126,1.0214892627741565,-1.282820612864101,-0.4119097050712327
38912,0.30610266906188577,-0.41393917731332147,0.11350781220240547,1.293347921254894
74952,-0.4215315206810558,0.30152089466944626,1.277160958543645,-0.631198736982168
2912,-0.33346243406598475,1.8224448162106872,-0.9120101132628955,1.329423606276764
51392,-1.236907674666945,-0.09829341142770709,0.7292781166260681,0.414138073071965
15112,0.7474032098168044,-0.915370873324117,0.09004042458318917,-1.1513306332332607
62672,0.21621788270610068,0.6253199017746296,0.8178376884216728,0.2739273867091815
58232,0.184794179791572,-3.5507095182937074,-0.27700739944834324,0.5320737784024933
72392,2.11736040059898,-1.0683789532551446,1.6365326776830613,-1.2569524014048916
68032,-1.1101627630818087,-0.13047412737562025,-0.8820010450339968,1.7903696604660126
72192,-1.6360583263908373,1.7675583083009467,0.3686648939954451,0.4787790708049686
7432,-0.9417410486513005,1.6667421858968052,0.882078556176007,-1.9145896609516224
29912,-1.862394964106188,-0.2851854928909792,-1.2750941955246349,-2.0045962731409697
44232,-0.8999730092192291,-1.9810584397870497,0.6647539662202513,-0.8597723446070977
7952,-0.66971015520109,0.542463826661968,2.058673830906496,-0.5035818179335627
67072,-0.3553432363218157,0.31970988283602947,-0.29748526399444936,-0.017443803339322484
67792,-1.3179206497304843,0.1539472040088961,-1.4841048220173811,1.0026210456887235
16272,-0.23620052404220623,0.5485625654709144,1.8674794580199996,0.8889593477273534
47472,-0.5207424407778724,-0.15963597167929708,1.3406198455726515,-0.31885327627425125
24592,-1.671126164016257,-0.6113793165268518,-0.6224322029621819,-0.7516390190328734
46312,-1.6205380994082526,-0.4806325718989798,-1.5995419190964908,1.5053648117329264
37072,-0.1814533016781987,0.3154110425460387,-0.6859905426086726,-0.8782128471952179
37952,1.83402994689646,0.47973715819828705,-0.4486200829814944,0.17848379819680293
54512,2.8253548730609155,0.42635006603059145,1.0587216715190881,-0.5432734182730096
72232,-0.3004676990961269,2.134721788272225,1.6345387944084337,0.20913540080908324
74832,-0.5717442944797845,0.6472712346039126,-1.0278076339083513,-0.45811523943995025
13272,-1.115817292442211,-0.7403738350036213,1.782143544449117,1.0346419553496995
17432,0.5858943170858014,0.9304606748236552,0.3449931919663087,-0.7661665203209663
31992,0.21888653010741266,-1.3646841637746607,0.8839326732618596,0.7464881428759867
25752,-0.4293575603594962,-0.37150760483576045,-2.361282631463506,0.1643005214252642
70352,-1.0149023710977068,-0.2442748917519788,-0.4599553847015416,0.8528156068349945
74512,-1.1715048507261085,0.060570640684540364,-0.6401884490687207,-1.5046345044506206
40192,1.9677444449855854,-0.9345724502229557,1.0273749167839057,-0.015650499930119174
56192,0.06447056740331782,0.07375926116075399,1.1175813213897634,-0.0322148960836765
42392,2.3704948766882854,-1.689595506774491,0.31070241255182657,1.0087287904198148
4632,1.8619140534075491,-0.38977111158376565,-2.313558113130569,2.281203410803629
46552,0.8360382298551284,-0.22238705609630213,-0.9708464790856832,0.8362090541668736
6112,0.41307285596266163,0.630732215209771,-1.2286263558946071,1.4638141309396462
27912,0.8252294854524916,-0.727444127735888,-0.16742355904026826,1.2859332589709676
69472,0.44232166127788614,-2.4337877831349717,-0.13833640263684055,-0.5698541716071519
59032,0.5213923170972775,-0.5827206045571625,0.05781505695272671,1.2053176597200173
63192,-2.005794151140091,-0.5811479350297812,-0.3582306084255317,2.299182980795315
67352,0.5822439570889437,-0.06523532765273099,-0.9463059259251227,-0.8592101391826857
30272,-0.0011861078269183164,-0.41714911669082344,-1.1072779595756923,-0.4849514420672358
5392,-0.3782926906741491,-0.5034879967144272,0.5252120454328132,0.9448931565370768
55512,-0.31596879745399853,0.38064019405305194,-1.0180762577196456,0.679432365834332
75672,-1.1405901265944234,0.5639551518198967,-0.19773700176473163,-1.0124077455226665
13592,1.462932720116403,-0.763050884684607,-1.0149771941686685,0.8354651623361622
47712,0.5595443974599551,0.7144231204712377,-0.027789640488311618,-0.9825985781179655
62632,0.6413387194956373,-0.8365389325502965,-1.0422100841232786,-1.1031139091264988
15592,0.03818325247794361,0.6717802519196814,-0.7913346741782338,1.6493751159173684
72992,0.19376740851433147,-0.08231562675971263,0.6765088698387922,-1.696145297458216
49712,1.671560402181331,1.3666867631103004,0.5365196033146137,-1.059803204107219
54912,-0.952087787396611,-0.3736317638354422,0.6439062404828818,-0.6956477018838827
32232,0.12284142419543378,-0.18448079368473438,0.9445844930521221,-1.6067929021989853
76832,0.747445791148185,1.212032555710688,0.6364476205790561,-0.051795332263880146
70952,1.38621346766621,0.040849719337897564,-0.5195620842299785,0.09938954764001542
3432,0.3209362583671979,1.2020918702031373,-0.17335715484118092,0.2454558769672443
44712,-0.28134555295285096,-1.464178327893709,-0.6722552712384156,-1.4750446127824335
40312,0.7844954614040741,0.19319366726268963,-0.8415836223007314,-1.1303619177091642
12592,1.1908740354149776,0.2417934547732868,-0.7486523684156919,-0.7322851792895264
58672,0.6134419547186272,-0.04964204417269198,-0.3524314544342065,-0.8165691107366703
23432,-1.3768504256521807,0.47026513972719247,-0.18672040291457223,-0.10361163625720834
25072,1.085033343314976,2.2972622543640897,0.7349877271706731,1.0320458276213855
77192,-0.5719720945594049,0.13241687937582214,-0.802126848062052,-1.2051939302788226
29232,0.0877509558456428,1.7300118746410154,-0.755354583994747,1.8149052718131706
36152,-0.5157568397645853,0.072402678904416,0.4933759036001117,-0.5318114989364949
73832,-0.9897735042258785,-1.5732928513264437,0.3452227156116585,0.1875205262751232
67672,-0.01434691045449537,0.3332574804915522,0.6994088905716643,-0.23317890175189876
41712,1.4856825386037609,-0.14867880799917063,0.4027474495495086,0.023826650062452628
5432,-0.6220228963783878,-1.2605841930465456,0.016159567266648047,-0.5946040039210763
23872,-0.28456374038610227,0.2795787079792233,0.9628732667602383,-0.7276870847800251
12512,-1.6475547350985984,0.9664107111110821,-0.5007707567906398,0.1615433333752446
58352,-0.04378113011029876,0.14357725258089485,0.2918902820166465,1.0360612264909521
42312,-0.005695575233467275,0.2598140474173215,1.0743274477021456,2.729357584890262
66672,-0.2503234938980471,0.5430905288745057,0.3794492980352389,-0.9136691908009517
70832,1.8185208360805114,-2.003195182096659,0.6297070868979274,-0.98600851508037
74992,0.2699108504240173,-0.2460285215007087,0.23150414616355733,0.023068674667704434
50512,0.05281577370416365,0.6953877305212346,1.0248643059369014,-2.354308921151926
22072,0.6059470044709733,0.22355555103130775,-0.5286527103850092,1.2307830092892258
16192,-0.7312698409625259,-0.49233107140060645,0.16717572081479315,-0.1771308722690726
71552,0.5493769660260185,0.899817627646169,-0.590400711537338,-1.040633580442576
51192,1.5849143276303848,0.025097280108037395,0.6707609567092565,-0.09863528213925611
10752,-0.49941060556674693,1.5830702025921939,-0.6275599728981697,-0.5707789251780507
48472,-1.2367773343615494,-0.4743378100630878,-1.3456165215324905,0.9273629773652456
63672,0.5752994220586505,0.5909450304461873,-1.3206423184073757,-0.5179321596388373
23232,-0.5181091237086175,0.03271626881854382,0.037716798458567846,0.24336790847547596
67832,-0.5128962952156034,2.0749422108893607,-0.43112065128371524,0.3460899997235949
27392,-0.7527554601683205,1.173604842493657,-0.7989016361464418,-0.14398170165894741
46432,0.5462550940826651,1.0638129957829128,0.34836872977972133,-2.112092401173274
62352,1.0486420801477307,-1.0863177332468743,0.6537387363851581,0.712184387712849
61712,-0.3126246241277584,0.3532316123682977,-0.5407111729058536,0.9016427951202963
39872,0.27473447730643275,-1.9420908198198528,-0.1795024160768021,-1.1140256620440416
33752,0.6981349275788868,-1.6785583879226895,0.25800478801882065,1.812218115792875
64872,-0.37291078475623746,-0.9473439123499838,-0.8272353125053944,2.552293618917909
26952,1.0019472644816207,0.005432595973050132,0.15097502189743597,0.42577224299310856
52352,-0.05677234207889882,0.41493615076603063,1.2383409709497646,1.0236658186335956
56512,0.22199119852621108,2.30496501998774,0.9436819030005833,-0.5608943144018065
28992,-0.7490028012074476,-0.8629619792099242,-2.5218141117844444,-0.09405711496505369
70632,2.387620339891229,-0.32765793360923484,0.4133132613498557,-0.8807842325855946
24232,0.30156880429575333,2.0181917320324803,-1.9116149131453926,0.7498119230407295
64832,-0.32889982129690926,0.622760692889713,-0.07274570722795151,-0.10194393412833655
232,0.13240886914665617,0.0030293817925553784,-0.05003335714526008,0.10690659437332484
68992,0.3541796048885782,-1.9224015116284032,-1.8001310835076598,2.3472151799247523
73152,-2.0717121446001006,-2.234007655186567,0.17169740195619165,-0.7472350162616557
36872,-0.9137307861038505,-1.0733916303033608,-0.8891456194273282,-1.2259939435853333
19832,0.7672470982910856,0.046305806984571686,-0.146534194998906,-0.5964747599302477
45192,0.9510158160243243,0.05378034274995656,0.5166776699356377,0.5757758776554087
49352,0.8932190778111877,-1.2360594462381826,1.2848549199375578,-0.25306785392274345
53512,1.297167823421185,2.754741101566947,-1.3009446437644152,0.171682163456933
23632,-1.0504366244586372,1.14738281698847,0.8186548080146254,-1.5196942156193025
60992,2.031924825568764,-0.5588850584068116,-0.6550095465928804,1.5652006230019995
21392,-1.1721833169207236,0.6940114149024467,-1.1802971638447415,0.24323987661666402
25552,0.7815783285038328,-0.4070634142388599,1.1365951033532091,1.2605104707632142
70152,-0.8300846675414343,0.5389562232517194,-0.3220831382511347,-0.46902991070232697
25992,0.5356679265625874,-0.29475092200201725,1.3397714892253254,-0.26501615585845784
9352,-0.17593504182437716,-1.2765131839599497,-0.36791748857585416,-1.7332990298145605
46352,0.621902118266159,1.261355623873094,-1.7921183254687671,-0.7948332978838338
10072,0.5047622168117807,-0.09519716920044806,0.2910414002355911,-0.9526535695401304
34712,0.8981792473514254,1.417696570629584,1.1730330913226368,-0.5988520904586672
14232,-0.4802993725976195,-1.4504126013265604,-0.8659692772683873,0.9519759456676933
62992,-0.9136798282626989,0.5287395894186938,0.23526083452974428,0.9685584095493104
18272,0.16328526027901946,0.2123581457642214,-0.9398724355953659,0.12052664840891333
73112,-0.5821180756619868,-0.21348723450826235,-0.7881030923946596,0.2647478560182928
57152,-2.256807544290182,-0.3472738632324367,1.0476975291727253,-1.1005431159400445
35032,1.520819826435374,-1.7051248157912855,-0.5050595631347697,-0.03440919042778337
39192,-1.0176896032999014,-0.6232509465831624,0.6655427395607961,-1.1942834099362314
43352,-0.8901921256817898,1.2647763059799955,1.609712420898913,-0.13220103551166726
44272,0.616586155133553,0.4666569037626163,1.9301525150970167,-0.6536861681692738
51672,0.5976163983872208,-0.3166172270203337,-0.21814346411408453,-1.271862701342849
68832,-0.6155352816021407,0.06649856906224826,0.8804053058585823,1.3482854425121371
15392,0.9270862499748714,1.4234235710469096,1.1305082531936446,-1.135903286786874
69032,0.5626530442569795,-0.1770699381494552,0.03247396754624762,0.7338033014713838
59312,-0.20357575691898355,-0.0049040217643574295,1.5398049706826051,-2.102456506620325
23712,1.0631288254779274,-1.61386867737927,0.362378334948856,0.20802330471368521
68312,-0.13949907672273434,0.7016947259962295,2.2342276101203593,-0.19046893594756686
27872,-0.4375790707315001,0.2972597626154512,-1.0601002846251093,0.24423191262103897
32032,-0.06686323282445206,1.2327421177540696,-0.007817205910248055,1.0835394609395494
66992,-0.17474132026252706,-0.22702183822449498,-1.7607236120741496,-0.5296922015410178
36192,1.8666249492689524,-2.0713309025175746,0.7724364488348151,-0.49169272694990696
3392,-0.4382886095024727,0.8268896499784952,-0.5359505510748171,1.0542226050242436
44512,0.09625927750114711,1.5792857722529294,1.229506264626828,-1.8855782323696195
48672,-0.6784974812842497,-0.13988062793554382,-1.597813529710189,0.011547299361269862
44472,-0.8787872819718605,1.2154599091228073,0.09864553327703174,0.11115507838947676
58712,0.384875821128351,1.4432873345340276,0.11052050526269293,1.265283057743502
61152,1.1777145261982305,-2.290387824640841,0.4999063155662768,-1.8874091134432651
65312,1.2351002547122898,-0.2614799580796309,-0.24945197701836286,0.0020299002291282453
1472,-1.629701153975586,-0.5430610980120323,0.7291584632585478,-0.0962081522294324
58272,-1.6411338460655334,2.757910648711394,-1.0986572594979296,-0.3628471486070806
33192,-0.7959782020592351,-0.9774922841314309,-0.3208228377091308,0.2094651625633121
37352,0.1598255070712695,-0.40123143799638655,-0.5202027148410813,-0.08952530771759498
1072,-0.7338515991137878,0.003678515079259108,-0.8105172474622457,-0.7516722935134679
40392,-1.2311643164300425,-0.7756995057059272,-0.8069432029670005,-1.161128906643231
5232,-0.1013228235127123,0.36455060540765255,1.1019524103036729,-0.04697799202937045
9392,1.1183113995784841,-1.2064447959764488,-1.4302516649476156,0.9620401666483698
58152,0.22869060538658204,0.37632628173620264,0.20417588429189584,2.1584897281092634
58832,-1.400206673066458,2.073841957436807,-0.8337764311493518,0.9057473085589876
26872,-0.10123027626007096,1.384088086578374,1.0695051697140865,-0.13994219206787312
66472,0.8795204004557939,0.4089827696239546,0.00250938299487831,-1.0552940113996303
30192,-1.305262526865772,-0.8505778123179016,0.18380160938754475,-1.2068663937262776
5592,0.7987106339042088,0.34063639050624134,0.5906132777721383,0.7398574550620796
38512,0.7094168186692256,-0.4984631446814137,1.54773146963556,0.8663953179514261
46832,0.1794735621400489,-0.17418761980226027,0.5372011299430614,-0.003986552870632172
10552,-0.29222812705216833,0.10676452542062762,0.022670608876320258,0.3361302723209069
64992,-0.5283340641049479,-1.1159958046831648,-1.8012803309453653,0.281675949003219
592,-0.3083463131372739,-0.5193884785218265,-0.014520148307149192,0.8224086271021994
75952,2.2047105999139327,0.06965024720528488,-0.29021632670083736,0.8123976759214926
18872,-0.14884496114638396,-0.24105863852707352,0.16489872739246886,0.8063315025489596
47992,1.8174805369215024,-0.9009427964587321,-0.5993875576676453,-1.238789100227701
1592,0.6554987674655958,0.28858880627570194,0.4404576658234607,0.09193022914989121
67632,-1.0991740159306194,-1.2738223627965122,-0.5036003597684022,-0.8849247979409954
1512,0.05289534948011536,-1.7338165706545499,2.6324879229686857,1.7618523005541395
35512,-1.6252872772002498,-1.8648346596474707,-0.7968580329974779,0.9834719267668196
39672,-0.18933971477584152,-1.8712476376747988,-1.0397155002945075,-0.9494235007913792
38472,-0.34939242706960494,0.12416683949013334,-0.9936372486506887,1.0517704570734734
71152,-2.0406251130207225,-1.2834190363288707,-0.06468454677723373,0.17445233266971052
30632,-0.06435872317089088,2.2970854619193197,-0.2982276087589631,0.9060737847029835
7552,0.01431734255125432,-1.2646949343743432,-0.8205693329637055,0.4113590684748794
11712,-1.028505617971918,1.5069297191023407,1.014910502929646,0.23115276535246787
60472,1.037605409949783,0.1416017580829594,0.31565806006883296,0.5349082757183623
69112,0.15061749665949395,0.850351411571232,0.479556161161782,0.002037206994649141
19312,0.18108626087137067,-0.8095142240404707,0.44223282059803176,0.2874262761506279
68792,-0.046295791925865686,-0.9298365625366906,2.2565382771305393,0.09323345890882445
32512,-0.9775010128640793,-0.041658028292657946,0.5075303704357293,2.2081135235504608
46592,-0.762154191117771,-1.6627430980286593,0.11964471319415859,0.8046682625440417
60672,-0.3591845934787786,0.7888301297081245,-0.24927513795793352,1.353009298334361
40832,0.22686297738677066,-0.02392109049122894,-0.7652698742936433,0.7056199136055143
44992,-0.6456776257896656,-0.07791221289512623,-1.7527811153986936,-1.6552108922226554
49152,-0.641026643571853,-2.156541136380128,0.1886371039210218,1.3998318474977098
13832,-1.1519365398084276,2.3370923596451165,0.9992054676060618,1.358334090693526
46792,0.9130531557199797,-0.28282522054225745,-0.3583016231904664,-0.2021912991295284
61632,0.7745165678881288,0.5089275775017804,-1.674388611623115,0.36867652381141514
25352,1.482097621135883,-0.5015470403020689,0.1881940156623651,1.4235706137094117
52752,-0.8966309818523316,-0.21295741620442885,-0.6036544380486869,0.09502072512411726
70232,1.952624139133848,0.1010516000235664,1.0451595583620965,-0.34904715594375685
74112,0.17121503949291067,0.11942893907577952,0.04630994935513332,1.593653587490946
1552,0.011740794997194867,0.8866145904741498,0.20576686289805773,0.012934634832463246
72592,-0.23465386831568935,0.07449002568372948,1.3061686605136582,-1.32706721556291
30232,1.7150807720254306,1.5208049604454135,0.45205690670098686,-1.706697428296598
69392,1.4140836219609787,-0.21806606521036748,1.3679237211792,1.8898764115305815
54472,-0.5797001805476739,0.21732326178903622,-0.14616709871897834,-1.8086738880088342
64632,-0.0002506255407562195,0.5432182043252605,1.7126095388238132,0.9413669209263588
58632,-0.107085297646931,0.2226184343670034,1.1050036432090464,-0.33751773406296093
7712,-0.45267640122953545,-0.10480030715695897,0.2897169798128939,-0.04033903540443583
54192,-0.3141149430892671,0.3806326400286161,-0.787544152848931,0.8270911839926506
71112,0.7304474585465871,-0.37571346853118337,1.3345744358038127,0.611478222935627
26152,0.4585280881488494,-0.11127722563489655,1.2837855492465906,-0.45821778340763203
3952,0.13914012068227946,-0.39749917131410883,-0.08966679090069163,0.7845632842570707
43152,-1.1858626717602725,-1.4775510046552451,0.15959704544922662,-1.814255872505987
53552,-0.9638680594364121,-0.712268370465437,-0.5831656319684979,0.4556899205673834
47312,-0.20408975417373504,-0.05092813358465013,0.8439394189904482,-1.2054134721132446
51472,0.3355203294082237,0.4142169132527685,0.2290804720955425,-1.0340190343184992
54832,2.31732883414759,1.1702462373557365,-1.019680677761665,-1.1662163637473766
2312,0.9619984272028923,-0.45734851408080435,2.3556984293258285,0.7936220645626403
65352,0.6161344268012654,-0.9608786911009279,-1.360034412255412,1.4367967591329789
31312,-1.46322080712519,-1.379682345438801,0.8215582304529334,0.3849870946979879
73272,1.6959511794201239,-0.7371031521173658,-1.9411065433079224,-2.9067740804449564
16632,-0.00489759071854947,-1.1579914951923074,1.0611742132413695,-0.8528628808458902
35992,1.1031926668364276,-0.16303724580024717,0.611694019795384,-1.6205671496350684
71232,-1.7343908246225055,0.6931307474939173,-0.6994299130777427,0.36520618244384917
50752,-0.34012926570281315,-0.7248593215446091,0.7051244289784477,-0.5144826626217658
42592,0.336964175289126,-0.09542455883926662,0.6666255245403098,0.0966685763668955
52632,1.1184396941251156,-1.2201759320189298,0.6514991289810241,-0.8352799595912711
17032,0.6959036063580177,1.7457954264935553,-1.9368637711450392,1.3247763874439353
27192,-2.4145187764087477,-0.8548732588397445,1.4597160451834492,-0.3881045563076552
60952,-0.8582983392960486,-0.4910305049517709,0.4710708710985084,-0.10662341254831607
69192,-1.379793393706939,1.0661450424668695,0.02863603913138129,-0.19539150197387273
24672,1.20983593354818,1.3193206348677788,-0.5190995532347279,-0.6309381684648395
65112,0.3407810725996948,0.8148139114222693,1.3045806474263362,-0.6015035597261653
73432,-1.0868309921518107,2.4015716080702765,-1.4146235201663926,-0.8045199300679912
32992,0.14974650019165814,1.5507200952612148,-1.6923590742358223,1.915227571579973
25952,-0.2904953949975521,0.2384605342224861,-1.8874472318746893,1.3438486756836094
56912,-1.3899019536484876,1.5369493733523214,-1.6016183974670581,-0.7777018595661772
41312,0.7244936757376631,2.0174291085007363,0.1050571488875,-0.41366229788251446
5032,-0.9431930338961347,0.11409735110471118,0.11765066793835266,-1.010032978582097
49632,-1.1993989844690751,-2.085325172922322,-0.8678095561458603,0.9208197819525379
53792,0.49564233751211845,1.4809171962103298,0.06391766637801295,1.2259538595280544
3672,-0.9546956734094189,0.9268679412535198,-0.19117797534177522,-0.587593865525537
57952,0.6578283598112898,-0.9422516201226315,2.0411534513624785,0.25648053577294544
21672,-0.6102058081782973,0.9371269533308564,1.769118956234946,0.21092700298390074
76512,0.3331295270924829,1.1190555330943124,-0.3920059417193448,1.157351690484031
66272,0.590501031280384,-0.8275472556404924,1.4555359169883662,0.8355591896496883
70432,0.22775011662137146,-0.2644970620712059,0.7898904839654163,-0.22897253030304
73312,0.1835833790417018,0.23062623147098482,0.556362712443781,1.0819361776536822
41232,-0.432277436695709,-0.30733786589450246,-0.04047255058479919,-1.2058597346554845
38312,-0.7481942221981105,-0.7114397376774036,0.6435407498840376,0.4021248785210753
2032,1.165841799588843,0.6070368809252623,0.3028545808905554,0.3372802344338417
46632,-1.3537628031879043,-0.6612560039497732,-2.4130936053236463,1.80776574684979
40552,-0.8715528478472644,0.9288896430068724,1.6123451915858562,-0.7964074805910764
50792,-0.5599867472702516,0.11071286866115307,0.08526709001547567,-1.0291054147735992
14512,0.7732394299017299,0.15164646594060024,-0.04036150704091818,-0.5911973086586503
29512,-1.930007381251215,-1.0741954085330294,-0.49861199073660417,-0.053677675636783384
47952,0.6141594380628348,-0.4517065814671944,1.0570586029406002,-0.06803969904156117
18032,-0.9884926909308903,-1.487642838847694,1.0501896446759265,-0.4328684850327063
66152,-0.37999327524351684,-0.273157328591719,-0.16648042016616682,0.9049302289335097
71592,-1.1887838293277455,-0.6604755881943024,-0.0720730160111223,-0.7088188055265593
35312,2.0737510155232317,-1.896456018640002,0.4733746323317168,-0.4939472119874706
39472,-0.022199245217056934,-1.6294383632469331,0.349648351573502,0.151268702515747
56952,0.23592269699667742,0.9593505321402719,0.04026663023852691,-0.020792686461412913
43632,-0.0916084165703994,-0.28674352996527486,-0.22289941568468657,1.0161217625974337
33672,-0.47325031977717624,-0.8468255873628793,0.8200349905520126,-0.6581937852514351
10472,1.6532834330765875,-0.3160089662288856,-1.426673579910653,0.0977403167723031
5712,1.283992688826374,0.5255583242587244,-0.22277897029323504,-1.2851158442880293
56112,1.0240189217282185,0.30810687323683983,0.2874524154573378,-2.4655940018486002
65152,2.47926555193702,-2.140876055273767,-1.0120274118705899,0.41104938851886635
24512,-2.2127016514520976,-0.6906765176458837,1.3878233800356792,0.4496201081824444
23992,1.627598438100662,-0.8684644071793856,-0.006454843671111854,2.182253450685811
28152,0.3726014875549846,0.28246583815747617,-0.024200925435151465,0.19517860875403042
41552,0.5525699766451923,-0.310568733492735,0.334955835011143,0.777441740018887
1672,0.5440788515046632,1.0997731976936247,-0.5848119908346308,-0.5770101542757654
36472,-0.35558230187942824,-0.41078217820407453,1.0005752117454045,1.302089426575382
40632,0.8344859042199843,-1.55483509740334,0.4444956484529103,-1.0565799359035488
33072,-0.15041335088212687,0.5820468739552883,-0.7573842763352567,0.6376621865972228
5112,-1.3223183906890685,0.5588326037772303,0.19603756494775235,0.16130097243025934
20112,0.8081350416076153,0.638699706351738,-0.8316938368019455,1.6779791390490546
64792,-1.5728530003491175,-0.5719632980053843,-1.0538077323252797,-1.2636563218964947
12672,0.15386063125630456,0.38246654332155194,0.8788130576106821,-0.42419530364691826
57272,-0.1667567357359156,0.7137499875802,0.6843620049673783,0.6264427206549236
20992,0.2749920409199209,1.3596735032250824,-0.054944372677765134,-1.409310633000341
65592,0.575440134575782,1.1764859745298264,0.5507265350062692,0.2506917349976311
38552,0.4011152631334272,-0.3306259740518364,-0.06152902383560732,1.0157423624786361
14032,-1.698460010281829,-0.3068339731613362,-0.2526409387822839,0.3814608799024835
55672,0.5656123216942341,-1.6679953529400466,-0.008975015243200166,-0.03751168718108591
37632,-1.7020156434149862,-0.24431272697486558,-1.2473186657827662,-0.5820882798295792
67232,0.09123516554330015,1.5540642186293205,1.9101134179651622,-2.708022749465575
64112,-0.045774390081745095,-2.033084876124297,1.1295809667388939,-0.7955474341329427
5512,0.30274313637530226,0.6726159619482859,-0.8370969253934715,-1.8037097357833465
27712,-0.4445937719805753,1.2464110107961701,0.9428449878771442,-1.4311186558475242
46152,-0.9568637614492391,0.9946941030422466,-0.774948154394068,0.2540682029090436
54952,0.8039083186907882,-2.1958883954629305,2.24510331068198,0.20218141859997563
62592,0.33349740872164413,-0.8526056495977287,0.6732943890514179,-0.8326390809465962
66752,1.1122412956812258,-0.7644710252611722,1.135113944351454,1.181581585111663
30472,-1.0234595493894818,0.013117383253711737,1.0635700147357865,0.27385958827608947
11952,-1.2844763826096062,-0.757020773997563,-1.1486887072009577,-0.374153805016221
1992,-0.7151731057078923,-1.2498360363031267,1.0867085750256424,-0.020445071832192314
38792,1.5928065624284726,0.15552170819306257,1.2559137019684403,-1.47059082701234
42952,-0.5603614884134238,0.5751977627952798,-0.12273711635758382,-0.18865753114007885
36672,1.0056083383415035,-0.04858803163113984,0.6352550986720069,-0.15501374866802675
71352,0.9878984715976361,0.05824743537330163,-1.3822217757358501,-0.9845898997552007
73672,-0.7529266570122047,-0.04866930601057555,1.7545061285255108,0.1250361691916059
48832,-0.44716951453561316,0.9650479730919624,2.2889436984674196,0.65165300204936
16672,-1.1703482049573257,0.09365101050126684,-0.4693539788076468,1.0478677562410628
72072,-0.23152623438792286,0.13412792068258844,0.7022108922038962,-0.8777640067373628
35792,-0.8762141810814119,-0.7161039655654781,0.00226536466110493,-0.10282592121935663
68152,-1.2830286385468546,1.117119662779991,0.2771403524078603,0.37000190819398965
5832,-0.9191770470271053,1.1519453959917767,-0.9044054517901989,-0.017570057818493717
7832,-0.1544408212194232,-1.2905739557862312,0.5626445871551036,0.2848166343865111
52432,1.127572070794017,0.6326888532377213,-0.43501872899376787,0.242706082711625
63392,-1.0997172289326012,-1.1175505169614748,-0.8125370476398125,0.1478697710664184
56592,0.5415603090096347,-0.039861746678515886,0.7679000314416015,1.6429342279342434
65232,-1.4800959971996483,0.1830107614194386,1.7465981376744695,-0.22003455857770834
51832,-0.22975699514638212,0.765251308443162,-0.5416450740892679,-0.30743044523885965
64912,-0.6538968116508377,-0.3399690618699227,1.4493995368783532,0.6465055962193804
73232,-0.7625149350172844,-0.9510609327811573,0.3009193596305912,0.7648409273569919
42712,-0.21914664613814822,-0.2878727752488202,0.169065421154823,3.3585582281762787
36312,-0.2933311972805701,1.7358690593697266,-0.7368292759094696,1.2136231823509311
672,-0.20329573509435056,0.00792894331999714,0.1217919443647589,0.17876418930265153
44352,-1.0865735269414363,1.0381279977465914,0.9749717990893945,-0.5125170501128303
4832,-0.08199378154445791,-1.228260525209661,-0.4149471270554586,-0.3129195472315308
62792,1.1860168554735921,0.213459788552797,-1.8347516008087372,2.355919285873175
40672,-1.0464193377859559,-1.4257102210160655,-0.1779643954073265,-1.5613440160147636
56272,-0.5923563500115084,0.6456343991652664,0.20734940034743013,1.0127191900398962
6872,1.8005835857234913,0.4234655358592278,-1.426849551701404,2.072675083478144
61912,1.297150390971591,2.9077136823833944,-0.6922074599101963,0.9685307676475179
21472,0.0399811887853419,-1.4944384093202796,0.3543624977462258,0.6544816802299184
66072,-1.769775595715289,0.7705497388088469,0.490747028540949,0.5368965299551566
25632,2.4012281585913207,-0.210407017152121,-0.01478732728154445,0.8337093291876582
7912,-1.2030428562524385,-1.2634352783405471,-0.3711202697052994,0.11101980364444883
74392,-0.3709267678203271,0.45447269673971497,-0.7588279346522858,0.7493292290543986
38112,-0.8399810875848596,0.2550501249088335,-0.6836021584365515,-0.3584407927529568
62192,-0.19833333775961953,1.2848107788547627,1.2917029355423497,0.5554591804984497
15792,0.11791243855249144,1.1713227092203777,-1.1350492713315832,-0.13080068224679034
67312,-1.1072207806228214,-0.925493592845639,-0.44242261193846827,0.9512226393528128
65832,1.1938190072616455,0.9201261705322701,1.5338194092810182,-0.6731029073396162
50592,-1.1682396120757361,2.0351431710942443,-0.630731866746314,-1.4888819111736442
44912,-0.32252599355845685,0.11713579169605318,-0.04552206385293554,2.024147904679203
18472,-0.7580749771862305,-0.1416262921825372,-0.06298911334696036,1.5471308583695982
75512,-1.247097402986284,0.20100446847155748,0.47579439414994373,0.33256044907593757
22632,-0.5361642334419126,-1.5853124325497379,-0.252314116213751,0.17037638377874312
64032,-1.119719574198444,2.775501495814114,-0.22442083284189007,-0.29976073951684556
71392,-0.8231746938486797,2.048277974768859,-0.27822822769709443,0.020399032114670756
35112,-0.7254458590132093,1.6284942380664147,0.29671592150154086,0.034482615093294006
1792,0.19718403972277787,-0.20217237939002103,0.39270993210908983,0.35543970966897726
39552,0.1927991020016197,1.1203486393596902,0.47885580278162826,-0.1286467991747379
43432,0.10039115853008446,0.10467042681173576,1.4568193543744554,-0.052556965086721356
7152,1.903273814355276,0.9360871078238581,-1.1785566629795972,0.1123291531422602
33632,-0.6562694333509078,1.3281007263026228,-0.044435642671673485,0.940586533182407
11312,-1.0252840911286363,-0.18418206885219704,1.0413904205100037,0.9576721610908567
20232,-0.10048572683339246,-0.8871963024683094,0.727101403550133,-0.060079298736811504
22152,-0.6877307619343043,-2.58434511016885,-0.8458712459875511,-0.4599736560165199
60072,-0.5768937569893509,0.6500477612721327,-1.391388098343226,0.5905941501021772
17512,0.7089875749154765,1.0811400213085252,0.16277460441039743,-0.838903308852431
64232,2.4005560401402457,0.6793021765018898,-0.009523222220049019,0.1867601780208823
27952,0.43605096373380803,0.8437258762397806,-1.426754221446938,0.8491330217267815
18192,-1.0832258341461545,0.08628455968667599,2.447756566305233,0.768450783052361
64472,-1.5615112070494177,0.7534505768536539,0.2895836800632625,-0.11838370692479899
73072,2.167590790090359,0.6184939132263865,2.3697710001332344,0.3706400925263117
40432,-1.0450798096977152,0.43435852693084015,0.5666618862685517,0.2276731209450953
13072,1.1399027713913177,-0.6513609235553363,1.2236633997023794,0.4280595839177213
44592,-2.7882769856610166,-2.0698626189088856,0.5616051379889098,-0.7950698179468911
46872,0.9175000951238663,-1.5599055775193902,-1.32028695761233,-0.47806678241656003
8312,-0.18878907681560167,0.45708773874149655,-0.10330324251010263,-0.17195329048762673
52912,0.783989690393082,-0.38569116118496166,0.07158143455860985,-1.6176275988529223
57072,-0.03922232945536772,0.47538218347287253,-0.8330863895150471,0.2815990677222761
61232,-1.825163901604749,0.28791491184531887,-0.5173419437644923,-0.6190609402627293
44832,-0.36083815333720765,-0.86763688756107,-0.36170344403482063,0.4792671173242338
24952,0.68183359136946,1.1787576712750185,0.993813467468154,0.4793863948784844
18752,-2.051177441611772,0.8248127287513913,1.5068074207145554,-0.7861105970241791
73712,-0.991260898160868,0.3644413324027322,-0.9267700952102742,-0.2710915331945954
55632,0.889656016635863,0.3902259803536652,0.03742427322105607,-0.3598352551892456
63272,-0.39027908399565575,-0.29765385337772043,0.8346764410340449,-0.875120563122625
1152,2.3941463707492012,0.7006137021306236,1.407596861387756,0.23626800527591055
9472,0.16744695172530094,-0.09333204986392062,-0.14751656074263966,-0.005341941917254445
26992,0.8018536430452134,1.743324144980318,-0.043399492519357395,1.7923077655249222
40752,-0.8687513205957206,0.607695105462206,-0.2842804763658965,-0.792147979668371
42632,-0.41685210886231344,-0.35357591468795596,0.6817604511679857,1.3240342437417796
17792,0.02114751402279714,-0.6714674930499201,-0.5662551366966909,-0.75842606433718
26112,0.10412298136273851,-1.6539491065439464,-0.2091644043525416,1.6187648515019544
38752,-2.3448411395731474,0.8091534936481506,0.6144446144987603,0.5622359887822747
48952,2.6389793291767982,-1.546223763310733,0.16809975029299007,-0.34760374566287333
34432,-1.0485936813971857,0.1348549172833358,1.1172366011398216,-2.022967576320457
38592,-0.5144104592793033,-1.726688921434948,-0.42646796456278663,0.1683055590065225
42752,0.9370247080716652,-0.4514154891919626,-0.45900127887983594,-0.3450479826149973
5952,-1.5736458431589249,-1.3189681723270141,-0.03438717713237455,0.5502171096923811
72672,-0.008497789975691518,-0.18306090368573802,1.5066641033161572,0.75018861195524
10632,-0.09928405995812259,-0.07963584922262772,-0.7959316067121439,-0.16085795969576494
68192,-1.3630223725093167,-1.541055978222164,0.7217196143618433,0.03237005346514612
14792,-0.18497376313919786,0.31502709447471855,-1.8928485630269012,0.6435127563468257
59392,-0.18682720407545556,0.35071693936340004,-0.05606583793948755,-0.22407036110544157
68712,-0.3963334752920203,0.5618126722168211,0.20276301163028146,-0.8031038034455984
24392,-0.9655181533305056,0.10045325011103542,-0.8596900362123863,0.008787067650766952
31432,1.3485496863100779,0.5828556503744249,0.3509446842962839,1.5859091323469447
8032,1.803856909938366,-0.8682446042275295,-1.3908505826118664,0.028413635002555622
1872,0.1143408409764945,-0.18762991457680278,0.7092500645519867,-0.6735814082557501
51512,0.6057280173610421,-0.35133448945095136,0.5508609697970877,0.16119126733141287
21712,0.2970255766459506,-0.06391587326191545,-0.48852808427958955,-1.5876109629913016
63352,0.4224257422063105,0.48382780036789724,0.06637478825888357,-0.8436422043331233
48072,1.5650392177563233,-0.34942489977401386,-0.8596888783538409,-0.5782920857191909
52232,-0.784521465582131,-0.4210181979315333,1.1723997459488595,0.13667525286959667
71752,-2.4590093272638454,2.511069621030299,1.4173259838288403,-0.7257303336433416
40792,-0.20303057154189494,0.7011540600042024,-1.1259730652507947,-1.321089609173453
60552,-0.3982349474991791,1.3937784932985957,0.0920651192993684,1.6865237083131024
26192,0.04517394718954112,-0.4059958804040287,0.34995985121118195,-0.7621292142999432
19672,0.9099758494961642,0.3237642096514545,0.48136907813321184,-2.534205221511795
53832,-2.7034542512522823,0.19094397476727712,0.018140555550745282,-0.18924633848173378
68872,-0.4029392756772465,1.5817078338066213,-2.172826616884938,0.406693009207081
72272,-0.12696656750008345,-0.9958548270003127,0.15036466400180834,-1.2125654982612932
48992,-1.193131138588008,-1.1870612405572911,0.7192304443045647,1.442422170837133
40592,-1.349935443727254,-0.8306504663905558,-0.3998154997104672,0.6445950152244729
36752,0.09323762013762955,0.714586204432564,1.9321407563448818,-0.5212271017300786
40912,0.463076090618087,1.2823649120117853,-1.549772195105148,-0.7931498590944083
45072,1.757752482326984,0.004025475047460515,0.5815870003094359,-0.4088351385515105
5992,-0.5757188339105035,-0.7553888243306367,0.8223481187331474,-0.3464619674291199
17112,-0.1145831298733638,0.06550220548401046,-0.15387323825239213,0.20941747124329874
76432,-0.8090453309188869,-0.40389069565851615,-0.6641951401963023,-0.14529523043318823
21272,-0.7984416110231104,-0.11214790297984571,-1.1904967762025245,0.015413357486783946
34672,-0.1158077820460823,-0.9152119176677131,1.090334755234773,-1.1698449293428663
4072,0.35051036789670587,-0.08476088782207775,0.02063863060557703,-0.28877833189456614
29592,-2.7095626734105367,0.4381795450928796,-0.6571832799426351,-1.7496190946059151
74192,0.18443847115277814,-0.4585053768971694,1.5629900735628184,1.3381083149141006
37912,-0.1978088521219405,2.5624805416385534,0.723721253186358,-0.15650804869650575
66912,-1.0433765516548128,1.196836628725622,-0.5262958296329224,0.13439137226371378
12152,0.26785960228415817,-1.6584663026836632,0.01366082709030039,0.2404370306937222
1632,0.9455832502224246,0.13634313165473605,-0.08984433679865049,-0.25838183059906555
5792,0.7974301738208649,-0.4296556455503497,0.4037164026261729,-1.7347450307978056
50392,-0.1240930235795156,-0.39577648662031484,0.21208848993335475,0.8259052075695671
54552,-1.2643180471011626,1.1677664006111679,-2.1321513000777443,0.48744102999383165
14112,-0.4754345192972992,0.5314370416846426,-0.586549930151229,1.457053029242976
61312,0.8085338047765889,1.529137402579057,-0.5685018413510945,-0.8688008281216103
8512,-0.1970448161386073,-1.1630409716033394,0.3808762883315722,-0.49916557215958185
62872,1.285200756196224,-0.19570783420142182,0.7311874539591007,-0.7315145128902282
22432,-1.0454536801112357,-0.7476440828435136,0.7109813495339261,-0.05713976283201909
26592,-1.2336810216329375,0.33269716547023037,0.6369133630620933,-0.0603315878682192
30752,0.19105375825587126,-0.9508535739192849,1.8877722835702728,0.22208089797502623
28552,0.04508980142980453,0.07958009945444092,0.744738618664866,-1.17373702639392
39072,0.22377193034768847,0.6861508585885361,0.035416199319656,0.5114183830755644
67472,1.6650263928730689,-0.6655048692637197,1.0340372583292397,1.426807032510183
28312,-0.22452889765986064,-1.9205550804777756,-0.7270142405734523,0.5145711098218188
52032,-0.730709890404119,-0.6271211802626889,0.31136359638088446,-1.1919666669656845
19432,0.4959478491360021,-1.26736915829028,0.06053092252653776,1.7245130906292008
872,-0.4018004045485511,0.25169347578977913,2.0621125269257288,1.1660710844932858
44392,-0.13215386078182537,1.0703247396482076,-0.06963903569806344,0.5221027833487196
24472,1.2288528902747298,-0.37892636241464367,0.626485808777944,1.6951232557325726
27752,0.5832000572992748,-1.0454456084565131,0.42031243962196085,-3.2117062845502976e-05
31912,-0.2092126817357232,-0.33972692401622717,-0.2247752099384846,0.6724799609876454
36072,-0.04675667227363235,1.0025687234302914,0.5180331007860097,0.7098539672537613
63312,0.6525386597417305,-0.36060615695219944,-1.2781719505914209,-0.22098146293594106
40232,0.5466987626846186,-0.9268434662458764,1.095005565468644,0.4321266208164445
73632,-0.13637724865313364,-0.5259815649936881,1.6312025887244774,0.23823955729566873
17392,0.4036880770952495,-0.011355846066417215,-0.695545819459567,-0.5314684380773623
9792,-0.9201164645447526,-0.34553824079668355,-0.3890953967772659,0.41969634439296083
8112,0.9168791659025888,0.16321402882995364,0.554201995010538,0.28280328161339385
28232,1.1462574132275278,1.19922860391996,0.35992890491212565,-1.1168556010628143
52712,-1.4471301188171821,0.834049510402724,1.2707826192976026,0.7538850939321069
23472,-1.3012298958890076,-0.30041030380855316,0.9346529140515234,1.7135056309015695
16432,1.0475469586495916,0.9507761367192312,1.2562290879049538,1.1712857268979517
10152,0.6172488441457777,1.7920438340010596,1.45260777027165,-1.2037473757825186
20592,-0.11263701701986151,-2.2501314891424262,-0.7741613418291371,-1.4624719432022486
65192,-1.2743720331549255,0.1942677947574093,0.06670066532748951,0.5294039293962314
73512,1.0871878440839133,0.42466354805796164,-0.12245664898236126,0.09460156667462112
38832,0.2902305365140825,-0.7183123833292734,-0.6708643941115068,-0.46994914063598947
73032,-1.597415184938217,-0.1323645153339865,0.528544773662352,-0.6027109659919844
9192,0.798400417715099,0.2767201011862842,-1.6243211198726994,0.22852578396984743
952,-1.7124156571477354,-1.3314165860192184,0.510669255017401,0.13003856948901776
45552,0.007945334806942143,-0.6418245945863152,-1.5517621655302614,0.5253107258821142
9272,0.18569081934125767,-0.2119815920326989,1.3685417981205923,-1.5108288042268911
6072,1.0565218263487295,0.6307022953130317,-0.8819940607689746,0.07819155717661182
53872,-0.7194553414139927,0.45614449246757566,0.9242642020191862,0.31705169400631783
58032,1.2721581552810433,0.7723041220010406,0.0947486823074659,1.0046872816271621
21752,-0.11884918553392299,0.18868913428042897,-0.12392500525649347,-0.5213167607249636
66352,1.2131294087191806,-1.65909289977875,0.6784389400388252,-0.03671072317401814
65472,1.4933408647668007,-1.1286538428037585,-0.8997325714153273,-2.6709126946743202
62112,-0.6387126196740741,-1.9838774474117773,0.028471917827375362,0.21886492354382467
34232,-0.9515458655624296,-1.0395464324416417,-0.046165905112383235,0.42831795906250714
38392,-0.9417840898904891,-0.20899040945788763,-1.2372181478736564,-0.3754640061714433
38232,-1.2252988251225208,-0.13743348234912434,-0.6265930533884242,-0.4779224111685304
42552,0.04325882728314547,-0.38202625634584014,-0.6694903271243978,-2.471632954633614
12232,0.6010537720835565,0.251839826161691,0.026639555795205896,2.330492290771855
46712,0.9475826825888803,-0.4742806826316419,-2.1531975400479424,1.596668788326302
50872,0.2648512104315547,0.48769858317818965,1.3884784084771489,-0.24561534615421787
45472,2.031036436352471,-0.7080183120424771,1.2934903382610183,0.5035212604064053
14592,0.8729591868382645,0.32861702708685586,-0.6171607420748189,1.9896837683006836
59192,0.19806088768369995,-0.5519093218215657,0.7557062138384916,0.2755331365576374
51152,1.7930156330627012,0.7713932000670236,1.3632827310514197,1.6518185566409833
46072,-0.09756348940646033,1.1603689414229181,0.4823530254598241,1.136827820743111
71872,-1.019893177527329,0.11468126680411306,1.80905172477842,-0.6056438567588008
67512,0.41539985421327175,0.20034426252627058,0.18784813671409628,-0.16974773149172384
27072,-0.16026952275237477,0.8855261851702492,-0.2496059823302623,0.02297843871407213
71672,0.41373687988307134,-0.23902518913675144,-1.8225526998658546,-0.433099919422604
31232,-1.1490801716873578,-0.3773163261485568,0.09232321085781925,0.3279158948403695
69592,1.8871768397761743,-0.1655285542106633,-1.3308765702244338,-0.08873867031501063
53192,-0.11739655970263509,2.185022004452678,-0.6132973503146149,1.15225984294691
47872,-1.1689732926505183,1.5699623933357676,-2.963121433843297,0.657853401271006
20712,0.17931891232790298,0.5405281717680148,0.23932741680039304,1.7770303181861553
47072,-1.4236502858973081,-0.18801541582965214,-1.3796239564675439,-2.247132446692264
24912,-0.12674504617538523,-0.19626777303066661,-0.6344903316456567,-1.4260039827398743
15752,0.009179956572498333,0.7390952308344265,0.6863894923662149,0.6802216882284593
19912,1.4786179658252914,-1.2255376575416375,-0.986491177377618,0.39109339492588924
24072,-1.39272866832983,-0.9983372596343664,0.44017587139311554,-1.1711394439733125
68672,-1.4005024758491489,-0.5295010070387719,1.488366573076534,-1.2415206015190152
67952,0.20264780290893666,-0.5502504915382632,0.8026292888618558,1.045528464385752
32392,-1.60854968889245,0.29704539372250593,0.33631854547638446,-0.8155097759136886
2632,0.5928790865468219,0.637576212255895,-0.8907353451696463,0.10250440478179015
26432,0.10797053124802207,-0.2761310215093413,1.4904827356550436,0.12272462721144801
21072,0.5581663153431757,0.7144226646117022,1.0707662246799607,-1.5202303684755802
272,1.2710936809194835,0.15328519072614422,-0.43343824793830193,1.4739092390405042
16312,-0.5522318813912935,1.455081336363304,-0.32388303908483645,1.0790304113614844
53232,0.960504944439643,-1.0850909177084198,-0.16139293664365986,-0.08878996489873571
49832,-1.4127773480470822,0.7827813665230149,1.3696152676108697,-0.6220479855648764
49032,-0.046197107267720985,0.800943336128769,0.5482806428803075,-0.6263785224621528
12752,-1.86725938660706,-0.7990966560601572,0.3658299008193572,1.7174535010097305
16912,-2.2321019506892377,0.7550455659790243,-0.5008980324940595,-0.268094288804902
10232,-0.9866118728009529,1.7175219618932038,-0.9035495178708759,0.35279250451122013
29992,-0.7090376740834327,-0.2704055847727982,-0.9418812120616363,-2.0150254274375783
65672,-1.8047333961611929,0.5779102427572809,-0.6293430890049537,1.1994823567891961
29392,0.47995393101125416,1.7922514530918003,-1.9168470245102787,-1.2077357502950472
33552,0.5735358443657934,-0.39255721320659565,1.3978791603471998,0.3912476411562789
