62467,-1.1261500952591157,0.38051936480295173,0.143436102357386,0.5989948067533677
66627,1.168524312543404,-1.2691640200138374,-0.6464200219945421,1.4350182201066568
16387,0.4584958388603322,-1.1390514514529795,1.6737885030428985,0.5733958263100691
70787,-1.2572520325030014,-0.5887210321320109,0.27539044804092894,0.2692325549653146
74947,-0.8323915815252192,0.06477447077086426,-0.422157658247749,-0.6419156948220968
36307,-0.31594797314457024,-0.8256142314207925,0.156294749199343,0.6775404646322943
55307,-0.16509244313068966,1.0835357034736524,-1.179930545432254,0.8100902696309267
31547,-0.42186903885435295,0.19583133419947757,-0.31000602637209135,0.9579918670352308
51147,2.557575065853471,0.8753245759419571,1.1879396904828043,-1.7934212046553262
36467,0.9756632556350824,0.7378361660560866,-0.3191864223511998,-0.292390995472173
6147,0.8118570954584666,-0.28761286413021564,-0.15545450489065776,0.5338662493162052
63627,0.6806817952982879,-0.5842877831460798,-1.1252670821517186,0.2759276249868497
61467,-0.7232980156967813,-0.5944496951068076,-0.38727098269538196,-0.5099972040457187
39827,-0.18426425208290573,0.5231928149965295,0.35779609124111517,0.49012698107369695
43987,1.015840685030334,-0.4256014454853961,0.8969516637354035,-0.895830423003693
49187,-0.9662699939776178,0.7327653922855141,-1.7389995083737806,0.11855540387805807
64787,-1.6061268708954684,1.3466302352516581,-0.635194252633388,-0.22312177665354213
16667,-1.0259468684349684,-0.3510573494951803,0.05733371692485291,0.7687381557857538
26667,0.3201601481145706,0.29680498713305725,-0.7299467639699563,-0.7537869810968583
32667,-0.15533114672264747,-0.5005093700711545,0.8051460895156739,-0.6161223838392266
77267,0.2815039065206457,3.157138855725175,-0.14453067669757783,-0.3275582571665833
72787,0.44082859113959133,0.730183078604054,0.3647474452140979,-0.09541661270825133
24627,1.1223584234619746,-0.6880846852674218,-0.9668820650368802,0.36903370146667436
48787,1.5040192150619949,1.0109889362891702,1.6029557926845528,-0.10038583115048691
60747,0.009189085335711918,1.1788910256776641,0.16066353631603747,-1.582239469202244
43067,0.16226903912294485,0.33519837504087363,-2.455852345787659,0.8763157689407914
22267,-0.8453864733083883,-0.8477450798576907,-1.4023481703529348,0.9341495718370462
30667,-0.3181391255875414,1.6408421706059089,0.3820447317409662,0.8469113584454327
3187,-1.3837189359330675,0.25406940140618145,-0.46190176381226833,-1.1133820240254655
45067,0.940700710590979,-1.7771294755789058,-1.9224507544783078,-0.7902222790756014
50467,1.459304632166397,-1.1469372934880486,-0.5709279377365607,-0.4118144372981715
28747,1.884862335344349,-0.5681992584286291,-0.48640219460544487,-1.880822159604766
58787,0.23776908946162667,-0.1545471315706069,-0.15874595839488922,-1.0366248008594474
22507,2.74193752635003,-0.34055730433765036,1.1427736970317728,0.31003346425625816
67107,-1.408708192019222,-0.5218953579577418,0.39544622951766517,-0.7200284612378514
67667,-0.551639687791416,-1.6103042831243772,-0.9328042208432276,-0.2082744682185163
75427,-0.010908234292724856,1.4567358686546164,1.073353406770764,-2.523474892818362
55387,-0.9014288366048031,2.3207117328285563,0.7181460501184829,-2.1334525974634677
42827,-0.7959722521387298,-0.9724301025462571,-0.28301597833471653,0.721509169257634
11187,0.8471352843246094,0.880486952497325,-1.236452705709326,0.6623419343226815
55787,0.07034894382728897,2.77784694977872,0.2996747411730973,-0.24883152236933417
22627,-1.28150168491532,0.008493374857205869,-0.08069126046017965,-0.033170784014934354
76587,0.27361885511453604,1.4020705750496933,1.2024319331842765,-1.4151248927888376
41067,2.211875238664348,-1.2021653386637678,1.30637392735555,0.04349010862747275
48627,1.012402763560278,0.28387312633535133,-0.618958119449292,0.3748383489844331
46707,-1.6296612342386276,0.0030385376573722474,-2.6682747377412936,0.4105351840169955
35947,-0.5399463389043865,-0.508438983398689,0.8631729219845773,-0.19041056453457775
63507,-0.09051200286676116,-0.45477196094702604,-0.27952021523129417,-1.6449625917198079
55907,0.7306234465311278,0.2882631809065522,-0.2708243476124222,-0.30607530175331377
24827,-1.6535701888330456,1.6405333979142493,-0.1875984571951556,0.9431661697278965
74347,0.7539635158448166,-0.06110010961528381,-0.7720409419436457,1.3697142703004062
28987,-1.2645284269081758,0.009765014231316213,0.726821040649159,0.6345832472067808
16507,0.1694568906097106,0.7716870238704058,-0.41371067159018876,1.7872726987069065
34667,-0.27768502257436645,-0.2294202493405405,-0.9367252831184196,1.0922367701653126
18427,0.43353338718965917,0.47911319551175613,-0.6375824647370897,-0.3774088696415606
23827,1.0320074256305758,-0.07295301348194534,-3.4769536142859843,-0.5672734060919113
75907,0.759787711297439,-0.9266222753212144,0.2678068662885024,-0.2534495774975646
50547,-0.08266157726363642,-0.21920593752566392,-0.9318110074819409,-1.0535181722525808
50867,-0.4133045653266352,-0.327089669239445,0.5058318664499395,-0.8329891565171677
32907,-0.6786365252396727,-0.17351408869202253,-0.973559526404232,-0.7393444169782897
71827,-0.7540828326204291,0.2343142618077535,-0.6301353152141663,-0.6210620466623349
2187,-0.5535186413786267,1.2242660594713128,-1.0395694329691276,-0.21241738068795077
8307,-0.248116328241651,1.360700147991059,-0.4407208617484064,0.4142592234089712
55107,0.32038964150690225,-0.17457582874566627,-0.7995993142762967,-1.218229662518526
49307,0.761577500812592,-0.6786945185760027,-1.179419567760852,0.4609245083647035
59267,-1.4897820035119782,1.3544078492773919,1.866794249488597,0.7661160456420962
40987,1.1930349204117654,0.4379921915105398,-0.5019482421800517,0.6068861696110799
3347,0.5242509633076731,0.5720377797457133,0.8037061158772996,1.2190634434066807
34987,1.0692052045415814,1.4418820608206482,-2.2813885428537484,-0.5014689308953375
52107,-0.19364404488743517,0.6088424223063172,0.2484952619867611,-0.8672739842853678
12387,1.6781828065604356,0.8110529418888854,1.687563124881288,0.9606639939997265
15827,0.8219396536030358,1.971685168590869,-0.41717328466216846,0.12438050878615181
43187,-1.2093826051095884,-1.2857142054400397,-0.44210153549668674,-1.325511259939503
68747,-0.07211068701483807,0.7507224218836437,-0.951524304618728,-0.6233655739350336
32467,0.6846377247851189,1.2849975737082848,0.8530773034077784,-2.323099620351019
77067,-1.1253746672671416,-0.3801784546287785,-0.309666197367735,-0.48036062797786183
347,1.0125383368746579,0.060716207936729466,-0.7577660471423214,1.1021259831318182
30907,0.4741953551604465,-0.5262044306953193,-1.4859347199451847,-0.8767891594731688
7107,-0.9297756402088334,-2.068676870528586,0.4802055615091795,0.2811808380085225
49107,-0.39630464113151137,0.4528257633881444,-0.4909714422489446,-0.7294627275874307
53267,0.40410283864757096,0.07181646349321796,0.003936145314472176,1.3568614746472558
57427,-0.2684123954444027,-1.7216464340199134,0.33783353573863234,-1.2671725752821292
59587,0.31878072167117194,0.48660214815694647,0.46992348363164216,0.5978305678812372
61587,0.2861907800056055,-1.519192859603533,-0.51088066888305,1.5175011025558551
68907,2.2974519953076507,-0.04903880246574061,0.06826955709184096,-0.5566891959662831
74067,0.9358441322211685,0.18206670150603793,-0.1085532302143169,-0.7630083422050526
67787,-0.925718795268656,0.8252335416141338,1.8324421298401916,-0.45248216413935805
1747,-0.2366551271887294,-0.8594844413567867,1.0679371277142395,1.2885736606656315
38947,0.5916938066447941,0.8037520076855282,-0.35621586104472264,-0.3367967126801432
54427,0.31579976942037075,0.2052807435036894,-2.782314158236428,-0.7735478573720397
62747,0.26760146047949007,0.3114390725734797,0.10467799041119877,1.0880766378726054
22307,-0.5694984590033857,-2.0713445730063658,-0.5368178831162628,-0.023106600515306303
66907,-0.0501873967805779,1.369601595251822,-0.5302266125443398,-1.3647157744626266
12507,-0.7377445616321284,2.1049612171769696,0.4476082948697682,1.6992433146799637
33867,2.6432198000766904,-1.1648575221366417,-0.3752900280891328,1.4517608993920177
30627,-1.7550163174105433,0.2669907570535414,1.0949741237985453,-1.5807636035335748
75227,1.9717016748574823,-0.94176957220652,-0.40906245592035584,0.12206947448658231
34787,-1.2963957047620416,1.132963530413351,0.1858640928516326,-1.34392592879083
30947,0.638903912017659,-0.9252181447913271,0.5754480291212928,-0.509108157498285
6827,1.4585029569940522,-0.10300008101252034,0.939030770585604,1.6423084533305412
51427,1.303465265347247,-0.18783488490171638,0.7096986843526708,-1.666427893948914
55587,0.6333049817001336,0.5443422205188332,0.06929132951670904,-0.7104225686719361
59747,-0.7755375065665341,-1.2278846081353014,0.3025470925594518,-0.8479113715982703
27627,0.1176171059998636,-0.5327684833325234,0.9656847152155782,0.9007628658131109
31787,0.7792830891205226,-1.553448971392619,-0.30730877976479,0.0971051538102282
47347,0.2568576634956637,-0.9474729104762726,0.8093434675915343,-1.1185495095206202
7267,1.787448540224832,0.2209635010407471,0.9918515157875948,-0.67394266636837
40107,0.24330920784091406,0.1297225831795848,-0.8776990599754456,-1.8572460911699813
44267,-0.7868736249914224,-0.09546111214924374,-1.3442930136123445,-0.2998891930829845
7987,-1.9910375175704398,-0.31582227876487035,-0.6495997549148379,-0.9915339608111354
55547,0.3698702522619385,-0.5304265028307567,0.872118486169228,-0.4980695860650577
56747,1.4968659383807592,0.7096098561415628,0.7490002573831441,0.3777605632203366
60907,-2.0540952364466616,-0.08866533274413681,1.5188182042376177,1.10321393700678
65067,-0.5628724928271116,0.3003001126991869,-0.026634956210611373,-1.1772838733256872
33027,1.0446666209666005,-0.8745256847735823,0.19732976159269802,-1.102934555194617
32947,-1.9269900660943426,0.9973383295229185,0.5281066392252491,-1.4919984731274942
46347,-0.7969432806587393,-2.057425092300433,0.8211064379176517,0.2326701237247888
37107,-0.22781938009389485,-0.5693241978679204,0.5535132687106686,-0.5333140862339052
41587,0.8138627615026268,0.5630561418984869,0.3937411105309748,-0.3184937872013481
827,-0.1785361410681843,-0.9773139732560264,1.4940177285957332,-0.7422099361017106
71947,-0.06841005640779531,0.9329418285177521,1.8945289627883093,1.7118779821776244
49587,0.6838110918872343,0.45448202997736364,-0.0516817952933817,-0.019679646813290496
13307,-0.8736461362431146,-0.6839468535910593,-0.2185121204228299,0.7959083471170643
57907,0.7474497906912899,-0.13696212804892863,1.05793754770871,-0.24646435476282177
36227,0.25528344344554404,2.0307949772663987,-1.7601461915181975,0.2623891612247198
70387,0.8753326776302723,0.3143327270559119,1.150778644883224,1.1825125445216682
17787,0.7466117526770552,-2.0716552886040165,2.1620983590490086,0.015506034604644095
67867,0.34612836402328795,-0.4145111878373867,-0.0868804046864484,0.06407707390185009
46587,-0.402649866229965,0.734058166787836,-0.57668023649834,0.06430208738397933
10307,-1.153149682537692,-1.322622709889586,0.43875312335624433,-1.2342455320678054
65827,-1.2264238966738927,1.8020594562815646,-0.32419610382725644,-0.6590084184897987
59067,-1.596142329085381,1.0697273782962549,-1.564733687589444,-0.6671336084896068
18627,1.0385827153996254,0.23971170910529407,-1.9957671245335509,-0.5924489563667757
22787,-0.8721876756048622,0.4932662937572807,-0.3308309947528001,-0.27491016387201883
67387,0.15645613841137251,-1.1173714231701695,-1.4002203663801782,-0.3559988303454277
63787,-0.4788572550487528,-0.523668170886086,0.9570228572082067,-0.10528499861841153
75707,1.129635429279943,0.964822686606944,-1.6051003846298555,0.8275582791361634
39427,0.04206484797646244,-1.5160372438222982,0.2869030704252088,0.6623980350711811
43587,0.12844226961715555,0.14365709550171496,-0.20741710117261397,0.8639586808225537
307,0.313149723671087,0.3088813123679281,-0.5674123257676955,0.3787673440974369
11467,-1.548633023685427,-0.41751821005411094,-1.1379804237547189,0.03210360664397719
56067,-0.2381300036043043,0.1959111689134814,1.3592154490187527,0.6046367233173564
60227,-1.4966661220630704,0.6330214773436932,-1.0349778721927096,0.39428825767812004
59707,-0.3555687768274858,-1.7413069931348422,-0.24596092055676957,0.16132963606328776
21347,-0.8142220803537882,0.31155444080202904,-0.06590201283798952,-0.22241760568220403
28107,0.9779560885740053,-0.038797544158941544,0.3955672797324691,0.061925182832569876
32267,1.472021780270554,0.6644502931579407,0.4247664001318287,1.8389434613707485
76667,0.7028004860418997,0.1961850016164706,-0.7232060928879926,-0.1990940889351762
39307,0.6165770696973313,-0.3355474070643484,3.172375760035828,-0.021424722930909336
147,0.012010948967481144,0.08900999430468416,-0.6202057469581815,-0.2660054811456475
44747,-0.031131022619980617,0.7229819313800312,-0.8569016958061867,0.40377978513367935
65907,0.07944035427503915,-1.373829546653169,0.5599438531974615,-1.2991784943056264
12627,-0.7333246646386771,0.582086010228929,2.713558911333682,-3.0351524505326455
76107,-0.17075496991744032,-1.8089221547108134,-0.1659438479807449,1.2842171004845446
16787,-0.6235777710983305,-1.2438718877045238,-1.8360845459086828,0.16009126587796643
34427,0.9887585209805361,-0.5273709038815563,0.6100699725823444,-0.16335248061166896
69707,-1.1945086885983833,-1.206348781897201,-1.6591096527299487,1.3378883734176024
33507,2.0604348788096885,-0.6943612605054293,0.47024215144861786,-0.7520566248966314
73867,0.8535408522200311,-1.3075247032776183,-0.9702658965867087,0.22033062878857643
37587,-0.3136909860876125,0.6134101606674952,0.19801341684972792,-1.6423922795443244
1307,0.695850956213295,0.3829384661143604,0.06921841192074166,-0.9099358164135468
61787,0.09566795415808828,-0.7983903905292997,0.011811807515405708,0.7169763512939625
22107,-0.7352294682502063,-1.6844167202361509,0.08119845935700225,-0.7841829716153698
39267,-0.5417151687386641,-0.9758612104286782,-0.484594941805787,1.0519588914425257
66707,0.7987376087228326,1.3894785928171993,-0.6929666977925564,0.6220533624344899
70867,0.34402661094897524,0.2737184686848643,-1.1211084880758118,-1.2300344589591639
33827,1.2422152160352458,1.2458017312032572,1.5524260742086187,0.059544349078155666
67947,-0.147324002399639,1.5965816540370807,0.39247843695434564,-1.597537779385956
42907,0.0670477801739943,0.020061181989514693,1.2751576510950555,-1.9306631745714022
47067,-1.8211958340000147,-0.26255884912520444,-0.4708266792700709,0.2535166001992888
3827,-1.2860686644071582,-1.4084896485103933,0.5833247758713906,0.5263126028529962
76147,-0.25451267806560485,0.3961981407690928,0.5760543358527874,0.18067861484231632
61187,-0.45539743547713124,-0.4252824963279248,-1.9965733035120004,0.14303037369329002
37987,-0.4518197271572283,-0.47140780217067607,0.6167945643514176,0.9122389534846851
63707,0.5014639571880004,0.8508947427063893,-1.1142908650945962,-0.6473910661926717
56427,-0.6620369427316424,0.7007246099281886,-0.14432008683272632,1.5098569055704736
74867,-0.3677365639749903,-1.3108588076794876,0.21074775003239093,1.0906172897147994
33147,0.30559605773000675,-0.6699510122609694,-0.9985011243583405,-1.4844256582079904
76187,-0.3701501609305622,-0.693001916963511,-0.3228816240448275,-0.06375906244144246
35747,-0.9775110449478929,0.8253101333889126,0.7617417436944302,-1.6078163084703851
39907,0.519580101369348,-0.11218655953610447,-0.059648286774838376,0.8236428095366644
61827,1.1328439133018662,0.2680669289217451,-1.195675817350813,-1.498647863280955
11947,-1.1912832531982036,0.80542533444043,0.4322919320153558,0.41580829119860374
63027,0.09569741097695421,-1.2691235973288566,-0.7409815014355102,-0.0498241402752551
51067,-0.04275923392030069,-0.3313158227426269,0.7428473425101582,0.10984239533506336
18827,-0.9116374453389021,-0.10050961190718456,-0.06837341441400346,0.381046674140113
32747,-0.7911486414566248,-0.4068742153782085,-0.8034703077563592,-0.7801611377669223
27027,-0.07847967573630328,1.7589449218037054,-0.9085795751504598,0.8612695132687695
45227,1.3645785554725351,0.009322825529254158,0.31441595929620986,0.8951878115850406
53547,-1.6419085548294532,-0.13784668047120907,0.26256090165217055,0.3751301371408333
65947,0.3967893923216916,0.4094423594679805,-0.9882391855392877,-0.2117361093118298
61867,-0.6088477719448326,-0.7760174917589365,-0.7267056695281416,0.2882571755047726
66027,1.2329117623496155,-0.811516193244763,0.3139206852789621,-1.4928475388031741
70187,0.5488788185433452,1.2252377488573143,0.2500438984502001,0.39547366125508904
2467,-0.09151687135125165,-0.2041106812290206,-0.40730002881989785,-1.5666249743388432
38067,1.19698045503426,-0.9792021303362173,0.8213916689070895,0.07347211540376605
51627,0.7147760990480484,-1.0664633853542584,-0.4636954191946584,1.2082214973597138
25027,-0.3002674277080747,-0.07047828432142406,1.1201894535815005,-0.3196656949234384
58867,-0.18300156276486057,-0.15228839854698278,-0.2112240231889011,-0.7178529379710569
22587,0.6099369475362003,0.8203733892106267,-0.8636392627260259,0.20262763065443984
59827,0.0812723099296701,-0.8869768887723783,-0.7419043451080741,-0.5484882932080625
71347,2.5477467587564604,0.49927771054642867,1.3297253564425575,-0.41788967177793707
75507,0.00351710299831827,0.21552434608082005,-0.056265115851160084,-0.677105464542612
43387,0.28698152624518797,-0.8047925806404789,-0.1603666287349274,-0.4933138825783698
2947,-0.010876757085044304,0.2679562953573135,0.7678204298478869,-0.0904488197723431
47547,0.15749650524610478,0.9002939769693741,0.17966722180387906,-0.7434368504698413
30827,-0.25703150340227826,-0.5939012811213568,0.2966965025705768,0.27695178770920276
11267,-1.9269603342158532,-2.9980352241053603,-1.7932414930477165,2.61718675427185
45507,0.14929662315761572,0.8719384375341585,0.5262588055473124,-1.164592056624931
61507,0.7401070465941411,0.5280626577341863,1.2985178047186146,1.4658496168054789
68347,0.7372072390154017,0.3524686006484653,0.52707478348424,-0.08084426178704426
27907,-0.4504777901516223,0.18098279050079133,0.6820128958936447,0.3257073998694172
62947,-0.1564962966890105,1.2550450510952404,1.0307115346504327,1.072511081180489
32067,0.6733603077766368,-0.28129656342617243,-0.41740248258762663,-0.8261219565960505
22987,-0.08108650514851105,-1.2848494057083353,1.2900425777687399,0.40362919286771404
7027,0.13802997909868508,0.8795591115908286,-0.0014657348055790893,0.3334196329855493
33547,-0.576089184303109,1.373761426967016,-0.6122035716036293,-0.28973639125792655
4107,0.578335500009333,-1.2985788289163591,-0.2125235807358201,1.128357276940357
8267,-0.38574843528469577,-0.06961986185338362,1.7573539637634843,1.2001359854580274
20947,-0.21377789042841636,-1.2467384989730361,1.2758303164429057,-1.49159778726929
12427,-1.601675724895446,-0.11981450685361285,0.2040114725328507,0.9853353894940216
16587,1.5719778338497512,0.9557783702981955,-0.9463795292135466,-0.021177133241415656
20747,0.8921051894820962,0.09053113356088499,-0.17884543650298462,0.3747560450721495
15947,-1.082449188660221,-0.6366277453991054,-1.2408947896666553,1.6710540113412486
29147,0.7527891370004348,0.9563152828752443,-0.20260258038482779,-0.011242575448585224
33227,-0.5063266364842979,1.0741112398836958,-1.2565554263965875,1.7471743725407347
37387,0.08875694835205478,1.5010618401698632,1.1601115428915496,0.5229979524613065
1107,0.8836411965167709,-0.19887888300185355,-0.6471119934725722,-0.02886193209843728
16867,0.20513523675851073,1.2501315976647833,-1.8969014375171822,-0.865221295650175
45707,-1.800787332064007,1.3065159569165792,-1.763548452439361,0.6053575032611272
71267,0.4153005790296733,-0.5805388340645127,0.007675910785506161,1.7708078474223183
44147,2.0461219578755707,-0.30909544511037423,-1.5008110552733205,-0.8118960176571902
13587,0.9715824329121701,-0.1041433042274102,-0.4187300875478648,-0.2701659558222499
65027,-0.2987850312521956,0.8497031621096864,-1.8245819317896141,1.1354745273238376
17747,-0.16646633055558285,-2.4095434237000415,-0.1050766785630427,-0.3952568732595239
4587,-0.8139538601337953,1.2027994640334398,1.2973809236735288,1.6615508740624718
74827,0.02599629236585004,0.9391700384213828,0.5341794044097965,-1.2809868945406169
63987,-1.0728014507974946,2.2757489040751393,1.002800126237146,1.5592729111396804
2267,0.28644484336721254,0.5757554063238371,0.7109264698205314,-1.0139711123970998
6427,-0.30668952531202925,-0.7561691157472353,1.409051603201448,0.9096507699534617
10587,-2.0399397833391038,-1.6911119211942331,-0.562925476078365,-0.5848495292937301
20987,0.6762471606258085,1.0957494418902665,-1.3158560324867752,0.3196655821946727
14747,-0.8119593633433019,0.14485614062833574,1.8128296245399822,-0.931077515018859
21547,-1.0521572688969503,1.4997258557781197,-0.758708448280964,1.278830348914384
49667,0.5423967265075987,1.0378299125779142,0.034922566333620196,0.27251219930496173
28427,0.22632875676935738,1.894948497768101,-0.5841803161435685,-0.5014730167582083
5227,-1.115768259324189,0.3368853835152808,-0.3650511682974318,-0.20664942788595161
75987,-1.3241284303954275,-0.49248612678028303,-0.34070044955237194,-1.7465449646102758
23667,-0.4171501170188132,0.7035476498671285,-0.33550487970734505,0.4256665561815073
42107,-0.7063501833351625,0.5375066411991983,1.0805895669473746,-0.2499865392316347
6667,-0.39210361355766604,1.6399869137817746,-0.6266475242175965,0.4679285166130171
52187,1.1009789229924063,-0.8384164596645269,-0.2542143813906793,0.09388688993436577
11747,-0.2133534447265449,-0.5366272627102694,-0.9468454182488937,0.009025467631609886
56347,1.545902193761557,0.5438615779490866,-1.0994278681425405,0.10337919527092464
15907,-1.5139860694877694,0.1712260280589348,0.5933699491332726,0.5551977018600639
60507,0.9733789777753353,0.7824847228972083,-0.653939447718098,-0.8696815020400916
14867,-0.2735886467747672,-1.3794240870826948,0.6856775614497881,0.3821309674367672
51027,0.28250683756206824,0.12795566012481452,-0.18178289954978166,0.316628898348701
28387,0.7660984771768521,1.690193272420653,-2.4413772957193083,1.2104649625160424
72987,0.27157580742860915,-0.9250353721777609,-1.731601994737656,-1.382680479056269
74267,-0.7334711417167051,-0.4315988164816228,0.8580305853693011,1.5160184590902794
60787,0.060202398778644035,-0.011451099087237912,0.5030457733952751,-0.5630827415483859
55187,0.29247017022001387,-0.46651829980620446,0.3023383263132995,-0.5885274133152718
72227,0.4335485577094445,0.8430040045843238,-0.9775396709346857,-0.624052316761353
52707,-0.1133695251586028,-1.040552989189515,1.406122708329886,1.5847263299747423
8747,-1.7024227042349085,-0.8379011287353408,1.2135069244527785,0.4474034795465767
45667,0.2671862377998858,1.7052759326529068,0.4616116713141938,-2.2210332549890897
1587,-0.05489900222171408,0.0910186441536068,-0.1165886739069415,-0.07743635489956008
68147,1.114418265329571,0.4845477365787709,-0.3633315948534008,-0.294333620141577
42467,0.650900663083757,-0.2361126461095511,-0.670534042308909,-0.2440661063052561
66107,0.19506250476283782,1.5119064259504256,0.4623076256369832,-0.2528763081059453
66987,2.403541033396476,1.5061358859154426,-0.31320537058201686,-2.034327213669878
40307,1.0964058606304323,-0.7629705356034174,-0.040092461544744565,0.41719492867581476
75307,-1.8852456053712265,-0.38557024674549434,-0.4578024058447382,-0.7778817231533247
53827,1.032990385012641,0.9624377492888863,0.11721487225535511,-0.3767599417342627
53987,0.05795399671851288,0.38435896689815086,2.2829681472498726,0.27942864821428864
51507,0.6915110134779726,0.05108890874942965,1.2289906094104248,-0.4811800861601753
31307,1.4104410732090278,-1.3199393244845306,0.5365957804109186,-1.388351779027148
49747,-0.33846589421236556,-1.3217443612686712,0.9654614295833844,-0.43654515731101
76467,-2.179689787222176,-1.7878025892944454,-0.9015278616919729,-0.36136235519214416
44347,1.295414678908948,0.45800980012090575,0.04800562792753186,2.0835183844118728
6747,-0.9575327959121132,1.9410619149288655,0.16762984613927354,-0.3931070941446844
52667,0.36398338326760005,0.3620219393751509,-1.9219175656849592,-0.5110039867550814
9387,-1.349781186440145,0.5354379121178718,-0.8371890043446828,0.29137347266273167
60987,-1.0574932838116342,0.2771581003463133,0.4287006996718725,-0.1368780858333512
66147,-0.7175687112381365,-0.8921307948470577,0.6781608340864032,0.5419147748036538
69307,0.3412193609005708,0.9240376364573147,-2.129266085879762,0.9469581461387427
28867,0.5418329078889785,-1.2441649748881833,1.1641709219662402,-1.0413728907679083
73467,1.2496518354276864,-0.4545045123389441,-2.1144101931259294,0.6306825739650276
12907,1.1084439228438334,0.6977741405461559,-0.2186584912101853,0.8750505936316159
907,-1.679238334930622,-0.29029686926822384,-1.4023978884158967,-0.10167589751390714
5067,0.4018780847481011,-1.2966047445839,-0.08782507065463063,0.5503771756162567
26387,0.6406674885586677,-0.5519673711580445,-2.0329056613392282,-1.0756284022366798
57987,0.9942902043618783,0.5678402816821079,-0.5928146369003853,0.8114778814380612
38507,-0.5268187559082145,-0.6173063995634873,-1.5488387746616343,0.15403846959903061
25867,-0.35604643157086335,0.3737289960838183,0.29469347969532306,0.6631830516758477
29307,-0.7423776982040055,0.19576926689765706,-1.80858546405066,1.2249510905368965
38347,-2.258723743157303,0.10264602889922918,0.08033621953718272,0.7433548924951952
70627,1.165067304262265,2.273657049727831,-0.3492758374256027,0.061196313354820384
6227,0.7313521257078198,0.5061241541960297,-0.585603117383464,0.9474011755988586
61547,0.031053243742803577,0.5203461795204664,0.6020325501292593,-0.6762403733020086
19467,0.39996152036560734,-0.10992867359051815,0.8558423199490172,0.1340390508376795
54987,0.0921851454714083,0.7956792712001504,-0.32849386336251096,-1.3761591268431765
59147,-0.3933158810647668,0.2860626594874574,-0.5579145339304823,0.49442572209781566
22867,0.02463548167687527,2.3911212956912355,1.321436355221113,0.6907784605096969
4747,0.10547084647455425,-1.1656319246439275,-0.9020102804743062,1.937678970833789
67467,1.8658309220287745,-1.1511585187223417,1.0726477896720368,-0.9578867537032534
75787,-1.0274574414799995,-1.2911791427766506,-1.8524302216478006,0.19628093119775777
65987,-0.2567899458434255,0.19682085853111386,-1.64749497478556,-0.27050531522895316
50787,-0.49164403670273754,0.2890548002832433,-1.0732687340456866,1.1972824368398594
56147,-0.12658756915576921,1.6492567024122249,0.43283326845099096,-1.5097760133832723
667,-0.3053498956333803,0.04010629580910892,-0.010161446222564523,0.20540274739890768
60307,-0.26107742380029425,1.5472445812734423,-0.7842135053745374,-0.27826276624296054
27787,-0.4612470111888041,0.005182624175011386,-1.8890229793290285,1.6761382953979391
69227,-0.5218697757130094,-0.5285078757514394,0.7332977443344367,-2.392491954130471
8867,-0.7417264602813185,-0.3277508636328199,1.0096171370081526,0.24919511811214154
76947,-1.7460551377706999,0.007771124427850091,-0.5327626441099288,-0.7544957849948069
5107,-2.1040931259985296,0.6180936639115615,0.16656889007065975,-0.7855841655679171
44827,0.8496575566104435,0.13465121969883329,-1.3090694767166764,-0.27085155295233143
48987,0.3542350931522618,-0.8903537386456306,0.9142036921641332,0.33540513132765537
68267,-0.272024945824865,0.6135618432117538,0.42360027223003954,0.3271849861504329
73587,-0.4027543287107885,-0.7457210628612397,0.1921367364727507,0.7191333501234325
16267,-0.7518390328549623,0.2516056330474022,0.5626418777225606,-1.2601971957865576
15027,-1.7238250364131993,0.7942375610617127,-0.5013078882820106,-0.6378365009881887
26547,2.304404564303927,-1.153481170753644,1.4094425012094183,-1.6234455487444297
68987,-1.6901128079678518,0.1253537891016851,-0.6327100957174626,-1.680189904570113
33467,0.22660505731237013,0.445765076656813,-0.050128413958386804,-0.6658619540873578
36707,-0.9025003798254501,-0.5330119852681409,-0.6294514258012127,-0.24048062409632673
9707,0.5084525898890463,-0.05903135958427494,-0.581438354646304,0.7442244989414317
49787,0.49470164162403396,-0.42495637232518096,-0.7718525418608095,-1.2302768766075929
63067,1.3361843668931122,-1.2828109224898279,-0.11210735938279198,0.1010595999210701
62147,0.4908723015914995,-0.7445706418394914,0.6409816357076922,1.643217436048408
34827,1.051972481839832,-0.09085213797418282,-0.054623592675084376,0.36761195079476006
60107,-1.144662091651261,-1.2233952023127617,-0.146992147008433,-0.021643184444040297
38827,0.9115311185348303,0.39364168172964015,0.22117876980933998,-0.44988372574843377
30747,-0.6291016008091149,-0.2923395627346657,-0.44485949242878126,0.4419200522126912
27347,1.1427017943894064,0.8252609303247563,-0.19161583760200587,0.7439371180613039
19187,-1.8012953533981655,-0.9749985647483902,-1.3419922827954962,-1.6020152368721259
35547,-1.528458281604188,0.5572047379938183,0.7885688770636811,0.9128101855313457
76267,0.9793833213794244,-1.787764545746819,-0.18529063502940876,-0.32346217213948286
41027,-0.21388151307255862,-0.443206170863374,1.3104169503958267,-0.044545694404957356
36987,-0.23320498667914188,-0.2382163244204097,-0.5908310997443207,0.10423249391872177
53347,-2.6929361253180777,-0.9309316165793337,0.8656080658466186,1.9434241238602246
31627,1.9384707729716828,0.6387453974767772,0.21321421502266127,1.4236681487857243
54827,-0.39054938348407264,-1.6694610799280287,-0.43861778599202755,0.5908739203445337
72427,0.21674209546754974,-1.3030255011631504,-0.5012316674119954,-0.47859178810212266
28667,0.6971538356979581,0.18599430120696292,0.4246742952755228,-0.22671853341440906
49907,1.1034027591865572,0.5957349179770284,0.49415699649575806,0.6045770042534406
45307,-0.40637731192461735,0.7045744304922328,-0.4285352760864936,0.521529226421299
66427,1.0133832335845785,1.5256515881513908,0.22354999762026137,0.7921137287054284
9027,-0.41651644106817076,0.42349457035696586,-1.5209968557464744,-0.41515868985378795
58107,-0.1861406244224999,0.8808823851132079,-0.7151015227095953,0.5870236869351829
17347,0.5418959674972244,0.7986628972006222,-0.9876931414117086,0.9183399856954506
18027,0.31602480661328924,-0.35346646876348975,-0.44254593052905533,0.40570384922599684
21507,-0.7250693900459764,-0.5128345472898367,0.6766240142681238,0.9903143755896864
25667,0.9479411416461841,-0.5560738165702988,-0.39936484784014636,1.562840331271943
66307,-0.5413672198229049,0.7343835270367933,-1.8841639583172176,0.7387526161545246
5747,-0.997546109375066,0.34300403439897137,0.289354141663313,0.6615472851653931
31387,-0.7536125364902696,-1.0232120075678763,1.048907149860868,1.592885629821412
1867,-0.2747679985299465,0.06326023152646978,0.2513825209303773,0.11827124082262652
43787,0.4063327793355291,0.09879716183944226,0.6011610511785807,-1.3862387057036316
46467,0.23891521242472316,0.4156115858142558,-0.7459515390633961,-0.4786765641624755
10187,0.11284400911522889,1.868253016814375,-0.9507659009645052,0.487528569697476
54787,0.7132994124903047,1.765368401087305,0.2866673540741956,0.25560799542563983
58947,-0.5072531876505312,1.632663109980117,-0.6383042900323798,0.09077425056467063
31507,1.2975937210553876,-1.3455335226557015,-0.5400713399880357,-0.25589455812387896
22667,-0.736773688699228,-0.5819603837655576,0.6231254087584507,-1.2103855690692122
67267,-0.939687705592489,-0.8154505540347072,-0.33687606832157596,-0.14561171564652706
30987,0.953815864304299,1.0271362544927114,-0.6825765947486064,-2.039333133418863
35147,-0.145036962267914,1.3322407366525972,0.7789385036070593,1.1134364404068886
39707,-0.09299976091808325,0.054683882889602464,1.047851175412992,1.69104071922624
69987,1.3807307802186153,-1.2236139548815885,-0.8774123979324777,0.09257390149290042
3027,-0.2948305037212756,1.1789711664224145,-0.8923839172221267,0.011206562116043199
7187,0.08970694236026103,1.5239010950126515,-1.4068199487482986,0.2631187361751725
51787,-0.4623586198001565,-0.27512840873467187,-0.6430385189690679,0.3744522299648493
27427,0.2618924935060948,1.102223167283506,-1.287382724914947,-1.025952276787081
19667,-0.37114282926432113,-0.469767075115812,0.04874082653100026,-0.3732029697854873
64267,0.020430118790826755,-0.1852911132182288,-0.7886364894476385,2.5225785572189827
27987,0.14751417424593055,0.5846113076528378,-0.7729532613146259,-0.9315830008829394
15147,0.06652461223484218,0.966642703611827,-1.1726661253682087,-0.0817554189295107
32147,-1.257559359880475,0.6174361060411092,0.051001773319725975,-1.3621126820445666
46187,0.25366409115362787,-0.5093980858145584,1.7449669359573319,-0.7634102311967846
76747,-1.9580989440249796,-0.23727416805223095,-1.0361131586140688,-1.5899496821504748
64627,-0.855374108185834,-0.2595601628778887,0.3213750024126475,2.4864987620611014
49707,0.8740851692117764,-0.702595068384314,0.5492359715466872,0.20409894931306008
36667,0.5012747412818166,-1.2359195986785716,0.23888895148094055,1.901124513143103
54347,-0.7381630482163863,-0.585903651323019,0.7722743200504569,-0.3519157540482828
23347,0.07956965147852213,-1.4021383182874556,-0.5309441888428938,0.12551787153077162
8347,-1.1133220162420385,0.6775024976886663,0.7777166284535142,0.3646669302793396
52947,1.479862088292078,0.4232732060296062,-1.930715847267733,-0.6138755710937128
57107,-0.273787251342443,0.5272008129772437,-1.1878519859861094,-0.8548148585423728
20827,-0.9462805860778926,-0.2727394787582929,1.1608177802533226,-0.7506411755150837
72507,-1.8062020907915666,0.9263368015244973,2.024469380794139,0.6511488008925741
24987,-0.2845650679778203,-1.1421502526058152,-0.5176850401766097,0.6509912531584232
68787,0.49551862897004767,-1.73953731022416,0.3179669530433505,0.14526358338654882
69587,-2.551004736032035,-0.19961243788418007,0.1037312885165596,-1.6953746346197325
73747,0.1669371430177123,-1.5188432128685347,-0.5136813308291758,0.1253009232071439
53387,-0.4860519475594349,0.2804027915437113,0.1461853649440446,-0.8904893735020025
41627,0.7821737650293714,0.7949225806360141,-0.5355999687140188,0.4078289354567839
1187,-0.9721315330684512,1.1244433363127135,0.6106680597380533,-0.20476671122376028
68427,-1.3311074522498292,0.6445250234195752,1.2005091370358938,0.501106981837876
17827,-0.08113424488297348,0.7823607117732692,0.6721684332358446,0.2501416161742718
62427,0.426852866903907,-0.18863015986286855,-0.38123240547088105,-0.2977222089365763
70747,0.5063325249838972,-0.31356824012238566,-0.7730624885345475,-0.36825202392730955
6627,-0.18866129779293972,0.0936544440765885,1.1842414967473585,-0.245947277833976
34467,-0.6625728227138579,0.09079837545462971,0.9793078679435837,1.8027015245582838
45387,-0.3814365684962124,0.24276198701684026,0.07848741193306581,-1.2548743581233162
2347,0.009563148600990223,-0.6331395814643773,-0.14747237072221567,-0.5244913538687774
43867,-0.4951391915829368,0.4600902077698259,-1.538341655401198,0.9553799166633026
55267,2.776181265094838,-1.5289650433116906,-1.503678438672466,-0.7159496312183018
18987,-1.4687984712285758,0.1412358685572129,-1.2327281374214738,-0.7078954327930835
63587,1.4229055783523061,-0.8377044461448498,0.49392871520075177,1.4121441466030622
62827,-1.0469016852146644,-0.5974678024914423,-0.2258629923746615,-2.0374840811544837
71907,1.8809969933824686,1.4721469726888177,0.8303875726026907,0.49819697645999045
76067,0.3321285697016284,-1.8365412577445477,-0.9523264842801804,0.14695960740346817
30107,0.04348247162101585,-0.5742802161634438,-0.10590183773735538,0.5956645258990461
39787,-1.949390283452089,0.46944338441573047,-0.01281508514530019,0.4954476299777616
48107,0.5584819685089096,0.14553592736256046,0.6603260248583611,-0.748439660802548
2147,0.4710228128713409,0.7555873217851103,-0.9316392739115195,-0.27890641207771955
10387,-0.5766872017025884,0.6684979710764742,-1.9210322968182627,-0.8490123103469108
20147,0.26970942838428,-0.20644181794625766,1.3316764331611615,0.34341977799232964
39027,0.14085656718605427,-2.0011068442111,1.5957026624366952,0.7700526885209259
24307,-0.23432313779686492,-1.5082802315955517,-0.6194566808509135,0.7878823790478662
57467,0.6576288648265788,0.422885134328617,0.8114455186189651,0.6734898962357471
28467,-0.03984810077177383,-0.025385737269599126,-0.3168314638946848,-0.13170617251260416
25467,0.862776670459831,1.7477026469046333,0.5346661775148016,-0.4052716747317312
507,-0.05985159705143607,-0.7611644026235262,0.039633172582312,1.0411798909267957
54027,1.5313633405784643,0.5655806672624125,-2.6151578985634636,-0.2044267218706326
45107,-0.041987043685811215,1.4373927495977539,-0.6118012594713382,2.001475307239233
24747,-1.1974382344390135,0.2000452542653575,1.307421863544783,-1.0571879745830106
64387,-0.982392991174712,-0.2940101058275361,0.021977630597058706,-1.4068768461233325
61627,0.5481445384281064,0.4798772433959133,1.9234451493285596,2.351943098629581
21307,-1.7234767041618924,0.6060297400582692,0.5868300350164821,0.4818418670859173
62347,0.06191483250634424,0.6378756507282205,-1.3412137979168255,0.693532263918323
50067,-0.08984477797193895,-0.3306488955638567,-0.08952631421920422,0.09892328667717709
42587,-0.4805408397888719,0.49225685956146376,1.8094025916810916,-0.5275793941785254
46267,0.40853566142007075,-0.35211828543732027,-0.2242695746602806,0.5967778623593349
50427,0.31248515582003605,-0.09477558410213818,0.12124607356608473,2.7687968874033007
54587,0.6500994712066578,0.7991096810103178,-1.8881033458473278,0.838510748411576
58267,-0.6226328369573628,-0.8500809106281986,-1.568898494295914,-0.5190392415778018
18307,0.09471522408051834,0.8166280558471184,-0.06086460608647656,0.054311716145062604
56267,-0.4222494165014206,2.106845334869822,1.4373458990138097,1.0402803068876576
22467,0.2809079869606059,-0.553293344476956,-1.3030106806157467,-1.6742420525231279
26627,0.9078192903831661,0.8548233682207105,-0.6753997740352055,0.3491727242595001
30787,-0.8078884532442472,0.07774050484718174,-0.5708161464805502,-1.3318609012762035
69787,-0.691006601938651,0.9115536049607366,-0.9971198866416267,-0.27168312694714764
39107,-0.004453674311312572,0.34098144434802913,-0.1393059502047414,-0.022411233172822235
2827,-1.0736807939708268,-1.5545674430905967,-0.8671470644874336,0.014123227136897376
6987,0.6212313595828629,0.2914787287512318,1.148341273589927,-1.7553871820923597
43947,-2.6798147345593084,0.1847797404644223,0.40637895662112156,0.20446550931891275
51587,-0.6032807052805093,-0.3474355144340649,-0.6431455344318657,2.3220823930741594
15307,0.2158457261126644,0.04067544539364352,1.3061723075897003,-0.6410439450174363
74107,1.0369715115003355,-0.11606544946520177,0.7266264111643274,-0.1613790490841332
23627,-1.4489216129950029,-0.18675849073223444,2.109828171058129,0.7827955802279469
53747,-0.6731021405169694,-1.5717983085269691,0.09214842873272694,-0.9935092642602483
68227,0.09912772391364794,-0.04462095491771772,-0.43959004874035423,0.48694058347797115
72387,0.2909315214806941,1.1262709341620911,-0.1415117278346355,2.4891948903753764
30707,0.4165313090179654,0.19704389973962616,-1.78928693790257,1.861220493141739
36107,0.4064813117429277,-0.5812335502645688,0.5423341869304255,-0.08815696486484569
40267,0.5474400022634374,-0.5548706526048891,-0.5686864017043248,0.581111419385905
19387,1.0124297165892249,0.4378712937646537,1.9123556288382852,0.46861062896068373
36627,0.9328369673761888,-0.6521144198270217,-0.4557389686169336,-0.33153952938439324
13427,-1.7420206178674034,-0.5735854751502737,-0.3616369078661754,1.0550899579451962
8147,0.10834599549588525,-1.0518329964040838,-0.5194146907017777,1.1047887892477446
52747,0.7147014413757335,-0.5325550036551451,-1.7828003468843554,-2.7509669450453496
12147,0.7928446036484378,1.8890662412022736,1.4557864448289484,1.3437352072297672
56907,-0.43722274858026766,-0.7755462512310085,-0.6467990605005323,-0.26923308050464434
68547,-1.0335295281657682,0.149293048315842,-1.4503414577443552,-0.7257844597329631
20627,0.17409400347385942,-0.32869446137596087,-0.7070873816288642,-0.455822452231688
69387,0.8220130291866754,0.9480070450519545,1.0959017811744214,-0.7439348499263295
73547,0.32935781171370576,-0.014479854427566042,-0.8200742065089269,-0.6799783429467002
66507,-0.18503411308520637,-3.233681807649217,-2.4992829248497235,1.830695917702241
37267,-0.7220207556657956,1.4147817095081208,0.9276593657570572,-0.28012783094160726
12827,0.14337459338571495,1.6512866976178697,-0.6549956527672182,1.7015905890865957
41427,0.24481222753878545,-1.0858932190272979,0.8150135661820315,-1.3529053453824227
9307,-0.5031156781257539,1.6423462814638319,-2.2390965371453597,-0.03666024406906189
57507,0.2273057290333976,-2.0891713680114194,1.1634732577972342,-1.1625289335704956
54467,1.1473323682734529,-1.1942349495606235,-1.294497654980606,-0.4854929316680415
72907,-1.5155484041338336,1.347920910954314,-0.29736451686063753,0.30378931955742927
21787,1.1286595445821768,-1.0933976970559598,-1.9170239369218645,-2.024253333741818
987,1.271956583901451,-0.23695475611453837,-0.5061608923848112,0.08027195190499187
70547,1.127005086395867,-1.6056676493580524,-1.3250759485813914,0.8259964524194101
74707,0.029878556597516107,-1.0289184384027854,0.5290837190612475,-0.18789340053661968
38427,0.19426397079021784,-1.9325183396183716,1.2186790267475216,-0.19282693915967306
58627,-0.7831465508514202,0.9827303059686712,-0.830995207650039,0.9336877279564203
61947,-0.15775265488882084,0.15547645514453312,-1.1862414623195625,-0.8896146679665659
53867,-2.384830569299558,0.8960921374695217,-0.5413441042135253,-0.16020279204543877
6307,0.0029957409391076183,-0.10975729030705883,-0.6996930114502335,2.3684472309558906
50907,0.20450548273714006,-0.3373139227018788,-1.5624447593576063,1.7336002869279052
14627,0.35987156379055135,-1.620029197402755,1.0825370936266794,0.40138936776054485
37867,-0.11779360222175052,0.6079940832324224,0.5059362957766628,0.495721500311458
22947,0.6078412704452855,-1.4898910404332095,-0.4081523662369015,0.3732085399557755
67547,-0.9732860493246644,-0.5788655076393082,-0.1625010575930271,0.9001732558290403
27107,0.1942326574155552,-1.2867643419307224,0.1317571387448129,-0.5960151436368198
31267,-0.6454736888419647,0.766174852671253,0.532896414679457,0.6491317588098614
75867,1.1480805445702467,0.4981031860273243,0.5444423906777225,1.0337448022924876
66387,0.7831191566817836,0.35474880324216407,-1.9052846232269631,1.4035234991286678
30067,-0.7686775358706672,-1.774859507305863,-0.2551895933502262,0.825542907120551
3307,0.36077818731533823,1.351572277129652,-2.0656219688773008,1.707256059621023
76227,1.7858264320795172,0.5758380777272946,-1.0438755645576063,-1.0866844560001698
7467,-0.9073615599102574,0.4254868041711644,0.6506620382825796,0.10599945712451322
33787,-0.41022628415995627,0.977869219008636,-1.238698914288272,-0.007908459992054351
56227,-0.43862462160047994,-1.4052790731528957,0.74962559247906,-0.7611196964857349
19947,-1.766231135109312,-0.20247877520897267,-1.4247616461212393,1.210937289424521
64547,-0.04278433401520672,-1.0583018653397893,-0.535108616217483,0.3022881860266571
71467,0.08108637553883231,-0.3681877863474306,0.5465638675124947,1.6131148125165762
1027,-0.3357743289588212,0.07369841938726107,-1.447112847637744,-0.9040659864546181
43627,1.9471241442951122,-1.2248402110171486,0.14968345229536514,-2.5888737301323275
72867,0.18069767875808526,-0.9800211877477356,0.5619219393511565,0.45716442578383454
6267,-0.33853806420300564,0.7026794081483492,0.11192217842287674,-0.06419288570894449
77027,0.6534286014885206,0.2876878840324793,-0.2562773949060487,0.7757303725118802
70667,-1.5082216688442158,-0.12810148267885096,0.7480296907955832,-1.6044428593008913
66347,1.0459098869672805,-0.16461183897356563,2.2333154459884534,-0.7548277248628866
16947,0.0009366278137305714,-0.6165690344861313,-2.1606990066656406,-0.3295264581972046
68627,-0.27378014146576723,-0.08710078342369834,0.09722521923624482,0.6044512858652822
65707,0.8143283697348082,-0.16665747723745158,-0.23969040800977617,-1.221110392609678
69867,-0.6774322744356213,-1.566434426785409,-1.118411611890705,-1.518673644231202
33587,0.8919498206700119,0.4386704018594669,-0.8015913035214367,-1.0726027573284949
52067,0.7236371560241012,-1.4318887274610992,-1.467103043744027,-0.15274438437914112
46107,-1.121270249703508,2.135554928514657,1.3987885982888797,-0.8478126121601597
70507,-2.1828452094036033,-0.3730584617418189,-2.2617284740393444,-0.39556834771398747
41907,0.15798166106750067,-1.893710940258478,-0.9742728799479213,0.40074815633158933
46067,-0.3485386977568243,0.1452873728679548,-0.37710054850216734,-0.3967130653056535
9787,-1.9967104395807556,0.5098431776271416,-0.516902403231592,-0.1736350146277376
14587,-0.3742700515133883,-0.037532267504498,-0.77537700740238,0.3750581914854316
44067,0.8013930426007609,-0.29618608081387465,1.0332052980542723,-0.6872218127430513
62707,-0.1432542569605107,-0.3174377859458625,-0.7264071652901691,-0.11855277620249825
9827,-0.4304566246819131,-2.009474970772243,-0.6176678676099411,2.8694331968282643
52267,1.9530155503069317,-2.2611642910033636,0.342688918671962,-3.1686413420325605
75187,-0.5949668361779228,0.6173763926261921,1.1122428868393845,0.710147234835101
65147,0.5717788878459111,-0.45246873157953094,0.5338758947376463,0.08419214570236068
2627,2.612824809685222,0.407983277214466,1.3598661464087758,0.9329774352137717
39987,-2.0455284445803503,-0.815224826961845,0.6372767358729412,-0.17206630450495777
60387,-0.6306031371723508,0.8791454959836651,-1.530596957723268,1.0564378695766286
19267,0.6220162453704008,0.26414275640490603,-0.8253125478988249,0.20474507574074377
17467,-1.117527537943728,0.49060826745885683,0.3696521322847515,-1.9085413554944464
4467,-0.4550372932163194,-1.604423164647352,0.13057083910684655,-0.7914467418425893
68027,0.395351314304391,-0.7178613713059,1.0079509066050674,-0.7142440736261156
22907,0.29279389723820415,-0.7923567229660643,0.5010710488434723,1.1123376390186805
72187,-1.0285477591659977,-2.44870877162635,0.31384650217933424,0.05878409728858443
76347,1.747110513502401,0.6567744989332086,0.5162961776322054,2.6018214097675125
42507,0.5372623845122592,-1.8145260563575087,-1.5733695481564718,0.8711951994544502
40067,1.5064884949678627,1.690883925122536,2.7533296122550377,2.625861133228097
3787,-0.5686548832934913,-0.6600314993364196,-0.0460173831042579,-0.4710782025311973
48387,-1.4937090162718978,1.3146396465354055,0.8812795730724651,0.5562121438008785
64587,-2.7055361257359936,-0.6287269177958729,-0.8719422012801621,0.2754585221992673
56707,-0.12132232838009194,-1.0053585749394114,0.6180621695600088,-1.0869055594416681
24587,-0.26499306822011753,-1.0171792233187236,0.7732021647653299,-1.2253085429041022
69187,-0.1998384292228381,0.21948390432928203,-1.7399717503313352,-0.52743682707422
52307,0.2247393717737625,0.365353432535816,-0.8157273698064609,0.44300275845849413
15187,0.327391334325533,0.5983449816878318,-0.6992211595012586,-2.0908599023913004
41227,0.2649256515076451,0.48957892997205715,1.4266768942574535,-0.5497539796514787
43027,-0.12481869474876837,2.87009976792263,1.0942068562399083,0.3462315213158486
4947,-0.5822002571822237,-0.14898976365353725,-0.5769536568157211,-0.8643438616862246
50267,1.6056290323557314,1.7121105127148308,0.706305741522324,-0.4816056123615816
9107,-2.0586635421426682,0.45404495562435676,-0.5890197068107226,0.4518604623110942
53707,0.2987108942441452,-0.6344499565971529,1.9228482791012853,-0.3391653880506956
17427,0.44535360388410417,1.5243093696354864,-0.4490923090004707,-1.5809417447445828
26467,0.2348773054804038,0.8475926997524811,-0.8636677537427733,1.159865318936941
21587,0.018858964585901115,0.8935059241632586,0.4995305699631093,-0.4057837010013006
20667,0.1096176314295503,0.1341346547729783,0.7555484058132343,-1.2530567335946896
66187,0.9165132474150455,1.896915505117446,0.6831906790016351,-1.8106031412721784
29907,-0.10658671593336706,0.05022275628463046,-0.2753142257623749,-1.0156555034153978
34067,0.4352583548125963,0.14025761358484923,0.09908005201169953,0.030296249292413136
38227,0.8788770515266585,-1.2691603686099204,0.1124518069017374,-0.9802723539359206
25707,-0.7943422377210089,-0.3848592068452849,-0.21990274169625693,-1.491534134917966
42387,0.14724456112131518,0.7339485638211083,-0.5840297520424744,0.9045917661240996
7427,0.42617184468954644,-1.810309504333475,1.0057357334570352,0.5856018063579715
2667,0.9877977352834446,0.6427415379573267,0.223337072245621,-0.30441766886478394
33907,0.5197563109866865,-0.5834774443981372,0.8897651814189722,0.1165628214113128
21107,1.1518370598090246,2.0841730024700262,1.0422296667189321,-0.6106807090371507
39547,-0.7411878691130218,1.1222152136456183,-0.9513082847097385,1.8444135682942835
71507,-0.9599598657429722,0.007694020217496414,1.1648441474040432,0.5256939519230222
52347,-0.7420237530532044,1.402650240739063,0.4563195177418396,-0.5133850602513931
75667,1.264725504526186,0.032167619482916646,0.19250374621088245,-0.40419618876101304
71667,-0.2858975822796323,-1.7006664054186762,0.0944858282570558,-0.2627294700899831
25267,-0.5566041008613919,0.23056787116915325,-1.4702553094655504,-2.1640818408259586
9347,1.8376964187771037,-0.5510319982054382,0.950441391365038,-0.7812963386153428
51867,0.5419042845731724,-0.8699204370057203,-0.056417583600851196,-1.236136902341345
42787,0.8396013296698184,-0.12599528138982338,0.5123947467447035,2.059806534620424
15587,-1.2390038671193937,0.2594605344057351,0.31781230744948585,-0.8986661353747036
60187,-2.24236927781455,1.4292012846732585,-2.3266156752692595,0.08227321700481754
64347,0.681517430339521,-0.10151760792530463,1.297185471705065,-0.16842666416185012
17547,-0.8452614082014414,-0.6300335345890111,0.2905075015959576,0.15429908610715665
28067,1.0807356464612472,0.17034871892927836,0.6386104372468723,1.151070943300646
57387,0.2515723119474219,2.888810322828867,-1.24270799469628,0.7195405025068586
32227,-1.4970779644208434,-1.9769373598832716,1.405431915895657,0.46854921136145944
76827,-1.5390567183270127,-0.7521465154523065,0.06913260506646794,-0.5690243229512085
36387,0.505777467355106,-0.7274128350580826,-1.2550171833896515,0.28323714372277375
65867,2.2871841033243068,1.4628218019976995,-1.1184911659111472,-1.2693807735288833
56467,-1.3019682734270412,-1.0894782979907556,0.6488572865342482,-0.26410426565740464
44707,0.864552900873194,-0.6087380470622826,-0.7407836779195908,-0.0986807105979644
48867,1.0518527149398953,-0.4530511642258335,-0.7545556863037236,-0.41263865586688897
53027,0.3486980271611948,1.1173082246744486,0.4278165943973519,0.15749114092966865
43107,0.053294523580443655,0.3796983842600366,-0.749545354822473,0.1445263733292217
13467,0.9503409729440738,-1.4628277350773873,1.5315884860770344,1.8597552318789043
20907,-2.1757116303890345,-0.4925938592661311,0.49991023792392864,0.47074328511126073
19827,-0.11330017370556592,-0.023042081055444228,0.363537624931928,-0.9275664672065778
25067,1.0421573525705026,1.4273157940931283,0.8487200820420941,-0.7910177311071804
69667,-1.3009782908055214,-0.21415649535714354,0.02823070675058512,0.5928925102625571
62627,-1.774505280286281,0.6669441454251176,-0.5638998609580714,-0.48907608139138964
37547,0.681260461543541,1.331367274923051,1.3487050363975928,0.3641092804508934
47267,-1.074302762181547,-1.0824213177940696,0.6900197261506394,-0.3338329274551823
5427,0.5286024343749293,-1.1490729812776377,-0.6270387978807913,0.9854931513390042
19307,-1.2504626725046546,0.7466556754792044,0.24900022039299824,0.2003582257349197
60587,1.513103393078919,-1.8857964277900623,-0.5117254988077162,-1.3077369616745087
56187,0.10462762745792722,0.3187399592885893,-0.4142153243872426,1.9208757334593785
58347,0.521479204830496,-2.0173568416572016,1.2513217506370053,0.19420577408372877
62507,-0.053154435345665434,-1.1629950932411053,0.1808944213615639,-0.5884766236120698
17267,-1.5244246927273666,-0.43764261444497526,-0.05165478141231061,-1.9964729658365514
30387,-0.7322891813828529,-0.3632010981108613,-0.8575685071225266,0.328402353212917
46667,0.9809963661110446,0.5582314898453691,1.4344102169983348,1.1792930073329602
38707,-0.7070478159410322,-0.5965576533548311,-1.3061990463913544,1.6220899865344134
42867,2.062153450237929,-0.5086966117296239,-0.9248413535908735,0.13507748121403573
6587,-0.7172669669682242,-0.6323632478858755,0.04279184078877592,0.11763740099322385
10747,-0.26257805438342896,-1.730858069946106,-0.6520749743734205,-0.5747241958099492
55347,-2.593886915764133,0.5368257241410712,-2.2785859342950214,-0.891608347790252
44227,-1.1623770436883492,-1.046511976844993,-0.4223681100518974,0.11258846251565927
23227,-0.20306375750945901,-1.5575498514204742,0.6416474651170171,-1.4807139366997966
74027,0.762986774811259,-0.37739344849235157,-0.10380448766913068,-0.8162289974277728
27387,0.9348468638891922,0.16851810264247483,-0.3213311845442033,1.359293969373148
71987,-0.2882172290405438,-2.9424274821583345,-0.42325462245950707,-0.12007934118278184
35707,0.7350685573138425,1.3068600133442203,-0.5275854922248061,1.9956117767698685
39867,0.2989107669221694,-1.603820035666576,0.2897021572466958,-0.697337711573432
3587,-1.7558709835382031,1.0252957069633664,-0.20051752645782203,1.2315059297980455
7747,-0.8633492466252337,-1.2806628887514382,-0.04920892032129141,2.048214654937274
60627,-0.5630694612349025,-0.9070710484932762,-0.010351915588863557,-0.03964075293563599
11907,-0.2942192692319446,0.5274845887084181,-1.2232583683385867,1.2413350458891543
16067,0.822239284429815,-0.6374575716329269,-4.6557981617869476e-05,-0.1843940812141838
60667,-0.2952441079068539,-1.2280760152354548,-0.14771725187252938,-0.36216719585485424
28267,0.5866770288081844,1.5054864641283576,-1.5815393541128389,1.1158593500256255
64827,0.32061985381409547,0.2065041755444315,1.5452901652654116,-1.4452890570375692
24387,0.2656367164149789,-1.4527547033718595,-0.929741168040911,0.27835009164448643
17627,-0.6181334753514012,-0.876130003389785,0.6397174628369838,-0.8046106805568451
73147,-0.0014241465979032211,0.6345389112570782,-0.5089979953601488,-1.9471878850551785
65267,0.1295415526694848,-0.9997491199410095,0.44459838717416345,1.6642255130682424
587,-0.7792286613025793,-0.6618803818044585,-1.7014875674271777,1.0118867526820972
10107,-0.6911681022215066,0.7358800812123352,0.04973828418863589,0.42712174122881386
54387,-0.6297740985054427,0.6335520544527858,0.6564585661784886,1.6123683178170773
49347,-1.3510177617222234,0.29764193182029886,-0.08726414794310802,0.49339763726956726
72827,0.8274018239631236,-0.7604067074690342,-0.2908973239146952,0.6084119936610007
13067,-0.12328964210152146,1.5454322971630694,2.2049694334123555,0.5864754416803017
57667,0.8685351354839409,-0.6231408319838305,0.6730219612665564,0.9238142461945679
64747,-0.2775734944329374,-0.02311195717705337,0.2786850253175722,-0.25108495416961046
25547,-0.5996952182207952,0.7764561133578615,0.8412790311925464,1.2542266342969588
28027,0.9446371378382774,0.5046102005244149,0.9832501188654306,0.22372952089453652
16907,-0.7714659205097547,-0.17468058493740216,1.2712366012868184,0.7964847001708226
74307,0.7078716374157045,0.02279528315292202,1.0777800532102897,0.6541335140733856
4307,-0.13017181352140272,0.9170628281480016,0.4897790505073254,-0.37202304597157587
38027,-3.0528540151270427,1.3434165452177746,-0.8748658808986313,1.166727062581981
30587,-1.1079029752876095,-0.3820909082104334,0.27382643255258265,0.9424453985663014
42187,-0.9460650101484805,-0.5081824696706186,0.4029208277162099,0.9583730463669187
5907,0.769693681298598,1.1088388235022106,0.5436299716463856,0.3878024736473692
10067,0.9808924372127946,0.6772475688240727,0.06309597011356259,0.8373772410791817
40187,0.06789363852153124,-1.122915519126896,0.07589763794195462,-0.0017296575846650212
62987,0.9030983568743908,-0.17257597952089726,0.00432200603741793,-0.37898736475978234
67147,-0.6678432123386109,2.92319845611425,-1.0535700026793922,-0.7336953563563543
17667,1.266139063666426,-1.3406787103449316,-0.28551747549794243,0.256716311611368
75467,0.8577435090082102,-0.43756889898396656,-0.10814905873588578,0.0498978810245762
39187,-0.6834248858498236,0.6325966818689558,0.03014402868386525,0.746354505697361
53187,-1.1483878022486091,0.23316587189638893,-0.9734557476782592,0.5800375054812406
15627,-1.326405451513325,-0.5630815580942339,-0.34275924345006736,0.16570690648924394
47507,-0.10412584107560219,-0.9717015904433095,0.6752346869969972,-0.3660566571028323
11227,-1.2301713236180454,-0.027358554694584522,0.3842366490898686,1.2604048022799388
15387,1.443700895257802,0.34714364927905655,-1.7040092474110873,1.9436868545031347
38907,-0.5977925368494488,1.036950873060343,0.2582672131451868,-2.472370032100297
59987,-0.5472572963725469,-0.20260222550630907,-0.5107099360208496,-1.3431674421736903
74627,0.6573467338817202,2.0165138166353462,-0.3004412854430602,-0.24111258816889827
64147,2.1870413231470662,0.44837900948563814,-0.10987246284149292,-0.1725176013859292
68307,-0.6398395680215108,0.4541140404966361,-0.8504411373161418,-0.715225347268982
72467,0.10902757517793087,-1.4317532134681066,-1.4225990141481548,0.6830973544807757
34147,-0.09795939865636077,0.5783332879703016,1.399460438635277,0.002465574361469118
36187,1.177974433005234,-0.25150173655730756,1.2547636650415457,-0.4667862777612028
11547,-0.006580091720453027,1.0004858980841176,1.046628088115657,-0.9417580484145726
44507,1.183500566591072,-0.7049498864408991,-1.2517094076155642,-0.04696626884259871
4067,-0.2611014874860852,-0.4048380039224125,-1.040209416358069,-1.4265305208063084
19867,-0.5659246507766234,-0.5964053361508292,1.1845856823342231,1.205618162727068
52827,-1.4176200231532792,0.5858635067113496,0.7187523828681721,-0.6238585895430808
70947,-0.27908334617608305,0.1639582083033074,-0.9711812520226453,-1.4050088098590294
56987,0.23917494364116823,-0.27356992755116627,-0.3100910716156668,-2.0672651924575662
20707,-0.8433187273149332,0.6158620624748747,-1.1398940404554294,-0.6827500051977434
24867,-0.5395559174645015,-0.577755192612949,1.0049827547261259,1.1653926826138292
29027,-1.719279432788882,-0.6162576119649673,-0.2829425556917067,-0.5640487672216572
73627,-0.15921683872045936,0.7544176593600844,0.46832752796597354,1.1133569506003014
47227,-1.1149267209267273,0.05492608031643078,-0.12068803506034255,-1.04018787268216
37347,-1.385162296258726,-1.0708873865964939,0.3913435473412969,0.8167244712688181
41507,1.2146031681524505,0.5136842633925055,-1.492046480361795,2.344260589431424
46387,0.13948058706055122,0.06269206079394936,0.4922355399657421,-1.4219273355264475
49827,1.1246716526307223,0.25061892788050344,1.0810868436862457,0.7978490713455894
13547,-1.0891681065524284,-1.0156296078730527,-2.1867915510429534,0.11644647519588218
17707,-0.48445707441699315,-0.23165182793503664,0.12545991469220028,-0.7737150599529391
62307,1.5365584070583576,-0.7557824209525864,-0.8019052102997877,-0.2866815619197365
28187,-0.7366849542360645,0.12157693002818194,0.8713132704995961,-0.055119111463873056
66467,0.366743445373102,-1.4031331166109864,0.5514702057406113,0.9288961904230477
30187,0.8112456420474918,-1.1513028603784528,-0.8902445375621137,-0.6544962987987889
74787,-1.8750436754052542,0.8917600757675495,-0.5650638148686679,0.024725171384219435
21827,-0.7219135142014668,0.8760522098449206,1.2694094427476745,0.5446301581316874
42667,-0.8812746921451453,0.6830313845324677,0.03837076817752174,-0.10871982556067791
43267,-0.04034670038338162,-1.3071387821613698,-1.4398967556805196,-1.032079476301764
46827,-1.0460136133606146,0.9868085346358134,1.6882744917444772,-0.932235124934604
10547,-1.4386683843909212,0.6675408206326767,1.77906496202873,1.890739707676471
9147,-0.7807232178180826,-0.4296219160861753,-0.23531621425522037,-1.7247367319739577
19787,0.7064784756514432,0.23185580806255995,-0.6661080434176713,0.5543018509609327
18867,-0.7489804915336952,1.8234547024942305,0.9206044315784778,-0.9953978062520329
27587,-0.33860567340019376,0.5339167647496351,0.522448918288147,-0.23182399858325553
227,0.8042332385504564,0.04520974208704867,-0.041090465754164716,0.3564589915112206
75947,2.2391724866188034,-0.3343410645360392,-0.018686906630078468,-0.14106930731623418
41267,0.1750909921853042,0.8412594945171642,-1.8511342842875724,0.023499468825590154
43827,-0.7016027367150287,-0.4889419119513844,0.43831517519556645,1.2343422850677839
47987,0.4009410293640368,0.04804058154101335,-0.11927557482406585,0.8818124080506016
52147,-0.27230882275580515,-0.3424181610764983,0.934994000566671,0.002904131725420886
15867,0.14688124539278022,0.7879868609501338,1.2289533922708713,0.15850046994700479
62587,-0.8001002352981084,-0.3930076578620339,1.3808747657744767,-0.4529121960015546
54627,-0.3358956656973364,-0.5154023226578474,0.35104266642754395,-1.1130330628886789
45427,-1.4135632948373222,0.03283010739105132,1.5219701405355268,0.9011919646956869
28347,0.4336128569159796,0.030778277413470577,-0.20001760755755,0.15916511261152305
63867,1.2271439876262669,0.9491654207319455,0.6452554254990487,-0.1056681884843747
72947,-0.34526310575677965,0.7776014115962018,1.1790613444949818,0.2443063825640527
77107,0.5599109019581721,0.227561798185661,0.3884102231900415,-0.9621253859097447
52587,0.4027793568152001,3.003927969427122,-0.06697237754940848,-1.8006032978788282
387,-0.07821969271053283,-0.28826725310021395,0.04961764015968153,0.028833218548566658
49147,-1.2439379028201278,-1.2972956303343515,0.7142111929438273,0.008495483240965001
8707,-0.40746039504518594,-1.2306720400825022,0.45116907208909196,1.0553114147316083
53307,1.0748313976667128,-0.647560309287445,-0.9896693823526928,-0.7217513705406646
12867,0.35606447801711244,-0.43253680395877164,-1.8194686582446602,0.7064753555682048
65427,-1.7339402813657363,-1.4101742194728761,0.7504275224726306,-1.9651945679183993
21627,1.40492779532216,-2.123171379286148,-1.045133345895842,0.007858441907465465
21187,-0.30246948277649643,0.4540230959126062,-0.674989825187031,-1.3454256159694222
69947,1.0569169560586396,-0.8188331734732484,1.4225040200638346,0.8472138594846859
58747,-0.817991434594584,0.13040248984492364,0.21116796722409206,-0.6414318749663523
58507,-1.4266960089017675,-0.059889085667236684,-2.127878147619876,-1.1180162929074875
41987,-0.21130130231150349,-1.3352579162262554,-0.44743297291395157,-0.27760420180638673
5707,0.5348031184733246,-1.7884919025993355,0.6311559101724539,0.1740902743690739
25987,-1.5369517801896129,-1.2552588772522397,1.3716828026335024,0.2359141528509824
9867,0.4796096226016846,-0.7187334219202993,0.35046536992798016,-0.7782495782948183
14027,-0.38873848792956345,1.0029162618029785,-1.5448913086041656,-1.2749302923529415
18187,-1.625659850515907,-1.2278677524118886,0.4929506131856776,1.5303562651664528
67427,-2.1190811108617695,1.1870093664559398,-1.0920688318407148,-1.0632241367594026
22347,2.503637743009958,1.2610233164015374,0.2320023899276783,-2.2234295595776565
54667,-0.5205230829442441,-1.049531994955281,0.855830574597931,-1.2016671483311845
66947,-0.46697596755868864,-0.05845510701215071,-0.8326492696628145,0.39457101967584235
71107,1.620387520532885,0.5846932849141587,-0.45566407556330196,-0.7877482029509497
75267,0.9161009617069198,-0.6917036738079135,0.5040103839416865,-2.0738223129666733
38987,-0.559207653378656,-0.3646567576237621,-0.5090401888822705,0.21638866993826197
21907,0.5682730392897641,-1.2874909020670826,-0.36724498481587653,2.30107742262884
43147,0.11374149251879023,-1.5589450930684041,-0.8711283291755664,1.7876907304615213
51467,0.41518509506494433,-1.1319962903589846,-1.3215725317760665,-0.5657349221016418
55627,-1.0823241472671385,-0.8921148832668759,-1.5922922154945969,2.3897162515396735
40347,0.5563857877751308,0.29778532582039613,-0.7373691206862025,-0.6380650870801078
59787,-0.20286533796346418,-0.4575894013134681,0.05832875810028862,0.7776884427657553
63947,0.16728784562525273,-0.2542903824142002,-0.25207159482482455,1.6327251657846023
31587,-0.33877208802424474,-0.10018824335405471,-0.6583637999248719,-0.9852896814215542
27667,0.23537647452257304,0.6296468153303915,-1.892660886593023,0.6562577776763352
72267,-0.036820964109520245,-0.07192837527897025,0.2729371789476383,-0.7646232304994296
53147,0.4922342131904485,0.26891626292078397,0.6619840731368496,-0.506287514422661
40147,-1.1673278826828333,1.4434550845885405,-0.7825230786614343,-2.4715422256883466
44307,-0.3869814875638608,-0.3337426528319446,0.2871531611844121,-1.358683918220244
1387,0.03235902631557246,-1.0881131022948933,1.8434513535591552,-0.5537680926361801
48467,0.3685569146220485,1.0464405331580258,-1.2247945930447743,-0.989189768688027
5547,0.11096088661171441,-1.4766768904204917,-1.1754861331376423,0.1829774674508905
12187,-0.5108561654526761,-0.1253079615802546,-1.9369887628827744,0.5530590977692108
38267,1.1526133287651688,0.15261516036962108,0.4936928289119757,-0.2319986229363541
20507,0.12840121534421983,0.3627972556698658,-0.27050609873980047,0.16293276024216446
24667,1.334649254926652,-0.7471803901410912,0.542320238140864,-0.7795429178281081
57587,0.6223905517048852,-0.8150846958542454,-1.4024937268508542,-0.6178151296082701
69267,0.2791492608456986,-2.157216107485799,-0.9829741975912268,-1.3917191573305816
73427,0.5117847792679121,-1.6817029839864734,-0.2631520087159505,0.9207575190624974
37147,0.26035265256933837,0.8853131379415099,0.09277127739664659,2.4476532088288288
31467,0.1757872662863408,-0.8489510791325913,-0.11461459568873851,0.6029716827114888
26707,-0.5863329681494646,0.7826228398526193,1.2667416664144282,-1.5688001418487598
11707,0.18147850192185574,0.08419385176179829,0.18366548456494328,0.17755809710627887
45467,0.019156123262975094,1.7622858222774185,0.8567157968240592,-0.9342797008733515
49627,1.7388536905706407,1.2603581585780748,-1.8090257355461237,1.6502119486625755
9187,-0.8642423405287494,-1.2325889973077921,-0.15978776440515174,1.168711645931948
57947,-0.24382040167003174,-1.2123614207018392,0.326384595451144,0.3268603348254287
41547,0.05071669034173753,-0.8464780778310329,0.9208955808554787,-0.6859661997824394
62107,-0.9471184992576344,0.9940296362510553,-0.7232607147301368,1.1789943967183034
66267,-0.3479475758225992,-0.22994296039692289,0.8677382581629558,-1.6237801647750414
70427,1.5037748114978478,0.550923711321727,-0.23781429034349125,0.45904579437074966
29987,1.6208857633991594,0.3762373326952838,1.088604414359493,-2.557680065060512
74587,1.0586468866543093,-1.9262646754600254,-1.8474962365204946,0.769469708254608
48587,0.1434606031163759,-0.015167062903015314,1.166631268943651,-0.33104455374576086
2027,-0.013722664994653567,0.495139674970218,-1.3869520128900694,-0.5297009772319787
41827,0.3529219386629071,-0.5105557562621569,-0.11212475268295417,-1.2767979535024787
6187,-0.5346333434973737,-0.9912877820371379,0.2402933129683509,-0.3335411465705857
67027,1.6322511782485496,-1.035954101625879,1.483107831928029,0.5844265449286061
14507,1.48510873511824,0.8648064063381693,0.22613616116847793,0.19679817767881402
3547,-0.45822649344539435,1.5512011853394836,0.35345408074750495,-0.8657959706633076
31147,0.4637057144720675,-0.2704505756030007,0.6107736108893714,-0.6324585602189876
35307,0.06071037263532493,-0.5007140165222077,-0.2355772720638744,-0.45721238611229986
39467,0.40722160195154994,0.7738197030258575,-0.38710251350131464,-1.5025483012036378
35067,-2.034437077917387,1.1945058538838973,0.27720714460070617,-1.22962983555192
54907,-0.23767659849197317,-0.1614581121080236,1.2073751802001198,0.1125139441109499
11507,-1.2765172018007371,-0.7613953018988231,-1.2766854250069397,-0.41044873551950295
15667,0.631525995120209,0.26936652140079975,-0.6031170399060293,0.4155944507032949
71147,0.6786591940952365,-0.9763466462242555,-0.181952851713815,0.701179222422401
23987,-0.10490575967192763,1.1338977003844224,0.28365134889123644,2.8092419276010667
28147,3.2746453797939394,-1.4081852361748555,1.9305299101636288,-0.7845425691722674
72747,-0.2690723463476614,0.7375240604700625,0.7385974378487469,-0.7177940751447565
8787,0.22669408042655867,1.1025142946183553,0.486232913943129,1.2034211681389089
48947,-0.04430646345512488,1.132823293747495,-0.983413539889921,0.3492506199753548
67067,1.85514139440758,1.1343265508415648,1.3086676990701969,-0.5290177641885874
16827,-1.6316582180985286,0.5866484509093665,-2.3509648793457716,0.43579275979577153
61427,-0.8848099708410134,-0.07336098026785748,-0.4469367521070031,-1.4489569956658763
7667,0.3563644849346241,-0.9732356252978163,0.46875689429609524,-0.40657510077332987
25147,0.3951766338828972,1.3288145033847811,0.2971995544670469,1.2737310926631171
40027,-1.9847204175400983,1.6210468571548842,-0.308372468754406,0.12383786975480437
34307,-0.4430973976284225,-0.4476715708186058,-0.35268573538521747,0.2949283326820002
37627,0.7376531044654845,-0.5548052109295812,-0.30182845385652257,1.457188136575373
58467,-0.19673718087654732,-0.08151370438769719,0.08474330184258026,-0.00036704289298494785
1347,1.0625096966641527,0.6973846977678784,-0.5880971626744586,0.26184534475061555
73227,0.494361922029287,0.159108946989779,-0.6676077890643916,-0.31875824306135286
5507,1.2110475807334058,-0.08276568523826303,-1.0469660396686495,0.6345749797234461
25747,0.20322514798303717,0.007363341637735607,-0.04302720863120595,1.5910330376665025
58427,0.685654853606656,-0.5932837932446199,1.012042325229655,-1.1444966078459977
17987,-0.5714375877597582,-0.28008655142134503,-0.03455349776100424,-0.5688574192974515
19987,-0.9012398702585591,0.2872820192077721,0.227056947154387,-0.40263611993683296
22147,-0.1091494046909755,-1.2805226316545484,0.13245200044994368,-1.0824499164138985
16227,0.42525872954655447,0.5992851266401403,-0.34035403217037286,-0.9644684684384177
75067,1.398745089031371,1.7163363806419465,0.5165897274028768,-0.4067765751570883
48667,0.20729732240101642,-0.12985623630536153,1.2792873966158367,1.0839519746847828
38787,2.7455511336239913,0.3456114776719621,0.2865774526559232,-1.3161060505165154
71547,-1.243558222404219,-0.21661133023779208,1.5885071690150123,1.2048195709448883
42947,-0.6223457543577184,-0.4071999833518667,-0.1473306219575222,-0.5286048040798118
47107,-0.21903027883029821,-1.757688771256705,0.5036292917438118,1.3161554556332578
10827,-2.5979682579390753,-1.007650038459518,0.41945045744344434,-0.45782791189890953
1627,-0.6100202067131034,0.6468936745108633,-1.459661950588782,-1.8501538455408508
62027,-0.4385644454467056,-0.7254823993928854,-0.18497459328363727,-1.83915215325385
63747,-1.2438613455665017,-1.4202531634903204,1.6396215918796029,-0.556007109309365
57267,0.9728190977158236,0.9391262138730334,1.1612884346733072,0.906323144045731
67907,-0.49933314108915,-1.5266999206490035,0.19030540487453143,-1.3965946074124178
13867,-0.5947288831783586,0.185714782434533,1.4877440200436174,-0.027637515647618714
72067,-0.5089743654549977,1.082450794272535,0.35818125798532074,-0.6343101321338157
44547,-0.3544661364589825,-1.6321013011838466,-1.7034409690010874,0.20934638123096877
39947,-0.6575231087060017,0.9604307336634064,-0.14238069448609153,1.6354522239372702
3667,-0.7569957132241733,0.2860632656087397,1.6408660141345777,-0.561292366180445
52787,-0.21138248530701098,0.09529656069487966,-0.5658512173798158,-0.9824600091713432
7827,0.5835727231179065,-1.795098188521214,0.7030393066708742,2.8011262276609052
52427,-1.9222273356444814,1.3458239555354623,-1.388254957996104,0.2889980786784378
76907,1.3598513839001145,0.274398794680688,-0.5233409576266784,1.3587813977979581
50747,-0.24571167878228542,0.8112237894844381,-0.13152722510885706,-0.03220792359052731
64907,-0.09762462212432305,-0.3719883758216837,-0.32378194954964035,-0.5668477993548714
69067,-1.5234033479203395,-0.4136707835462101,-0.6710050187786101,-0.16904525721772612
32787,-0.7036599293712719,-0.5144412645696312,0.4050038658541261,0.6469473010100862
38467,1.5966365251261647,1.114243478644317,0.955165635423107,0.25463185840707925
23947,-1.1033729107540924,-0.9168911559674805,-0.8814046909088618,-0.03712159894242411
65587,0.2937763595201986,-0.4173296684759899,-0.6626172558247887,0.513297771774506
49427,-0.044003223947384984,-1.1410218847701052,0.4524812576923486,-1.2562941797759637
53587,1.1083265689855837,0.5428710663688393,-0.06933334023090776,-0.5859702618519842
36427,-0.15997492710329284,-0.2873789351991039,0.8972412072646669,-1.7075386132767243
57747,-0.0538824486199703,1.0073665018881905,-0.5400345171703639,0.9760355082188354
21467,0.7203817671859328,-0.8448403231251225,0.22285683876123036,-1.167180867286321
7067,-1.3280207611542267,-0.4266126162906283,0.7017974395258013,0.23040421570392378
51307,-0.7577756585972049,0.4779393097140253,-0.47930973410569794,1.0205131095061544
44627,-1.2258237147062532,-0.085991845865986,0.2090009292410626,0.44543776009347424
69747,1.238500404328676,-0.5272737303194307,-0.5541333422461118,-0.25513286799712404
41787,0.24098716747772936,-0.43908369328953956,1.3848192419711713,0.6791806225693506
42267,-2.1105272996066753,-0.9434591183165111,-1.793057072768701,0.10258628682364249
1827,-0.19027615068949816,-1.01247058027464,0.49764894882749844,-0.3712330923274486
46427,-0.8089174921283581,0.8907097335351021,-0.9549107685307572,0.21057099891256106
11867,0.06406620616521788,0.5694979045445391,0.554913694276074,-0.5488672885371555
68867,-0.474158185110098,-0.441083524550808,0.12768049263176068,-0.0909014835404937
10147,-0.3795143527104495,-0.9375904158628918,-0.21198777254524334,-0.6277717800086487
54747,0.24300651507895515,0.7654078729008262,0.11042207665503935,2.017439773824425
18467,0.017617485570549273,0.05186230973928442,0.09489190359950946,0.0077227538832784215
27507,0.4693644278973168,1.0330415290808945,1.8027113025533794,2.73685199700771
61027,0.8795212436277413,0.1880832307326323,0.3767801819382231,0.4587709411968292
45947,0.29607193572690954,-1.123086213091318,0.5280742608345544,0.8286822692152299
26787,0.11136326397631283,1.428339910250378,1.4286092156189294,-1.5404724438811925
71387,0.6050578672358505,0.7470631464441898,-1.2301869204162477,-0.22673031511959382
35107,0.2511446381889469,-0.4015857061975141,-0.2673015387569503,0.5885590650165835
48747,0.8394116350621376,1.3132464039692866,-0.7759578075183716,-2.870162914597945
41187,-0.41343458583673093,-0.44664414853916895,1.0773940984156747,0.590258947600498
2987,-1.6377667496589539,-0.021229625148322193,1.7020548988088937,0.27478552074912893
7147,-1.8712812618168142,1.8005497650240976,-0.6387902003480967,0.5704045978235872
51747,2.2123556543848557,1.5600722273819176,2.060546132266622,0.2559306357986336
67187,-0.22467938856844033,-1.054425416475143,-0.2810320337275814,0.46673811045320185
19627,0.06258653650263642,0.5319910993144688,0.6634724960652788,-1.18791062227263
20867,0.3953374011445419,0.10139014581125097,-0.7155187764077241,-0.7992816246610585
23787,0.5571677117158914,0.744638214229556,-1.3074764038830873,0.38649633519309423
27947,-1.203700416292419,0.23982672863634394,-0.27091192254614355,0.4364532241431858
75387,-0.5017926211458213,-1.0305470442945082,0.8532354712391977,1.350556164712023
40587,0.43096285117542216,-2.3585767302800185,-1.23512326637658,0.334964976105406
36267,0.8122034237519397,1.5397060453889881,0.0584833849425047,-0.41916879164005466
35827,1.1978183078206328,-0.6093725894502308,1.909139017195161,-0.11098807779983717
57867,0.1681534548905032,-1.4545332487959046,-1.6531383258218892,-0.701097766455506
44587,0.9866533906944429,0.15908502781963516,1.1090006376733168,-1.1894084404492997
64107,0.9751119455158713,1.1259351680704262,-2.0918212618434144,-1.0994060021581176
12467,1.2545810699773357,0.9373499489545908,1.1688474369553565,-2.7767261323888497
16627,-0.3337885594001648,-0.6406988209228541,-1.2513305946290534,0.4783686177227865
20787,0.8887850768390401,0.02980940695303722,-0.2573696903194584,1.1666276588228088
76307,0.9992449647196449,0.07192561462251931,-0.6130424019233074,-0.3208245615351718
24947,1.488868780203911,1.3399121843012491,-0.8013609862008089,0.6825884956709821
69547,1.288817856449403,-0.4234519020948635,0.4834183908975319,-1.732684637725845
33267,-0.46563331421457205,-0.7745109069483013,1.5886115923087185,-0.5877887213127474
37427,0.24011790806755237,-0.5090479202967576,-0.19237808013562896,1.0238186071279511
73667,-1.0970596722389194,1.297382355731984,-0.8088511216682611,0.1304259210198062
45747,-0.13620381374613139,0.19616989904035964,1.1188979034056385,0.9956499280594332
76867,-1.1198238350980143,1.0031652078434605,-1.3504440304170897,-0.011862173238105601
9467,-0.039787042589292075,0.8164343372976822,-1.2905992701170557,0.7720273379840551
54067,0.37335072045162004,-0.3370255241240248,0.953055617247101,2.465717591587849
36507,1.1198357446579734,-0.5773733828406258,-0.03516030861183135,-1.3075335256574792
62387,1.8563020162610868,1.5243667569894144,0.7988640742990966,0.7891577038883635
26107,0.6770483668016246,0.8096895374557875,0.23069922801329285,-1.7630528044091724
30267,0.6622022688102626,0.10258904197670114,-1.5111826841987572,0.23617251468916728
57627,-1.6329840178301578,-2.2514932546157156,-2.204913716037585,-1.2048363016868209
38587,0.2912953340488967,-0.4953607631795288,0.03506981947561306,1.4037337569131532
42747,1.2045267538012907,0.5122839945727562,-0.5861802301172584,0.9390718292810909
2307,0.44213874666991837,0.3629096526091837,-0.4004328884980295,-1.1280831341580644
1907,0.7749606935041801,0.22010198014066884,-0.5414177116741644,-0.6615910437445771
73387,1.487396675318986,0.907808073708883,0.29787360074602814,0.18570340727351106
14787,-0.6823092832933287,-0.949352564450251,-0.47107443943535643,-0.3830600876625481
63547,-0.2091030323951673,0.44620685810735244,1.1615150386561826,-0.694038699996374
61107,-2.5802243730064043,0.5258781294289648,0.4723013848809085,-0.6430265874674306
31427,1.19692097931657,1.1013223342712526,-1.8004289927305963,-1.1929512499023878
76027,-0.9581035844330033,0.15048325144111147,1.0790616829016004,0.06729240753319798
20347,0.49548100595023964,-0.6243168179963564,-0.9404990586536922,1.8611439089611048
39747,1.5139191585437626,-2.1229069643605127,-1.2150689684448643,-0.27697478390332575
7867,-0.4720616946019126,-0.9469436353159396,0.037861216960532865,-0.8505661586167685
3467,-0.7689568261417602,1.856965544289782,0.012387247271877117,0.5513488322513882
48067,-1.7648436204816438,-1.4856871312099162,-0.19726324906364637,0.38674097855958317
52227,-2.871356573569446,0.18744668383945165,1.1972101210224888,-0.5827805746084271
56387,0.04855294154170088,-1.3235016148515473,-0.5480839312919081,0.1967689915271633
61387,-0.4007854355146983,-0.7055725748191445,0.031233107807667495,-1.239220290809388
33427,-0.7890962310621864,0.6662270128105116,0.482582091204286,-0.6710481025796837
66667,0.6691995569218175,0.19073932527737755,-0.01659915931746447,-0.4802152221628815
73027,-0.06040919603976258,0.5496668801002037,1.6763714499799194,-0.26862027374905606
34507,-1.7387340637111142,-0.7096862532909242,-0.6319900377667944,-0.9054555150226078
36747,1.2737850444253134,-0.5923523771467857,-0.9894968135238604,-2.117608793889033
40907,-0.30593272114618125,-1.360015109152719,0.7175787438510588,0.09426238049080427
51947,-0.4901370752683216,0.10986403708327878,0.5870994738930837,-0.44605161544156013
49227,0.3359774596721946,0.6050331203826038,-1.0189249937381715,-0.9453483067306973
4387,-0.4427959654833475,-0.9681332784767435,0.08044660911030972,1.2433550234980648
12947,-1.8219110133570442,0.5047862123295317,-1.5896858491370613,-1.9872186434459258
17107,-0.25766922745306287,-0.2643086104422035,0.30029697418964,-1.4180620636070396
21267,-0.9678574366473127,-0.13062997240991966,0.049375867488606486,-0.4014316390142456
25427,1.8942405360364911,-0.08940567830461069,0.5727896681106923,-0.7003663422997041
40667,0.014547110531753286,0.4620859474467139,0.03713214690539747,-1.7237038567558718
70027,0.21159933146742424,0.4267521778263769,-0.7768409653098908,0.41194573563228565
51267,-1.3263044749951594,0.031480757207815034,-0.785690596677567,-0.0964222267927949
37907,-0.3330636716638576,-1.403750134948099,0.8288566490704101,-0.18876240452610957
41747,-1.5964527690492631,1.3260268009024827,-1.690438472002376,0.5206864796824138
18547,-0.4906138142073415,0.5401883731420738,0.31916004980831075,0.8992734730606746
8827,0.38004554830161685,0.5129633126410604,0.18420930830893414,-1.2060039602468995
44667,-0.20287976555816517,0.8710984074514768,-0.3752289220954194,-0.18531096916954895
54547,0.7062251730701403,-1.370186523479643,-0.4210964547613039,0.6565584795436082
58707,0.04228330814706267,-0.0923355546758579,1.5449718791299518,0.6521222199414957
57067,-0.056308808936842994,0.014387693398348566,0.9994047224339869,0.24434098861059722
62867,0.7120488500800819,-0.46979807227770076,2.362778851304784,-1.24158161916274
50667,0.0010594632093677446,0.9503878722437911,-1.7302460027582565,0.5433387942121441
26587,-0.30193738216738303,0.8407168362136542,0.5388260036981318,2.0812195620161176
71187,-1.8134738125054923,1.545820203008091,-1.1599863491210716,-0.4146527467602333
75347,0.7879148478242897,0.25785963034301346,0.8092223267641313,2.311217587284944
18387,0.09413067755746064,1.2851983193971297,0.7428942002075425,2.303375609172916
39067,-1.9553962062001262,0.5080223761914279,-0.027510042762219362,0.28142527798771594
6947,-0.3814356649338626,0.7593387066870594,-0.6124790163628888,0.44480277437017707
51547,-0.5060270071255306,-0.04168516182363641,0.40058160147293487,0.060414650403360755
63227,0.36526369015129406,-1.0031778666760653,0.6880475520996832,-0.9529773806201292
59867,0.5630043814534198,1.8052449399419892,-1.6648950869808927,-1.1392675667588137
64027,1.2283860888605578,0.6967486312328055,-2.0596358038529536,1.7994256346338124
23587,1.6605003238914147,-0.3227661269704266,0.1275810480216766,-0.3523395839921072
68187,0.41206641707746516,0.31788083461044603,-1.0915512749159937,-0.5444774207055237
50947,-0.04210070455501933,1.381911716842331,0.05083930457607868,0.9149110136738062
76507,0.40654263672486224,-1.700591855292144,-0.013365915338102689,2.42822883550643
40547,1.136813167303834,-0.05606001393924477,-0.600242157203019,-1.0253384278071345
40227,0.6755623369950595,-0.19452405749429208,0.26080772866249774,0.3231723486861608
7947,1.0347929553542026,0.2438665641741376,0.19348927287762271,0.0719951619021668
24427,0.13888633333730094,-0.5597031122268136,1.2802297804648264,1.7218136668950663
8107,1.3236107421445062,-0.7800126925127743,0.8231035531632416,0.1394132997838949
12267,0.4900852735771803,-0.9608517045321598,1.1868128826729938,1.1413547138790532
47747,1.0203501386397704,-0.7101739678526764,-1.337267899947493,0.16793922261263403
65187,-0.24356992838645625,0.3830498773691048,-0.19439858278413344,0.45948403729467047
69347,-0.3301794188826533,-0.8581745138272207,-0.4508063982775396,0.5412459103191245
66067,-0.8003198433154034,0.24549962306760403,1.14515631078584,-0.15432849071483895
33067,-0.9823321725120195,0.035786622279654796,0.0490974010365493,0.14044622708937987
35187,0.041310915160504724,0.19942827993720041,2.5801900813284195,-0.3154211905550121
75547,1.1056002400585798,-0.0786752645047247,-0.38800700558786055,-0.7166996983425534
45547,-0.7301347244827558,0.7713029565886033,0.8973925601112636,0.614964270659847
9267,-0.16794545184634238,-1.4339606558630051,-0.2185177425240195,-0.47605527244767
72667,1.2050186480595086,1.302097689181022,0.5218434126103558,-0.8807266552742518
58027,-0.7962270477168413,0.6270160592563522,0.8513815019067856,-0.5586120853390215
28827,0.5615476196986293,-0.18911615349370922,0.3495361160969233,1.500601963997679
62187,-0.0021267749947763573,1.8418466937467821,-1.184489109383567,-0.9423880364060712
62547,-1.7345762923822863,-2.289012339671664,0.30496559826902647,-0.04835354078341024
25907,-1.017559661269297,-1.1659556517307328,0.9455935050374937,-0.6827188219053268
10027,0.443597014256616,2.72979464230363,-0.08340227845406982,-0.7321226181889977
70227,0.421789227653913,-1.8460196273093312,1.1993013563910975,1.2279693378874736
42547,-0.02276790724516564,-2.3586640364912257,-0.14826691133095343,-0.9475078937147416
69427,0.296195746801907,-3.202302821021398,-1.113873275781846,0.4238730195974629
10427,2.644670419147588,-1.8764203139194175,0.3739256511940169,1.4747785084671539
20307,0.8397711966213002,0.681714520450043,-0.2703808920963521,0.11364867482292963
55027,-0.5286755250238464,-0.8511542766539705,1.0438615669338138,-0.008244004587284337
15547,-2.1572680041915286,0.20823958701477002,0.8925352655147882,-0.5410376409717037
16187,2.019756139966523,1.2065490263232361,-0.7968667535438073,-0.7091349740477696
67507,0.4344866256378241,-1.7316124064713558,0.24371437091404585,-1.822993722189769
57187,0.5889059490035317,-1.5535194109027635,0.36971613072375553,-0.5032615816617357
35387,0.9376082677662944,0.003591939995043327,0.6443706401000154,1.566128479591319
29227,-0.885393150259463,-1.3230197311574772,-0.13020485634934903,-0.9931977423411565
65347,0.14535360672020484,-1.2901298651624358,-0.42084011739968347,-0.22886054638648737
43707,-0.5278978574422584,-0.7737319943264228,-1.221500788697545,-0.7611808041638182
75627,0.7906214529968034,-0.4028205190439587,0.3768598502181458,0.002108924522471875
42627,0.8204533685050336,1.0451163075304022,-1.2669301704067006,-0.29949401925607255
867,-0.5151136107420017,-0.18351869252381628,-0.027257229860185313,1.1306161540213102
32587,2.035592154594911,-0.7190900250834719,-0.5283020901988217,-0.9615329731960964
15747,-1.3704032672144375,0.920426237243788,-1.1397085497775108,-1.7202523793541609
19907,-0.9182003900594946,0.22317670646761295,-0.30242155499253537,0.04154537501577651
24067,0.21521268846434952,-0.3820739551090862,1.3569602699054761,0.2948151505996087
61267,-0.5501872455193766,0.7009526036924767,0.42619622695207793,-1.5611827799738593
32387,0.46802726161404473,0.7030012871236967,0.8141322622959971,1.7796596779443825
76987,-0.6871833110299728,-0.0459560517500928,-0.33291407492121305,-1.0808129047508739
36547,-0.02745783915552347,0.40882538192638546,-0.5200589398807455,-0.5873190034383574
267,-1.0375526691623156,-2.144274371387415,-0.5459591224420173,1.6464504469837804
44867,0.7794130299686404,-0.22015092630620337,1.0148623639482683,0.24503074596992466
8027,-0.5752430641246498,0.9731542360836011,1.1361843918545138,-0.14040858098797754
56307,-1.7720355765559501,0.4836077046373972,0.8844306129985218,1.551137699696301
12747,-0.6877680914961832,0.18193252628486944,-1.2505737270823796,-1.2017426374708349
51667,-0.8891132563585097,0.08114723399717327,1.0542221511765588,-0.672975926366266
57347,0.8645841871480502,-0.3296898201319657,0.2639974187147343,-0.13634062725971038
9587,1.1742379239734335,0.8960853972743672,1.6209759466746265,0.4553087838515016
74427,-0.31720111978213145,0.5224717756547025,0.46216846607721246,0.3195464788249365
39227,-1.4534220276187189,-1.80466442289031,0.6831609126409974,1.233834880314706
69827,-0.5764393222469445,-1.1476233474653237,0.32633515040570954,0.6102998038690977
65467,-0.08783938140837406,-1.4900348818489029,0.7828727307502911,0.16111003378763739
73987,0.2789278486229886,-1.5801217730081139,-0.2767574387509847,-0.89204586802891
46907,0.4281693352663758,0.025220200883716865,-2.1922943066625384,-1.4740804171685624
37707,0.9680022715378666,-0.3921803462893784,-0.10416467275793269,-0.6632037893439957
65387,-1.6094352058875467,-0.4902505220232249,1.3299436183654851,0.6168255336895696
41867,0.5076804861349862,0.026820695171749266,0.549427555644588,0.38368688239980536
32987,0.4288548798124554,-0.0018883183997787385,0.6842160792477731,-0.8440274177947006
9747,-0.6241199189575345,-0.20854084947990742,-1.0536610899083594,0.18605071955575803
8987,0.7820036456675934,1.3022991064276053,0.042265946035974084,-2.1856265930768286
13907,0.5435960537612288,1.2657883101075622,-1.0820297786881103,-0.7814477845453884
22387,-0.17987472678157065,0.46552665279148714,0.04371060706059534,0.3430006702109837
18067,-0.48701289550122506,-2.2164243835511734,0.36829503466713276,-1.4910337081691998
22227,-0.08681807755773983,0.4349689548875871,0.16550838480776217,0.5500573180649385
73827,-0.1216441469318262,0.14714462310451742,-1.0218672160224522,-0.7167660414261462
45867,-1.5238534150589846,0.9581239859096765,-0.5950441746428877,0.1945595873766805
61307,-0.1266197297824355,-1.2749364017047657,-0.24803915427365142,-0.6504261917481752
17907,0.9320111825617742,0.48512564915477263,-1.0585697716064484,0.22738263348882318
38867,0.2567656713654353,1.292101049614004,-0.5701729072892481,-0.5487008558279277
59547,0.10854898428580705,-1.3656383034107442,0.7819889799674847,-0.8404730403067678
2587,-1.4631561384937009,-0.6798808495115881,-2.215334470513125,-0.33095454728158147
49027,-0.2763759664834388,1.5450959272338647,0.9284115775170727,-1.050610497983926
51347,0.27361974691348984,0.7151384400817806,-0.49432289322695444,-0.12289559752132287
55507,0.8943464828025192,-0.28793825285385155,0.4700463132380093,-0.11136036155317135
19227,-0.861279075906002,1.0259096741839957,-1.1611350302884658,-0.1971851990096222
68467,1.0431266312102634,0.592232149399408,-0.21807288184705095,0.8031670105227074
46987,1.0696991830063831,-0.37758536901028844,0.11080696775418226,0.46463034815098053
35867,-0.7221525921074708,-1.5019334977592544,-0.8753726707095156,-0.4517472524777031
32867,0.5226797160031916,0.144761660538101,-0.0990616979593528,0.40911628942409967
44947,-0.46833011923996964,-0.493861740461787,0.3475682588097154,-0.3266633980517246
44187,0.5580699011182584,0.5769593024835988,-0.09395061108630706,0.03718271550143022
3747,-0.3266917857973685,-0.5352111179772988,1.212667168829252,0.8434977178338616
7907,2.0963115929281244,-0.8960408925727867,0.28588166432999074,-0.26291318153127535
52507,-0.37627808601039386,0.3320260091048714,-0.46167965113833354,-0.34730571466865173
12067,0.3746966561161303,-0.16168067833148472,0.8967704303291426,-0.6497043232962678
56667,-1.8442557167533828,0.13682215255975294,-1.7734527895439263,1.0884707149968254
1947,-1.0505691497815808,-0.7593476001271947,-0.1806544534986652,-1.3757773921869187
60827,1.2503474195748931,1.003035002246714,-0.10255403112107969,1.4217348318036418
64987,0.4355209745409936,0.1733781873196808,2.6831211376390414,0.30982456643220585
30547,-1.0017316183158753,-0.9970498116606543,-0.4793530476776618,1.2956261199647479
69147,1.0060480916357741,0.624425020210274,0.3348358713973815,-0.6138907167108032
46747,0.2589171588927669,0.04332882905079224,0.5460903560378806,0.09626088780100966
747,-0.451522903687038,0.24693945440780074,-0.6177045060282393,-0.05565861921319971
4907,0.941466525425697,0.6270646829056583,-0.5917016329002465,0.8949324076732209
2427,-0.17326906884831328,-0.6498115379694578,1.206857613312425,-0.8420726388792955
9067,-1.8836157774416695,-0.07591189736821677,-0.6357474119435085,-0.038091206081335253
53667,-0.4086316154617229,-0.24502092379837817,0.046631778021743245,0.19211719687243975
32507,-0.4632331478122149,-1.1519682701766913,1.6939268623937334,0.15575833315623927
61987,0.17245748376465497,0.056037829212817074,-0.3383370581955281,-0.947942762287594
20467,-0.7938882145276536,0.31112536985766875,-0.538175601978007,1.9716740490654672
29867,0.9868027442315128,-1.0876495554016539,-0.37096436730819143,1.0740750792995863
74467,0.811194314330162,1.573430981505006,-1.3763828139586647,-0.6542284792270792
29787,-1.0779982732599582,-2.1243351905573484,-0.925573604350503,-1.345287919623304
38187,1.2646555572984066,0.18956329463816754,0.851817247087903,0.591809393688615
14267,-0.18196849919663,-0.32166762039250013,-0.603687432563024,-0.6122751823703717
46507,-0.21158260093974623,-0.42327927999627557,-0.029707302306360008,-0.7714862780299787
71427,1.7292172017479588,1.0885063592047717,-0.7472841649811519,1.204291487697126
48227,1.2235718437002834,0.08022430380143974,-0.6903360898222415,-0.6614056570622957
14387,2.2147210415947733,-1.5769186039135565,-0.13698873260126807,-0.7250015495129667
50507,0.8014419059585232,-1.6584293989985488,-1.5178881760709926,0.0036756565792490604
22707,0.100402528144751,-0.6105623130292027,-0.6055859918904885,0.018468407279359035
26867,1.0438507996116435,-1.2781596263062123,-0.8860594996948816,0.46771586771805373
3427,0.29027881012922424,-1.4471081155487502,-0.6643884810936497,-0.9988558932698886
71627,-1.1910220576250201,-0.11114064301105954,-1.487804390573459,-0.3508454595929646
75587,-0.31684183093363283,1.61814177888483,0.4101371161859272,1.3394899844730477
5987,0.6505690686719225,-0.348064483477417,1.007834112385642,0.5572011077121324
47627,-0.3227839209104021,-0.7118286091456674,-0.2394619929797831,0.1322397508502266
7227,1.5937425074383065,1.1716079262704213,0.20204292341398472,0.23585344738306874
70307,0.5571259321512757,0.8261136695768767,-0.18016387967966185,-1.366216988001612
55987,-1.48083129503422,-0.32995938771411726,-0.7368617300925889,0.5862657026306263
19707,-1.5439270558188734,0.8823205158078028,0.3171327622473906,-1.8459096312958396
64307,0.0938766114501481,-0.031482506542512,0.524996429071176,0.3952805866612629
36827,-0.4113276127453844,-2.022966407261573,-1.5371968953351913,-0.14783251448609225
5387,1.4168571336727092,1.5025850606047317,0.44052866790424594,0.3779599410033723
47027,-0.887302107534277,-0.013496114808861537,0.8588701900779238,-0.1900906204147185
50827,2.536305516230252,0.7564524635281753,1.0065266835193307,0.8806470307477196
40507,-1.3826502667577012,1.1378066658783996,1.0111251099827059,-0.06551818158033884
67,-0.7744795511743093,0.2101800314230219,0.39872080412296373,0.5263679378133467
45027,0.5160200460538134,-0.1900880708589117,0.8218964902571217,-0.25528595695447953
4427,0.06627203101167954,-0.7336587136065069,-0.15483337319734106,-1.1333781544567176
48827,-0.021725096565676054,-0.13769306492369296,-0.3395918264512857,0.5525149653010835
12547,-0.44148279752893577,-1.4764725975245274,-0.889491408455906,0.39293084261013045
60707,0.7153716823292979,0.7928975134576632,0.5383702881375563,-0.9138596187087304
42987,0.08725896766914479,0.41465780181114265,1.5868777434592352,0.5778389461013719
35787,-0.672265334974382,-1.7524983172489885,1.2736741485722107,1.1144170742354402
51187,0.16969576084325533,-0.6254944224420478,0.4692159729648221,0.8790049576181465
4787,-0.8609296949056598,-1.890173612225227,0.37244956241863203,-0.5966036213962496
69627,0.018397767718285763,-1.1606787276926456,-0.14172246591200466,0.8278868006181651
29187,-1.5735356896446646,0.6647781037544203,-0.7200555217712188,0.35613832863763945
7507,0.3026444111735775,-1.2984128417235692,-0.9348334621555092,-1.9850473019429342
37507,-1.3020885509067155,-0.9079610991759496,-0.2997642038410736,0.15952803980042812
41667,0.8243382451037046,-1.6211309227779747,-1.3984183481093997,0.5006965402478972
45827,-0.9053608355238756,-0.036812792625949595,0.03723220747025214,-0.5131091141406261
49987,-1.0774906882309232,-0.15462252187261905,0.18250097184129868,-0.5898047942568367
8187,1.3521610071583101,-0.8849834712800821,-0.1860178419524546,1.4373729856793827
54147,-2.78063305781055,-0.07661183621864041,-0.19500276226211818,0.19892689004226963
17867,2.5596855299523247,0.6860171870738843,-0.2369035445980534,-0.24693464623327044
