50942,0.5976123020895864,-2.0373221699674633,-0.5718128335117529,1.2917184702536553
36182,-0.039235700781502576,1.2303779394024064,1.7115810930775934,0.693799294066806
4102,0.4950275069049546,0.8123430308848786,-0.15156281100633742,-1.2264255226533332
67582,0.883050256027982,-1.2387028464853536,0.11445936257194748,-1.063531189003064
63142,0.8054057200520828,0.17770953074447046,1.038542434967183,-0.2413416488814193
12302,-0.10616084656165696,-0.2308752423789526,0.499755006519178,0.6407182526699651
66222,-0.01661508857808967,0.321172706377351,-0.8796727401701753,-0.2984178285432913
61462,1.3877033305924045,0.6465403821088619,0.04827488350274285,0.4107957658416313
15822,-0.37951851770435147,-0.6063640313078774,1.3878148369183463,-0.4633233455498569
19982,0.781626048452809,1.4370572303074516,1.8805881583245423,1.8282668341034545
64582,-0.4879082810770741,-0.3245380899867708,1.4056858805706838,0.46148413541748906
49182,-1.1506695106529996,-0.7079776140297809,1.0314526943006195,2.0460163777982316
71302,0.09659807622499021,0.7971687784108318,-1.0057500025190742,-0.8498053278464417
36622,1.7908843470642763,-1.267383509491515,0.9554274393182439,0.13062613878064128
24822,1.7599942138900937,-0.1457935905477434,0.19422682438898237,0.4506043882549054
55302,0.11831918540271152,0.5882947025307015,0.6314538648955152,0.20597888699917327
57382,-0.4851330087143793,-0.20700136693733898,-0.48333562555132314,0.4630204742346819
28342,1.1890864724948702,0.6073856931529192,-2.637128704392917,-0.48774369479178364
49102,-0.7132599341169233,0.5286899695647465,-0.10072636371830208,1.0582261087594944
24622,-0.19434798527918026,-0.7745415255725866,1.1609161299407722,1.7813516727492393
75102,0.40379579448122116,0.03514801471827363,-0.7707792256820835,-0.00037943205819189225
63542,2.1481701818733394,0.9568969914880491,-0.35051432739915794,0.10451438425902457
74142,-0.9533436010433056,-0.595462301791511,0.27477131224859885,1.2239944439009975
27742,0.9537650291308583,-0.05419919072300928,1.406109946579795,-0.3932237221702243
71742,-0.4488271219814751,-0.27061579463504476,-0.8328338413853834,-0.7089756105967734
18142,0.18912862233290684,-0.03929443673374634,-1.3316555450587135,1.1586529333242404
29182,0.22992539593314823,0.44403523196044314,-0.15394404780241208,-0.8334252622179605
2742,0.4699655669009081,0.07943716240729765,0.2027625486883029,-0.21125407654840409
69702,0.31762232606711177,-0.25087154795047556,1.2546716629480335,-0.30647573669803146
75222,-3.0971356660147227,1.3273439739318436,-0.4952461874119573,-0.47530707121552745
6222,-0.16680280974089418,0.8677148482270958,0.0990945173315823,-0.3114838916351534
40822,1.1172801152851284,-0.39191208291903634,-0.18924920567924336,-0.12491966933897354
12862,-0.2479806099357534,0.4236839261586395,-1.2807487090847878,-1.808381023253736
22542,-1.8553074882501608,-0.1296217371205275,-0.6482254537556655,-0.41923593880749566
55382,0.7502599736538224,-0.5321600709446409,1.0198795318104452,-0.012958593441613885
76382,-1.048075980696087,-0.2174936633581474,0.4411065120117904,2.187695574554646
26542,-0.02713486760548122,1.1292960755784376,0.22809788853069482,-0.061704464601116164
2142,-0.3802719418654925,0.0344873751018062,1.833572002966613,-0.32675923893738756
40102,-0.9341424521029137,-1.2512319360977062,-0.6375272232268144,-1.1376680584771224
3822,-0.2668535353482497,-0.015917068871506894,-0.33583505457995505,-0.561458311080255
17022,-0.8041195931055867,-1.615687472249811,0.4613635839280997,0.21621744730944825
48422,0.2702046172847755,0.4962570887129813,-2.0356044629089203,1.772742891715916
47462,0.278253968209396,0.11344584241069652,0.5390068677137263,-1.964189186365628
51302,-1.2206664431767054,0.7324014951705198,-0.43856773720212705,1.70808357731001
16302,-0.4869331469043015,1.744678875501409,-1.1744739500101349,0.9388063361005943
30702,-0.8737417190979508,0.5537422890331842,-0.23802782683962376,-0.011773331588316404
72342,1.5020687339454017,0.6834897142154741,-0.8935608476962247,2.2889043624093692
49262,0.204673173690367,0.8802650537023092,-0.36856961934754673,-1.073599610819754
42862,-0.7216708429677171,0.5973993920179866,-0.6195331168774948,-0.8248860592332652
46782,-0.15528188162937176,1.0832947282989382,-0.10196734108250324,1.6288231000134932
67702,0.4120083596859621,-0.20927647605417782,2.681926634765861,-1.4034518709288926
17462,0.6333738764007655,0.2710116871404409,0.1376968394030825,-1.6290849169319515
30102,0.28478854695487105,1.4169555911537326,0.5427045616919379,0.5068389755902735
75902,0.46436691242269335,-0.6419886649372848,0.475027825194982,-0.6802307715085161
29942,-0.5456064541322462,0.17586549404265525,-1.082028435014151,-2.0502489824187364
71702,-1.2186166109029064,-2.755787610280909,-0.0797287399476385,1.4279699786263582
43142,-0.18782631991614324,-0.19972551986759313,-0.6053664159925184,-1.5257396242477606
42422,0.3197659692578284,-1.472797846476995,-1.0648554419694836,0.6738557474329111
46582,0.4891735412301776,1.333483506929946,0.4446959419639475,0.33737550840772107
50742,-0.9521333956853405,-0.5265219721300451,-1.1216802677985604,-1.0655065615091972
54902,0.06428504132509161,-0.31042281555110685,0.6374358710459292,-1.184805290180475
10382,0.910288936312449,-0.8364472070117458,-0.4669654894146925,2.557690378881063
22782,-0.3959171560998905,-0.4541056021501191,-0.17126686378990938,-1.5063261766332239
65902,-1.4660954839891427,0.6640324623418801,-0.45914989536243617,0.6090782893802508
49302,-0.995894291795446,-0.24629136338017962,0.12316505293962474,-0.4238693300716703
6302,-0.5482353852539693,0.6517214754185098,0.15494578811599105,-1.0306392696725957
52102,0.40145152058373185,-1.3768725375096023,2.4583787534831036,-1.42534250006199
15622,0.047856649665689276,0.4431431549970161,0.53864748558132,0.1880347865050024
60222,0.8373061563904629,-1.4800918306704696,2.1523417496259962,-1.312039167360791
60102,0.07268772878285891,1.4511229915176895,0.0021175194010341365,-0.1827864855343921
24742,-0.2637704474027781,-0.9461495205846173,-0.2052153955334278,0.13554172432191777
28102,-1.3287850414994125,-0.021354644438862973,-0.47630060912691924,-0.0735200350054907
76862,-1.12887763108024,-1.0167507110990532,-1.4967099899076324,1.490083603901404
32942,-1.3062982104519352,-1.1749000943230883,0.26861900895159385,0.9797509292749167
56262,-0.14715142191402134,-0.7642334299093654,1.1837937089506028,-0.8760555043062515
28302,-0.3352704055226683,2.5002530487194865,0.7809881575123626,-0.23149711787510532
38942,1.108943738266423,-0.0925959036359168,1.8336032647821374,-1.6660440979711626
30902,-0.03439284346664869,0.13449904418912756,-0.10693289537735938,-0.05100265793481824
65582,1.8205506995029184,-0.8235393122634899,0.21123113910838695,-1.0399413265156048
18622,-0.3479973790500636,1.1137807191031817,-0.006767165282433387,-0.7735403172005437
65462,-0.2672417792934847,-2.0068044490272334,0.19932485849802464,1.0405379325077497
45902,0.3663254914070008,1.2711504506702385,0.7232023360967109,-0.39777648341874594
2422,0.8572090203725032,0.6248570858097086,1.628736313402057,2.258624544749627
16582,0.02509463568189102,0.3362472349951024,0.5668959020057796,2.9524920046438323
75982,0.6493991075433276,1.7197716010931818,1.2336798893352,-0.6993374577551621
75022,-1.9793861682646874,1.7701318598283993,0.4205345210742522,-0.5706325849952354
47822,1.8033592562264193,1.8886698562128057,0.23556494489046986,-0.9602193280552225
2262,0.8463192189593042,-0.3392282850193939,-1.0608860026087124,0.26813847164680665
6622,-0.37614571785059847,-0.24418439141448695,-0.25710295380116327,-0.805037723580726
10782,-1.0836264382256022,1.3892411971425531,0.3936135883128707,-0.09918662603568897
222,-0.07280504051590922,-0.27981931063312115,0.17531272414184784,0.1882229437767211
42022,0.05128474495623472,0.3384394692902628,0.7413252913076652,0.11219950570915802
59622,0.39299801076792273,0.747199042145475,-0.5046169187313169,-0.1854893299687967
39902,-0.7568574874080326,0.675095988843944,-1.0114557422293242,1.574737741152836
57582,-1.2926784720146545,0.8282521719301286,-0.7533960605404095,0.8048113292265154
11942,-0.27622002551466934,-0.5001930638957437,0.6660529119725499,0.5227965084293882
20262,0.34687073331800583,0.23937795907988416,-0.05039801043955986,-1.2929024455896299
64862,0.9407063039349792,1.5700552870374167,-0.8615289467609406,0.8437182542830803
61822,2.011923507370735,-0.2288928662750441,-0.805936965441826,-0.9849002124982706
35062,1.389535422807742,0.4159801325751256,0.5743311253370645,0.035688426546097954
32742,1.4036750102964093,-0.24078202392061943,-0.6310782913368583,0.6585473290490284
67542,-2.021717761880598,0.537551021757999,1.4219713482012726,1.1772861670083274
16382,-1.5992289334555172,2.3734559251550262,0.9003399747987189,0.3931202712954202
2302,-1.379710097124566,-0.3354973135886158,-0.2293057934409029,-0.398072037702494
45222,2.7900487935950937,-0.9998487926345958,1.0018720470735671,0.2885196150786281
49382,-0.1509043195004568,-0.7689155213651974,0.0327584762528467,0.5431981391195406
45782,-0.28613486002247857,-0.34892760030285547,-0.5164269508195962,1.6007995054709103
262,1.4795229965519914,0.6012294128002498,-0.834241374682967,1.056550800290556
30062,0.982964047147439,-0.5259927157004723,0.061101645540492425,-0.08845630993479292
66022,-0.14834753808764084,-0.5972772906454663,0.48267990656802684,-0.38082495426930535
32502,-1.2028820720431521,-0.05040223630406743,0.8261571146212925,1.1406898830590524
66942,-1.0223044672494623,0.4755406258956862,0.48935157096843285,1.4730602515345215
33902,1.5357656624259013,-1.2649567488946392,-2.0587649815510303,1.2848607502019558
69902,0.056450850276951584,-1.9051678609308567,-0.5697733882432487,-1.1615161642471519
5942,-2.487754476303035,-0.19699243511975056,0.9169597026980321,-1.5619174780220855
55342,-0.6348981977231449,0.298477656513724,-0.31245357816789315,-0.4191945614477505
67862,-0.0823766652635183,0.49590267736934607,-1.445050798931029,0.15256570504044129
54702,-0.3313830866517452,1.0114525593134407,-1.5543899130320338,-1.6433883225629136
67182,0.5672910513411323,-1.172957664655623,-0.24063985633971788,0.17988355715670107
55582,-1.709434885591234,0.12121747137041429,0.06067385667311769,1.1747275818407177
31982,-1.2637421154860555,-1.3831615403451103,-0.11646605796393927,0.6563548593108884
75502,0.24526634038157383,-1.0842358521189068,-0.6953229755463667,2.2759196248784206
61582,0.07373650122394464,-0.7624096983469404,-1.3538203027655549,-0.6997356612041951
43382,-0.37773473212263514,-1.4788640579404289,-0.8003482354738013,0.8373862181027985
63782,1.276946202802908,-0.01031939847301049,1.079145413519204,-0.3639652978340253
7102,1.1632333529824175,0.14457591276377352,0.23769087935952857,-0.3671538131962198
11262,-0.6386214677166345,0.475680557761769,1.608346020754086,-0.18147854088637308
55862,0.30654755622414553,2.371732356624613,1.7879496911856014,-2.032041110434367
60022,-1.0499086847714145,-0.3534608857446267,0.4284510964673694,0.39470325795147343
31022,-0.24564700735901573,1.4281714285225593,0.2271188070571781,-0.7310418018001372
902,-0.15994173092809807,-0.46749865908712396,-0.18791174156992574,0.5868730759092425
68342,-0.2340546044716873,-1.184284853663755,0.08274899405917417,0.48559016903661456
32062,1.3478312682627873,0.7141186093540559,-1.305713816051169,1.2446524681531126
2782,0.4784614332077452,0.12173251696794857,0.257140536458179,1.1353295460561994
69942,-0.046686056923121805,1.472221764811697,0.5695988229174482,-2.376661545096363
44542,-1.3112830074715527,1.427389218613124,-1.0772980696203245,-1.5787060504293273
41542,-0.7122058858441217,0.2801915327189441,1.2401693647057102,1.707520925514686
52862,0.4405103511194651,0.6831020292037188,-1.279747923790539,2.017126059654342
16702,0.9028690140019195,-0.0198202105511926,2.535456970891905,1.264285515725462
13982,0.35710764843978227,-0.5765366158896809,0.7428113415308065,-0.6171981845677271
61182,-0.30660374227777465,0.3805691568449773,-0.5899728858292813,0.027474305347728965
38542,-1.3723466138615081,0.9495913132778016,-0.21911296312609344,-0.43735123657833963
22582,-1.443985053365096,-0.6488927301239288,0.37742385015865293,-1.03304702058791
65862,-1.2762009447494755,0.5976449849248444,1.0309192041669941,-0.7779440249091388
73902,2.4651721993438285,0.5227415059372755,0.14409738231222086,1.2934672339684208
1102,-1.3579960712788042,-1.3417490858503793,0.08852143916056486,-0.48393205952957913
50862,0.07384875627810711,-0.6096910565615554,-0.4970658755415001,-0.713683460952468
74062,1.0087488593292258,-0.6707381484334629,0.7746410930290526,-1.2215270210850848
49862,-0.6012791868331082,-0.24765196451505658,-1.6232697397021985,1.3976623180066114
54022,1.771009551769971,-0.23389486935784023,1.8683938402823803,-1.172682079382603
17742,-0.960238153807072,1.5007662138679263,-0.8757801746412771,-0.9085540194468554
57742,0.688581114963349,1.7279107801242035,-0.16375865751731575,-1.6074685113246434
72022,-0.4306079583947587,1.95267675990795,-0.5731727942213176,-2.0984282329306034
26062,1.4298972118845388,0.6299818754031907,0.05712887590100359,0.5241734561114431
70662,-1.8029284309639202,-1.6599393720607596,0.9840487136541272,-0.510959947443592
55022,0.8690769186210643,-0.3939046651936843,-0.4897981698136892,0.6376011796578499
8542,-1.6372489748433219,0.08249542663947147,0.7491587625287577,-0.907871033028071
31902,-0.9210198898374796,-0.6084054496560537,0.4411341752344277,1.1152708176808024
42702,0.18787733429170858,2.894251725099825,0.4273292055925219,0.8938443839862913
31462,-0.7016372449868986,0.06441112271840539,0.7969440742783505,-0.09030883756104131
6502,-0.9040798000470344,0.1861545782254042,0.23308979685156647,0.47187936354948173
59342,-0.7259158359824464,-0.7877320993380496,-0.2842205923120162,-0.23876827050132776
35982,-1.8102345555851211,1.3182986410539648,-1.0419270175596835,1.2793253119843597
45422,0.029176543429301337,-0.42457613393093374,-0.5235982758991164,-1.3713306201694224
10302,-0.7048804395529474,-0.2805530430758985,-0.3945989333656859,-0.17884128932241655
63862,-0.6125383447186818,-0.951391507105153,-1.732305216042231,0.8010874051813638
62662,-0.20562881066022734,0.6020632853808183,-0.36329138828263413,1.216264346334054
15902,1.6931216015511747,-0.9052470538797145,-0.14179763780333365,-0.43425090292032187
14382,0.6155940319369911,-0.42804666633206895,-0.3769612789623586,-0.04018927133398939
382,-0.6299992591223091,-0.8922337385930434,-0.011200805442295434,-0.8483755252410483
68822,0.24744332249007553,-1.1529158170975744,-1.3522275633007186,0.7311708814718786
32542,-0.35349548278313525,0.137444884694285,-0.0259243217842265,0.34819508815879907
49062,-0.42672485658780823,0.829166295551292,1.8758818311448267,1.2078667421648062
77142,0.09784946012586182,0.25166044969752654,-2.3841174281250215,1.2782018697329298
55702,-1.001966952017265,1.1411266120027774,-0.42784664083402807,-0.6740120401754928
18822,-0.7017057151341861,1.353801684435221,1.0334352816265007,-0.15694426319150265
45022,0.4047552035775394,-0.6616661504789518,1.3962477134244662,1.577702872566441
8742,1.5866988786552951,-1.5325675113229746,-1.2698982553115319,1.4126292314156204
37262,0.5938057126496485,0.1990532501259528,1.1254230530018894,0.3939656938797243
17062,1.2331173980259382,0.2306204012094693,-0.41405766713594594,-0.8985875118903272
21222,-2.0574793998379057,-0.7644654065389686,-1.1972157338023486,1.0804892777658854
65822,-0.7344032654981697,-1.2566006435113393,-1.4090656105226604,-0.13788934415122844
58782,0.8380787829909679,-0.2921744438003977,-2.100232809777324,0.8264905412337495
70382,0.45012991511687145,-0.651528482538392,0.9347741197379525,-0.16569698994442794
35222,-0.15874308808654622,-0.8737981956616313,-0.3956623991299729,0.0920270601889559
2462,0.7497017512208991,1.5226084726158626,-0.5623062437033703,1.4961814512113418
9902,0.12688831010754614,-0.22718882907327137,1.0944924786424386,-0.653518609752885
54502,-0.3639079379823555,0.12677840902294324,0.8116150381748869,-1.0652716244260922
58662,-0.823150265267127,-0.7673030762526069,-0.3295114449210108,-0.3368322583983413
71062,-0.039935951881101626,1.583037232764026,-0.09030861468880266,1.02273292156892
18502,0.9762775385361199,0.38980736756948453,0.6379634987661736,-1.322636845786383
72102,0.4434681930323773,-1.2860740192873668,-0.6410949565247911,0.9985729837130669
17502,-0.6108158322675409,1.262975153701006,0.25415956934869627,1.188826485113396
71142,1.201458111751888,0.9930718652765003,-0.31647709328885293,0.8571365757336472
18862,-0.12570906713761976,-0.2293387458568121,0.046536521710266426,0.33843863934713675
47342,-1.244453526297073,1.569202064088978,0.24107835959281554,1.8582159855830536
54342,-0.58891500897583,0.6102156046111756,-0.528859585132057,-0.9103495534007898
12702,0.40298398656493045,-0.07510165236742583,1.969951588712088,1.665315554046204
57782,-0.33711111690288087,0.3104159731037541,0.688842907587512,-0.4859173144225311
68142,0.09098436155665143,0.8349554838247555,-0.5958149029150028,1.1285589865816745
72302,1.6553041990717665,1.2315468067294135,0.37604680634893584,-1.923071059085017
35262,0.4833714401739824,-0.6884247056722891,0.8652582261973638,-0.7766273376335565
76462,0.5316813686357853,0.3535399607896518,-0.23025187523373528,-1.7758795927743227
56182,0.9099206815642227,1.1109357199738839,-0.4880057914799735,0.784012400177292
74622,-0.8172876006139251,1.26575646011125,0.06106406884444987,0.12189634701395688
5022,0.21668960210947977,0.03889018650514549,0.9319666662651012,0.3630647737251009
1782,-0.471590848685577,0.4180944586272419,-0.3153071175644988,0.19909246765536287
22982,-0.5519657779923645,0.8154708754162184,-2.0520927635317108,-2.226156621740211
52662,-0.35276210412930564,1.5114639556997438,0.9449589796378473,0.570676665471329
56822,0.6102508386093792,0.3780168664979462,0.2559924796876183,-0.6353628827403454
60982,0.05236917288121763,1.539705348940841,-0.06402642463295903,-0.37597790367305395
20942,0.3402041434283881,0.8543231909431671,-1.318074984876939,-0.34319013986060226
69302,-0.034521700993637855,-0.4456401753819969,0.25294737607395085,0.9628359439761942
73462,0.22016749968047214,0.6248425690444692,0.7090731957366875,0.5025988283161014
17262,-1.264381530390172,-1.1126462470298453,-0.3949678581614433,-1.3701919162291771
63662,0.16917692426736106,0.48506951622723443,-0.33639734391812576,1.1589814422050184
67662,-1.3437035838125322,-0.910813543593433,-0.5912170852517544,-0.09758278147456617
8662,-0.06868241599611129,0.051123603296303034,-0.6356396141341633,-0.1836017822838865
49662,-1.3367457523561772,1.5821956775607757,0.3741814731231822,-0.15481599444437869
9222,-1.3989957913175841,0.07212584422367783,-0.3041141944775765,0.14682349668760927
53822,-0.42838162043258743,-1.63429180932528,-1.706856688865371,0.4323646192403377
13382,0.09915903984832569,-0.9739761835287659,-0.2628739516885371,-0.7684791769578638
57982,-0.5154909420714429,-0.474463100825117,0.15504555552083274,-0.2985877511296383
16862,-0.6015609809248769,0.17951945422313823,-0.2479833309631512,1.0341337746523216
66302,-0.23781781635190283,0.8025744558129202,0.9060966915592239,-0.3943836882483655
51622,1.1556474002236865,-0.6246292166773799,-1.971339601287187,-0.14698383108362925
14822,-1.2153284468593328,0.7618548184144518,1.0955285192443986,-1.0759634074665296
8582,-1.4157564689434243,0.3081166649207714,0.9839393438963345,0.3508846206218113
27022,0.07532063014017466,0.37100749234509184,-0.18663789853425936,-1.0971356058199553
35582,0.6952142840936215,-1.1227304568102627,-0.5404191481102196,-2.1466334830859295
45462,0.45304706917188575,0.5724161706350493,-0.12209777837827869,0.9372257385960613
63902,-0.8917008674551693,1.9950334502556297,1.0450283408013992,0.9361050599771126
50822,0.06742431520984558,0.0953054577856068,-0.2770454474088104,-0.40942487160973656
63302,-0.1441422061061258,0.1460741135150997,-0.11856699022453557,-0.7854431390341998
25342,-1.2024199991464448,1.3492866006876993,-0.0037939386667870004,-0.12972292282859244
61942,-1.0252674769831958,-0.8246389547738174,-0.8288706977015404,-0.2318924150009843
7982,-0.48117996203786156,-0.9060577264441154,0.7221696710984934,0.24251891110806673
31182,-0.7221458179584936,0.7132203852502188,2.6790315037081105,-0.8582978779565341
75782,-1.4147852945028712,-1.224634391829018,-0.020389832468762168,-0.8682394316451952
21662,-0.9941499833506047,1.551132840686255,0.18639495438403722,0.104549164126996
18942,0.10148099461967044,-0.37252299420513735,0.8220758215051478,0.3486123869922609
51982,-0.4170479717235807,0.9804641642032583,0.48806801430390384,-1.1836236648542193
14422,0.14769370661156206,-0.3151300490587557,1.0022212562784254,-1.927171658546244
47622,-0.4115727195307919,0.5960994014220549,0.7133850601706999,-0.032061586334565635
49022,-1.801550272402223,-0.4664151452802423,0.7849748339232047,0.7345880026034435
72782,-0.7583301581016305,-0.530476197978824,-0.5782539504030894,1.104012728493765
25102,0.9874143294611419,-0.10298673549931527,1.8205444865143037,0.18950319962200055
40662,-0.4905062638327512,-0.21814053973110106,1.9095645349122605,0.2896846643926844
48982,-1.0198734437396033,0.21904265705423862,0.928268476071591,-0.4835027527879573
70062,0.7606594648932753,-1.4689913462424848,1.150595338805291,-0.8186917717142987
2582,1.0373283757393423,0.7936617329821535,-0.13248969120010706,1.049414718767521
12142,-2.595752274248284,-0.3881747316483964,-0.6372958806072001,0.8511370990466096
21022,-0.432460812696814,0.967240558230978,0.4158825714699351,-0.870493918082476
49142,-1.0047983655407213,-0.9374540828196901,0.014462397984391015,1.304220117284841
7942,1.1554965017542747,0.505267109597799,-0.38809436211338866,-1.0659791809706025
49702,1.0404867669966056,-0.2050094103363997,-1.5240659447603295,-0.14184129959239525
50142,0.179638257210754,0.47157716249981746,-1.8912750016580377,0.79893633027516
13862,-1.259802762007255,-0.18159445365696922,-0.49133844563522916,0.49019480057920395
18022,1.5460180832685495,-1.3331334234066525,1.3886262364025885,0.6324409332910155
57902,-2.2897650431557417,0.9571743189416164,-0.3850932188152981,-0.8436111884696538
22182,-0.6155662540676481,-0.8181193305196749,0.8544985610345818,0.9821690849213693
66782,-2.3211540074293224,1.0990673175118446,-0.05998602596980372,1.6972965578411598
38302,-0.7214341003429368,0.5125461948166916,-0.04491596217792907,1.4894672772280968
73822,0.028342195270690162,0.5119490926987371,-1.1032666106096363,0.14299737666421566
66102,-1.4909999206987297,0.3402441461005071,0.6521223021318855,-1.0376208564790386
38822,-1.3125213128957598,0.44163519073639185,-0.27377910132195066,0.3756568053727743
74302,-0.31714802182804913,-0.28259496999932604,0.40454021868522166,-0.1415051411224097
55462,-0.37760356785756805,-0.4674095252964343,1.422621688560761,0.20139008028452293
19262,-1.9874682272986115,-0.4665547217472298,-0.7510063902729818,-1.2129837344858583
47542,0.6107387090042808,-0.5544745851846274,0.5060565960026802,1.2359922417380789
582,-0.1171330499659716,0.27441640858414224,-0.33817133161575796,0.049700437405064773
76262,1.3498711151072516,0.28163347449607734,2.89024401766283,1.4671854054673865
49742,2.343604140792621,1.0360602805456556,-0.5614208822782073,-0.23834688862746028
48302,0.373254472412261,0.9577598812216856,1.0773531291791063,1.0205484414950592
52462,-0.0016408662146333596,0.1553668407741606,0.4469819207792022,2.098362472371052
67462,-0.9571318167581094,0.3644351870082531,-0.47344095924427987,-0.5586062203112924
60782,-0.6096945709740581,0.6329117602570709,-0.8757516792940393,-0.780539712718173
16982,-1.9854190627644432,0.44020509853699025,1.2493506361768523,-0.4731740923091547
24502,-2.636235682426467,-0.7171717802833504,0.48049643047531393,-0.6274619588239818
73262,-0.2978585706273196,-1.7595436273871092,0.2931506179461872,0.34997446205934113
32342,0.18077158524879527,0.2442727480098344,1.0147113016872003,0.022302696439459088
25182,0.07164180864069579,0.010903484372767974,-1.0091209477256544,0.45220173058350466
45302,0.9513302632636448,1.9642113066108295,-0.847881844493362,-1.3570079070200254
9022,1.3889362305012192,0.19887742462628988,-0.5059694051309708,1.505958333656673
20582,-1.3982226806988178,1.004443517748891,1.173321274098118,0.23943790571805434
2662,-0.6156787820697055,0.8751602681561714,0.17163811713378221,0.7143956362923516
70582,-0.6803664978266559,-0.014365803101922646,0.11021367981061224,0.9666761460748969
21502,-0.1222629623718206,1.753725151614881,-1.359772950813128,-1.0275544108056853
59702,-0.6422128950611401,0.2423367960446523,-0.6909618589170957,-1.5117473168520026
54942,-0.418789928797845,-0.0007197710719140498,1.508981430178467,-1.2024693313756174
10862,0.05435715713130543,-0.5905031626837696,1.6750735431171018,-0.3064334300398986
11542,-2.6490038252680823,0.5038505004889168,-0.8488840154966548,0.8387166382993038
42302,-0.9537835108169332,1.2852449403860258,0.9801481410884277,-0.23838944214448118
55742,1.3688782368576824,1.4947073417209593,-0.31176005724379263,0.6559416397391895
70262,-0.1738485820940028,1.150860882669404,-0.03799905058293933,0.556882498286651
54782,0.03722308411712858,-0.8253523326023976,1.2377926025374049,-1.047913184822348
35902,0.581969487810828,1.9463485287347326,0.17294175832960412,0.5817628115333379
47742,0.2763635581785234,-0.31857404230851843,0.9278594289411756,0.6272760538648646
67262,0.4219618262327523,0.10309470257731176,0.06016846220541454,-1.5703525002945624
30982,0.7513844367580261,-0.8310135833881043,0.07783777935745925,-0.33301585562922276
75582,0.117800581732021,-2.073635764994589,-0.6342353518805368,2.316035381844891
70422,0.7930693937669537,0.008635279771666098,-0.4768924021921862,-1.5779650345316059
35462,0.8765041431120077,-1.6136971122548849,0.9393687872165767,0.21809637871942825
51782,-0.8128256127586009,-0.5995627988576919,-1.1975078914007125,-0.6123853264193889
43662,0.3576435523474742,-1.0689491409675507,-0.15419203258205555,1.937707977490626
58502,0.3739319433053147,0.9113956072672127,0.8443988863970839,0.27742761123052234
64262,0.6141966215472566,-0.7704141772461557,1.6089079968237114,-0.08049518700811474
68422,-0.06280486852847976,0.6381020097277782,0.7952913944833065,-1.112190533429276
54382,-0.19122473431218645,-1.5290444717129184,-0.9931917680058414,-0.9989392635834247
21142,-0.391702952408778,0.970491015046635,0.6835226236879444,-0.38069524150980827
44222,0.5853983817153798,-0.16125856887507453,-2.3027479112376987,-0.7621604898875602
71622,0.5935608225668645,0.30203641083102695,1.1873711430994895,0.8140390080578254
44622,2.646940042629441,-0.9108095878668873,-0.6620366325092022,-1.0588998316321263
8862,-1.4935827143641953,-0.9839931788240333,-0.38411743255037106,0.2742630549558438
61262,0.20880237178446515,-0.9401019490139549,-1.5931449320115347,-0.4397677785319334
43462,-0.15623393826615248,-1.1672843398898527,-0.16271142994255572,0.1463215249937884
6822,0.12692206398591388,-1.4332401044285492,-0.4813930722798135,-0.10627699975263873
69582,0.7834052671863385,-1.9431654236459912,0.2720456707125759,0.8073492876090954
73742,-0.46336982883955175,-0.5156096902523343,1.3491400533507734,0.41330483153646225
15022,0.5816106789874201,-0.4887419049309481,-0.3568118658068256,-2.9431466172497176
5342,-0.6711180002806855,-0.054371145017056074,1.2939991706106377,0.10760508345458901
71382,-1.0509235676677149,-0.8313291877468332,-0.4631488461379577,0.8126618784739036
52822,-1.0926168515421852,-0.00199260169757069,-0.17104574797785432,-0.2641029772076555
22302,3.4739104109177714,-0.3501663515208023,-0.1219816974147818,1.9598772260327506
74422,-0.5766394604424505,-0.7219035482840572,1.3750275643390464,-0.18669009064721465
62422,1.7934270562279964,1.2915086033979586,-0.7299258194641688,-0.683628771415656
26142,-1.266972481534431,0.019003379346188582,-0.5251962016761559,-0.05359937293001802
1382,0.1375101274204238,0.9207743459809922,-0.010716382723805028,-0.8083335866737066
70742,0.520043415846412,-1.0827020116571795,0.09936720414256554,-1.6469955894267074
19822,0.7947023014847178,-0.03122073416592324,-0.3954434220547556,-1.7199144750609525
702,-0.37684120749245636,0.5426072969180711,0.5847948794297352,0.8281319835288847
34142,1.0629982892308147,0.30562781671185585,-1.7427923279006698,1.5865563588080338
42782,0.7584268678691022,0.1917112344051876,0.05035980967774405,-1.5933663714694775
26742,0.0033724573279514483,-0.7844374706663612,-0.28296049077144625,0.5797511320453156
39622,0.4128161451392983,0.07310210709707808,0.05211980280693347,-1.0065743492123185
11862,-0.7823274040645469,-0.24553339382752504,-0.09724586809094223,-0.3442280106906358
63582,0.9802221843313551,1.5212705045532624,-0.9307488395327604,-1.8121604893218932
23142,-1.4512801369720871,-0.6810926025775661,1.862795888049429,1.2646295274198038
37582,1.2657689178026685,-0.08334600185870956,-0.04231753650873373,-1.8376316673021351
46822,0.38561864571204635,0.6634428562615845,1.8599474328184946,0.031398624301295454
41422,-0.16251995040220282,-0.2766456792199125,1.3188348353180956,1.7269025741458686
76502,1.1061084475603282,-1.1379472086775082,-0.19802475195319577,3.4808691334991417
32902,1.0863094741137767,-0.5182781902450163,-0.48641346490871573,0.681397105038872
48102,-1.3570607955690317,0.0038692109714399217,-0.4035839542927999,0.8831675081325016
18542,-0.05137795752052313,1.8420725299927139,1.838518965485468,-0.06123639771564985
69782,0.07934931347271762,-1.4374116941494826,-0.22609570679943564,1.8214599388861656
43742,0.26514073938832666,1.035801330523395,0.6763441185566184,-0.7776396747779316
20142,-0.1800897621879966,-0.2196485378360894,0.05209334496237999,0.93365627965465
38662,-1.0493000044814547,0.9495672423677635,-1.1412980266759565,-0.4089721325660625
15142,-1.2271483037055175,0.8589562370067146,0.7680397297398541,-0.2323708119693737
62182,0.6036868601911489,0.8212342101587101,1.0853260319413536,-0.10293281668420716
27542,0.5817448713550669,0.5512232410712278,-0.8546092854943145,-0.7410511702702307
45102,0.8201963151067287,-0.9731739470766616,1.7237379747090529,-0.057663105098710095
19182,0.8348452093168982,0.1680283901954375,-0.5450288187443194,-1.4357747002439993
12982,-0.667048985072088,-1.0682036172313898,0.47580956340732017,0.31471397816985847
17142,0.9800037506254009,0.32342602093899997,-0.41211261722101356,-2.7346522960048767
61742,-1.1603211584915614,-0.23502794765643334,1.2462708339352604,-0.6323585676661236
65662,-0.37758029750686095,-0.24093028501082853,0.246546975192091,0.8366589492844874
27382,-0.7621003815150363,0.6406875557177301,0.6706664844708901,-0.06635042167614513
29622,-1.8323468629827517,1.9008983117444862,-1.8535023108041921,-0.011447084395153566
56982,-1.0928993946509653,0.4135341470892421,-0.3277404974689443,-0.5007575898055715
33782,0.7440339435259852,-1.0359621849721705,0.7268074497776951,-0.5122763325966063
52342,0.28111062317331764,0.18717328722941085,-1.1676622071300697,-1.0437371475727342
42102,0.061782681168384805,-1.2218593271930145,-0.1079659903110459,-0.7301629137024206
15102,0.2629663100860286,0.45207031771089284,0.7630529388169177,-0.7100036865454908
5822,0.788877501113633,-1.9539332873463755,1.3483929791551585,-0.5622188121678262
68582,-0.4536047926720504,1.263658214587338,1.4415566647119307,0.24151827105393464
50422,-1.4107745961247369,-1.1476142231240025,1.6720122492591984,0.4007404831817196
29142,-0.47961384456534606,0.12571841454473315,-0.699575595206159,-1.6905669892020943
2822,0.2521388170296757,-0.6888616451842449,-0.330292600839843,-0.16881760848049893
62902,-1.1927556307693024,-0.6011611731940911,0.559312038967635,-1.1566104086016653
67062,-0.3070941394193512,1.8157655780650268,-0.5639634488085297,-0.7166118316567696
30782,-0.25687604768786554,-0.384606598053105,-0.9372767677452076,0.905665109585245
41742,0.8676144381084068,-0.47049786972436264,1.0224552200372394,-1.1117721133306724
49542,-0.5122200243078509,0.9801284569990419,0.5454357074529137,0.3318260022980933
67982,-2.2235998093363296,-0.2384521428857317,-0.34652995737372366,-0.7938821254847186
38702,0.7494267503240353,0.9246890565655784,-1.660368524419005,0.08596173837646572
8982,-0.9654140183818571,-0.07775470438213752,1.6987821844351916,-1.5089179939178587
15302,-0.8652803436253267,0.05801706574471806,0.5136046247720768,0.33488397989977853
64062,0.6288993811572487,-0.7083644824674781,0.7360344881597138,0.535562946023433
23622,-0.13851376525969974,-0.5534255259733599,-0.2528033499019187,0.4015905112803398
27422,0.27534972378935235,0.8506858210286607,1.334449789933832,1.224261374368738
72382,1.5797194684607496,-0.7009789510220658,0.2304846067618193,0.2361266564450219
76542,-0.8002447108131029,-0.39592396716663975,-0.1924753608573322,-0.13188737874492953
44182,-0.12637452030580903,2.065353615070766,1.3972583000942926,0.7509162072687032
40262,0.26665074901212676,2.3829699006897855,0.7867388248132505,-0.2988807327194627
73862,-1.7152919793557195,-0.48002775592334995,-0.6175132847867041,-0.5491890382110871
25382,-0.393163105060136,0.4561979912635485,-0.20649581428588187,-0.3763477109503909
48582,0.6820697535236904,1.3775268936143215,0.7176913490923008,0.6110288354603909
52742,1.708508067242692,1.1000783707252801,0.053233362118521574,-0.35547892944725085
23342,1.6695123127997908,-0.8907362458997103,0.32139120135638277,1.3653765847836383
71542,0.06636259117909933,-0.12861665427223842,-0.5732721655998523,-0.5559386780375578
1942,-0.04452051833268997,2.372692014479307,-1.164934222706724,-0.5858323166358116
28942,-0.7026613133188211,-1.5663463308413341,0.6335495710398457,0.10115449542865843
68062,1.5238336609995917,-0.3744754515091701,0.5773484175054732,1.9371795149976956
21302,0.4329542045775882,-0.8985973416700294,0.9733591856969347,-1.4215919123604033
45582,-1.3596120222867432,-0.04616672475226332,0.37045354601071956,-0.7610459058827639
57262,-0.7714515083122334,-0.3023343477491749,-2.1493472693094935,0.10463111855443549
9302,-0.3261069985588384,-0.5304115151871535,-0.040268108169477776,0.2535853826993001
70462,1.6408343763794793,-2.1609061938982497,-1.0549592234896976,1.0145582277624847
17622,-0.22637437178511927,-0.4248588584367113,-0.643139577036405,-1.04877031931513
21782,0.7824863934068972,-0.49513775395032544,-0.988974760422835,1.9517896059437527
62262,0.33859003425821277,0.7460953791981121,0.870113661933633,1.1366893384715575
47942,0.03394803791756981,-1.3228605194005867,0.1577613601052464,-2.65975430323559
42582,0.04441565769400889,0.22733504803394206,-0.966549150586359,-0.007224003392699579
66382,0.39733040233100286,-0.9132487016401863,-1.4063822741099445,-0.6450557748252422
5502,0.3443051354477841,0.16565421638529645,0.3641738426773036,-0.2687769507319616
50902,-0.7419629565597434,0.28436256299979695,-0.2330345043307126,-0.23511535158952881
14622,1.2174362036071942,3.1267663093273015,0.984883335150197,-0.6334319078641402
18782,0.3480972230724246,0.4270853918191427,0.40322824823271025,-1.0713429055385895
51342,0.22708713807097256,-0.944716500905432,0.3704208108491408,-1.9230130754529848
22942,0.3721415911010159,-0.6548212803957492,0.5632571240790331,-1.222411711212535
27102,0.9605617934646327,0.9134130253065483,0.3991547143123625,1.0935492941967233
31262,-3.222272842955867,-0.5231803601648909,-0.22613061706775223,0.09280177171169192
56062,0.9578305006150659,-0.2614457619643632,-0.052334865397603264,-0.2590153722715845
862,0.06689953522680052,0.42534799107496374,-0.09439934204283232,-0.5005779243767056
47902,-0.6937594220744703,-0.7394393099674084,-0.6206404640052218,0.25221436057865465
52062,-0.14327413620362622,-0.8212806001116236,-0.8976602253290626,0.3368027950087728
4582,-0.36422227180913164,0.0624422911432032,0.06655320482359092,-0.7506100640692714
9062,-0.2885032883195132,-0.13567693629565541,2.432624129636315,0.6988212400727638
142,-0.14732680228216416,-0.09898691811655494,0.1437506552705413,0.15253224646567892
19942,0.05092291383640738,2.3352804807857725,-0.14393614960547116,1.3123682966372698
64542,-0.22509216837893736,-1.446953646983293,-0.9470439810639292,-1.9043629468476275
23942,-0.6134027484699025,-0.4296299237455353,-0.27248062489179453,0.5754395920404611
28262,0.2719437129538027,0.7997039001353775,0.9608857162140022,0.4008880111963532
7022,0.2116952131542052,-0.49912366584847345,0.4095855023527591,-2.567548214090722
77022,0.19558863716968136,-0.7028385294837834,2.0220867423429594,1.1800509768770573
27502,0.1822490791794672,-1.3996426313400432,1.0395125871486057,-2.0020829764393304
4462,0.9859350372040331,-0.42339621218119394,-0.05001625709693577,-0.11149355122114908
35702,-1.0901326530260205,0.563971607217105,0.19254238757239783,-0.40116141642681424
8622,0.4376659633244687,0.23943631312381763,0.588328275140451,-0.33142976944683156
16942,0.4996717025462898,0.15260969531767082,0.13384081057426397,-0.11263475031367014
61542,-0.6718597492394615,1.8770139419949938,-0.021710858277332143,-0.2354081318056752
33662,-1.0803076373261777,-1.4004321573478735,0.47740156127948913,-0.538822850973028
25262,1.4026534944880833,0.018200794120178738,0.6166909014473879,1.3972119276083934
74022,1.2820508540398574,-0.4999492458187326,-0.8415488789406745,-0.3920930256658719
73302,-1.6086036018381649,-1.5282058717816596,-1.7204783361735887,-0.7203384527954438
13462,-0.18436342809626025,-1.379385198819396,1.1066869200436276,-0.5894633375215986
72582,0.323614096554076,0.4222612549990815,-0.07608569264205114,-1.1298415183498192
22142,-0.8151226175441081,-0.006538096154489467,0.9502595111670803,-2.1896114892293177
9782,0.5702266336478945,0.31526065392908187,-1.2801752221231983,1.3008442121145432
70542,0.332200342256859,0.09127426103281584,1.0370949461779728,0.27776578156439957
58542,-0.4432845897284231,1.1853703400004538,0.14886317283937692,-0.7045188398695499
65182,-0.8712351899892017,0.989528823018751,-0.7867433059444202,2.3714345550687166
62702,-0.3004870447701833,-1.0630415455661342,0.027441094899344244,1.025933972808512
54262,0.6014699480965557,1.392134633651276,-2.0356191221903983,-0.7423595004222616
58862,1.973081660487493,-1.9907944765912813,0.2620554468059133,1.47594727773597
37782,1.5691040523079582,0.45492891248480205,-0.2724021625319184,0.7476979655956248
75182,0.388134545899285,0.5376416317244395,0.5024367667924122,-0.7057292063611075
2622,-0.4630054090015744,1.1119437011841384,-1.0323804225269435,0.21119367894494578
12662,0.841184625605287,-1.4386131510172802,0.8465583431216975,-0.7259609947901188
15262,-1.2295456184959122,0.46159017036017913,2.677687742992915,-0.9863291737206248
10942,0.11753568264689225,-1.9794516026042972,-1.032061524300857,0.5996065951205571
55542,-0.013148299239697646,-0.7718781149945881,0.0596366352877087,-0.8567657011355138
53662,-0.8176751017377308,0.30767541587774677,0.3296065221523732,-0.6784941611617854
58182,1.6208581075185653,1.2847541592525522,-0.06256433480166043,1.8512425142947777
23462,-1.6237429259959675,0.3262842681701875,0.3135764838419814,0.035136746457984674
72182,-1.4622473457940013,-1.5487092652337406,-0.7849801581502801,0.742058037379723
76342,-1.663317783224734,0.7226026460055828,-0.6566279287233635,-0.037612686339753454
41902,-1.9622556213838234,1.3166549261525562,-0.5102431953324589,-0.47662784856963913
39382,-0.8478246017685312,-0.7091777820276026,-0.3642071301816477,0.6332091990649954
48382,-0.6027655898802611,0.8434672306426235,0.05931654860459073,-1.2892874963123369
12102,-0.7026669390193027,-0.8702756567808503,-1.717374721994547,0.503922745310629
11422,0.762950179521085,1.0159797246455282,-1.0103144469131207,0.7814907978354609
9142,-1.4834241476866379,0.8622744911021888,-0.5405837876207858,-0.31346701437576435
4742,0.3911699067717819,-0.2965228508578041,0.5026174314319664,0.031111249236940454
69182,-1.2749696560544017,0.7654084155621993,1.8581839751706535,-0.37973799951190074
73342,-0.9855536359241764,-0.9304062484725626,-0.2110353135285419,0.03674172405475296
68542,0.2996196168812484,-1.4429914437258866,-0.665106414844537,-0.48294075337309356
782,-0.3639360140758177,0.08612329838513683,-0.16827479153747396,0.06413419587596164
45382,1.192493805054823,0.17755043290696434,0.5089738042825682,0.6810877209505236
20982,-0.1523903085189688,-1.6713271928381541,1.2529622374369185,-0.3454545950985303
66502,0.24765320103462238,0.23541002787786452,0.8203174719006202,-1.607148250053617
75662,-1.0409033946546198,-2.124553105197233,-2.115982774799764,-0.22418869344418438
57862,0.23108164952087484,0.0784952692589255,-0.10338459509719793,-0.6355713056956713
66142,0.16877021023762637,0.26235992597495755,-0.9000967638800718,1.01369962514276
66182,0.048853119748124146,-1.3235080773042798,1.1264045904658608,-1.6023401932793175
70342,0.6734663869379713,2.834100084858514,-2.0409556956396804,-0.08332364384699578
74502,0.7856833164316401,-1.0188762183037152,1.3884394901340094,-1.2042192238752094
56142,-0.34658630715711136,0.2866369183803673,-0.6981534847261422,-0.14325956424442177
982,0.44585412685631615,0.5950462457514685,-0.7445962078790581,0.17323740661533304
33422,-0.6034567308872222,1.33058928552235,-0.7168899861202045,-0.6980466278098284
41502,-0.017536489669560704,1.119027906103369,0.718152337263367,0.22885612114683795
50702,0.03506795785591103,0.41088254582038425,-0.24407518368725448,0.4972573312508717
60382,0.01098024584696198,2.350215469860107,-1.4971582492189734,1.0037167267384821
22742,2.63246057708891,-0.2296759901991872,1.2886082507717118,-0.9391387153070473
71502,-0.449281520915293,-0.003341847739746534,-0.3164506943029265,-0.3284700088453186
65702,-1.0739284394350064,0.8040354019560125,-0.31834552651204834,1.2880680124341033
27622,1.8822960730361393,0.3112327125046897,-0.7937356246878572,0.8978594076644775
9622,0.9397514306846528,-0.7700863773418529,1.4173559977148376,0.856212491999539
47702,0.2929687184843458,0.1004695375993143,-0.529613457703061,1.388748904765494
66542,1.6166083370885824,0.4729846150314538,-0.4254301792786479,-0.012481334798129778
56022,-1.0130445828246157,-0.6161108205726357,-0.3082106422403575,1.4503988667379153
60182,0.8432875349863364,-0.15691464758131238,0.20084456029029968,1.0454324802164714
23902,-0.16185124365299344,0.0683521944794768,0.013427691592456615,0.5961787211444637
39422,-0.8230584138559046,0.5828962612853964,-0.978577892426158,0.23836483079058415
3062,-0.12999994957293387,0.07733829029516699,0.42986419565950434,0.8116560578100214
32222,0.7963366105587425,0.913244321236325,-0.02537592244354018,0.11542924089903883
36382,-0.8750699560040693,-0.40965237996693754,0.5576858781563476,2.857975293873105
102,-0.22208444815286027,0.21546162513129896,-0.13381202314668839,0.03596744329217759
31742,-2.1375807225218675,0.13147528465655225,-1.4450533528763967,0.6408895172175685
48862,-0.9065004794438415,-1.2275981623311554,-0.2654796316269371,-1.4218070483268017
8422,-0.15982405924771032,-0.7849435974923249,-0.06393431184427491,-0.16799660177777073
53022,0.856384959978186,0.5086494445388073,0.6398957165397037,0.7221872835764527
64342,-1.2856575571551372,0.05415394413517047,-0.17972004685376178,0.3109842668135124
50182,-0.0156573279778409,-1.2688887394173978,1.1523438956301058,0.39461468266488153
20902,0.35362029614615953,-0.7379074249960973,0.7637711433648645,0.9665873433510372
65502,-2.0665830608737106,-0.6427025388684092,-0.04104920844573799,0.36042578989282464
69662,0.4503998702058316,-0.21454840862054272,-1.2169017234478412,-1.3007093811440593
29222,0.9478995919387065,0.6913065097680022,-1.2075124556467667,-0.47174597117858685
54822,-1.0677476511124158,-2.251593742923335,0.6569209195153073,-0.09544665123655896
27662,0.4598557898951041,-1.1213703200830503,-1.0682366116592747,-1.1699700994555562
50062,-1.1319283271073566,-0.34603432926623123,1.0023842595054755,0.5106614968774382
41702,-0.5022983078168642,-1.0640565317407358,-0.26368731485121316,-0.32948650373058275
43182,-0.2452826705768958,-0.13322033804156533,-0.7752355174253353,0.4714895830197069
76822,-0.22539790314159952,-0.1708162653319333,-1.3091654436557805,-1.2909972892285149
54182,-0.34468010101523217,-1.4882397065685211,-0.5662050488031157,0.8319112886971015
62502,1.1981939500337206,-1.3545809452048059,0.7837021233145046,-0.6781778058489868
54302,-0.7210379953320508,-1.0264723912189615,-1.959069595477404,-1.1910066354347761
30382,-0.4672962910905706,1.570641788860259,-0.9679546397914419,1.7139445070549522
34542,-1.0893735722826943,-0.0715405022375523,-0.22266436599444459,-1.0754142420211061
44702,-0.3202598791720666,-1.5651370586332247,-0.8330701049964163,-0.098775093090351
37382,0.08844295081305277,0.11611292581692505,0.8007459436510553,0.8458845616649453
52262,1.483151116965947,-0.05592198112595309,0.18433488490608627,0.2382309424835204
47022,0.6035280383576447,-0.6146593012665704,0.10792030138638642,0.27567784411267
51182,1.2552459066976307,-0.5695191766156508,0.507943083382039,-1.1228154850348055
19062,-0.4820682283857592,-0.4018818816211999,-3.6893801153471713,-0.07806987410252726
9262,-0.9868458581891698,0.07808557615737269,-1.5296664470897003,0.7880122271859694
23222,-0.5853204092908482,-1.257346667525447,0.057116430225299025,-0.8219671020678022
72062,-0.011130246634630896,-0.3244369110518999,-1.1105102199711232,-0.249753421411867
67822,-1.816935194890418,-0.31975349470594344,-2.348460867008465,0.9378112850441853
71982,1.087192858195417,-0.0402352085795816,0.6783544759084125,2.0035041501808712
57182,0.23152764566055023,-0.758207587199911,1.2061053807506918,-0.7181261714692981
27702,-1.724934229104095,0.28200459544326395,-0.6447897899335545,0.9253953496749745
44022,-2.192685573148812,-0.9787833512419897,-0.5468041253709244,0.4302184924607966
34582,-0.05765832060853566,0.25109524454347293,-0.07474070445729931,1.404506759062068
11902,-1.0322709517888617,-0.9985940415336304,0.843972524147597,-0.5639101854094706
25662,0.9749044833002574,-0.7346054231453012,-0.047090936018563144,-0.03046144493410363
16062,-0.38468845903914434,-0.37418056552330214,0.19651778460193153,-0.14892510599990802
60662,1.1570757650719898,-0.7982112349166856,-0.3357467998646019,0.5697862685742676
64822,1.3839192229116213,1.66580682885711,-0.8399430580795647,-0.6915584444118452
182,-0.31374424411324225,1.283252357506357,-0.20295127494480858,-0.7924563676839324
74822,-0.7496497582511502,1.1333304972384701,0.009118734719167647,-0.25144443233234776
73142,1.189832385255732,0.6496277004290333,-0.27782322450440133,0.8706597504261833
66702,-0.36684613497866897,2.041996495408552,-0.8155433157107969,1.050117002535732
77302,0.4339248311821026,-0.05442534761084929,-0.0544636824987031,0.8826107948734863
41022,1.0853387608394904,-1.0064874247195044,0.5509359333064927,-0.45690585984030385
11342,1.5413679480068625,-0.4683885510097359,0.10294758244449362,0.9461612358820567
22222,-1.0727605557603903,0.19432057812478606,0.4113805337451026,0.3841171371425376
8902,1.1076619293009884,0.812566634817799,0.7984975654916489,-0.021759126503166148
53502,-1.002803004980772,-1.2970450130860407,0.6963731871580929,-0.2383642341891963
13062,0.4966409746625472,-1.4886751476395945,-0.4297696049659726,-0.18215243343885634
75622,-1.6852078386041405,1.0838564394568806,0.17596270550316528,-1.0051588698967109
17222,0.7053672048218809,-0.8101473065940733,-0.9300176695518616,0.16642215200511729
35342,0.9323189136503229,1.0646467491482023,-0.08187796554253692,-1.2382211174564304
50262,0.33480325206027256,-0.644334797037986,-0.11581898072716125,0.24638661117554286
1262,-0.2524635933521632,0.7692793789409058,-0.37114650169551866,-0.04604463359010947
25542,-0.6664407924346891,0.8775988872195553,-1.1629104612514876,-0.1852164964089122
70142,-1.5743541661486267,-0.6663715483097385,-1.5666162294885735,-0.16110900501899728
29702,0.611886422945463,1.5885788575227795,0.7047428103452003,0.1392792771482365
48222,-0.23251293372825144,0.6822377418459792,0.2236862599802035,-2.1198352855498275
5902,0.00893564562457238,0.5990097088564363,-0.8962455339672181,-0.8415388550799574
10062,1.6711083159713696,1.9978413875172325,-0.16773701440794492,0.8591463402396835
60262,-0.11677791543426991,0.08162979785429945,0.17644994346313495,-0.9680627155131079
35942,1.7605623024739354,-0.3194196783680742,-1.8806877927695587,-0.40529835946545045
19102,-0.22975920703917485,0.049767887560050704,-1.0101426076531757,1.7080191770979092
26702,1.2716008573137132,0.7829549474315937,0.36867299071837584,1.1660802721049488
44142,-1.3649105067262024,0.3166102651591258,0.6085040541393102,0.8637241233905998
55982,-0.2759229414293866,-0.6169482353045875,-1.124673869198645,-1.2058890847040475
9582,-1.8243649075062383,-0.945518070405381,0.295054143822927,2.128744350210386
33982,-0.733942584008907,1.1320074882724567,-0.06424985096656873,-0.2615870625951078
72822,-0.5015313831119479,0.8700997745596695,0.8390040163674459,-0.683352173070543
46462,-1.4639107287853197,-0.9159798668727162,-0.9734940042270992,1.6403317894582845
51662,-1.2010063732879876,-0.17758180654131164,0.7575426054542451,1.1613165838319586
15382,1.3292601202803698,-1.6203490680597616,0.6019563538162949,0.22171165080354432
59982,-0.5010723953523576,-0.16880274004559864,-1.6321670625663547,0.8220543751055225
40062,0.21779003468855457,1.0380417091146177,0.20310224023377474,0.4370331402918953
27862,-0.0022511386776673543,0.7177104613479658,2.025067664557644,-0.04643559697790172
13742,0.7310056068016074,-0.8248266106284743,0.38642108715704215,0.6623592088749959
32182,-1.355479363707743,-0.8436959525556263,-0.1364176861146624,-0.4825415401367322
53782,-2.541123965667752,-1.0097731006169817,-1.286887638488406,-0.9168187131656609
40342,1.1467515693724217,0.1246772625131711,-0.08997194231797981,1.617587161967497
44502,-0.07795030733335409,0.11593749244445539,-0.14246046334093562,-0.1089070808314958
8222,-0.6403949918979712,-0.11079997281921666,0.09568926996299419,0.16128189501585377
40422,-0.09474413559547926,-1.0806768808368519,-0.9218595982882921,0.04947367910570468
12382,2.0898670518256783,0.8911700901279316,0.4030608789863991,-0.7661534065176997
22662,-0.7856955700077467,-0.1238675314439589,1.9822228092780974,0.5489906082630525
76942,1.719906051383377,0.44631843437839214,-1.073375570658769,-0.6195724261859045
41102,-0.6627225397233864,-0.60471219564021,-0.07418612183259977,-0.1689644194824132
61142,0.2823937627318396,-0.5689756238220756,-2.4254147051294193,-0.005622021781566495
65302,-1.1171622379667057,1.281099251976301,0.293811275486896,-0.412988607480278
8382,0.3660373190445357,-0.6556244398648174,0.39094938664830114,0.7962847062908428
37742,1.3424009166310495,-0.04834062199997795,0.97316999711266,-0.9298536598444191
64662,-0.035348098446011646,0.2699030261261471,0.30119113035868944,-0.06264447833417756
7822,-0.7701846921105802,-0.27039171419352975,-0.2548421576545853,1.972921401032623
37342,-0.6607640847588421,0.3450181938428748,0.4309575269391523,-1.0830102533208106
50022,-0.9820449897522031,0.6192675086367312,-1.4434606970583812,0.7090099922083513
1062,0.0896572326711989,0.456172092418938,0.4805099847763468,-0.0794069945926799
13182,0.03784918395256166,-0.8741059211098738,0.15285360040957258,0.08340835271399744
5222,-0.4822810192923769,-1.0041208055372326,-0.9040865283466409,-0.4142395430534972
62622,1.0844997269208718,0.3087250022919254,-1.0217671007572968,-0.8262574313750757
9382,-1.2985855030537368,-0.46234090425244856,1.1582727089490923,1.1098392914241006
58942,-0.9370865452751428,1.3813186285222876,0.7418569274859409,0.6632931073279409
17702,0.446211532420679,0.027833268740891804,0.14385145340936897,2.1405518748079486
62302,1.037852003043996,-0.5843561190279069,-1.0402390584899108,0.07869950840202491
37062,1.166790216235471,-0.7112077553234291,0.34498271313099343,1.8324650253839982
60582,-1.0441927997995768,0.7368029665846136,-0.23112971832380047,-1.1662795333780047
26022,0.24074030010467223,-0.2963327076727675,0.5484631362060577,0.2389733120988497
70622,-0.171373957990222,-1.4516195347015883,-0.19987459062482021,-0.31549500806766223
30182,0.38856294766664334,0.40079313676424067,0.184206048368604,-0.02987312877948867
74782,-0.09870044636368455,0.03658232283447901,-0.31022353002226044,-0.4262294885126677
34342,1.0622556542886052,-0.1080199241386738,-1.520210805713471,1.0028448661680593
12222,1.1088267745940728,0.9558205399876072,2.733562377535428,0.07694924167752892
38502,0.5660331264290646,-0.26264172431033,-0.13790882821558836,-0.6839668735516824
38062,-0.22040252906546448,-0.1613257086841375,-0.47428067742154817,-0.04208063790945434
2222,-0.6515273311034168,1.8145202629998038,-0.06028954449777156,0.5749383989627315
6382,0.3814869499641604,1.6131512490503224,-1.2965298369981118,-0.5527835828458487
10542,0.6852900590354627,-0.5732687064904972,-0.2915392929502756,-1.224093286203884
72222,-0.29745921227501154,0.5672307479392911,-0.38743294056589367,-2.108053028465421
36022,-0.38680396601092987,0.39124932543365853,0.486396157797285,-1.1470810326805123
67622,-0.4303496359516711,-1.2744784301024064,-0.92769719372719,0.13884636750188897
71782,-1.6408064662895974,1.0048836844972753,-0.2613632010104764,-0.11022756551609608
23742,-0.5742577229619387,0.17959815401800575,-0.7251663860699439,-1.702242535545611
43822,-0.054639788890006355,0.9472903530773352,-0.6909862398792331,-0.8543907128228265
15222,-1.5237946506120397,-0.5007915232599528,0.9869165624398493,0.2743221297597967
72902,1.3610121877401047,-1.69739144900098,1.4827463762224986,0.2208311562925277
52142,0.31822106352688884,1.9079869247430759,0.358452775024617,-0.10557273638389447
15862,1.887271858984368,0.960532433623221,2.0054938561941253,-0.07479343580635761
20022,-0.14942299295015654,-1.2528558024258822,0.10383391350686293,0.641434381673697
24182,-0.4208348832861811,-2.2734708725835184,-1.4811551559325296,-0.06812830976926601
70862,1.658682753254444,0.9802867476608966,-0.1610776410327148,0.918610097513516
68782,-1.8435431706418495,0.14955939548957636,0.5552155898959168,-1.0809857982102113
72942,-0.6049557208115689,-1.257808714199037,1.6402005670116253,-1.6897946508568404
14542,-0.1726653621336291,-1.1251445906849133,-1.0835224401648045,-1.2687901970556237
15502,-0.15590784525989612,0.4031673325720004,0.7042670279685608,0.8195131403635849
33942,-0.4850509705450784,0.3301817053093626,0.033339761699913845,0.05344058659838653
8702,-0.1836997175044806,-0.6607372927927656,-0.5278770799624487,-0.6638320398985976
52382,0.645688430526112,-0.4283246397677458,0.18115438817631893,0.2924719506445233
53302,-0.7693482022983716,-0.7516008510179095,0.08720241309035329,0.3386873888035794
57462,1.8383758261514698,0.6353121248918953,-0.7866632597040265,-0.2738467026134791
56542,0.21450970070398012,0.7580112049347618,-0.8868443483600339,1.280777499881568
61622,-1.0741866043674575,1.5000367794204994,-1.100296631568538,-0.7738752298524784
65782,-0.8950587257672817,-1.6951423122453297,-0.4273772443741612,-0.07408782820858272
29502,-1.0976882917215571,1.1457383478015846,0.3290946741528859,-1.6496497711922096
19662,-0.49896413366878867,0.054438471314813476,-0.4912010110389668,0.2678854112365892
75302,-0.9142451806224938,-1.3604349425164337,-1.361225501259951,1.0348058584576743
44262,0.700448928768603,-1.2491096676248477,0.6154781740683085,-0.7427868436368127
41982,0.11153576573626722,1.2766004232947814,0.6269517117567178,1.8694811239853018
1542,0.012840962187671718,1.042228172564661,-0.530441132593491,-0.8009506460732209
5702,1.5979868436612776,0.034969401930560993,-0.7676655453979185,-0.08515384947416905
11502,0.8374915340690745,-0.22586307514419196,1.4510230720283976,0.4019600923510487
44662,1.1430052234828854,-0.7234946017231535,-0.8793652249500622,-1.2243640512109903
58622,-1.1047313622856323,0.923277815311653,0.5350172203844306,-0.35948122916424174
18182,0.932219713981896,0.05225239895534269,0.02389965859851256,-0.9856887916863001
62782,0.2811663778649194,-1.963698012138558,-1.172742884010034,-0.9944036337283624
22342,0.7681688849474515,-0.09930809364123463,-0.038932512531125944,0.15469108087899353
64382,0.38583884424201986,-2.0703160693069096,-1.7069848052827588,-2.338450967316152
26502,-0.4869079079342725,-0.7972409585128882,1.4864121962730912,0.25802632822080346
71102,0.09462242855235382,2.2766670071402695,1.422162981309904,-0.34471512600943205
75262,-0.6760952061186728,-0.1388803194567095,-0.5391075600036608,-0.8463711351571847
34822,0.15276682810121586,-0.5117051582794183,1.6358547330510307,1.0244960969878365
38982,-1.098240237166328,0.591525815351222,1.179003634646729,1.2449948526960313
55942,1.6254677322316273,2.390227176618285,-1.6262636814006055,0.7578176942736042
27902,-1.4173364593963458,-0.5521145496326298,0.8757829386779933,1.3269303660102103
47302,0.3606343809605588,-1.6000255080811423,1.3083778306366494,-0.3176892240219468
15182,-0.7804071081382186,1.5678732812224552,0.32383679599895226,-1.0688706385548843
63702,-1.4099545100786244,0.5525100613165064,-0.7827682479123838,-2.0139318758308367
25862,-0.5881526006290888,-1.557069780549039,0.2991571860911343,1.176163998038231
23502,0.20039479114450923,0.6025470635298926,-0.5495455377932222,0.6424292820876176
3342,-1.6514730363358656,1.2844229876519828,1.183879501112401,-0.08042539826575741
40142,-0.09766040959141394,-1.0874087861766868,0.7726901636117385,-1.4370088782925972
8022,0.37780970246469026,1.2784197644981963,-0.21114277203066883,-0.3578869476592505
37422,-1.7716789029025093,-1.561578519425378,-0.7115268746315745,-1.828141713097313
32022,-0.11273910783442762,0.2197591247121426,0.13631329727945452,-0.1644920876361004
16262,0.8718331901296986,-2.3793607519422197,1.2622827881290837,0.0798733068594629
56782,-0.6406047280494573,-0.6430923072946229,-1.4802607083258763,0.24019548635529786
53382,0.8105320519445038,1.076245668480493,0.8653958893583382,0.2680761525383443
20502,-0.2245479189160554,0.5787075137756581,0.9781194069865697,0.5918465764151959
28822,-1.3418716296857052,-1.9093967497460116,0.8880552237762824,-1.2038968944702866
37142,-0.5520750563318428,0.054734926103671734,-0.39033114232235927,-0.018947203072770348
41862,0.5591114269576527,0.9311042490136353,0.4053968500471265,1.279671010077318
68902,1.6493019573938983,0.90288933816711,2.484738234175517,-1.0051529933031693
9182,0.16943532466123196,-0.36776371714010087,-0.14060281189861096,-0.758099922171088
13342,-1.1853980188959008,-1.065676018074813,1.7610341502182816,-0.28111239795133625
57942,0.6280291040422548,-0.7647632283976091,0.49073965650214585,-0.7135706166951803
25902,-2.0626340569027772,1.050927437468421,-0.09611635221319483,0.6375632874863758
74582,-0.5504217243511064,-0.5273996723795908,-1.1280665105723333,-1.2237564535798873
51422,0.12067958985011987,-0.2973393931599465,-1.6813500838553632,-0.26019600295861045
54582,-0.14337840232318644,0.5941344510343042,-0.7329316921208113,-0.34899828998698873
71582,-1.1332921215486664,2.283144726789384,1.4713730635018805,-0.7204616766412291
42462,1.038638743891484,1.2350714205305329,0.16366734140635447,0.08196505748355572
46622,-1.4418022852410535,-1.0015937881394246,0.37785177025092026,-0.6952097703087049
10342,-1.0784448124581654,-0.8750576599063331,0.34157184058229684,-0.16235010611888234
52542,0.3118183935928368,1.0766457092912662,0.4875398107240503,-0.8690720152014818
14502,0.10564386699522389,1.947756866406306,1.0668208268678,-0.3088521513882911
59102,0.062326390217028405,-0.31810123631100384,1.2222236982670076,-0.7090436629506912
18662,0.12336678416488867,-0.6602346360420449,-0.9082332630523334,-1.0732167202095202
22822,-0.5581846302875957,1.4490293912376393,-1.1652194832579863,0.8701947561096205
4662,-0.7267351640234817,-0.20439426361840599,0.25043976142872504,-1.588636885400717
30022,-1.9302157773907653,-0.3148901509120845,0.9165408607807712,0.7742997615169627
31142,0.4911550053594737,0.09213868976297772,0.9242117774390803,-0.5102217561003253
67222,1.784556768476875,-1.1381942901331057,0.6855076158231503,-1.2292082792773875
35302,-1.390817724003899,1.6414216257008196,-1.7667683942193078,-1.628195556934839
43622,-0.32203652821937545,0.9150232856776003,-0.07088377500864551,1.5176085521236469
38222,0.48380810887194714,0.06663266452359533,0.39020490878573233,-0.3644381906342913
47782,1.1872248940191632,1.0420463521348544,-0.6963368995223819,-1.092032278543927
51942,-0.7962037557487142,-0.5791220710428606,0.09507225539644858,0.41156093393054827
57702,0.33425932414154824,1.7637634740804244,-1.4720902438829921,1.4154750764917838
15662,0.017018989515843394,0.2858746798126479,-1.0560689356726334,-1.0790992373003163
76142,-0.7564309203577211,0.14865268140187646,1.1079555116685764,0.5973341252975913
39822,-1.6569968185300932,-0.43940231076694725,-1.0469272542390031,-1.4449659679440399
15702,0.18735394769272018,0.06389988194358218,-0.18254185925841016,-1.9617908409307403
23982,0.4341403663960474,0.10977234378748624,0.0894119945707674,-0.266183856450874
43422,-0.31560256748666055,1.0121403286989417,-0.2351870234308976,-0.5072398779164493
76902,1.8120899999158695,0.8560631334106058,0.49052267187525556,-0.9889202975479665
3422,1.6781290149607928,-0.21168818201534806,0.35522846956897686,0.5210164149238901
40622,0.21477477022589386,-0.3837141932251342,-0.036256287732389765,0.17716004843237726
48262,-0.8301128462378911,0.5335118909854791,0.4297205837030631,1.8386297236998639
64742,1.2121413500488767,0.8036003631642403,0.8185076006154098,-1.3045681677939132
42342,-0.4214222128414725,-0.13524956068481278,1.9243091182642253,0.7256725617491412
16822,0.43626065431510835,-0.42259969315520596,2.444990907884209,0.006496260923743091
1182,-1.2860716863763877,0.6232204221586508,-0.02875378802719281,0.29432727530989505
20302,-2.4077673696622424,0.03392927352586973,0.8675998624267232,0.39373823509823497
43502,1.2969958169587088,-0.2561714635489283,-1.1418298507647928,-0.31372446607500315
25142,0.05127945707622944,0.06561417884821041,0.5965486339529361,-0.4661144409538826
71022,1.2307494601961164,0.24920856327304397,0.12728792877782744,0.6490470968838262
33462,-0.7548776922216476,1.0457834066223473,-0.7796440179100251,-0.6530061331621051
37622,0.23918207156789312,-2.172859325353055,1.3130725210084935,-1.62646084292501
10102,-0.38795728326062195,-1.2742872042636573,0.5300845525203459,0.501279399224321
43582,1.141407831690361,-0.27376047941273124,-1.1842658462236355,-1.4814982183143324
17782,-0.7078414459618828,-1.2420882724787252,-0.7072199311238263,-0.8491642536088745
9662,-1.3332425900534604,-0.6162467949971507,-0.42755144376861864,1.4815493038177567
13822,1.3766252826444905,-0.7451681384438837,1.1106200541899154,-0.5233339240371815
58422,-0.140178939657522,0.5063915637719048,0.25549566044957905,-0.3623454799193137
75742,-0.28008845573475305,1.7551327367013203,1.5341201213563753,-0.10455120437353739
56702,-0.24060944335181753,0.6059650726115371,-0.4132611149566892,-0.619771057660264
66742,-0.6771044852794208,-1.2170085788046396,-0.6978160431085879,0.011772175820861687
70902,0.20220393675285792,0.5057696822215472,-0.9298734903572087,1.4626398868897836
75062,-1.3589205582136223,1.4019320650788754,-1.126131697529848,-1.1209448143618594
12182,-0.8526564134774535,-1.285753288342435,1.3842119391122252,-1.3066448388570473
34182,0.2684476685537589,0.40646158465171034,0.5844797751158195,0.542461610088523
2502,-0.30381261338511056,-0.9118798877777481,0.5925239526814018,-1.1997948033338834
47102,1.2102722537962038,1.1983686709390224,-0.5472263519516793,0.4974157821376523
51262,-1.3557654838276003,-1.3604761606647389,0.30952598713174845,-0.5368458029900854
42382,0.7666774967778317,2.303860640095758,-0.09886630045743483,0.18731068514741409
41622,-1.0315965106173806,0.8829341908243143,-1.16287158712383,1.4492398632823063
19142,-2.0237523250586005,1.0346223205444,0.4349523286556771,-1.8404442106934937
63742,1.4838905245721297,-0.18371665359799816,-0.47341240108426985,0.6157428031800543
23302,0.02885909926468811,-1.7447737776481242,0.4584604863064397,1.6788532399777722
67902,0.8328262549152315,0.5018698103695831,-0.2269840361571759,-0.5166893851265695
27462,-0.2838183835602871,0.7607257510199591,1.0634841237458146,-0.8086569706351985
37102,0.34306716989150676,0.4376531208639183,0.27536511359962307,-0.36565280039247894
60822,-0.1840234984523172,-0.6244965938882817,-0.5823251383693218,-0.062401078344936696
76222,-0.13113901402248693,2.0523225379124383,-0.010788727427040203,1.0217832830489064
35782,3.378920106270631,1.0691472807825804,-0.773625025625301,-1.4744507026365736
32102,0.31465094466236276,0.562970047318533,2.1381056560148033,2.0104246396572862
39942,-0.6028877368036509,0.832613915741527,1.1651560124009814,1.4175649910797445
27342,-0.6855397402135311,-1.6315910284216588,0.3922701166965463,-0.22860289173176387
27982,-0.5491585110286243,1.0633686576989974,-1.466777692075808,-0.05224590940854454
28062,0.680156011696742,1.1580842847674735,-0.8054300741714204,0.7193160543801633
17822,0.32275208030103963,-1.344784282060338,0.4186927084029468,0.23209582972267098
16142,-2.4503573941709575,0.38321913104122346,-0.28613679533660413,1.0039191709918167
60742,-0.5808933550202338,1.4890749434243131,-0.7826884842701982,1.726176112445771
62022,-0.06360480661542033,-0.9542014204841287,0.5473058527810902,-1.1794878979751684
56742,1.4758377424237425,1.6062858985745383,-0.8173018734251568,1.4634552040214597
69062,1.717288865850433,0.4487399886681432,-2.003872015712732,1.202749427276107
32782,-0.35871918979200584,0.13833390787481126,-1.5413016613431534,1.0942994424224755
64942,0.3803377710084286,-0.8964772296141542,0.027929209660345355,-0.3454250048198838
73622,0.4856331249277988,0.7719959550251436,-0.5815882407825701,0.7692913204649852
4822,-0.22456923090706457,0.6328519131437793,-1.3547236592915004,-0.5162883237261254
35742,-1.0554237186626265,0.2508778772692589,-1.0484293166968888,-0.24324554901302356
1462,0.7714171149922542,-0.2504776681691598,0.6195280072140905,-0.07527761628715567
25622,-0.6748753344249621,1.5167152732578606,1.3119690135246402,0.34200179919290563
72542,-2.3880638700768873,-0.7118367503904172,-0.14861774318300583,0.028756698250143996
2942,0.4143673119802073,-0.3473771553790816,0.2573525939003573,2.114257793642882
28982,0.19037177451184412,-1.0507786706439455,0.1651690503587874,-0.9738069657335925
60862,-0.9506502729062272,0.5132773261259899,-1.5105596451329377,0.4315851993905789
38102,0.9134129949904717,0.5092722935097361,-0.2789286865333672,-0.010963372848091298
1822,1.31472983322364,-0.34561793046260053,0.07985559703942281,-0.0542711643273851
21382,-0.9584800262551664,-0.7702408980218667,-1.293055742267421,0.9810992273304736
46422,0.3095556814134146,0.5553949447254765,0.7235299847375299,1.1277741135820658
40182,0.23374228997589885,0.8677092675879841,-0.43809550828803107,1.5199259668140384
50582,0.6845949400786197,-0.1363226407398758,0.19107771286955427,0.578688700454666
54742,-1.3490870327006363,-1.495059746671076,0.1352234627233647,-2.421305265080503
22622,-1.4198059810551487,0.6833169253659805,1.185058462287257,-1.5767918629241988
36302,-0.2384077966705754,2.5395620943882813,-1.2938483840978916,1.1943063604001662
30942,-0.11267179765934153,-0.4798587519877602,-0.482927398505786,0.4997989268775024
35102,-1.7579326439396157,0.13776870187470638,1.830805632196529,-0.9089806226249713
43982,0.35216152462333516,0.6015663670394147,-1.4477841569614354,0.2998267383519282
39262,0.6723777542039563,-0.4264700304236165,-1.640700266596132,-1.4406317141197336
70222,0.6265377851029026,0.5228565993714093,1.0000252587195713,-0.19675675814088983
24022,1.554186625408802,-0.7501953654529094,0.2873321395301903,1.1851450805901178
47582,0.514687783706565,2.0060860534572837,-1.4042088174114404,1.6276203230069946
7142,-0.10658207914375814,-1.0937505634737446,0.06165344842931106,1.268825896339067
63502,0.28715402373667787,-1.2475933751409465,0.24158289010004122,1.968549642964366
11302,-1.7822525951896564,-1.5693755973877697,0.8007392786133067,-0.8849645512597462
55902,0.2819962787417717,-2.1551377108306387,-0.7536895312206185,-0.057580458129962965
15462,-0.893892030094444,-1.6235218154543298,-0.07151636708785547,-0.478592633694167
21982,1.5659641627820393,1.37694349750379,-0.029136663559712724,-0.37965336423087354
19622,1.9821948458077274,-1.3478128340460975,-0.3614795635056564,-0.7018444040108965
23782,-0.2658933160047266,-0.35608679988467024,-0.37748585882731567,1.084360630488698
68382,0.6725243053543609,-0.03683099626976296,-0.4971369088548541,-0.899667451310934
27942,2.069944056750104,-0.13759883503079715,0.37802106799345564,-1.6868802972895398
66582,1.4394604285970152,-0.9833272618178862,-0.1050698397727123,-0.5142725917508915
13222,0.6728233421573071,-2.6153266339263035,-2.3909997373685146,-0.7629143080872756
60902,0.532558301608496,-0.34976571384919486,0.6012844643787257,-1.148384225814884
70502,0.2842109210993356,0.6931210307795829,-0.23385179468769285,-0.09084992171783805
44582,0.2685037478771701,-1.4411047847037342,-0.4969274601443991,-0.717256509364751
8302,0.6172439720457081,-1.318825239893568,-1.2789603955019604,-0.8524914585934771
69102,-0.2516208344989124,-0.5037063450264022,-0.8242650676877995,0.8202991584104287
52902,0.47856252310622505,1.3837332970737624,-1.2444400716874575,-2.073833578997404
20782,-0.33498024249952607,1.9007100369048935,1.2375193749616715,0.7756425894566218
43262,-0.6334875797687143,1.9949693767035226,1.3669678009958859,-0.7175906433199329
5622,-1.1832273813914722,0.8943547102978583,-0.05390884612914083,1.0033961071040873
69542,0.09339795412069116,2.1708634763056254,-0.30534824879717665,2.543295742856719
49822,-0.5543510919604344,-0.8638140834017973,-0.7120706553439348,0.5313532360266352
61222,-0.438248217945366,1.7681669539377707,0.7316748910404376,-1.1391705618333654
38022,-0.5439748505356198,0.6967576494210469,-1.1457405716350153,0.08706777900588672
65022,1.3269705025164937,0.2806122757722128,-0.1499096807210538,-0.3129087429338353
5302,1.8845220098304536,-0.3111261436265114,0.7710251137149368,-1.4081560051120117
74902,-1.2579429813235277,0.3751258710922862,0.8624430393536309,0.7599185407143513
9462,-2.2975134500545775,1.3170120832435563,-1.3222832256934198,1.4320658209681318
54062,0.32717531721054566,-0.46501106100538486,-0.2702076615724497,0.05424516419044889
33142,-1.0410539791337874,-0.8367022765042654,0.3836942520013951,-0.07497945214914525
27222,0.1196676057145326,0.37193618459370714,-0.35591586887247484,-0.28759973743831097
73222,-0.7242685091669954,-1.0192907259398256,-0.47306087629381977,0.0731812402934852
21942,-1.4844809310363747,-0.8405106779764253,-0.2180417345719444,-0.19838247714522625
26102,-0.30456561147606714,1.4030797260614516,-0.08321213781704011,-0.39606737159576577
30262,0.11605048765285352,0.10730915435562115,-0.686709723895318,-2.0504899427456036
74862,-0.9999832563640373,-0.03210372545893545,1.3321713567280156,0.09484389870247467
40462,-0.1676114639031449,-1.4786271672444673,0.33878907612052606,-0.3351734018874286
38582,-1.646288033565587,0.20430931621365556,-0.5917468104832422,-0.054440745595291516
42742,-0.39522966978795177,0.1197361449161499,-0.10338587509944921,0.3136700656032199
31662,0.12663490375980482,-0.1924592352176287,-0.6721170751125425,-0.3360715126150787
58902,-0.848733832568195,-1.6880059720166474,-1.1692254271744846,0.7762342681799779
55222,0.09367516122495356,-1.258616796861248,-0.4417695624388245,-1.153544559937185
46342,-0.692690382325819,1.111725204432983,1.2985263920416266,0.32885986080341173
59382,-1.8067297957473318,0.25373806843365443,0.10511633405489904,1.3608331815213432
23102,0.3563566391661512,1.4615376230012256,0.31365997328734646,1.1341368826529374
27262,-0.05974761448453069,-1.4359798015990854,-1.3236992333165087,-0.4700219690643112
5662,0.11069002553351248,-0.5587722537037161,0.9693328644976459,0.5768988530383954
31422,1.438461096185592,0.4260728804125216,-0.34616328026335597,0.29214887191449074
76022,-0.2175722823072084,1.863044020989171,-0.6548205738244768,-0.7793697136814923
39742,1.4606523927776258,-0.7839310638438609,0.9173071515020708,1.7703535511550887
36102,0.45462733778213127,1.312620847166148,0.23799880239165924,-0.1511930168747253
65062,-0.8286406499245784,-0.5477785021626492,-0.3046020357618877,-0.28770019603818886
52222,2.466215871016566,1.3698977792389224,-2.479642656245514,0.13807041768288
64182,-3.053300478098245,-0.9114439193413589,0.11012688339275743,-1.2441049994097735
56382,-1.31033296111924,-0.6546770907850389,0.4420695187624395,0.13290380892120865
63022,0.20519986384786382,-0.06928081218211682,-1.676357968477948,-0.8464394418550552
65382,-0.11977589492223684,-0.16713302525616028,-1.904750775153341,-2.8362260337381193
56102,1.3565387199566556,-0.06426914872602037,1.7837580240987256,-1.1035974432112148
68862,1.2574803025252317,-0.9213663731597771,0.047237272125658945,0.40750480974524517
28422,-0.6141451040150498,-2.2112458680708977,-0.07119430280547444,-0.9666616718423267
73022,-1.0120975070110803,0.8700121002590862,0.5387010714928334,-0.2177627033526031
54662,0.07902794721911925,0.28670018794724694,0.5970722346292694,0.20186485078208943
14942,-0.8798763578081884,-0.8227894105303521,0.05422191089033196,1.4383283181758426
71222,-0.6004432897360885,-0.1232644219141292,0.9263912702096023,-0.6178550155950934
40902,-0.4160645127525036,0.011423508276822763,-0.2726962543708497,0.9070633161145081
8782,-0.47467541210384523,0.616942947692617,0.3768517818928945,0.4497193638030759
17982,0.6557656896877063,0.27091962812538567,-0.30569538901536014,-0.6203317775478298
57542,1.4993123709462275,0.9337827966200638,-0.8576974387739723,0.03847822715870473
61702,-0.2561120395998302,0.41696583489925393,0.09058978660663189,0.8029398393467985
25422,0.35006072798529353,-0.7055208827173381,0.6277816362806367,1.1434921952183534
44982,-0.6287519467598002,1.2262285183501085,-1.200468483693205,0.24508841025553063
46662,-0.1547039796819479,-1.7132481615264579,0.06849398839561578,-0.4194163411350314
51582,0.681417406095059,-1.2648383224452837,-2.5255335315871643,1.0728031248112115
37902,-0.1757775931778002,0.6827892634081734,-1.357670330026389,-0.5499610371591173
42062,-1.61111421060298,-0.5247439635574961,0.123871058691796,0.413713192751318
34382,1.2908465655639532,0.9978744815176046,0.4094639107412267,-0.06861297143881091
50382,0.10532250441373377,-0.533764045061244,2.206652788842424,-2.041997290725774
54542,-0.4053494728401885,-0.18388040756437243,1.6947297622844226,-0.07964223558680507
11822,0.16057662447937432,0.4622468221022857,-0.09477537440381124,0.5142308983368872
18262,-1.2725248108250993,1.606497761302861,0.5132128467550771,1.2605874524194984
18702,0.39618379809815285,-2.111339184450328,1.9798036008260065,0.6967393137151487
1622,0.3461889502547914,0.22896256186134067,-0.5246348043778095,1.1292821474984136
67022,-0.5680414786350744,-1.7890660853337599,0.38246989025500894,-0.5809068547102347
75342,-0.07283567215164823,-0.036798629049177876,-1.0864965166918272,1.0106321727789067
11702,-0.7219984280493971,0.4500610004386091,-1.293536487724148,1.1638266770510028
50782,1.3364369333620831,-0.7182534396300736,0.49378310764830935,-1.2223981811739564
43222,0.35819394972550883,-1.2494563159621028,-1.0492561301991434,1.0014487480920065
47382,0.015617450099055474,0.9174249446081096,0.036292448409313706,0.11531163365080373
34422,0.8748739802888705,0.3188285010413522,0.6967385089914373,0.5344045570016228
51542,-0.1637184971635366,-0.32184422685832437,0.10468057964883286,-1.0964170409420662
7782,1.0533505011539548,1.0943654118756703,-0.5941177652312258,-1.5371711633380134
69222,-1.147654978874827,-0.19309430647918643,-0.12351207302203819,1.485151603707439
59862,1.1385326462548444,0.5944985751600714,0.500595468586051,-1.081339748477799
23582,0.8725647541760015,-0.5650464363785146,0.4768211862013528,0.03817909119939667
68182,0.9151740739964387,0.6080134230197569,-0.5149952074165448,0.8570460450085734
5742,1.5672092322223403,1.6287680414681376,-0.44799464466712474,-0.14917572406913343
36062,0.9249974251131997,-0.6364010599965781,0.18135357192012688,-1.8526220065357881
10622,1.2044510247438371,0.675248977679446,0.9534382230258629,-1.7226671941619343
42942,-1.3745275291121186,0.9541703001656762,-0.29441865623409924,0.2843931221034149
48542,0.31535473692113253,0.806849844318938,0.1678744711460028,0.8317424656961598
8102,-0.6372541555860431,-0.7392525070584859,-2.099385754454482,-0.10594104200360327
12262,-2.9493041642476463,0.23270521813604722,0.16868128465180468,0.1908144256037302
56862,-0.1545807991241509,0.5908900651001464,0.6432510532701196,0.8249084711245389
29062,0.7000106288166833,0.4782887231742655,1.0426390133026937,-0.38566377321247464
47502,1.1643447254710773,-0.6946312429907375,1.2486017084959402,2.0011810162036143
63102,-2.223916207219879,0.4486180381544261,0.26711087490945595,-0.49848004588979694
65942,-0.9399113604957442,1.0127951043070673,0.8229287143173475,2.3885125081163907
28902,-0.20019751490115187,0.3262365848397766,-1.3732168313800117,0.5817061808845496
69422,0.04451002045306983,0.5787373356611211,0.6100220603679481,0.4863561073944217
33062,-0.36177424431764105,0.8167773473350877,-0.8988188144042258,0.931035613447785
57622,-0.7885214525118062,-0.05326756177929471,2.114077319009412,0.11804023097020915
61062,-1.2033468328333279,-1.6719407244000855,1.352787988235963,-0.4793625509398876
942,0.6352601726779727,-0.17608337518552544,-0.1080898156281907,0.02145882437326198
5102,-1.4881131476689409,0.30106115916878606,-1.2211322592631715,0.19328087930191576
16222,1.0421177635847145,-0.20761183670554287,-1.401296212175736,-0.5652635133559236
5262,0.9577250952977775,0.12418903712937768,0.30673448650565177,1.849506608645371
13422,-0.21628341382272262,1.1499240846913403,-0.8173904234358952,0.6910227121205577
48782,-1.3376014521541126,0.18615107424963892,0.16475872627663707,-0.06944694432639467
58022,1.2614479359583493,0.09974864783890666,1.5142552729172598,0.7406943481513744
42142,-0.22598525480093787,0.828323303981581,0.04304530092690648,-1.0010214050071031
21742,-0.4944687338162226,0.07067096476957033,1.1375507170979735,0.826981464420659
66342,-1.418252922439403,0.9752381653370096,1.4500256006084224,-0.10352598381688598
622,-0.6716689349709797,0.18753899759787213,-0.19762436352148854,0.3776112075135996
46742,-0.4586771556566975,0.9239178110043073,0.8696617123583164,-0.48503498931139477
34222,-0.6070141566368729,-0.8970520143039508,0.49727508403525167,-0.13471950710390765
38382,-1.8954674970610763,-0.09395639271757142,-0.962231038231371,0.10402606942254805
9422,-0.08378753491641784,-0.15621942821597848,-0.025058269045960695,0.9650073589193691
69502,0.12654622115497227,-0.03995177821104664,-2.1612771027651525,1.8686948081991108
34462,-1.0467625227203607,0.6180186842495823,0.8134695617922061,0.5213613928521796
10422,1.010855202974882,-1.8677565491346009,-1.6379395994422374,-2.0485099522396912
14582,0.29790221259829147,-2.172970172766814,0.2589225227193881,0.025897983583277457
59182,0.5492005516328955,0.050841010023676886,-0.4709941330843731,-1.0233832571788415
5062,0.07651787838494421,-0.8916669824416225,-1.593327800834714,0.3456373665818877
73382,1.638957973205271,-0.512462063873253,-0.732524591274803,-0.6553581129304689
67502,-1.5804379222698728,-0.7616513133684131,-0.06849184323860588,0.4249784833759895
13582,0.9992417448796103,-0.9627604835400088,0.6006932596546597,-1.0506437492496135
31222,1.3026373119783363,0.5878546836274278,-0.25732869408651676,0.020804835197096205
4062,0.9309251400421672,-0.8663474643576234,0.8967765191878836,-0.31915853955726137
39542,0.31214933178053295,-0.27051388923465297,0.8403564114884352,1.2011645170452006
71342,0.9939644361950994,-0.8224070022479341,-0.21091023073200846,0.9390423333257684
47862,-0.3043361264038837,-1.1193732610842015,-0.05518293175393989,0.528243365225092
11582,-0.6274676955188941,-0.4027434150446321,0.5154004497669864,0.41973503801840994
76062,-1.7387640304304375,0.34681583472931116,0.5092224551577004,0.2800984828842429
7862,0.3853692945456501,0.5105208733090136,-0.11683891848589392,-0.10379362091543252
19902,2.200094897200862,2.0897864099201895,0.00512067031884539,2.6678975737023496
64502,-1.1620183963541266,-0.8128406735974557,0.13477390798787886,-0.05377570852086347
68662,-0.09287939532650648,0.22571893663956652,1.0655654270819686,0.02997467797099513
32382,0.5533316782873918,0.05744459884051597,0.3318041391044055,0.21818313449096477
26302,-1.4149892808584754,-0.02799271446161866,-0.2106097745589662,-0.37669795983368365
76982,0.24594874289774266,-0.5572134334296694,1.1234039790493318,0.11908125968461204
73062,-1.0724433658725003,0.8926459648909727,0.08359405008614317,0.43035799543617864
3462,0.5609338328362191,0.6915154799899492,1.053632409583142,0.5906447230317623
8822,-0.6950932846524741,0.120928099617305,0.7391269967427383,0.015216496077469431
65222,-0.06250019041626033,-0.13685652609374674,-0.6027223049647477,0.7404215791419977
12742,-0.24100819017414388,1.9249556096197502,3.1973271961621825,0.7445167223360598
27182,0.3331306035485582,-1.7406754423830302,0.6988823215706863,1.3844984970857492
21062,0.20406138212994293,0.7031321914094859,-1.0804248436228867,-0.4249001495615733
63182,-0.2938390333437931,-0.6678574568795145,0.5416326536134314,-0.49836004425400376
2862,-0.7472319241455269,0.007618773376401105,-0.47855427764322517,0.21494654739173913
27822,0.9051525924957015,-0.16407686872713162,0.031226059088125886,-2.254938353285716
64462,0.4604700852043381,-0.05702740017919458,0.1821288381442341,0.09506228357524875
20182,1.7549457393947236,-0.8370383926802692,0.7026652828822618,2.2050462360136898
16542,-0.6499002869950646,-0.8500174789744721,-0.9668005319622083,1.3164792032699681
46022,-0.29710445621628784,0.7063178331940106,0.4740785380210912,1.4041356923010504
9742,-0.528060710220037,1.1879080561586035,0.35207386548480063,1.2934712927605811
13902,-1.3833829414271446,0.14358412991068975,1.1564024944189741,-0.10943629892140803
28382,-0.7046087536400274,0.36689874884385004,0.7334678804158963,-1.3179778578933043
30222,-0.5368631407343131,-1.0257656553920422,-0.3811226164335723,0.743836416789484
43902,-1.853393959819547,-2.3042693038715125,0.08844238830411037,0.25759389354223894
2342,0.509708293114941,0.23451218403747937,0.047040442690344846,-0.9316272623964068
26342,0.34361449695014507,-1.3660850202347674,0.270379528262275,-0.5520344008129523
38862,-0.7161892332134887,-0.8590553819649113,-0.891202306460326,-0.2686965238045865
62342,0.44111438998490443,-1.3040988205961543,0.6741044678910723,0.7581047520718461
14062,0.9155636564350351,-0.6630193299400557,-1.304194550842939,-0.03205837533144098
15062,1.1925798266980503,0.6339855557028179,2.1280479073072485,-1.1505074895739809
40302,-0.4474577536917887,0.06429484113799662,1.0758607775522773,-1.7257479511255176
42622,-1.1570137946709267,1.8009966346314872,-0.5011575362006911,0.05111634024489239
63222,0.45707722517894805,0.1349062213930866,0.21788748623123536,-0.090165663309428
31702,-0.4943029592306402,0.11799176214737617,0.7529314195174625,2.2870507990616007
40022,1.0535878301574577,-0.28134640085510343,0.6518920404372753,1.3657468140172055
1422,0.18583825586840186,-0.3710806329362041,-0.7983157321042477,0.19015459715999827
40702,2.272764446689633,-1.0397507113083977,-0.057518025526806627,0.10679410709909447
48342,-1.6248406354850238,0.5199034614692293,-0.5050724235862638,0.05429047021097341
52502,-0.5226774019288998,0.4027994537736444,-0.44132693222403363,0.7622841283619349
3182,1.058445710433009,0.938584987089186,-1.8731406267760906,1.226536452982817
56662,0.8525422667394877,-1.8375962343011827,-0.4863425975847374,-0.720779406645699
72662,0.28177378267165737,-2.040257897933371,1.2794745396750244,-0.2572700966807359
48902,1.4802193485382995,0.4233395861339362,1.540317010074288,-1.6271591307423425
64982,0.870962956305845,0.48068444371051405,1.142634020239886,0.23274845281677878
69142,-0.24995191927846458,-0.635597708938278,1.1356734435354712,-1.8142791740164534
32862,0.3910953819922531,0.6936867449898381,-2.042383676385209,-1.7893524341618476
57102,-2.0780676573520225,-0.27172257974421193,-1.2151655020435375,-2.763969545462942
41182,1.2015778262102383,1.2187730779020096,-1.4743884614730343,0.5089708110736638
73102,-1.462187666702071,0.8115548327041797,-1.0452948442957029,1.213407217129702
45342,-0.11785681600536706,0.5943149955948279,0.28335230430942765,0.32926374665847274
4902,0.2947394783621236,0.5898509521415918,0.14722312705380966,0.4121339015837659
302,0.06795390375613442,-0.08847396050909175,-1.049971365300618,-0.8855364666649433
44822,-0.9029335795498692,0.5167325019183444,0.48020020236876354,-1.8932689073651323
57822,0.4232435374325931,0.23273448912039235,0.46271977874176057,-0.41532767525118913
17382,-2.307647695168659,-1.832952686976584,0.14590542371645926,0.44991084612903065
61982,1.912769702511723,0.429781210026764,-0.6244670613390811,1.3155882914189738
21542,1.9021107693300003,-0.8193395150672729,1.6466432823494195,-0.4595100984191891
17302,-0.4547725842208953,-0.29483213684322385,-0.7214015825572896,1.005041521727911
25702,0.19529400760842724,-0.051985340657584166,-1.1904053646802226,2.6968112810592118
12062,-1.0792489239384162,-0.8047128549366067,2.2576535809300813,1.322818618886875
29862,-0.0045539788189734596,0.1687565490885188,-2.6251642665205575,1.142390669810639
74462,-0.9448787238655038,0.42430141721881864,1.524807802472582,-0.7283849712897853
34022,0.28009579492033443,0.6199228875723642,-0.20813178444218802,1.0888571861935483
38182,-0.2786681789332086,0.6074311676582732,-0.6234343358651652,0.4894859439630938
32582,-0.1194327912552125,0.32212135279421733,-0.394631381209934,-0.4233898904893769
45702,-1.0840063521757746,-0.11972421724429091,-0.24927006659104572,-0.9495827253444458
30502,0.35255452499635376,-0.6252434457536521,0.10012591853394934,-0.11186949377825892
46502,1.282509086407475,0.2099913208646111,0.12525379932391553,1.7604762679161428
46262,0.5434475574497164,0.10122910010062967,0.7233867883620204,0.9736164403885833
18302,-0.6020192370538465,-0.15164999170528312,-0.6545208644346118,1.0131498753202797
58982,-1.0873892622666204,0.06480460753592927,0.5294658612799111,-0.35586136186525014
18222,0.4305271110171457,0.789930006530768,1.8761063626635353,-1.442700641032767
22702,-1.4102010053410388,1.4866751244149488,-1.4222507792248986,-0.553097624957721
42902,0.47978933277785585,-0.9209304776286871,-0.4418611153235844,2.31604259579616
36742,-0.39663180103964163,1.3069191992201037,0.7236017325151993,0.26790519016928044
71462,-1.2011152726475725,0.342365865580808,-0.41636151818425554,-0.5206419578023738
55182,0.9799444693919394,0.13961510671570776,-0.10395336847635588,-1.2918802964720657
55262,-1.4130727180474312,0.5974124860895177,-0.2761915027801254,-0.2502299727422905
46902,-1.021338770698294,-1.293696619917206,0.8163130918163901,0.027441212606491173
39342,2.131883368864533,0.38112636500264496,-1.3027712387036154,1.5739349811131205
45662,-0.17066795977383423,0.20451767757470155,-1.043916267098653,-0.39329525605974913
11382,0.6144323232177881,-0.39221553676606946,-1.2622437273973741,-0.3097239412070852
3902,0.5954524048747101,-1.3242131020766779,-0.03798446230155211,-1.897849705073295
15542,0.09875801872565101,-0.3571832901213558,2.1437480940068587,-0.5031224438168149
23862,-0.3704554025345506,-1.8660578889484136,0.08972592748377767,-0.5848546811347162
39222,-1.4828694632018262,-2.2397806466430903,0.27903288795906445,-0.16865193976776355
1862,-0.011686689703324876,0.6163113493680787,-0.08880265864413162,0.40482316191772083
72622,0.7737197366485725,0.5045571008042593,0.7096291070712191,1.3925855446290099
39302,0.1731250481284853,-0.09717811488482025,-0.18333715073142917,-0.11517708421423882
36342,0.4709074666247266,0.935080689595714,0.1677776194064385,1.4263147794574587
40502,-0.46209920566979373,0.3574508591461723,-2.282341088403117,-0.4008361326691957
4222,-0.5811172327483142,-0.14455599407117933,-0.03782913876034329,0.6126114477247874
30542,-0.4890750179016821,-0.6195126531975108,-0.13872668055519685,0.8818896515449085
21862,0.13741457199683924,-0.8246198494460053,1.3997497331518995,0.49731400658278707
12542,1.0015154130712092,0.008217909773151654,0.6997595360266741,-0.5305541531957475
57142,0.26826432493029956,0.855357916823134,-1.0820890747349885,-1.3134215958838913
53902,0.03586835533251882,0.7841846161736826,0.1851364203061328,-0.4948409251683387
69462,-0.7052246649662469,2.124306908632608,-0.5158575807053412,-0.8945733039861216
25022,-0.8997837312231145,0.3466684238676611,-1.919819251461702,0.34766777821449396
69622,-0.6933664947040564,0.7562600209466794,-0.5657654838204419,0.11262386571170442
49222,-0.89282853087913,0.8682749890398632,-0.23087464584859235,-1.1592674828186755
46942,-0.2924008307184879,0.6716921843556587,-0.1332563273738123,-0.43160540057886615
21262,0.5377477695187337,-0.36597516806327146,2.2486893394260608,1.0089235768109575
5382,-0.2087119585447562,-1.8468072033557243,0.6847617400098538,1.2885659831267875
49982,1.721560291582891,-1.5428612241046897,0.04734795736996315,0.0009340447623090678
41942,-0.7978742565248336,1.0296470324813896,-0.1701028370783974,1.0072505866056778
54142,0.21537664641882615,-0.8014131097737958,-0.26099634176367037,0.4432682215602554
55142,-0.6997954039035799,-0.5677113142907665,-1.092464291310545,0.10596688809093789
22022,0.288289066082323,0.08584037197314606,-0.3745678164493995,2.2118658778822238
66622,0.4888151108679842,-0.5518018106382734,0.29634686213930744,-0.7276279209284859
7582,0.6742165934017039,-0.40031819416333947,1.1309924034391656,1.0565081440817106
1902,1.1670943355228574,-1.843418377496588,0.5827712571932191,-2.094563095930201
74942,0.8649590667257446,-0.16761808802614397,-0.43527174639726257,-1.0371592208603357
20662,0.843824504601236,0.6873125540020434,1.9234002789953195,-0.5065620826976351
39102,1.4117827724568537,-0.7501952062757923,0.020799335396271577,-1.234353778393975
42822,0.29843395483391877,-1.0516978723309593,-1.1676602845189454,-1.007450285969147
47422,-0.9664320200089228,-0.11499092053504818,-1.1586597026194498,-0.3279809448388651
20342,-0.24381449518591758,2.003552819268912,0.6021871863492184,-0.0019543662704560876
52782,-0.5949925463209826,0.02438741292703611,-0.4740174546248489,1.348455219632848
59462,-0.862971269474826,0.24136608402326915,1.1546688516628998,-0.39850405908152453
48022,-2.00785004892392,0.39106582443752885,0.9266666430286036,-0.46739093908693397
28542,-1.0725169433009147,0.1688168230315982,-0.8969756451319776,0.20172355812281262
67782,1.8701028522744185,0.8105517696346975,-0.7934680506946249,1.2090496494290222
31502,-1.7480345066229204,-0.4687658071454744,0.48346358079569984,1.0708229439510935
76102,-1.8605089271922879,0.2841266305018348,0.4484890112806903,2.658881343909069
26262,0.9369704600713049,-1.2250144094081388,1.1624446604753906,0.00817076692151083
57222,1.4341527680186614,0.8161511934460074,-0.5608745177968314,1.1376402014952138
3542,0.2207464133063997,0.7083497977797901,0.1745492380626238,2.336127190791025
48142,-0.41830844444105775,0.5940376703513579,-0.10473462727932498,1.0370939835023987
5782,-1.3481035648213386,-1.400571277807715,0.5184935061659403,1.6079929517735303
24462,0.6916345619069777,1.223245025691163,-1.0859979616526467,0.3644600717249061
60622,0.9247701756586705,0.8546875268220143,0.26398986249605727,1.1943775306940498
64782,-0.7480766130110726,-2.1100413812343857,-1.197114114889514,1.2976066204822168
68942,-0.2866343204452295,1.2148422069327427,-0.90926976913942,0.5268558717528321
46062,-0.7684764414933286,-0.861591854602671,-0.9872914790265404,-1.2285854373141551
63382,-0.42532958649217834,1.3388001669945397,-0.7320573751345871,-0.19470493151289267
14702,0.018717695843573374,1.0342192241587118,-1.7412158411917236,-0.4585140526801374
40982,-0.05864978001713357,0.5399953750805261,0.6588326807287512,0.2297519353595995
45142,0.6137180572630935,1.433067664201568,1.0577332655967742,-2.449092002298413
5182,1.4424923616566179,-0.9553047866820298,0.1316083864539284,-1.5103678390144084
51102,-0.012094638942792151,-1.8677534657228094,-0.5990658255497356,1.405755985510616
21102,-0.08189325244307984,-0.08981848388710832,1.132809620425798,-0.8061260140870486
13022,0.7567262630765904,0.6090653292170375,2.4901442846860897,2.123992566297814
17182,-0.8032576559642453,-0.2429717179756047,-1.2278130597286858,-0.9452648495797348
70022,0.47861270633875647,0.04792626983855086,0.751522843247561,0.6748792526895555
24902,0.613311091033681,-1.1912523952047267,-0.24155572240027465,-0.15601310815445388
28582,-0.3106875779264783,0.2396477010953542,0.08509735453055735,1.0142231700039501
76662,-0.8266391467640526,-1.2517138697179844,-1.37836341701675,-0.6579879011225631
70102,0.24743591071863624,0.2584840536364494,-0.18193992020972627,-0.46211895596994207
48822,0.2904751576430967,-1.1801212875960134,-0.11405978249076451,-0.6691532618860004
33822,0.6116191152145412,-0.8172306148879841,-0.6975603083179115,-0.4564443361137185
53462,-1.8195244398928219,0.32223296352541425,-1.341600202422173,2.231160775519065
37982,1.2858891227173417,0.2897308875008041,0.10601991599893824,0.6438239964257871
36782,0.7388703128589728,-1.4260266553518712,0.21498454352592752,1.1724182469515836
4702,0.43072487283564403,-0.7250835353638063,1.0142447513186224,-0.8120693194533768
46302,-1.6049769989645204,0.21163253170739743,0.438489974032327,-0.33626657432182516
5862,0.7388188502935524,-1.029979016881799,0.21317574641780698,1.349914854946889
27782,-1.5597527975853485,-0.25825990674263893,-0.04868021751965116,0.4261952228200396
10022,-1.003236893634381,-0.6976999614934006,1.7669902652785998,0.3396471476191178
46222,0.48371835548296294,-0.7278597759594618,0.9514091741712348,-0.9517952945446934
60062,0.9513053685835833,-0.1533100915615488,0.08624691605531441,0.41345985629756454
75702,0.6159948128122289,0.9373646728177735,1.576996296146193,-1.0731168649028444
18342,0.6000627376818377,-0.4813789701179053,-0.6094914831889403,-1.5175386709502
36702,0.7443300210053063,-0.15074816661427065,-0.9488575949135579,-1.641936001581351
22502,-0.019935238944464695,1.8417769656209224,-0.3015831406084746,0.6781154430804268
67102,0.45304725327343476,-1.106057040307748,1.39255497934227,-0.25366358052617544
71262,-0.07399156502737525,2.3765454706670206,0.34920112025829947,0.6935961523276062
63422,1.2647369636227488,-1.6147387183251958,-0.756083627246475,1.4369602961317447
34982,1.5446311860294017,-1.0858427800526846,0.040239020646036516,0.40004178789557565
3982,-0.03301974254838214,-0.47262419995253035,1.1387999668534918,-0.2591009979762982
43302,-0.45992332937599867,0.6264348429461808,-0.47155372069906265,-0.5975435545154714
22422,-1.292569870977144,-0.011234749948890073,-0.061198418836732535,0.5755772368768314
13302,0.33353892643504557,-0.18841092724828756,-0.5859012233783029,0.16977254585962023
10182,0.551393767349454,0.4381031834590155,-0.48136862694628674,0.01878582506380455
11182,1.190834450162235,1.2069078479487418,0.5718889294177409,0.3960677592645766
30462,1.2340322749322605,-0.770761066247006,-0.02688782918732865,0.9172866112986264
64102,0.05800336843962611,0.11682823274605231,0.014942489105495872,-0.466000837297637
18382,0.4939221241291961,-1.8247953688577752,0.6076579078679035,0.9562733389227507
68262,-1.1854200424434462,-0.4205689281386984,-0.8259910045393452,-0.2536227647728031
31342,1.8813231853955656,-0.12891149040103642,0.7328785448538816,-1.8844165696429265
72422,0.4296636342113455,0.7815330885943353,-1.4830390462394871,-2.259703964238009
36142,1.0060979865951793,-0.5595452939039538,-0.9198956305772641,-0.3704989056401959
58702,0.32343925777630356,0.770485811138781,-1.6871051279857256,-0.46569836112785273
36822,-1.9338800061507935,0.31060656026183736,-0.6104110550476898,0.5228359140996239
44462,-0.4888350209976439,-1.2083958354725106,-1.165816767845264,-0.719926995673421
76422,0.2089878554297017,0.8599340485151448,-0.17240770821898083,0.8694145279861332
48622,0.12650001762270874,-1.9154421562042725,-0.942067944922218,0.09088633161542725
69382,-2.4677630992953534,-0.27770248316227697,-1.143154893519724,-0.8997137910475892
12342,1.1812507505819845,1.622461428827748,-0.04888033192651767,0.3410706370134181
56942,-1.0722330734369372,-0.7294188522806884,0.10024638271293383,-0.5603738388690012
34782,-0.6647634183219219,-0.40460122903337836,0.3091287971944219,-0.4602737982476227
61102,-0.38421268592923224,1.4579494837490685,1.4292751621040052,0.027861269439101007
65262,0.12007478322137281,1.3241132386407986,-0.015107676202118794,-0.2766897862333194
25982,-1.3636376328296953,-0.2568056296346684,0.30637814166272764,0.4288828406285696
27302,1.82026569944918,1.032377186465397,0.9514716387340434,1.2554953862311065
63462,-1.0582323091873103,1.2551289758562463,0.16820978546693713,-0.4847496491865487
37302,-1.1459520266085077,0.4498421305140703,0.7567002461322108,0.3421233752960609
20622,-0.22319090071707898,-0.7086197266249042,-0.05695353747905916,-1.1841223237120333
41462,0.5502649572332508,1.4452716810873145,0.78149252660305,-2.345325765482118
45622,0.7695065138033557,0.10391061920321791,2.99906595680833,0.6758944287616427
62862,1.9282665013105986,1.1607347290238976,-0.376847097799868,0.07320460795862307
9342,0.29444836944084224,0.236138367388048,0.17026724694039247,-0.5931875070109904
71662,1.5046327622364069,-0.1426728197955442,0.0954803681514032,0.8577195604213292
53942,0.5136940163497096,0.8706028860174727,-0.3723225494502041,-1.6669897767431283
76182,0.8854673994946018,-0.18941699987354718,0.7266254214969592,-0.1769346837534745
21822,-0.2985227271923114,0.590035720149754,0.2604326458130058,-0.23890547590572053
6142,-0.7225189908284875,-0.3325244635421759,1.1076263709608751,-1.179591801957546
8182,0.2248344858966649,-1.1586075013405033,-0.9331323484093313,-0.4829077114564419
30142,0.5418581758793867,0.7296498015739312,0.5899590484691424,1.3171943004924702
34302,0.8337777517602848,0.2626227901593177,-1.6964582832154569,-0.495700223078403
38462,-0.04810451591417042,-0.2952763279713418,-1.0072768832107273,1.3766670246582415
39062,-1.4924761533248205,0.4532154221214322,-0.917215204044258,-0.8999905373952436
36862,0.08032457186843908,-2.5871199839607177,-0.018245656440258592,0.3140665713057255
57502,-0.6316362715185266,0.33910283785959416,-0.9330955118460259,-0.14857118150526216
