71973,-1.302912274600355,1.966921122660331,0.8008484485243051,-0.05704359727913493
38053,-2.1097987997726593,-1.9107855211841633,-0.06422100296383748,0.5930898261219612
48773,-1.2030503922814393,1.6834013517250148,-0.17497154695986405,-0.3408362835356793
1773,0.1497283791885723,-0.3094888928025543,0.39185161138308205,-0.7369798321503768
63493,0.322661673086854,-1.6594255314248987,1.5556897586502911,-0.7331824520748457
50533,-0.4203094325470797,0.15843281486448857,0.914963182538017,0.8414374585167013
13,0.26403526654179443,-0.03721472262811104,-0.49690444908509823,0.3073130298347605
12973,0.6511120578779815,-0.7906988730999492,0.2692234564381756,-0.7597801058389403
20813,-0.3624671654829897,0.10139471022706541,0.7068742443689011,1.2332197620988905
8213,0.5084819878023136,0.0042521699552705945,-0.5606977540780822,0.6571293492351244
47533,-1.4381847445298286,-4.467886930122976,-0.9629955293824092,-0.7976787038410312
6773,-0.0717959292703063,0.46139064995583945,1.9112635608011368,-1.5501887135092682
47133,0.3853739404072234,0.8660595158972388,-0.5506371859420538,-0.5915725393751263
12293,-0.4930985995162687,0.6591635585421868,1.222061596354875,0.8511033196552248
23733,2.5734339714214514,0.912819351995915,-0.46498880170745965,-0.28524006154261533
42813,0.33406621344579573,1.697970907147591,-0.10562191994577722,0.9164902311297837
65573,1.2145944042192487,-0.33249171352585455,0.29712154882982955,1.749920033381
40373,-0.4676841361542956,0.10800129337331398,1.9867329659251987,-0.004477906480191815
44533,1.325659385721501,-0.06249315757521401,0.8445009742794717,-1.30177261296165
2093,-0.09480064472916414,0.03544938991493361,-0.06472217848439774,0.1016763304363687
16733,-0.13916718173853118,-0.05841818445304053,0.7801306523729905,0.16212237101172455
57013,-0.24854654532262038,0.5835236114447634,-1.2376857920619515,-0.5054919628141566
30773,-0.8743270905421363,-0.936413024458303,-0.21175986017821363,-0.183379190412007
65413,-1.116282578893373,-1.749647623815363,-2.1755574612928408,0.15318185393617742
42213,-0.06822670667873165,0.7392986764602396,-1.767930037661713,2.262315925777249
37373,-0.9310699140543651,0.2626414512193387,-1.0994695594407802,-0.11572390679033322
8253,-0.14142186038784504,-2.079562545648209,-1.198980265295643,0.36505477473316966
9493,-0.4171659143273238,0.045063363183030905,-0.93554068937029,-1.8005142239178835
41653,0.5704646044117982,-1.35969169551957,-0.3138090210454711,0.9926990568884011
4733,-0.6185788683339253,-0.17642778026870462,1.65345824255847,-0.4077121942168162
67653,0.7148501353054116,-0.129491926891968,-0.07248593740602025,1.5332698286690798
46373,1.9453731441050708,-0.9953799801368765,-1.714154820640661,-1.7104818031563338
30093,-0.8065610874676463,-0.6990295540121295,1.1751303402784858,0.1416703667071083
4173,-0.5615790066438603,-0.6743056811657504,-0.2837040031532977,-0.3491951758211988
56333,0.2251366930555745,-1.663806200867419,-0.6668793297325779,0.20143463070157003
2253,0.6692001901607793,-0.14311797734939707,-0.8373207091391361,1.3648437101300088
76013,0.13101886972328478,0.8619974349354281,1.6078158204790234,0.4472682295035694
53333,1.220952996767562,0.4000606656759869,-0.8535801976127138,-0.02469446494608858
10573,1.8145283692053797,1.0217263827847405,1.0095377036884905,0.361312240130473
55173,1.6201377756162634,-0.33892796996003116,-0.22220252888696002,1.0623523796453131
93,1.3775170114768056,-0.5717137441949648,-0.6096555756051667,-1.2756097012526484
27213,-0.32537293907831644,1.694494291155092,0.5266318749985142,-0.06469776140465966
4453,0.0571716043736222,0.23152747830536938,0.5555685212161999,-0.9172534279857717
1653,-1.646314139387613,0.8081471711928837,-3.145669052907034,0.5450364066046403
39693,-0.29326272950737386,-0.5997514428809331,-0.8161014202247311,0.23351300663143099
8293,1.3573217760404037,-1.8131540753522846,0.07063069924922831,-0.02160180483724146
43853,-1.8538365064781397,0.25616734846804684,0.7058792969414831,-0.3644215641684116
48013,3.4881256029000776,0.12849831216515797,2.1042525124664886,0.5981429840826481
52173,0.09923921098905714,0.3864052218728529,-1.1468322596151408,-2.4551879797007445
15893,-1.0068446424913133,0.8458039040736172,-2.0646293950639634,-0.5509096871573468
26733,0.879772716271703,1.5196000807425147,0.6061197240294984,0.4572967245574214
70333,0.5388123608547071,-0.11337188606979536,0.612911340998108,0.746407041252946
28373,1.3501625911443436,2.0450464324432933,-0.036462793298533476,-1.4980663512872179
14453,-0.07719122761672098,0.2512686808467403,-0.7030220314030989,-1.1801179269467874
77133,0.07973087052214005,2.334372385165891,1.004955235428147,-0.4998891152245513
4573,1.105779787661889,0.5131448980281785,1.4904045850315644,-1.3367624132612608
53373,0.9632496396796422,0.7776743643930247,0.6030056836664099,0.07022821375386919
49173,-0.24792614212037914,0.30365634870102537,-0.3753697668331786,0.05222101286366104
61653,0.6867077598180549,-1.5020217796714053,0.11099435304747167,0.9893066157939806
25373,0.1140424408485522,-1.5793351796694954,0.875174649307409,1.4621147275551345
20613,0.42788926644008146,-0.18602187762485023,-0.008093690230952738,0.6348758053575714
69973,0.6699948091828773,-1.6142809054860683,-0.41745267651351975,1.3657881249671233
74133,1.3649002369754923,-0.5254466114628764,2.190725447036965,-1.3923251004259554
42013,-0.4503339083820849,1.0250195422619128,-0.8875861771755109,-2.5312396696971895
69773,-2.6571408882669667,0.7760450305237944,1.6418274726705318,-0.2849067962811583
2413,1.0286506010155616,0.1642128477445888,-0.46813960617040756,-2.201213668970958
16013,0.547766035768637,0.2432028200398323,1.1162969026297265,0.17926127679466877
54493,-1.13666725888764,-0.15165042336194864,-0.6877191566643623,-0.4240345543266382
14053,1.2772309378685496,0.9027404726691926,-0.7545063566352138,0.5135522703715923
58653,-0.8426679331556456,0.8557314470367129,-1.4736608172665013,1.2779223028754623
57493,-0.6935581397949726,-0.12312030700667452,-0.11376376754288409,-0.7472753839540667
22373,0.03074565098253572,1.104395865041126,-1.4497108484590888,0.7553392504325194
24493,0.3249021807106512,-0.3632684588030279,-1.4745594811354616,0.5446628067332434
5933,-0.019257437410106826,0.8778604504361021,-0.7557683065659606,-0.8834394997926395
4253,-0.31889075101176184,0.9179754282282485,-1.4892829146416033,-2.260204223583388
58053,-0.8698707849799009,-0.6982810633470682,0.14420162123812538,-1.099426266363536
33853,1.1753160946869305,0.024184056118074164,0.48095256985201884,-0.46230105024563134
43173,3.16693569030627,-0.2702478808058838,-0.41853725196666947,0.9949495526646185
55653,-0.1957109169960303,-0.4564876015634235,-0.5974635266872874,0.574302133616489
24333,0.9154892238215989,0.306821555886762,-1.4218211684662412,0.10559218552244166
10413,-0.13487791697199245,-0.07249794831392675,-0.35457001750440553,0.660936534661789
42773,-0.5464147579605737,1.1332091012161212,-1.2160717645402102,1.1226879879088965
1053,-0.15705238826825219,-0.031811170030688195,-0.750335622903609,-0.5120308116849671
76453,-0.7045002597074453,-0.6266398097306088,-0.8760854853351429,0.6084107872168127
8373,-1.0650156955796293,-1.032853611206156,1.1063341139887581,-0.39731375838348826
12213,0.24221943281556446,0.8436770608581606,0.7955534464983722,-1.3621820224938
57693,1.6601477182338547,1.0922391518989862,1.4806670842959149,1.027129070590923
16373,-0.6422783793246809,-0.9502249234161829,-1.8357168632176266,-1.0032479040598838
46933,-1.4237648034599084,0.7355339972036602,0.6297042981788629,0.3681057691824585
47293,-0.6167996220395887,1.258882347585604,-0.7010951505014758,-0.4356301902340474
41333,0.4615667817396938,1.2743942659055867,0.6580900690792753,0.6936260004517246
33013,-0.2300610402928996,0.12201987952855128,-0.6028951004881088,-0.168218710123095
75973,2.367414323634944,-0.5069665441792169,-0.6839047055997489,1.21400511550963
55853,0.7930328135278614,0.4440080539219452,-1.4256769595347205,-0.7427854461448231
5053,-0.3629345649401905,-0.023730893990887996,1.7309316197844165,0.21993403270032263
74293,-0.7974502302806741,-1.1343578427329315,-0.5854726943487161,-0.9610005354004147
9213,-2.0681043781748323,1.1899249004141148,0.602805951974351,-1.1561865588168112
22733,0.06730236629997638,1.8971556436881782,-0.29603061593193775,0.5173393474836077
35533,-1.043929461804118,-0.12555193527867534,0.9785808707732322,-0.32258977038509407
62133,-0.17976079408641105,-0.9214825783076606,0.06981824613911318,1.5969062704721344
25853,1.1887039534683492,0.7636495898856266,-0.6975269880554209,-1.1193867091236553
10453,0.623043978062948,-0.42417492547866764,1.3728331779424072,0.8460878208136691
34173,1.5569954120624976,1.3199700293161878,1.45180771673284,0.7390372741324472
42493,-1.186755850136755,1.1288207558808205,0.24669442101480185,0.18186571785913683
5773,-0.8666651824340073,1.1554713863523922,1.128061294408351,-1.036358399900017
8413,-0.09326677005870515,-0.7584735251333882,-1.6407083469123858,0.03396682498179902
6213,-2.7874494601190163,-1.4443700447207626,0.7668700118026102,-0.939023183336263
14373,0.3737726163395345,0.2170630831046938,1.2059898673761111,0.7156939891175119
54973,-0.5290857249907432,1.0360180246331891,0.6051653756210481,1.0109260263608615
14533,0.3793399109788571,-1.4432777081557433,0.9369038538181416,-0.9143313828355563
18693,-0.2110266259608903,-1.5871984957081602,1.6082702462878058,0.64420812216997
6373,-1.0825750009649822,-0.6138414772582669,1.2549630181194342,-0.043249374857648445
22853,-2.283581906218365,0.5560390105898468,0.1718065050225066,-1.0645047199705564
67453,0.8327919859672958,0.6590086238954491,-0.3800335375418204,-1.0058819266052
71613,-0.9805375348842107,0.4457399062826335,0.8897313366342239,-0.2802924747507856
75773,0.09665137400535065,0.27712956756670976,0.6873777023693677,0.35396186460641305
35053,1.0695289391522143,-0.6762767619021022,-0.42000264328310516,-0.47417152444807475
39493,-0.6103665479486512,-0.5416133864181685,-0.23091642892627495,-0.543828415513645
70013,0.5722193270765065,1.5953016889981766,0.5292286157326246,2.117969761858709
43653,-1.3285998483139336,-0.0846075401987282,-0.4759062189769809,-2.2042763745813434
7373,0.4517181756735104,1.4258320515737681,0.8545622620542409,-1.1483376327769976
21933,1.5134682823363996,-0.5253902430265422,1.1170842551232245,0.759198430207148
43253,0.6683224533496557,-1.2547324837329352,-1.1917473422947393,-0.2543566855127833
64453,-0.7010931597994763,-2.118214854248241,-0.08343022612617147,0.36998015536643564
41213,0.1516954600655406,0.24950661506550376,-0.4342616302558969,-0.7216820226980422
69333,0.03415798204121618,-0.4386118725870531,1.131426135586385,1.4081918598245617
36493,0.5277755087694543,-1.7226447202127069,-0.31190204926697257,-1.7363270015012207
40653,-0.754803104556395,-0.8239738400302598,0.04578787080638781,-0.6409229168159575
4373,0.3499976745408628,0.13964500585546188,2.721160840996916,-1.5107183574942569
28933,0.1557167666293917,1.7595452391871016,0.29960331745540947,0.22877341968982723
16853,-1.3717796053444553,-0.9513797561310854,0.6825937237579567,-1.0044264579977409
16653,0.22455264009087306,0.6499857129311242,-0.6344573491846964,-0.04002258153886074
25173,0.7679759669583924,-0.35372332666446515,-0.4491678758785441,-0.46994698130429624
68653,1.16277563101679,0.31579326232516214,0.44613224051563016,0.10088725770377854
73933,-0.606917875600985,-1.0180213381325236,-0.8862202500052746,0.9064560009052034
67133,0.7602815763116232,-2.3773708154083155,-0.34730704149214187,-0.39103807912927996
14613,-0.787184958164476,-0.6107725564839628,0.6384814915361096,1.1764582376287995
1373,-0.09277600914027087,-0.4691874616561539,-0.7627187280451868,0.03314611408918025
5533,0.02148519186845357,-0.21141219401147848,1.875781861573623,-0.3509010241937784
9693,0.400757809433132,0.44148912737411705,0.4171316608386764,-0.14087867538005855
74013,0.42245057965764166,0.014769060377133051,-0.12726901878969266,-0.44738100929508823
18013,-0.9390465200661559,-0.018903376600235385,-0.24308007750559882,0.7043312560916067
52613,1.1726703715759954,-1.9307429957633102,-0.4013888415018402,-1.3550231524126695
62613,-0.13095609142623438,-0.6026356752565587,-1.5576766280710945,1.8414799557604349
20773,0.07384251304636387,1.4154701605588351,-1.9962232093799825,0.6829194059492079
42093,-1.0320429352689324,-1.106634969449092,1.4969808694390825,1.8696729644690722
28973,-0.4408941893336158,-0.5349054755966625,-0.2531489213008413,2.4809222077734803
21213,0.7665340388410306,1.0527760806643909,-0.2217236276930641,0.001866536574949128
55453,-0.43198860588123916,-0.2127368800174465,0.07710822274058053,0.7556814496721977
47413,-0.193641918918687,0.7386886856206423,-1.0540935098863025,0.33580434960193484
65853,0.9416212807009505,-0.35842442211506015,0.9087807200909428,-1.8902073719390298
10293,-1.2462049756870732,0.1848077206873347,1.0177363853439299,-0.6148223734647609
48293,0.4485308410478618,-0.8355238598902199,0.20034144375901314,-0.45337100693836874
2373,-0.41963777266959096,0.5431061200642089,-1.0907672057419229,-0.07459365436807058
65333,0.4204820507957021,1.019814088166345,-1.390962589182881,1.0584681282658652
69093,-0.2076437374855059,-0.5779152860026954,0.4179981261274097,-0.9836305064427029
51533,0.27657549564865164,2.5146208845019626,0.5020682044865046,-0.7538831142710795
14733,-0.7199283861425457,0.24664498586948147,-0.22786455213488188,1.4978876849709806
693,-0.14346332761778072,-0.44393268415586445,0.058769285320731675,0.8680493196888708
8533,0.505847969699256,0.5634356122909406,-0.4042665489935938,-0.8438821498330861
4653,-0.3272781839630118,1.002266586873376,0.720538433177162,-1.6309760574045793
13173,-0.26272274989786526,-0.46990204006259245,-0.7248497387304785,0.7771050854694046
57773,0.024023988277988895,0.5779321222762567,2.289866934651301,-1.458842333619488
18333,0.06385815265074407,-0.33274742010145986,-0.4309517696574395,-2.064280396733975
61933,0.8773787534844981,0.890996174921717,-1.0297924045775682,1.4166874422163085
6493,0.3090094833150271,-0.9087497934654656,1.1996916305905991,0.44100190698973935
39653,0.3674461623731025,0.7647934479976897,1.665382797453519,-1.7470870502055569
36773,2.311873308831765,0.9067652310307799,-0.479496401698299,-1.182172991691173
23653,0.15197565659497442,0.2783172794413424,-0.05097022105904235,-0.34441193946334925
8813,0.9844284656469301,0.865040981366618,0.32709964210960646,0.6393742826044931
35173,1.864691801775065,0.8764184927787276,1.1981525150445205,-0.03231504619622884
46453,-1.464159077346978,0.8750346364075027,0.08174356533475785,0.2758859489701911
14333,1.3078730964102903,0.42353299601333877,0.25654973210390974,-1.9712486624093482
43373,-0.3124910062858927,1.982515206922768,0.6428314249812238,1.637633623710009
23613,-0.7456845495135731,-0.1434050972445727,-0.52323824281257,-1.4684255335422653
67253,-2.4484995518298813,-1.2393108244914774,-1.4029435331093345,-0.32843500444450835
36973,0.6151938746748723,0.5492855057657938,-1.7739644995377897,-0.4508769163845057
30973,1.9870655917156497,-0.7385301255312716,-0.29151841096627357,-0.4375116494036165
31413,-0.29638688703714877,0.3154082039023264,1.3902348389409453,0.8367376408510204
51573,0.5811131041690578,1.6974979324471922,-0.5055491471746086,-0.33739521569951614
18293,1.8791158940267596,0.541012837067948,-1.1336168444609722,-1.470604022108699
67813,0.14078130486803117,0.02068847400828375,-0.4396969503126264,0.27906086363562127
7173,0.19963544704127512,0.34939225105842825,-0.18090396603958592,1.6410329459576456
49533,2.3414092909950663,-0.2110040895446931,-1.5396681525089648,0.07775456352687782
45093,-0.1976536947856522,0.7781312621353341,0.5897361329341053,0.7345236306945181
12693,-0.5351273155549154,-0.880077157980506,-1.331208088474168,1.7756973553082722
6533,0.12575263331255226,-0.27202865204361815,0.19299879600574724,-0.36383251278593765
72573,0.727623701076501,0.11936613952513594,-0.7320408588791888,-0.2739584374691235
32133,-0.6720727041370037,-1.9989175881495924,0.30417251260549133,-0.7974209137572597
76733,1.4300397877448658,0.5295336604936562,-0.23768602332858363,-2.9190545907887024
36293,-0.07375959517033945,0.19657369938681787,-0.7976433519893552,0.5299588527467223
65933,-1.5320864939002672,1.178902034157491,-1.867848959554874,-0.15488928083520753
67693,0.33117969332129343,-0.023162002228631472,0.659360018038539,-0.9859497275051576
12013,0.0053379142469489604,0.0929793207566187,0.1882542181999154,0.015514773038807099
8333,0.43682776311670696,0.8645041558225144,-0.9796374494257546,-1.7610258788630164
52933,-0.9499315706188391,-0.07280014280254898,-1.584996866601801,-0.146698714445038
11773,-0.7408837767587839,-2.3478915248447056,-1.3080330702776086,-0.42594361819476295
57093,-1.0177418620187628,0.9471429657338508,0.5090557419537745,0.42004407767875807
43413,-0.026145427082971705,-1.3662391619895506,-0.30877561214074367,0.9817607831664817
61253,0.06748256722884625,1.1951766762558733,-1.067455691100688,-1.6525754797726504
24973,-0.12897583538500745,0.09993510504430501,-0.9193424181251696,-0.4976137918822756
73733,-0.46057064292747557,-1.0454799370911507,-0.9896240180871507,0.7105406776613077
20893,-0.6967953916621829,0.6019973490582655,-0.03664644551812591,-0.20774494885248504
37453,-0.19040161465694375,0.6754922923527518,-0.7260943825420733,-0.47436113902582866
21573,1.836604276835568,-1.4679021262434357,-1.7680626111653825,0.46446261155510127
5333,-0.39998662929783957,0.4226142680326069,0.3895588238426925,1.0099591498515983
49933,-0.34077513626568,1.106022149675216,0.6281612612134464,-0.17552879116324097
49573,1.0282088176352093,2.123980579566537,-0.057111269659568475,-1.3224020141598067
58253,2.493942577571514,-1.1959856684477408,2.166403232211058,-0.901117039536762
62933,-0.9280808698179918,0.00692927407816224,-2.3523727327025705,-0.2434578836529907
62413,-0.13248883308457599,0.20387646536083798,-1.8346855984013668,1.9276631146965593
68013,0.3011831588192075,-1.3614869169777906,-1.0175447096453896,0.9890668948845278
31133,1.420670374081894,0.5362367391636256,-1.7186758610025812,0.5932616785847725
74893,2.769831397780845,-0.37988877700918794,-1.4040430547166787,1.1160273575985247
38613,-0.9442229667537086,-0.10047011942971595,-0.4665961020674704,1.7792340018783783
2333,-0.31842914620372803,0.44258755423064106,-1.6793732675053235,-1.743309923315096
45493,-0.6325120949442234,-1.2276859504475124,-0.5849606108444839,-0.07997626058417388
61733,0.28576125697753846,-0.8204031146592049,-0.3436794372652264,0.9364592994243414
59413,-0.5961280803249311,0.5776462720758351,-1.3073050862424302,-2.1486644271865245
43453,-0.18960953495284322,1.10804863973653,-0.08862357662172048,1.8728136385227716
9973,0.3250933264401675,-1.2948437257731154,-1.4669959824871839,-1.7517197144954226
71893,-0.5745492371456791,0.08159426536407921,-2.235850706229493,0.9350110249009453
41413,-1.9938387732875031,1.017519015007733,0.08096543714835629,-0.39479410341745563
56373,0.15853439711193784,0.36912374532917397,0.5841291743994576,-1.3836483585237456
74813,-0.8056652609060888,-0.34949663683322824,-0.7614451636265175,-0.8203124932974725
18893,-0.5875691844200243,0.28733957908080054,-0.26184395104655095,0.5701353067304303
68733,-0.8592655774388499,0.6978411597855065,-0.8467809471665255,-0.5191490263097484
75853,-0.7545062836440544,-0.6408978447359182,-0.9839952937847855,0.2660069993481357
60573,-1.6002330901240904,0.4085134462882158,-1.1418424726089924,-0.8820181941123255
44653,0.588527809725099,-0.2610966999862923,0.1258032646103397,1.053546551439588
24293,0.38525297820100723,-1.0047954032764617,-0.6614813226020785,0.09936173243745702
6613,-0.05584789968724735,-0.09209850117169373,0.3478089288300841,0.36113722487390787
32573,1.0653063302888195,0.9324500330721818,-3.381825228597902,-0.009188921772290458
40933,-0.17983045037447926,-2.2933162525068873,-0.4438760234486205,0.6952230056182899
35293,-1.355903725514762,1.0046772416532757,-0.7472645190322447,0.43746832183628115
49253,0.2723982918119708,-0.07472439974094428,0.08772805229388916,1.3597374350556704
51013,0.6895460860378012,-0.8751405373596477,0.44298481329653655,0.0737419488545287
17133,-0.8094526177784245,1.1691335706738262,0.27182585648660146,2.368911159872393
2533,0.07129710018492577,0.4205755851665274,-0.36772846805484327,0.18922918109813813
25453,0.03194090958369377,0.2885386580865107,0.3853060967425735,0.7426625163718686
13533,0.06939233515483303,-1.3646924206171027,0.2920037116284013,-1.3333978672504614
70053,-0.2575258404991388,-0.7252809744795593,-2.0072440170247488,1.5756399013362148
72173,-1.1728862802330544,-1.127711926033996,3.2779321334930636,-1.3461593190632426
74493,1.2248411169195186,-0.020930957080960075,-1.085647337413312,-0.18006658070838394
5813,-1.0830245969363534,0.5188616617017556,0.2743024039641288,-0.41188239073622845
22093,0.8365669360876187,-1.473247510770105,1.4031179794675757,-1.0346006701869384
50413,-2.1117348034392056,1.1116718477678356,0.06974398313863409,0.5413207703762714
39413,-1.2802129040934918,-0.27540197019786194,0.3175558825928991,-0.5832179719673697
58733,-0.5276843405403222,2.0604607389898355,-0.8281821832122075,-0.6105352041266364
22453,-0.2924707700429771,-0.04503348458485983,0.2459910181332696,-1.51400690586147
57853,0.9296220251825443,0.6725380271626379,0.6834133612861502,-0.31823657429019175
12813,0.8357637804238751,-0.04079900679743387,-0.7223036812065455,1.115179882143364
63573,0.6927417928328483,-1.309884430802515,-0.20418300186509103,0.6717255754734638
2813,-1.1447536059814756,-0.3202116156151428,1.7965018843414335,0.03605668116944118
55813,1.293283442702891,0.7197000955399997,-0.4369610068033915,0.1770218636968615
19453,2.147795597416324,0.4875736622893654,-1.6368591674734878,-0.7360300221351509
23053,2.4937453632014455,-0.2140004435861878,2.8090556420965394,0.4822989225351395
37293,0.9020227758177459,0.35027815541080287,-0.734305879798286,1.27649160745492
76533,-0.44783066324334936,-1.34156379175792,1.0134493922593377,1.2224550212705776
41493,-0.06645079540768875,1.6578796972504048,-1.3617483336224958,-0.6588820378755198
44413,-0.33322936491755617,-0.5420977122768269,-0.015921969667938875,-1.342725325010884
8133,-2.1188134015799034,-1.2865180045351141,-0.5153715342651523,0.6920284652779837
52733,-0.534017254574416,0.8449578514647876,1.9095667490317516,-0.6683341153216451
18973,-0.9945816720741647,-0.5836185895018882,-0.15581466349657466,0.07346074915651941
773,0.05911137705177833,0.7784258348538416,-0.7674030986293235,-0.7876818961385625
23453,-0.35067923107209026,0.5590951793615869,0.81797040124611,-0.39255866674810735
37413,-2.194868536648803,-0.41117871900321423,0.18114345328024994,0.46817099250256644
5133,-1.334018562726383,-0.7684484445455915,1.6780482027754688,-0.11761776534028838
45613,-0.033904685594052394,1.1176311501139367,0.3075628816192245,0.03417844986208572
51293,-0.5252254859731399,-0.08586557064384849,0.160331823811393,-0.5402094485158244
62213,0.46696240763607,1.208208173005179,-1.9956048449815438,0.18339104507510895
64053,-1.1461186764617306,-0.09532430924433125,0.9086436312527282,-1.6396395230214835
66373,0.534054329592375,-0.09460775911800864,1.292399673033344,0.28214844364331804
35893,0.020857606389536387,-0.4641911867944172,-1.2292745294338911,-1.098755710840057
10133,0.4894108677030404,0.23207000342375095,0.6506766629770174,0.2991100481937913
3173,0.7189596448726489,-0.5412816620036291,1.055366655706882,-0.4869772607593887
573,-0.2960001449948903,-0.2873203340425383,0.010023661349789131,-0.4156041825945583
2133,1.6830241480927086,0.7266617497351316,1.1943765782425912,0.8015351920375015
76213,-2.192571060876528,2.2094335674472503,0.6033888493714604,1.1890230522663978
72133,0.6387522386048989,0.28257240638573133,-0.11297144146769827,1.5724919383295506
44813,-0.2775696545905407,0.15081791304763006,-0.3229757504596679,0.9380559725948763
49733,1.0598369100358502,1.6484316754633268,-1.112533403475149,-0.3011982952613644
59213,0.7698219787816125,0.5897730553754931,0.9114571759316954,-0.7793264453219664
22933,0.5823413677844129,0.2826886422913648,0.1999070681347482,0.3676944091553683
71693,0.321905232411531,-0.9882586515871791,0.19152450506520047,-0.3265337264673718
57933,-0.05764995131575409,-0.3033473124421732,1.4071984347767241,-0.5628304803763661
60173,-2.026579950035902,0.12139113387708106,0.018704420788478976,-1.1024907161921256
7453,0.5612082165834154,1.6001200194750191,0.8421644834171681,0.2671326704052737
55893,-0.23584926186235017,0.16046715346538373,2.471213128676001,0.5948623991984436
53853,0.42761685961139123,-0.05066681537299109,1.0509359153938338,0.9849731231057414
12093,-0.8575954794345315,-0.38566977519895207,0.10313632157586773,0.4331013250841497
2653,-0.1354821146229102,-0.3108122139474015,-1.3808457023260583,0.20688542693178397
68693,0.15055351043196188,0.24161522943643252,-1.7576479694663751,0.6583608175580221
18533,0.038678503491194324,0.8180272432937279,-0.18453068983073875,-0.44680841187868786
36573,-0.6002745117660995,-0.5211878586230217,1.9339223309746012,0.8395196099951137
40733,-0.775214871028783,-1.1049083157367754,0.9704701900184615,1.5095338434079186
41573,-0.25749334569978366,-0.9231387480842904,1.8592683431277233,1.2658858257715218
44893,1.2436680560488018,-0.4002849881308191,0.8351308080146475,0.28625174575050005
27773,-1.1570506023254974,1.1968369684467914,-0.6016261681849783,0.5309054175933787
12773,-0.6571019947018673,0.7468836910077453,-0.057852133522022134,-0.44588926880055585
60013,-0.993423701942918,0.44046557946660897,0.4647311487068386,-1.427318492671873
33213,0.6790926340067802,0.8310947501621273,-2.4375040109680226,-1.221426447059737
25253,1.6853637155712375,1.7868261880643541,0.5674844600660565,0.34623733436167914
27253,-1.3783196715413482,-0.9961503230256559,-0.12271893477242149,1.6382121350131502
48813,1.834238816374858,-0.24808435501888343,0.48435668723672637,-0.5199112494957645
49093,-0.9872177052876628,1.458601886832302,-0.08597303234804032,0.5385890153691812
14973,-0.1531671847681705,-0.8030293654450238,-0.19714860124788142,-1.8908788803450496
54373,-0.9307578075669161,-0.729937482414615,-0.2795004384210654,0.4713381903170254
36093,0.9607035243385005,-1.0191070968406413,-2.9884269203833553,0.5858932348616652
53893,0.7196627587150922,1.088927422198869,0.48746675158822583,-0.43649621964256025
75173,-0.3702880060227155,-0.6122964760746609,-0.4474286964282123,-1.1697614405253918
26573,-0.4455313827341376,1.3949758326025605,-1.508775088259765,-1.3725884573675506
62093,0.3221554521059892,-0.598201748199798,-1.327623495640417,1.4026777892724478
16493,0.8236534468221315,-0.5415521314108263,1.826830481068276,-1.3432658527356645
40253,0.7061594776811635,0.5819630675356018,-1.6236999639246454,-0.8785985431005944
39573,0.6192442919790959,2.1941952956554673,-0.3124747537125475,-2.9108511566377038
58693,1.430177279276854,-1.1320847628676556,-0.21400560007982725,1.5307889682586902
31733,0.8944385122056238,-1.800145012843319,1.5988494084343907,0.18252699922074728
17053,-0.6048329580405878,0.028843094757574267,-0.8057488080377476,0.6622550953426005
61893,1.9421885837617743,-0.35737356178178614,0.15336213880873967,0.4188410647151987
44213,0.17517143627247783,1.3260809906110131,0.08774009943232451,-1.1414137145879761
59733,-1.2434155696796574,1.4782211741843567,-0.7737893160061986,-2.608910538586832
44093,1.664223091307341,-1.0451885981642899,0.962519798789144,-0.28265774583742453
45733,-0.3746217802068035,1.032480785291194,0.5764335741705665,0.47463357783953536
28253,-1.174922120307527,0.9152691077302311,0.7597803996318532,0.30734594630035816
23213,-0.09530066780774823,-0.027271731832060508,-0.5430969023769765,-0.3060167083553095
2173,0.5567890909744942,-0.18427041297337132,1.727720148658508,0.5905254239672328
45853,0.3031811876274376,-0.7623303425918708,3.001807359960742,0.04222961152661672
72373,-0.012138724115073754,0.25918365083834843,-0.9079919487008798,-1.283199297648333
17413,-2.086115414648996,0.3443723097297072,0.6869562039317145,1.601753637570362
49853,0.5413492143500149,0.2658122225961925,0.5657436276718453,0.3966027526006888
24693,1.5066164389871755,1.5890326280039944,0.7550905528499371,-0.8453017479703924
36653,1.1861104950787704,-0.1564710281170091,0.7661627189633349,1.4108432227472614
1573,-1.418228929138614,-0.06951980631624334,-1.1110781473070177,1.5146899254327888
66413,-1.3926449021517546,-0.4900915994916764,0.22060153918530973,1.5069635168042252
27333,-2.3007066943478964,0.6527059736507455,-1.1514921786698142,0.18169783805364637
38453,1.0180551262945812,-0.5579520456083347,0.11530793841442372,-0.14682122112156928
50693,-0.2819855816517276,0.5183893023872536,-0.6803160706433388,0.32392848979281724
76493,0.8229682298729568,1.3676345112283006,-0.8737087977725356,0.4249298296851539
14413,0.651813351944617,-1.5037052880870092,0.8391471702157793,0.11443847174748605
39373,0.1306590825046685,2.316314345476261,1.8450617018062379,-0.01092114704775558
18573,-0.9269041271231858,1.541552747915304,-1.4475065595585108,-0.9865727304884592
33493,-0.7452230563163305,0.4968101976475937,-0.10348115586809818,-0.020487930791351538
71493,1.1636427085494607,-0.7765161828763382,-0.3845212726059316,0.91456662628563
61053,0.19768123982400257,-0.19254699690815058,-0.20767359936603652,-0.6241898482229947
35213,-0.12663507376930339,-0.39294188759080484,1.3372492474551743,0.7181977756456553
3093,-0.09383496604913034,-1.9344359238860842,0.43208419494900624,-1.0849089785124109
733,0.5564901033320171,0.154713014705815,-0.22544465308023673,1.197526261155699
7253,-0.37626809658381527,-1.1149364844795289,1.6337120148209816,-0.7890242499939
43813,-0.6255729451454917,-0.6182854501975668,0.32519439144203205,0.07970332486523014
11413,0.9522142768560479,-0.4849653487784042,-0.8783650987555293,0.7836459761683954
56013,0.26500364640263124,1.6096655634036388,-1.954754978133275,-0.7614864849571978
23573,0.2674825569408451,-1.1309588976998661,2.6624847021666547,1.1152597900842076
19173,0.37323665579812565,0.009287537573684434,0.8914861736110727,1.850383931409924
76093,-0.35744621277346095,-0.8027270456172394,0.8086233397126223,-0.5359681882171078
1853,-2.0223375773604704,0.5848565609126171,1.5468759009053066,0.827884895159586
32213,-0.11056983687421983,0.46347331902328587,-1.1948037200065293,-0.21108782028725964
76813,-0.10922884933157041,-0.7061478434478181,1.9140349822231253,-0.5308880475699468
6893,-0.5374586303035406,-1.1222738182973553,-1.871909856952334,1.0193751196716996
12413,-0.5581611085144949,0.5561021580285155,-0.9218924556405662,-0.16052902371737066
44693,-1.052895363826109,-0.4045303008729921,0.6282979986091525,-0.44802238730536303
27733,0.8812202694606623,-0.28868470663111806,-0.49005855989340064,0.35305639902971353
4853,-0.16831849502882706,1.0261842249720587,0.6063084856738289,-0.11759762861626237
64613,0.5921923195356346,-0.025002945604181058,0.25481093858530485,-1.3748918706773312
29213,0.536104853792724,-1.0494577942224208,0.968098345612944,0.11851790907194121
54013,0.017275481186042097,-0.558445223209854,-0.08397223327697254,1.5200476784889119
47573,0.6127561518035765,0.9877970248866786,-1.2466777440855241,0.9777460692719642
31493,-0.3098969527217527,-1.3647297111393735,-0.9531453671253222,0.7828116346486153
13733,1.9511365288888782,-1.0275745991940348,0.16490982909947716,0.697067102671767
58333,-0.3677100682273768,0.7195606023479079,1.5338108044934653,0.4285611621854968
8973,1.165622002475021,0.20629405091929803,-0.23867172557525576,-1.4181042481682042
12853,-1.608009315354398,-0.11770887699511605,2.6390292828517667,-0.9330037274455019
62253,0.7630269728172553,0.2626829802729793,-0.6839169384752745,0.3593850957614356
70813,0.7243739774525196,-0.48804761849072786,-0.2666409125674333,1.1226380197225043
30373,-1.1726027665481809,0.132793457884697,-0.2318504660674546,-1.537661605697195
74973,-1.3240817225720614,-1.116423235058579,-0.5901533340962262,0.09402985244558723
34533,-0.4163574359341665,0.385722207636232,-0.5275562980397119,1.9424637327380128
37653,-0.46605823185577305,-1.0350336022917508,-0.10509915198029395,0.8676641827446634
75573,0.4788237098302118,-1.1039408185334485,-0.5509141283833952,0.27341682751465296
51173,0.3374961618898443,0.6218502906852927,0.9532077576581294,-0.5565480573630172
17013,-0.7959019105544234,0.6496127295634758,-0.8622016336551918,0.7021118737890152
66333,-1.370699322176733,-1.746365451138763,-0.5813878964439123,0.5484639610929701
35453,1.0392630934676044,-0.39562885597735203,-0.9457752518988184,-0.029498321871527206
71813,1.0639858059898766,1.4305253522728796,0.31654176171310655,0.11996935217890292
63653,1.506029565237873,1.6029808243042933,0.41896454813125095,0.5602489549950959
27373,0.0715109904288669,0.4457707414586602,-0.47104188872816116,-0.7830688226665723
2853,-1.0567842748384262,1.0507147647088995,0.6322812273486587,-1.3275295464620536
76133,-0.9155090706114398,-0.06827095927667177,-0.002147272756096829,-1.1612297170578465
3573,1.0969386608484122,0.8253827686685614,-0.018194456154676984,-0.48537080876939265
33413,-0.12261502176675546,0.11579443759540617,0.5944976076174501,0.5499155970659148
813,1.2316921136413446,0.6998754127371904,-0.7606544935888485,0.6666589686758351
25053,-1.9421416378974754,-0.3646377318500613,0.70635170014636,-0.06388149426000357
60653,0.8655906215903273,0.8630234736778472,-2.5273197837264396,-1.4224771482135805
49973,0.896136567999555,-0.4975427372082051,-0.3919334983696704,-0.22166207796112014
53293,0.4645281297218233,-0.29713766734790087,-0.17042536293607632,-1.078168248030824
68973,1.2295630803774829,-0.12870248813910973,-2.0547149709302683,1.85896259472577
71733,1.402543762446147,-0.07609244125337092,-0.6406071038263468,-1.5006724452946278
73133,-1.4369799208483267,0.07555430002052889,0.3723716709759571,0.40265610413301356
77293,0.4918069457495518,-0.8926849135267052,-0.4950632394073419,-0.8972811084977192
58173,-1.152821747612833,0.16410571449575115,0.2705953762229161,0.356966263689592
3893,0.63359051642857,0.7179191222446671,1.9742143960211875,0.24008777380099286
4933,-0.2445693517429648,-0.7162504595218049,-0.7565270962328319,0.1464161266631316
47933,0.6133857822174494,1.3975271600603039,1.646938694284653,1.3118767726998057
65973,0.2650557086675196,0.2492748583833968,-0.3511497660861141,-0.2265438965067304
47733,-1.898540020729342,0.8633492069144976,0.2090127322911975,-0.7476405838366771
70133,1.382231651067189,-0.14348274698196192,-1.7189738161939885,-0.2743809707779537
64333,1.2397655315048604,0.6165636783979472,1.260982679854188,0.9232330584537597
38013,-0.23186088247549363,-0.5075927651441474,2.188213223481725,0.7482992530817719
1733,0.3362928803813405,0.06457980645430518,-0.18140802748287413,0.9820897793422635
41813,0.1909395253847292,0.6359465442672253,0.5899341952516274,-1.2307000362004585
39773,-0.13342215362350562,-0.32428512189175823,-1.0077324953885372,0.4714224630388531
17893,-0.8219203469170074,-0.3033502878962011,0.4925491459165055,-0.5021559848284725
42573,-1.1810328721105003,-0.8740386318447273,-0.6180868115879234,0.9847032990754726
37733,-0.15198113404055397,-0.6436298891313627,0.2860641611336721,0.4070866765378819
2893,-1.1804900830182794,0.8063630522667036,0.857097992621271,0.35685683538174834
7053,2.0473631636846186,1.3494323501390504,0.5195275522850952,-0.028221170247294404
51653,1.1793801263097041,0.5316764574659171,0.4791544761245666,-1.4668230117442498
51493,-0.1311100778770254,0.7959006474206851,0.3078036608660084,-0.26376574158410454
76653,-0.030447541981886723,-0.839691645439883,-0.5442387955623451,-0.2826565855903735
69933,-0.2831456529266777,-1.564220255867057,-0.2877902734291611,1.7832706758698322
17213,-1.1649603879476365,-1.1634233501936544,-0.06461300484986399,-2.155645090777582
14013,1.1265666303213375,0.15927654802932648,0.175163795776296,0.10194814032018437
72453,-0.4972095370634354,0.06034736863319426,0.038768623201806726,0.871504978544271
23413,-1.4859169906212593,-0.6220652671405074,0.2706052966921896,-0.8469667805329488
4053,1.2506254156173773,0.5419826304988998,-1.1178834569089116,-0.1655235465375418
9253,0.9571525317442438,0.28169364851916,-0.47105139899968707,1.0979959184910073
62333,1.2828886190223747,1.5651006735882507,-0.21105572429338051,-0.23303836978685732
52813,-1.1727773829871533,-0.1385847337884653,-1.2454062388560623,1.5077997976974575
67733,-0.46109970956835744,-1.3255468162991328,1.5547273025036659,-1.2219512359621458
16533,0.6023344997403943,-1.1259774250994175,-1.7409436517487908,0.7090974943020139
64573,1.588639453313487,-0.5078777452297064,0.14011983646340684,0.7195596001850844
70533,-1.0573113076002587,-0.2116523125657595,-0.9589892034046065,0.3381238298558729
69453,-0.07277493260013479,0.6676583733108725,0.8170909399333116,-1.131816911363773
30453,0.4255253960005808,-1.1506572484887816,0.022209279231190558,-0.5158576808847547
37333,-0.19383447589055505,0.26648171864375675,-0.917244931167736,-0.5351168595286584
73493,-0.35118932842030975,-0.3313472040187484,-0.6364967403061629,0.7931316169094443
68493,-0.5888205735469314,0.2552276068932567,-2.8717228290221644,0.051017555204086
45653,-0.09286969575653828,0.3408144421757911,-0.3170776700649537,0.22529241607018827
41453,0.853591124817893,0.8761924834718664,0.7471519564935265,-0.03206617198787501
49813,0.5345413893623326,0.07686332896141698,-1.573594996017061,-0.45884883101255414
53973,0.5660877800914227,0.33573514559861134,1.3483567780707695,-0.21880847775067774
17693,0.9436941439285421,1.0377569077999094,-0.9202645636650335,-0.1422142620602346
45973,0.7873740547734188,0.036500035325420996,-1.4825167374970132,-0.2548282472611519
36013,-0.6992665030009222,0.7864326689785184,-2.339770758856193,1.4257689961147377
30173,-0.6637691739755359,1.123642203228943,0.5249366518217553,0.10680370199432121
74773,-0.6671775066806416,-0.2626426222165474,-2.1620076705190017,-0.25091773574494525
33693,-0.8553484084089533,-0.3840898267322354,-0.19040062026811716,0.011258326799588316
38493,-0.7178848549295463,0.039496170001914556,-1.0120422481514337,-0.2619607260593623
45893,-0.5578202380217682,-0.19285485042205955,0.6988301915102781,-0.05927038072091161
2213,0.7979672880933899,-0.6008246999120794,-0.25106939405493833,0.3908427857893053
18733,0.4200471083427024,0.6627010584059864,0.9154840387879165,-1.1131783723335804
50973,-0.3477151346919297,-0.5721248129639435,-0.6417414115399616,-0.6020755660978283
41893,0.27167912046290615,-0.4510595096486405,-0.5612580104167554,-0.7055174892181938
63373,0.737138258914574,-1.2746305057755112,-0.13593047041676176,-0.18433800485129948
14693,0.28034580862301833,-0.8658800357742694,0.69311801624251,-0.32243769195543137
18853,-1.3873028885219847,-0.5509169095439547,-1.749104208814316,-1.0998713427615578
63453,-0.10257401868617991,-1.6972138743917036,-0.19955331951706243,0.5501557259119186
23013,1.5200802084180822,-0.9715759310476596,0.08968550965593523,-0.8140247765948586
29613,1.4050891286157972,0.38682091428222837,0.23576502148048747,-0.36757577277649145
71773,-1.420952450519946,-1.232344966880045,0.9246294845591553,1.542273991085802
65693,-0.21936042466635075,-0.8337113747343047,-2.8245499040044284,0.23232088590056452
75933,-0.18971024386030194,-1.5463745602871106,-0.13296579396271455,1.1263368984021318
72293,0.41332548026662386,-0.8757521660206163,-1.8134120631266275,0.9120165248990147
7093,0.280701455385414,0.08020181848131917,0.41585377541370727,-0.6693828133968938
47973,-0.8069137839265503,-0.6273675849792979,1.988752735581353,0.36798476597177515
52133,-0.48680726339563873,-0.7244802939947003,0.9005178365207847,-0.012910968367424662
76853,0.43785847364099933,-1.1401163280069506,-0.1683665172959113,0.5310029831877003
60733,0.31540279646326413,-0.5842929486153806,-0.2060149852916135,-0.29604038528938426
25533,2.624420770720493,0.5351622632835809,-0.4605966986068635,-0.975817046189594
54773,-1.1444847089001202,-2.8942407040242872,-0.933777579780606,1.0599830380270108
72933,-0.8707517691789192,-1.0666952904511333,0.6629233462438443,-0.18946989484299306
77093,-0.9161441024666931,-0.07547282654489841,0.7034178495873982,-1.1229872904695397
4533,0.33114563621674503,0.23969341007859768,-1.561920322111738,1.03969211827182
8693,0.47063206052563167,1.6825223079675768,-0.6321616208354184,0.10342664257894317
72653,-0.1542458151141792,-1.2849046434634,0.3932325139758173,1.0345653945164932
54093,1.2136568888333394,0.07899424764820119,-0.21370925274146885,0.28703706944683194
61613,-0.44731553248168976,-1.5108081098087691,-0.06084786224475174,-0.03057877572585451
2613,-0.2506368290600311,0.3760678054994188,0.47250550351365556,-1.0053834088345568
70613,0.6003050275099908,0.7918857848813795,0.9217073433538553,0.43549458817043674
43133,0.654186771015305,0.11403781221207558,-0.21528414808671073,-0.04521015569904193
74093,-1.0940854118173975,0.5822891442644056,-0.24529340086882173,1.0215825912967447
37813,0.658934691653026,-0.16889006286608957,1.2240884187916112,0.5832093527469027
1533,0.8409060845804457,0.582304054005194,1.0731881727377286,-1.8972790188570798
37853,-0.18211237258675964,-1.5913449437312277,-0.3085784489641501,0.2771996120664767
53413,-0.43322821076215107,-1.2396237345917323,0.23392624038101711,0.5726703199760664
54453,0.7214623326639649,0.68971302602639,-1.552042143974136,0.057374515234190286
5653,-0.8947190054878458,0.40246666111238383,0.9512127635236495,0.734091375158447
56293,-0.9273358054396306,-1.1524727044725385,-0.9980704700431511,-0.1707628530418823
71093,0.5297504174423485,-0.7211362524994851,0.23770069065326824,-0.38242570122946856
65733,-0.5366818161266316,-1.308136782126499,1.8149441713581977,-0.10689856371039044
38973,-0.40245711624130337,-1.191233770918251,-1.3653342244701063,1.5329838775597409
47613,-0.006003518192803487,0.4203960474890638,-1.1348998767373673,-0.6326510361402493
2693,-0.3853849161833691,1.1148865009963027,0.4498924733407079,0.03226099737213343
59493,0.9520211991276359,-0.2416948412341906,-1.4377457955400317,0.18838394715549525
6853,-0.3969687295612971,-1.4533080756181131,0.7316616512762645,1.2081885389092828
51453,-0.602515625388836,1.052443030004611,0.22946690906462944,1.488343400775735
21493,0.7453919008016076,2.2167314000013647,0.18640519409481815,-1.2564683504174863
59773,-0.28443012581461796,-0.5807572818395391,0.7704960312530967,0.3638741147374087
46693,-0.8232828939510641,0.5296620855248027,-0.47480271702546584,-0.6770167544002842
293,0.5165229601126614,-0.3024344836822861,-0.6693364666079958,0.48375609783511775
27653,1.7102285477053907,0.619799111346166,-1.111711264323311,-1.0314060655717987
70653,-1.8354585932024412,-0.9147311702079977,2.6201776487444857,1.4514928040896022
37173,1.8201813980243733,1.1087094132438626,0.06523340767936128,-1.5798683557341482
21333,0.7411520665290339,-0.4604351869609175,-0.8724090586128451,0.6527639762133228
48133,2.4965182850865615,-1.1880894187034154,0.7086974764321521,0.33953603874623256
8013,-0.5641825009743033,1.084008616400146,0.17966923124737486,-0.18118736464701804
56773,0.7516652295582221,0.9074464808423132,-1.0342391781807387,-0.6877542967173158
66573,-0.631867156950676,-0.13062197821563837,-0.3375893567842538,0.08715615535534692
24653,-0.20357149218828766,2.4731663426567576,-1.676584073638927,0.4367143630267239
51373,-0.5350430678132416,-0.4090915474042319,-2.2067572923531458,-0.6458684813627603
28813,-0.7107156591981879,0.9757432334106018,-0.3089727207863942,0.9937045217500964
73413,-0.5735488619953052,-1.683749341164243,1.106496322260219,0.03471532346218591
37133,0.9602363218659091,-1.5303670595678447,-0.6971559675789467,-0.6422574802728124
54293,-0.5590329131349778,-0.07361033267278104,-0.9673324463586234,-1.5157356884371658
73453,-0.6450281881408532,-0.678043718491695,0.6679279214354379,0.3211386727371117
45453,-0.5631969277126434,-0.37213455294390074,-0.7086924272567748,0.9994760785565039
49613,1.0375494551649098,0.3116079770158138,0.625475557373479,0.401917471348183
13333,-0.6503923385072214,-0.9946880520122874,-1.4666322654059236,-1.3885650852766003
52253,-1.2704067661253131,-0.9685583906952877,-0.9143568066260347,-1.0564062632932985
71173,-1.2270573550765376,-0.575362873792732,0.2582036323761244,-1.3132456005434932
21653,1.1277642671741215,2.0547442997668535,-0.29992827542791695,0.901508630558894
66253,-1.2301559447043406,-0.7183807062344818,-1.7313662476122293,2.0530627302107476
70413,1.6951822879056508,0.2700726273671202,1.6242267844070213,0.22979376883462085
29733,-1.6035095685138783,1.1649516652518002,1.4758991859970552,-0.5293573628234745
74573,1.3117207695784006,-0.6934179830705837,-1.7956086898758157,0.23196400133829928
38293,0.3250052671401773,-0.34682165434511963,1.7146759537346457,0.4690547295346627
42453,-0.01536688003067465,0.2502798595987253,-0.8832702564786236,1.5407943304230385
6173,0.16784611990200282,0.10020878477705777,-0.5203051989438867,0.8132204495050827
7213,-0.598267254444544,-0.22873675566588691,-1.170564812205514,-0.2525612321324072
50013,-2.1310089891134076,0.16428640509980955,0.6123559416748398,0.21956440462400845
13613,0.26663664629614175,0.19075195307582055,0.2432773149090323,0.12801837228805563
5173,1.7808296333582576,1.0547368278807376,-0.04886412573667432,0.4515353314244935
26973,0.8406037001410106,0.7016645735005349,1.04241164194893,-1.4689828684565673
71573,-0.41387010841163374,1.0018624714147328,-0.04311354274672944,-1.676146112666848
75733,1.1857767891608264,1.329666060441514,-1.2717739904253094,0.4884942661442463
3133,0.45883100287975903,0.07802633198748028,0.07890584124691494,0.018521925456311886
49333,0.20945271492662002,0.34728211721814506,0.05472498118563727,-1.2063969773025487
47773,-0.646034022313754,-0.6338067317042094,1.0397989626677115,-3.4125875771078507
7333,-0.03879319597516121,-1.5270255459988173,-0.8324414079588589,-0.7438562366615669
51933,-0.29707729706454244,0.4020734166885286,0.04002223031485776,1.1444112070568628
11493,0.2790768725768208,1.5567479936081066,-1.3456596714626783,-0.5980145839771613
1093,-0.12622303399668738,0.12825817286520752,0.11274290708876974,0.15809810438352506
60253,0.5109990331261239,-0.38781475254788134,0.660002776487583,-0.448291778232342
64413,0.03483499134731278,-3.1607462102977735,-0.846055709180189,0.3358885606002349
68573,0.3436954907067111,-2.2508412250911447,0.34678496709774287,0.36944818299899546
28133,0.10101480397432083,0.16226269117319161,-1.192223032830446,-0.9469390664273999
13373,-0.22876570428368745,0.5491116522673588,-0.36261775670434165,0.7768869249272073
60493,-0.22748446513385662,-0.4475893396376442,0.4767264994811119,-0.9329038111355061
76893,0.34352969674291767,0.3336530593502319,0.11654801540170467,1.7188224397367846
33293,-0.4237647759338414,-3.302543719004482,0.28605462447961605,1.2031163231005764
40613,0.23244289501857032,-0.4226914768803695,0.36349300740125146,-1.1708339447934244
44773,-0.29396586120140744,-1.2611330441616642,0.22716817895252048,-0.9818448475677136
58453,-0.06374479158393957,0.7800385251023713,-0.39519413350001636,-0.6215498552066537
12653,-0.12268161064612436,-0.31624186577262053,-0.9080228956483853,1.069338490935209
16813,0.19313713652223163,0.8218018203399895,-0.14873786087268212,-0.22188734509471011
20973,0.9533901382068515,-0.7575865537740079,-0.4958827233350206,0.10897899975363246
5213,-0.7397393924626936,0.3191965268002126,0.2060717187079993,2.254904022404346
27493,0.6462543361773435,-2.211563268236963,-1.6891373888415464,-0.051482238499476876
37613,0.5769687244521646,-2.8855466997676302,0.22799571483365286,0.7892272489106112
44133,1.0567357556990442,-0.92996686796111,0.44005695960466046,1.5587635520711713
5493,1.8045776640024245,-0.06182551885144771,-0.802856231929361,-0.8729699060318153
50093,0.05541040753518094,-0.461358848517244,0.360695914027048,-0.3069768507006546
54253,0.11969052827866922,-0.2127349620421817,0.8909090693307298,-0.03512324429124304
52013,0.19131743066156154,-0.34048520453639863,0.024224255678542243,-1.4367645971658056
58413,1.7628053385849343,0.6491656530514632,0.15460095862282866,0.116110820906313
37053,-0.9171057345970496,0.8274937867476926,-1.2777899471348595,-1.0076817963699538
26293,1.2560300732928278,-0.9621089722508496,-0.007332511400819434,-0.4247467762994521
63013,1.2220764397659076,-0.9438164884020493,-0.7833315663259626,0.16043891464172705
70893,-1.492295559791646,0.3214389909772404,0.36450456030804285,-0.9542185657475662
70773,-0.56937474844674,0.793353504970946,-1.2349647800177965,0.2079961689663251
38773,1.354689848441544,-0.3036470369350523,-0.08728280932918697,1.2811693611742383
2493,-0.17177536536957477,-0.8477532526975378,1.3418620325285664,1.163879206849102
56173,-0.09983092416501858,-0.06361968145374775,0.27271727437149007,-0.34272689700969977
32973,-1.51299788846417,-1.0000349024469615,1.0849385788978358,-2.0849051759058366
74613,-0.5159583492314843,0.730652507699767,0.6551353984081866,1.0646503617428236
58493,-1.8774443950063942,1.150530977142947,-2.2202695942150275,-0.668105314444818
21013,1.033562241659762,-1.41306797903389,0.09792032310511087,0.7879137638547434
59573,0.49048554990836535,0.145078148032248,-1.3997344448792606,-1.7393978239523484
23293,0.9017385602243421,-0.1912939469335672,-0.5315536038232775,0.1643359867615469
5253,0.534515407344741,1.2384996370225503,0.8025606766895473,-1.279913093825094
65093,1.4256141818290624,1.4653398522983816,-1.607749496215015,0.4737755147779825
60333,-0.11547802724227252,0.6057152260910547,-0.24084777939336574,-1.4883145441645644
13933,-0.4748527456862433,1.1186530570538522,0.46832929057926365,0.769914776336613
39933,-0.9142578797519071,-0.8788133780226384,-2.3849195671549537,-0.1994950460643733
13453,0.36649057554767367,-0.7550574405172675,2.1447218048693264,1.50557877607012
3653,-0.30958508688735875,-0.3610572296031996,-0.3060284577981035,0.6839918307963082
48253,-0.5714211975102867,-1.2944796064119308,0.6433464895122225,1.3286520619218944
7813,-0.7058567663950214,0.1709458406016093,1.1166452123268158,-0.09477218179723274
17533,0.6720828228811508,-0.9788944606248327,0.4978452174055944,-0.5765456558188301
56573,-0.46068219808070054,0.3631515770111566,-1.2233030155015878,0.9878552232814838
1173,-0.024421334926487605,-0.02477501546832822,0.46182426873696036,0.21244499654136248
64893,1.1819590570635818,1.3312316896271306,-0.47680812080645146,0.3972329153832726
69053,0.01032787621902413,0.7340892508771079,-0.4457292520848722,0.6001876919173541
28613,0.3756271488504735,0.4682198424993085,0.7135838459887635,0.3343213191313689
8573,0.7442129466438423,1.976275440351671,1.0558163850997317,-2.266323100410561
50333,-0.5790389330601892,0.25034938997195544,-0.5621420908672359,0.15437523337292788
35013,1.4874712575541356,1.6517202031106528,-0.4205828450632794,-0.16080382857029604
653,0.3067159001713265,-0.36748729818529885,0.4277080455028221,-1.2044999080801673
4813,0.19115670203505472,-2.752678458990524,0.3951365412871442,-0.08737311115286238
68773,-1.4821683202907865,0.9812015775640239,0.41653605252830733,1.6988126312221135
63893,-0.3563335256734428,-2.213152920602427,0.21232394209151031,-0.6019515580388034
57733,0.29923226718574036,1.8886691011359342,0.010285619551924136,1.134615562967866
21453,0.18409274431440348,-0.8385461308787372,0.6592838042683071,1.2301165510241137
25613,-0.01680279326669951,-0.2991291192569657,-0.38415443323456716,1.1152235243579656
46253,-1.197425986289358,0.4984852377078827,0.5994073995664997,0.13811218894100558
29773,0.6786077173491164,-0.1994549370797152,0.7229719845074354,1.1160895613818707
39453,0.15121915768664554,0.9607317859129235,0.8299582831916613,-0.2140969405468506
33933,-1.050663768741122,-1.040818634559556,0.5641739092325672,0.4710876144014521
26413,0.5991622728090895,-0.4453501980253369,-1.25260921751459,-1.4480475728851165
1813,1.2343063941334678,-0.3934338689317576,-1.1958054474035607,0.9911804405167641
33973,-1.1412635187956803,-0.2837104096884555,-0.5659722792294763,0.7684389773235375
46413,1.8827210058140909,0.8061975394401448,0.6936047628892632,0.026817301541486913
63293,-0.6842265725622693,0.01557826706553464,-0.2052617531617581,1.4198648038273436
50573,-1.3239783002371313,0.839169263594737,0.5114774381254323,-0.24559354706266545
14293,2.001190417465393,-0.6410987445120414,-0.516837818000201,-1.7549157279150867
52413,-1.5564236743919866,-0.3503403367622519,0.7349182926446136,-1.3887755314911385
63053,-0.9389074856130576,2.140280847923176,0.1177211646385096,-0.7052434483745402
2933,-0.6135343667313017,1.0566673822168213,-0.5025464193799856,0.1503768926529168
26773,-0.09816455932847008,-0.5704616260303543,0.6811093252260076,-0.7734467313166882
53773,-0.31077246497146,-0.0325811784235302,-1.2565691958293745,0.47179140919498525
71373,0.012178362076542716,0.09380872682134732,0.7012948416081849,2.0366169746805407
75533,0.30724647808811845,0.635083968704249,-1.079606016420817,1.047443798337527
19653,0.7144826569045917,0.08485501820073707,-0.47169750158473883,-0.21485568155402993
2973,0.43972614115384645,0.7011595851107405,0.4025262485368025,1.5276080746915845
7133,-1.5802584829529767,-0.6743817217703446,-0.9606658779112919,0.6539405239611782
38093,-0.6976756544985312,1.105181053481382,0.3168250147291288,0.8662645924977399
15453,0.4411889746414554,0.978366024507711,0.806336308006412,-0.6700904326845334
53453,-0.3731399947928635,-0.26355740975686315,0.5504526649184976,-0.7190185058410024
64213,1.1659933528000548,-1.4790876626502538,1.164520945808065,-0.9942248600148768
68373,-0.9314468739373921,1.1675082269882757,-1.7338574862576415,1.143780055704423
15573,-0.5765188928992886,-0.4994959051436114,0.06359927340921515,1.2367211904390834
72533,0.28094293096560186,0.21736526518723673,1.8177567711518277,-0.810224282253939
7773,0.34774585392648943,0.14864839035540484,-0.7730106774505959,2.1213843895149744
76693,-0.026180899244493325,0.6129230679723322,2.087350050427639,1.826449745190722
40413,0.7401636674434461,0.5418721836805459,-1.3691002359428206,0.6806806355164028
66853,0.7038301300383873,0.3876188637654306,1.0324370231789248,-0.2661227911467467
44573,-0.8355979845112899,1.77781543941562,-1.4917437891067395,-0.609874068975488
3293,-0.6880052267150806,0.5092857764617101,1.1298899868573655,-0.3271705395110182
48733,0.2759366389978085,-0.6145660149774069,0.1045896050140014,0.17055994853536857
16933,0.360256326721781,0.43843789850691317,0.37353630606089866,0.6691281598677369
52893,1.0625755358148286,-0.8669234861983695,0.7570792235157955,1.8346881794898762
57053,-1.436913896126627,0.7375032385424699,1.044846291915448,-0.5092655495928072
16613,0.04099473222112988,0.2528889619421249,-1.0836601528175813,-0.479347487979929
61213,0.6391172264130447,-0.11545417885891854,0.3530557315798962,-1.607141452674608
62693,0.19976135098707037,0.7321205915069745,-0.06545379408252308,-0.42815567175632874
65373,0.15920091779054035,0.7203870232230599,1.0010196764074668,-1.9258167719287258
69533,-0.2412545143990796,1.31864236409896,-0.480759512937578,-0.2508097665880101
24613,-0.6503896383148321,1.7837861871088248,0.9116240838138521,-0.5808810139465571
29933,0.8369866543621851,0.10632373249866904,-1.067212487952373,0.6046594119606561
31613,-0.13678585788765693,0.25951729331701795,0.6645189253578209,0.5402587556363628
5293,-0.43969542922785604,0.15034978531515608,0.027323381812444845,2.322971070715658
9453,-0.5929470476998677,-0.9999788138926351,0.6196405451869649,-0.9490253762713873
54053,-1.129903712937216,0.28393732805936855,1.380634647345567,-0.8910944945732554
62373,-0.056214725456627514,0.33408861499824655,-1.2690550717657956,0.03247100199371336
26213,0.27291244155967825,-1.056371796518375,1.1298785378163267,-0.13904705433380685
26093,0.5647437396200324,0.4757984771105765,0.0454285467002773,1.4550048529591015
65653,0.8228494730694805,-0.2767303820541939,1.5415655626852973,0.8299996046824681
46333,-0.7457317748867011,0.7021906844432506,-0.9026392946544343,-0.5018072506015735
37693,-1.2052037297446803,0.7842954057851218,0.422600646764314,-0.24852307793564118
213,0.39668305554121835,0.11387725115672956,-0.3535323418636117,-0.615427362120687
38693,0.29334711825541737,-1.3074713799852062,1.1927874554475035,-1.230216065428658
42733,-0.7786953365556413,-0.8453090249095009,0.31965063782597264,-0.2851684139723441
75013,-0.54354711875592,-0.5256285881527495,0.437044483198084,-0.9463552103223382
10613,0.04761710003132831,-0.6057097730009653,-1.1579366775747006,-0.4816125300028919
42253,0.09176747100002827,1.2043375145135253,0.80798334118955,-0.7060906553746961
66093,0.6426084540424031,-1.2206076089988271,0.5196389232513404,1.1021169447992827
53813,-0.46249509589068255,0.30854325623771334,-0.4808854752257509,-0.27182026518025115
71853,-0.4223519812037009,3.8295984541728587,-1.444929305578117,2.1554143595242587
35253,-0.24303804393610617,0.31133879967023476,-0.5494968671533378,0.777821089691385
35573,-0.8460917072071013,-1.4724871697702606,-0.3877842212796247,0.26344187274030306
70933,-0.5351603258234511,-1.7683676090863323,-0.08067947680991952,0.13523396623447423
43893,-2.281520162355808,0.13835942275349541,-0.46222809467615755,-0.556400383865173
7613,0.3152660714198789,-1.7400532475335837,-0.28684901983398264,-0.012804374766336508
52213,0.48079792290535023,-0.4817390786132233,1.8589942583950747,-0.8646047624718034
27933,0.026956572092674876,1.1350831116062792,-0.5754044193811497,1.0952327529426464
50053,1.5549487967465758,0.5237285604145564,-0.8086129657854326,-0.777613653293055
64693,0.5857617926831578,-0.9243439390416739,0.515763114014292,-0.531410069641036
68853,-0.5685779783692197,-3.42257236199848,0.7695273523056504,1.3333782692327916
5413,0.357822077756232,0.738115177695595,0.04928349893602677,-1.201740201222638
36733,1.8679814290463919,0.7818183220365938,0.2706107827454303,0.32926267808017695
40893,-0.5279452627785726,-0.9925636133123771,1.9415320140270467,0.8829702474085621
49213,-1.022797988210175,-1.0646610719437892,0.37894439983215483,-0.8344726810564157
8773,-0.24571862971749195,-1.6043781601483669,1.2672048479660005,0.8497050117191761
64733,-0.9638387313306347,-1.3483907572811127,0.1521857660968915,0.7398749969765454
12933,-0.47939962667123476,0.7915981515363227,-0.12206756167008961,0.31592027537000494
57533,0.7152909394351207,-1.1526019840186377,1.5824145951565256,0.8663590194152705
21253,1.4957887178720866,0.2033292246609501,-0.2635419375309832,0.1397367440738845
62773,2.1978007154902355,-2.3070159303975086,1.5928383639011994,-0.8836946874604863
54333,-0.7399361186661533,-0.8361854757174453,0.837090638681744,-0.11893928269286015
29573,0.021753804579618827,0.2522947982942873,0.5864021277303318,0.2750143901195851
33733,-0.43912992775173004,0.8757758740762122,-0.09475473803888002,1.1975751760914513
37893,1.5599127167162776,0.10357041231897174,1.5672083641306362,1.0389554749881582
50493,-0.5143104971812158,-0.07106546354397099,-2.568170344213791,-1.0148296903110945
42053,-1.2565870405808583,-2.1604351594200444,-0.13545753680107184,-1.002676249201981
23093,-0.8134888838957642,0.00014120460582182784,0.9522072853344656,0.22236772277215908
46213,1.28634746056848,0.13572560115562673,-0.557743007144665,1.017446684984576
9933,-0.31062182269484423,-0.07002008783411862,0.011541863248438622,0.369905786700371
14093,-0.08340420991178805,0.3737964222413095,0.6789566557206287,-0.3581745984127533
38213,0.4333507523325053,0.6742898211136092,-1.1641501378743249,0.7569050946837277
18253,0.24053507770623386,-0.8475785355501444,0.443686355547025,0.028669253162867708
62853,-1.6810245737356455,-1.3162165247521362,-0.7561407533243668,1.9027758977849694
67013,1.1164496800954113,0.4486330639515836,-0.2878863799688829,-1.0948141806650253
16333,-0.13072951590395201,-1.6607496904152945,-0.1691716169813921,-1.6284752551656914
30733,-1.1173862586378889,-0.18378805482481916,1.5384179323006597,0.30338737602048504
36173,0.8167509929179386,-0.7480944165148584,-0.019714203106897994,-0.7819874375279376
34893,-1.0716455032420555,-1.069372065912727,0.5906058845409783,-0.49659387787036285
32653,-0.7036540510626023,-0.2252485487540323,-0.26014770730046005,1.261924815057038
2773,0.5036268672598883,0.2520407266402565,-0.12775434783732686,1.018065119007188
13653,0.444317096077353,1.0460629836787096,0.10100231945863015,-0.629371690191211
11093,-2.9105503088320135,-0.47912703435797355,0.023679218109553687,1.4922480489480519
55693,0.7692818056443766,-1.606397393427924,0.3489128114696458,0.7494338333797494
57893,0.9760974042275461,-0.09663156453127529,-1.790849510080153,-0.888959258789577
2293,0.08733195028948498,-0.8666479998345183,-0.581719746162012,0.6367973355594805
64013,-1.550470323494365,-0.6652153929951304,1.0258972611038002,0.7068844917985418
32093,0.21640882480518123,0.16902352641283963,0.6210253546697615,-0.16324005182693502
68173,-1.5517400931807246,-0.483501532014108,-0.34806600535463433,-1.181576043360953
1253,2.235019442619807,0.019961659556633968,0.38223483127538405,-0.6628292269135181
72333,-0.976697414866042,1.689074380311499,1.1369421785610752,1.081973749663034
40213,-0.6371467867750962,-0.4937088621094118,0.4028627532994815,-0.4047069937778938
60773,-0.17180112374269965,1.3520902778847719,-1.07286571885108,0.810095668216945
44373,0.7099320352655777,-1.2993923663102547,1.6116047288090438,-1.001909723157372
8093,-0.522939056018771,0.10946356540558931,0.27691906556354945,0.3276346793366582
34093,1.0823604958531918,1.9501657609681289,-0.30320778605858306,0.49039761274148763
48493,-0.3064918677257683,0.18749043699910958,-0.9646263487004152,-2.1385672187870144
20573,-1.2083260366463398,1.1063556881994407,-0.053322844275832136,-0.1003029278366867
5693,0.3033041335413685,0.6750423890413181,-0.7474582733878219,-0.8137979446295478
28893,0.004636780568954177,0.7163003394868048,-0.35583902921511923,0.4785653188482847
33053,0.19645437874461993,1.438349080719573,-1.2360211871023472,-0.13257978823220934
56693,1.487461620007321,-0.7828979980685322,-0.3481645939801859,-0.9918883678916335
43013,0.015337103734268605,-0.0020046520318493764,-0.7609384957257134,1.11009283338612
933,-0.05358235090643905,0.9250626371815079,-1.073367892499836,-0.4849146903644319
45533,-0.7812603571129921,-0.5977312629688324,-0.5736952664781353,0.42681178162700945
49693,-0.8507798267887665,1.3447363821728209,-1.4633068365080661,2.2046062550187817
54653,7.531714876285196e-05,-1.1007668221585092,-1.596901531221918,1.0238296517961565
28733,-0.3366417623475429,-1.7333928692153027,1.5691251810678397,1.0213979445460808
66453,-0.05010789241910186,-1.155771327419261,0.4148550325939477,0.8486336433424467
17573,2.239947304393694,0.08891829438332224,-0.16132310106233497,0.501526701457182
62173,-0.10719007845829753,1.8932616509785498,-0.6094229667809251,-0.36667392297756246
21733,-0.9960409669200617,-0.7069246845165412,0.1530161621713842,0.7320841067721795
42373,-1.241000163601379,-0.21755017493920237,0.8615748604246091,-0.19136390262772013
70493,-0.6292453969269733,0.1732657031551874,-1.0390134624328526,0.2842462974337132
30053,1.4918928794598,-0.5432165789359354,1.6673712834026948,-0.407678341660872
74653,-0.5890170246797403,-1.6662780706916258,0.13661274374212215,-0.00252088212583898
38373,-0.06097507225610825,2.9586864993772104,-0.6440612999700243,1.1364565950583616
32893,2.3661588229812955,0.3183510056931633,-0.07321732466931488,-0.2466031863086961
40333,-0.05481331576647037,-0.6947167685396949,0.035150341759827175,-1.029185992647602
55533,-0.2005480294645689,-0.8042864185475785,1.7093415106640597,2.2618699566027343
50853,0.800982801622823,-1.4234656332150466,0.1392647159102421,-0.20559979839525744
19573,-0.007159000276494431,-0.11964260540679905,-1.0339852487117056,-0.8912339267929749
14573,-0.5827719953921152,-0.27248204971582807,-0.7984403194521136,0.12489733855945508
59173,-0.31676763533352836,-0.6166513397237403,-0.8616562081915665,0.8704950640253211
22893,1.4766280579659175,0.8075239597440695,1.3858065928600354,-1.1008069316920053
71413,-0.41208449931863556,1.1677713832396481,-0.8184015239267194,-0.846754536664685
77213,2.081335392679914,2.110786231228164,-1.4758002920390074,0.33740178379303726
59973,1.4683334025270758,0.08628053440691565,1.3295672008922694,-0.4952661395181839
55493,0.1404658759841063,0.18303983906068794,2.2070507245675386,0.46578794042192084
47853,-0.29538041286862293,-0.7786117680736985,0.08360059755902075,0.39449184195326037
54693,-0.5012056570862372,0.5638119458512139,-0.11379984397804363,-1.302184412439974
15733,0.7397966844877091,-0.3657660519950931,-0.5153721019045266,0.43565575751981317
19893,-0.9799814657434314,-0.3520842200052168,-0.7595561894885406,-0.9282255998481235
10973,-1.406432284378239,-0.14593307957539522,-0.24306066680386323,-0.9296370771317208
64493,-0.027457970628364827,-2.1553894337512483,-0.14680455450302785,-1.3592220415493517
62893,-1.8476757725366946,-0.5595627369615996,0.5900125912610559,0.9927208194944102
43933,-1.7014473428190777,1.715946832713192,-0.2384294382731468,-0.3015950241915605
36533,-1.304767768153626,-0.36785273622121656,0.5933309507247642,1.9493743964813506
73333,-1.9061520635397546,0.8643240426497392,-1.547453309827208,-0.43244605957142146
40493,-1.0660371709077978,0.3354793929846302,-1.1770041659712633,0.43411058632732535
50613,1.0801878804017686,1.0530526326737892,-1.4170209997069863,0.8844165464681171
45373,-1.9770334860892746,0.942377029014424,-1.1644621301462466,-2.0932237404178107
49013,0.995251485241734,0.2151732999005418,-0.6974414446867977,1.7019378551004978
53173,1.2335863078209635,-0.48269425103378055,0.5318817994064936,0.6884330571194697
16893,0.9717053322636698,-0.43217917025788083,-1.4463368447511704,-0.1489054789250131
61493,0.8836094291505558,-0.8462886449266364,-0.560489330824612,0.4997571048574007
58613,0.4648526355409794,0.24497289146147153,-1.1092706014958238,0.3661957017774703
69813,1.37812737978029,-1.6426148811158827,-1.5991898506927429,-0.2939644534819684
7893,0.46292164404547453,1.8431348645878125,2.1494896253523477,0.11370476966766709
73973,-2.8977591149715622,1.041901350294974,2.1755692618015012,0.6301890971558936
26053,0.22394019998452602,0.8830236947643367,-1.721580153591668,2.238155263588954
41853,-0.05900027116861081,0.15186297792687958,0.02051327524028644,-0.9105790094126162
1413,-1.321280254956718,0.012539435924842622,0.6876579797914977,0.49443394365632737
46013,-0.16122419329426738,0.13425524494546714,-3.3567925329591373,1.5036314931141836
5573,-0.32132209336550227,-0.5190540879899213,-0.24925818769470148,1.3439276001096363
50173,-0.4182867607442887,1.8742374843359384,0.8556933230726336,-0.3266876247052324
44493,0.4965989596403133,1.2569157888774807,-0.5270031683907839,-1.4415689857216
47693,0.7423992852913209,-2.0018701360108513,1.185556550934116,0.17750719764222603
18053,-1.208335741762523,-1.6493724100946499,0.7397312214155396,2.0316421306982457
62653,0.9477911686820876,-0.7079141658362088,-0.16556091646648785,0.8679092315511034
22213,1.3323753212223455,-0.47305169398656255,-0.7103563640110042,-1.4476114946967797
7293,1.1486216371533609,0.08495352540796633,-0.13136018246417885,-1.5802431362849145
1493,-0.3455807613271446,0.24694087491167183,-0.8331147477675682,0.503155667557869
30533,-0.10506022718297729,-0.3569760766630807,-2.0539246217303004,0.23177787238134964
34693,-0.6059123369516429,-0.3581746474784444,0.4603254671296211,0.3305702599464981
48933,0.8561871065018793,1.2713564630160534,0.010126812172484585,-1.8053762297346263
38853,1.835008620594071,-0.6781399044962705,0.6082830146916008,-0.3175633407600111
43213,0.4664811940161179,-0.7270916262167298,-0.6595918372955457,-0.3662961539486313
2573,-0.23224016955207386,-1.7601365040163692,0.45413621334660204,0.8214644100264259
71133,-1.4320301811939864,-1.5420587247302406,0.6975456716645702,0.4037702683552439
31653,2.3554445574352583,-0.630791039021216,-0.3122871467121693,0.10679043783013772
51333,1.0041517159000124,-1.0310063424268356,0.4520041413590867,-0.15329476628421082
15053,0.7911402869719636,-0.6706498199796401,0.6045815944221317,-1.050333334070356
59653,-1.0950284740193266,-2.0186545743612543,0.8248986394096339,-0.9275069293844533
58853,0.7164842116734789,-0.30953277728703305,-0.6461929192461316,1.1513710833261168
63813,1.1196481681722632,-0.7419960061833609,0.8178371170995952,1.793349753583359
67973,2.1629049599644405,-1.1766188515653857,1.9901193683191307,-0.28669653606984014
25133,1.1245507229640237,0.5594620942282192,-0.88622167716356,-1.050008817537274
76293,0.024619002634666706,0.10189077753891404,0.18800872088880982,-0.45592151731208913
46573,-0.2169317119276666,-1.012141059715539,1.0260792602305802,-0.5059712270628576
62013,0.9971308578905872,2.071983026945027,-0.46572503772627033,-0.6069966971525106
61693,-1.92040043432702,-1.0195642427679945,-0.4600120334880304,-1.7493646008504133
48333,-1.2340049277551575,0.8382132352773211,0.26815686793596627,-1.3387799112810894
52493,-0.7095382720591924,-0.6069053250853619,0.45042161548804693,-0.35400990266181276
34293,-1.3936913221159772,-0.5453093791808571,0.7456758387474298,0.20411758920135903
56653,0.2666148609309179,2.063751879053742,0.27434909008099895,0.16439506182885633
60813,1.899134406106737,0.2875913816880899,0.9729015934915695,-0.6288154923400757
64973,0.4076745765298358,-0.9316207273039904,1.5677498201856748,-0.7541831326356448
66173,-0.8004446539660738,0.22851029311502058,0.23276754484655288,-0.7844175625904971
62973,-0.5358497308574753,0.6967074519717837,0.6494222365598582,-0.2655443619691397
32853,-0.614259030998832,0.11548528464129885,0.1431261694197542,-1.0311797739104243
35413,0.5288016538927081,0.4918776248355143,0.6581950897134868,0.603712149902774
45333,1.3351566807977986,1.1303456921002764,-0.24074003593198676,-0.48276479470816946
30213,0.5126412881962376,0.6217978830563318,0.1623233881099594,-0.23691377844143596
9053,0.4033828100521225,1.093281217055518,0.16351060723309696,0.10031740879493439
51893,0.3408206883756923,0.7888551777771414,0.7069033432200125,-0.7866579874628721
28693,2.2143750892680907,-0.18562726750106254,0.7101900477989243,0.613197008330426
17373,-0.37326510478932934,1.2855393170226235,-1.1935997565509116,0.3367414179921301
76333,-1.907805531365068,-0.47653182157027596,-1.3742104825603794,-0.5427550991037764
48653,0.8272311718528311,1.6329468052296388,-0.5129424046846467,-0.5270118690299913
44973,-0.45514095814609035,0.09361368010245703,-0.9295600861431267,0.8395864839510039
70293,-1.6747857224236997,0.26052296034666994,-0.887606275732698,-0.6879782745200866
74453,-0.3296805465661569,-1.844343977402492,-0.5911866679113728,0.4161193605797706
56853,1.2468151685892503,0.6559031787062333,-2.7949369826155195,1.0876004309845864
56053,-0.718903010445841,1.8903342834635668,-1.0249232772830603,0.5198265965603092
1893,0.8883305546526221,-0.35579977136462543,0.8614161905832134,-0.3652286211750845
46493,-1.2354083302851704,1.3661515112144489,-0.1005867739310877,-0.8198850825995763
10213,-0.4959486312466084,0.5556647561469809,0.922215046281761,-0.9707396135783734
24093,0.5302864211914029,0.130109109304372,-0.7343063278975237,-0.0278637007318023
58973,0.7372230129591921,0.150887546258094,0.49825748272997195,-1.2744449111914842
49413,-1.2160971586896074,2.18134285435703,-0.9618376648957009,-1.4018745006100424
63133,0.5476038984023055,0.11489157799159125,0.05453486417066217,0.03393562591957586
133,0.0037173684226725554,-0.22364292850371048,-0.07096344642341447,-0.10260420406733292
36453,1.4598898236786144,0.727070355662446,0.3079380612343893,-0.9229680038106013
26853,0.7622431021059997,0.054394958505082386,-0.39006474918209927,-0.4596864127255544
42533,-0.3956981903886997,-0.0840145398923583,0.3268844441745955,0.22204125064926
43493,-0.4314061790046524,-0.9957493498516953,-1.3256926682547356,-1.391127711318497
30253,0.7071209637271462,0.975895631081428,-0.19823590973723643,-1.5761758171424676
51813,-0.129358226692511,1.9073684488218792,-0.020128149122139036,-0.5316387234161664
45933,-0.9400274944917963,-0.0948584501791056,0.27851341571700916,0.7848009559106731
55973,0.7991900973967274,-1.3645391901797719,0.4424898752385252,0.3990105134379903
60133,-1.881591358713114,0.040153485713715395,-0.31894282800674595,-0.07439755313246568
69173,-1.168947264404043,-1.104027933680177,-0.890276004392112,0.8924480015464438
68453,2.0606353635913526,1.0391539191728418,-1.1705565259415593,-1.1266795322518492
72613,-0.1939371782663849,0.19662017519027788,0.24318299497213583,-0.7202338659527026
36333,0.5337194683240009,-1.1800685963121669,0.26742048758498504,-1.2670314013708173
15933,-0.013375125359055207,-0.7112926812104091,-1.8357553513770408,-0.42577457592564144
73293,1.5945409689266972,-2.1877569187807415,-1.0195809627054295,0.7464791965305365
73653,0.3213025026999455,0.7822748785004662,-0.26626327067517613,0.4422088275080989
22133,-0.40725214017374456,1.1420165228753336,1.9178412968232363,-0.5216038090106399
12533,1.8230599654271529,-0.6486536370332097,-0.25113341512017784,1.3608080605279862
34373,1.399675057042649,-0.8265334327075642,0.9998561623309519,-0.025201694450862802
20853,-0.054654976987322995,-0.4860166874410027,-0.22591616033029308,-0.20727188388927487
59013,0.2546220332990191,-0.47215349846799476,0.3663246538542274,0.11052160343059539
33333,0.1419243499273694,-1.5901535470068637,0.6171357925128466,0.27944602468972246
72973,-1.269951143441198,0.5126045150789618,0.9891126839125797,-1.1384271548542226
1213,-0.27351350985040873,-0.09795282805721514,-0.08130462748441249,-0.6121193043407794
5373,-0.9009383957492612,1.0962214464453999,0.22762107442054874,0.1505595567054924
61013,-0.44158670430213415,-0.038170684220949845,-0.044648695130454365,0.5888009680952541
39973,0.48138727618619115,-0.6718279020313886,-0.7433856276175453,0.3796456070454862
22013,-0.7451555066666887,-0.8081840273257055,0.3167352799087599,-0.18795693030105767
74853,0.941270224464698,0.1327240661535952,-0.7494677712611222,0.2104334243063772
66613,0.6036634827663971,0.8764397167419605,0.8712397668682159,-0.7599619235870124
67173,0.6186227694390816,0.13730003918817113,-0.4112933999535067,-0.8089798049462907
34493,1.328038548406019,-0.12197235582836746,-0.921816204426418,-1.3249685648566407
38653,-0.2139220759747041,0.012672859853089457,0.0518665899082372,-1.5504588269924136
56933,-0.5078771917274707,0.23139306282374605,0.3179432578593958,-2.0222153756263395
46973,-0.34002132909813154,-0.010392422028094206,0.656592268514193,-0.3348578513828176
55293,-1.3712486493572134,-0.3950056633322971,0.3119244949283771,-1.3747646821305481
34413,0.23418242785745746,0.5756688035788978,0.16249222879884181,-0.06880742177192807
63613,0.04811787823293187,-1.4289641959017718,0.1141329853024768,-0.00603699788266227
28213,-1.544095884509052,0.2699328273267402,-0.5212069226945086,-0.7348662169577135
71933,-0.6819050580924022,-0.8421433775255384,0.10428376573211648,-0.6170181443058254
52853,-1.0363987011154794,-0.09947700729100584,-0.9125827684406134,0.38411576958929294
35653,0.9393876309926156,-0.17968019621095888,0.33740127549055404,0.5371605059566087
66733,-0.7048411463561958,0.9873468028494776,1.2984001884852192,-0.6702813983255718
61973,0.9008243018936497,-1.5996277812457866,-0.18726670549682412,-0.1797061619422008
43973,0.32634530332916095,-1.2120285631949128,-1.0153994496454468,1.6359697188483022
7693,-0.9156159636189667,0.16765768880115348,-0.15289086560872858,-0.045421235138494956
71293,-0.10037654988627824,-1.766880436171252,0.3239347457041146,-1.2742165605649616
11853,0.08582172944004511,0.7799825745205337,-0.852081656715156,0.1515913486490901
24853,0.12047958280936147,-1.1089698301784776,-1.1140564892267895,-0.8556550963663847
56453,-0.4002212735549136,0.2654649641557654,1.0032020394790113,-0.4791854175510405
20173,1.8960260230679755,2.179878816926599,-2.3722466646651674,-1.0402715553105963
64773,1.334526762954343,-1.1056850042440636,1.161306991624841,0.8494016370166595
69253,-0.7669274971963128,-1.039152439025038,-1.2002168181585537,0.6042902693084234
68933,-0.08230329383138855,-1.6875902468976838,0.9093885041697157,-0.5144537638898615
42933,0.027567174578854655,-0.3504959502823509,-1.4183563036825253,-1.4112632073784617
73093,0.6157394266683164,-0.48531259752061556,0.9383247646485403,-0.4743461100003295
36813,-0.014191227615097272,-0.23848148049236662,0.06446581236250155,1.2152984987141868
40973,0.8037084039552249,-0.0711668793112857,-1.5988083188398945,0.07915660285655964
56973,-0.07812497865178247,0.21602865903507154,-0.002282876719445076,0.3373218994910109
70253,-1.3082073258516722,-0.8293182216074872,-1.4852412430688446,-0.9362198471026371
49293,-0.12130814028001777,-0.8512134128237541,-0.9148206279597335,0.6580430545187562
56613,0.11922553224922906,-0.1478989828271457,0.7154841025908107,-0.1562098395348175
28653,-0.7250663930474607,-0.06972291002920121,0.769965846963956,-0.26361592667692996
65173,-0.6571388779165541,1.7348596869717885,0.2737031266915103,-0.5765240705407723
61773,0.5775402244693404,0.5860540588567865,1.247991195465884,0.45462203206653246
65533,1.5093198314730736,2.3941777182712816,-0.22778025160290846,1.5665924664275308
19133,-0.5843114058727938,-0.21450645979276295,-0.20249287766867755,-0.4507158327856728
32413,-0.7108170164438733,-0.6013380713564598,0.5933837405461765,0.659086405919619
3013,-0.23154276572087568,0.6314562669213375,-1.9977129825982758,0.13596992250769915
1693,0.4531832540173999,-0.590258858300161,-0.5906193109291755,-1.3644196434100075
5853,0.3349511610334201,0.028989444965059032,0.8194535780342962,0.33858109386788715
60453,-1.3173653016154068,-1.126131640134031,0.06604052261364188,-0.41935881336441305
71333,-1.169617167571947,0.8230507784801974,-0.5847197647663064,0.7023248322921587
69693,-0.860512484405174,0.8083539569985551,-0.24262179804041856,-0.6643257974079476
58773,0.24210250498896504,0.4278162854213614,0.07281336380508752,0.397752051082421
22493,0.47399390463537006,-0.15147726515179347,0.24750322642163264,0.4759036294690721
18093,-0.050643189998282025,0.9509241449039975,0.058096562808112685,0.021383325299523914
71253,0.31724274288083243,0.8695306668550318,0.359599645828785,0.2134809430642397
12573,-0.40824406450582,0.7456346304283193,-0.22839570360183678,-0.5424688646088505
75413,1.0715247694640755,-0.9367503717230817,-0.3229505035181419,0.7370166901532549
55413,-0.05688490725847062,-0.9817914595364349,-0.34352736298761194,0.4658577990308023
43293,-0.6679566084646064,0.5417020717227412,0.5482406858365595,0.23967031784240647
46773,-0.6413870553731034,1.253086137656586,1.0099854467825438,0.9052455827729514
47453,-0.5201201105880712,1.2000293724032614,0.5552866956637623,0.48305745695595953
7013,0.25666042038066694,-0.7978813108087753,-0.264947214360072,-1.5178136616722875
51613,0.16589700438863147,0.8825969103322107,0.6168540311907139,-0.7193498921144866
13813,-0.8167632380430154,-0.8221656645408405,0.5087230184267632,0.4015859911437781
59933,-0.6868127787543673,-1.023990716348409,-0.4543678770308551,0.042186723287892115
3773,1.7435957860149425,0.6372144963298054,0.7230562425766235,-0.7172114632791522
64093,0.8012769584515766,1.0341127244571986,0.08868478357803528,0.5882579151603958
37493,1.0301941696785166,1.3907193159542133,1.0244820950449716,-1.076778893466459
68253,0.8296586599006339,0.42451457794303893,-0.16989241798072224,0.3988843108220274
27813,-0.6933485273751124,-1.0379893554761652,-0.5194710403373951,0.409693501458001
31973,1.0409081949475842,0.5320296835773543,0.7624482965502456,-0.23802371681507983
76573,-0.06574545709220322,0.7081047104795593,-3.084538136124243,-1.4269980825930844
36133,1.2799716217393522,-0.6277689862272929,-2.738356096794597,0.8628792669793998
40293,0.06799488595342773,2.18321468228778,-0.4487359985335394,0.3706089011020025
4013,0.8592083893418998,0.9209909857656905,-1.0827908684040084,-0.6680725758229441
48613,0.774009432738439,-1.4168533378262567,-0.4197549584268778,-1.1723492514974123
22173,0.18467234824108011,-0.5379341446031419,-0.35058526703834125,-0.5617870083585355
61133,1.4180209194697229,-0.03612712683022088,-0.9210961758469851,-0.6706444050519271
57293,-0.38949914398659163,-0.05267333284800248,-0.6361734475535785,-0.6806076394081662
48853,-1.1655184846520552,-0.6575239767827287,1.17521772415295,0.5618335173492731
33133,0.7023379612356274,1.6105930441821208,0.9178110493278953,1.3030683996655874
42613,0.8670636200849716,-0.4466729661612427,-1.321001599466023,-0.6555203544651033
49453,-1.1133501547616542,-1.3677021878741562,1.1789414959049167,-0.7661241647384088
1013,-0.04835810403577889,0.07900379940060331,0.14474500348110994,0.0795674183273435
46813,-0.13768814633461662,-0.6328940616841151,-0.47465004184574916,0.28287486852741894
31013,0.6083538128381503,0.7174125157138206,1.144927744952384,-0.6178714056669817
58093,-0.5744455918314373,-0.8423882272558816,2.47327065251444,-0.6945615391320626
75493,1.3910040518918554,0.8466619853556844,0.1614258369561154,-0.33165363329629355
11973,-1.2859164031857344,-0.7966067892687435,-0.23417709295800715,-0.17708011280606428
25973,-0.8809629067529577,-0.7818268108906805,-1.1609615287498745,1.0725561528226382
70573,1.006398825281009,1.0888277868178635,0.7178758060362497,0.42920137178658224
74733,0.4113416821736902,-1.7608833109591386,-0.41256775838919696,0.5267559912927438
67293,0.15781642051746014,0.4433678818984465,1.0349889573547517,-0.3836300470881227
22253,-0.38801650340786065,-0.4061994849942003,-1.6665583902430574,-0.9920343784141499
45693,1.764103706562748,0.3068731145092875,-1.2903359672679007,2.4105092239663315
6333,-0.353438053773823,-0.960182208477866,1.1378392315801105,-0.5874805230951952
50933,1.7929812327195132,0.6192035944266695,-0.11984866706009253,-0.5672211681526975
61173,-0.36714742982512955,-0.20174782355946083,-0.969707472638618,-0.08772904618569555
11373,-0.6885908955733219,-1.6153992563424433,-1.0024516826856655,1.217721746955167
63413,0.5839290444595061,-1.0265861095433177,1.0520266119384438,-1.1699466091252326
67573,-1.0941318282862218,-1.2118083248292355,-0.4923630132338107,-1.5644530767869451
69373,-1.0603183368983098,-0.9154046653383325,1.9386969268378922,2.782457517796463
55253,-0.1991588435717517,-1.1421683000897604,-0.7205367320637459,-0.41888328498826555
43773,0.10543438268936924,-0.7709766118810945,-1.8959813054836239,0.07387271252159022
3333,-0.16246411616939996,-1.0021986636424998,0.22995512904667614,-0.4149308788870505
67333,-0.08843596082963291,0.07793341178613944,-2.2268130654353446,-1.439142802482289
7493,-0.02678905452320045,0.9472236065774658,0.6328169791414276,-0.24764892457134144
52093,-1.179706880072518,1.7592243377660477,-2.336349383414769,1.5032929493138478
56253,-1.3355499859483528,0.14747039100847603,-0.8549137139261265,-0.2595310787261122
15813,0.13474766064414928,0.07828248268581939,0.5693666268824296,0.052389925670009524
36413,1.2333846518630118,-0.14983292401124093,-0.25628161153243684,-0.021473227368749223
19973,-1.1390034087383756,0.6390449316724051,-1.5154806735841353,-0.13409618933932055
55053,1.2143486366742708,-0.6866063975467049,-0.28689554876350826,-0.2517734704421327
24133,-0.36735399598880075,0.36898212145514775,0.9273293716043396,2.1218101151967503
54573,-1.2737111741546359,-0.2807712775531047,-1.6289139523617575,-1.797117944888527
70853,-1.1493423710041812,0.9571884749835562,0.7526822178547431,0.3872872880636265
77053,0.6003180441626739,-0.4474076320603003,-1.101626060190591,2.080389390694519
36613,-0.33813155847790327,-1.0683904959814934,1.1006332354942472,-0.6769151882763573
53013,-0.4398232872759635,0.5206606482257323,0.6127199610837468,1.5457486427728875
8653,0.06956789082982842,0.178274384691949,-0.3218283226542415,0.1946761394510924
39733,0.4833686385158897,1.216860989684184,-0.30158069162357676,-0.45157712291355007
53253,1.3610799706397527,0.8290457588560417,-0.1657962650946836,-1.37469274816031
30493,1.3929549481824735,-0.9581896506547029,-1.2067589189580783,0.8147733410395327
57413,0.025908201072680048,0.3054279821912224,2.2655901262776825,-0.6591205721063078
64133,-0.4726459887539925,0.5690838639250558,0.6494649915340774,0.12886199933320847
21133,-1.2413141621000636,1.8329772224259475,0.2659587287025006,0.32792544816023406
25293,0.9371300418963611,1.0768124873315708,-0.682756121866402,0.5158266745586895
42293,-0.37107202127846545,0.13800126967332405,-0.7568136942785374,-1.6622399863302124
69893,0.6645714884378267,1.5536856565651365,-0.9884341684282482,1.1808910238750567
18213,-0.13889110731566523,-1.6053929601354493,2.740666389550936,0.05399061289503919
33613,-1.6937164567385876,-0.2586918411763856,-0.7901631696004247,-0.9021254465940075
41933,0.34013692532266687,0.665063648139573,0.17553169659361484,-0.46351360098046834
46093,0.14380752259866975,0.49887409785429837,-0.34546026090412457,1.114682172569039
67373,2.4124591323680127,0.2865215780184121,1.515910097257515,-0.06959513376432314
50253,-1.3173178629579008,0.2937940687713128,0.4738427897918952,0.8312788951323475
48093,2.360393215538928,0.6860843747459968,1.0742528418331705,1.660474669575553
54413,-0.442334039490611,-0.25270210223673883,-0.4733829656444984,1.3921583475343255
18133,-1.1261659563141602,-0.321798423193967,-0.8777084823250462,-1.5078224551254076
62733,0.04205160212520092,0.9166798493288406,-0.3381240733332293,0.6319293039038547
55093,-0.4786849545885196,-1.4352342536115206,0.2580913241902266,-1.0621056061781577
26453,-0.051766403903690375,1.773457447600162,0.8737005137368886,0.6356759640188006
71053,0.3342370192612991,0.5224605255962593,0.9371944881593902,-0.8089646674688732
75213,1.1202756999925974,-0.28891340124294784,0.8026138257069266,0.4857399289651789
3693,-1.20776497368564,0.13008454468036365,1.1039677713972527,0.3656556698508284
73533,-1.5659498602131314,-0.594838401623881,0.34934430365794783,1.5388902843395058
43093,-1.5793966961589907,-0.8645000589459481,-0.9441180582592622,1.1495048003980477
6453,0.2657205324071348,0.2580533454567666,-0.22085267807702078,-0.902723356994495
22653,-1.3272895788671646,0.12199605792418032,1.322012174266999,-1.5189931732587039
74933,0.6537921486126097,1.419681230768348,0.6425236960680439,-0.4314985282949446
10053,-0.3750706941380874,1.0099425782268046,1.0237039709643854,1.4294136608943941
54613,-0.9740477405112868,-0.9461824983484969,-0.12221896429916188,1.8800973955400846
64293,0.6298568781202477,0.19580080547591133,0.3452312556213242,1.8992399926064356
27613,-1.3463019204655995,1.0220365561149616,0.9203894756760606,-0.35496799504059584
31773,0.46862614953009624,0.48430238506255574,-1.7239016124036914,0.8558058849428882
28493,-0.3774880762619716,2.0115718474651554,0.9905719002053067,-0.23606026541707553
35933,1.0951738750274966,-0.27667264828731203,-1.2779447299872815,-0.8120241195666689
41613,1.3153007533533767,0.050333949215950365,-1.207588227229236,-1.1439285393104988
40573,1.5834197000657115,0.7141076142831067,-0.9770169918335196,-0.40430953097418304
44253,0.017085950478782495,1.2527679567597454,-1.573062237759263,-1.0198647800478742
12733,-0.1143913927042624,1.044269025308386,-0.14239903508226112,0.8603256516160134
48413,-0.2945534001380162,-0.618902229444427,0.867233230430402,-0.8675906337783547
7973,1.6027878266509121,0.2987027550381042,1.3291997118020882,0.5442222081427016
12133,-0.2932993008420093,1.6730454511899993,0.71213995789709,-0.3909151106442063
56733,-1.1446690061795262,-0.07638792077737604,-0.20037358113968026,0.9260966798764046
16293,1.2864749390582029,1.4745981784476436,0.3589592835465397,0.5430683356620551
60893,-1.1982866025675414,0.6510939598990328,1.0596127499283785,-2.1527148676356944
58933,-2.235440728425054,0.15240564483160082,0.2449098685772918,0.6824044072777375
65053,-0.9014132127893232,1.955196601609862,0.2518483845735979,0.7488868218299962
55133,-1.240233155934449,0.4937396295729932,1.1231608291363295,0.1858129813968291
69213,-1.1756325423690355,-1.6932609190492944,-1.4065955717245553,-1.8740686912739983
35813,0.46674148692351664,1.5721665278917443,-0.35775720847400166,0.9132459132380305
42853,-2.1533427978886817,-1.091801834646058,-1.2603794422769872,0.09372354182426484
45413,0.7761724097515856,0.7349125354185696,-0.9040350842359294,0.033830057235611125
63093,-0.001962061350968614,0.6133879560935311,0.20635057899411158,0.35848885454680546
16693,-0.7607425748296084,1.0729116096343871,-0.005201533670605523,0.5880960339043388
13293,2.0013980748475024,0.4062400420535729,1.2702265862861308,-1.0737104191238642
35133,-0.5004763064798915,0.6174522267994736,-0.1395927714420929,-0.10846357901790796
40813,-0.4240756672725664,1.0887529454575233,-1.0342425696410649,-0.994132695592673
30013,0.895931423522339,-0.4345524733624996,-1.1076882018596894,-0.5611164479562067
25773,-0.032136074430122674,0.62995742899351,2.2262259701568596,-1.7890158367626896
70373,2.360517192930928,-0.4936455666273895,0.3787275086684533,-0.0023123411630251774
72013,0.9436299568617197,-0.657832987197236,-1.6839004098993817,-0.9657984712294349
38253,-1.3254996383780715,1.0477271962323695,0.09889074478226016,-0.8773180998080141
1973,-0.5978322602485773,-0.0700617515406718,-0.14465829076207476,-0.9499311160466832
16093,-0.417693212779006,0.7674666865618185,-0.47072529734800705,-0.51329879903271
6133,0.2857532999437378,-1.7928575943639364,-1.1583573059315306,0.7011413451147716
26493,-0.8206082062869366,1.349300063683704,0.12824626751281792,0.18384178281187888
60053,-0.820632424895639,-0.6659694210972439,0.7481147827775466,-0.7603600523003518
11333,1.0088060996684218,-1.6360395671161703,2.2073476466204416,1.0303505413246385
63213,-0.5893362661863892,0.09663788513726555,0.18462139083502535,0.31014551701567294
75653,0.8039040788438608,-0.8899866338264786,1.8090645687533748,-1.1709895793563603
71533,-0.7021840738382544,-0.5551482544793391,0.2281194221555317,-1.3265916032439349
75693,-0.5688578488926338,-1.029211696990211,-0.7682887050507953,-1.2746675051082816
69413,-2.189963987104882,-0.28345450245689263,1.9957389746103371,0.5328334018975133
44853,0.9537826276844438,-0.46256912070868056,0.7780923784727012,1.0421012970965096
12173,0.024100301801209558,-0.9144413576875086,-0.2231613508060722,-1.6549743211381491
44013,1.5880624144768065,0.25794380220014973,-0.028366552367913044,-0.5403736413136875
11453,0.41177030119113306,1.855696144887165,0.6223111955491497,1.7626286642419884
15613,-0.7040945959352874,1.8820785109592288,0.9293847953693345,-0.4266181468308748
51093,-0.6495132724134904,0.5230944424912842,-1.8284669284238322,1.186012236657864
23933,-0.18816849132431027,0.4521128702451473,0.9462903146444352,-0.5321246685166798
28093,0.7182476824579082,-0.3686800884284438,-0.25705275047933174,1.5623749884747091
30813,-0.6610355502067968,1.5882817807457705,0.36399677537497077,-1.0825199511340289
59293,0.375309612393814,0.18331097587615197,1.1492598302019348,0.4834848548763908
27973,-1.560329087177555,2.080504527512814,2.05824580973398,-0.17887141694482925
14893,-0.19071447748534753,-0.08328507736244077,-0.651726756073808,0.3654457578258477
44733,1.7402528446509082,-1.1955226029446457,0.21936399437949045,-1.5719928323934258
4293,-0.6698752365486833,0.5778608543862808,0.02865363532365293,-1.108745611690444
48893,0.6270841024779574,1.0467315221823925,1.180268427997797,0.5634712705191419
8453,-0.27496530503060995,0.8773301185705593,-1.3702370012784413,0.7191536415749362
67493,0.7683089788017374,0.14437859708390038,-0.24650531265832373,-0.5294363845955546
12613,-0.6070027328990923,-0.4778452006328885,-0.8682813370875212,-0.10695698493497258
57213,-0.5781081144024661,1.924205075637471,-0.5348108945228363,-0.6336189582817645
16773,0.1732451668233172,1.6022260280526779,1.2535784566639387,0.45942488726759645
61373,0.8464399172412016,1.383812125981622,0.46737522251144126,0.8880128700417996
70213,-0.3216548659306945,0.679407272064613,2.584717373446304,0.4133956255138115
613,0.4120689356517593,0.10556394888632571,-0.6144189309540643,-0.48399540948948183
34733,1.1250788335023105,-0.011234273597729622,0.30707459523979247,-1.348880145324564
19053,-0.7857733380235463,0.21399171687286278,0.49862520499598934,0.9322623205568347
42653,0.5877540817224081,-0.06624317864552211,0.25783985737062864,1.504591136009815
52533,0.7494987515256586,0.1352036399089311,-0.9706164619904104,-0.37548874480584754
9533,-0.08130045802664397,1.0065621098636086,0.49485569256263795,0.6700512201687261
41733,-2.0260724348559127,0.2707288214700424,-1.631584054430068,-1.2044952464845553
32693,1.006032258895694,0.019917959258212145,2.14877547572848,-0.09385802129170664
5453,-1.1195130099493389,1.9112236083359981,1.061538091467161,0.5383507132246986
17293,-1.5742471314261781,-1.1468894297256746,1.0905984013229402,-0.021638773011380057
54213,0.9175829594059552,-0.14869258215128547,0.21303816846329912,-0.7079134630324525
44613,0.23398851961286013,-0.3457801995705915,-0.776719255170645,-0.37619161541792556
30653,0.7197675845452024,0.38015644949445515,0.08567802076569907,-0.6495721928995734
62533,-0.9173964330843587,-0.2687827810344008,-1.6824032117427576,-0.9884728815245654
26613,0.5775775967215173,0.8091418765473016,-0.5742491364613455,-0.6359164676076522
30413,-1.210838543039387,0.017346065392262938,1.2223810403750817,-1.7076653731149491
34573,-1.0593930443598403,1.2159055793893683,-0.24051022955479806,0.15133433398387433
69573,-0.43909430275630834,-0.8226040426406765,0.4878487952552037,0.2876729778558903
21293,1.4684509396774266,0.0013084811284896952,-0.05739665707011447,-0.009220121862024781
2453,1.044576274544609,-0.2348173393140244,0.5907030295381238,0.04906017409665392
47053,-1.2068097577928254,0.42646571714807446,0.37108061459128316,1.2150495175200156
3373,0.10173415579420386,-0.5837636081274413,-0.7518771837333921,-0.7815064063141224
69013,0.0596131907582527,-0.14880572643636536,1.8942411054711386,1.032182483579799
67533,-2.4629281201511155,-0.5537909873130511,-0.2099899517873082,0.22233089062968522
55373,0.6668745593868431,-0.3489332412263539,0.5036664853884973,-0.31834835844748416
31053,0.8079841583069505,-0.8347812645199043,0.8879536069143222,0.15453725758896772
59533,1.5342656383633493,1.2760215487377957,-0.6096165992088831,0.6066321443805477
63693,0.5928730294366743,-0.7620285823273021,0.6523992167612291,-0.5862390206701175
27413,0.9574009161508923,-0.8439055883824145,0.5815505978086395,0.8727462583329565
45013,0.7466360725597426,-0.5159718144340419,-0.9662192342814357,-0.30315444198399216
13093,-0.8018968081550104,1.9712746577031,-0.040491951353580795,0.16334231607865551
76173,0.18575281316381417,-0.6591868956806255,2.2256820988622597,0.022210480936595615
39893,-0.8952141803409879,0.013922517216557538,0.8993583371212093,-0.8038487601855553
44053,-0.25247083027950207,0.2544157061242043,2.2602142092388835,0.4544964982481112
2013,0.5995803689637267,0.41476390716734796,0.6361141357481924,1.2326411029383364
48213,-1.0491484523916903,0.3444980304526835,-0.6189472580580992,0.008857808084193033
15013,-0.06307586751774147,-0.8478323561093817,-0.38234070326515446,-1.833815325036016
52373,-0.0966229709331195,0.5115357017742523,0.8683605407008633,0.48825996432705365
56533,0.07442197349013498,0.832975955832892,-1.526504127244201,0.43139584918653673
61413,0.17877235334103622,-1.0085013386855077,-1.4953054255250828,0.49780219079923216
12493,-0.361398338376005,-1.2908644798553333,0.12206959027495688,-0.7832753169734097
28573,-0.46463121698600457,-0.16365887968580128,-0.08378795460659712,-1.242199419944028
7733,0.5466874980084594,-0.10417486333523905,-0.8206560263273674,-0.7767021109178446
52973,-0.6607833811945992,-0.040815858945287366,-1.4491442637020389,-2.4457981740640644
69613,-0.44799388686024577,1.0798668241360516,1.2630918402722733,-0.4091600645222858
60413,0.1733424051354387,-1.1106882808735141,-1.2783776185884135,-1.5251490416872284
4773,2.02389080523541,0.49736511205514744,0.6026854573213012,1.0436201111766437
49373,0.26476158127585375,0.6843927062278241,-0.5552379637258497,-0.3950492052773732
8933,0.017901744063841107,0.4541647474306549,0.8235984346446733,0.6142751260346363
57333,-0.6175460332137408,-1.1286177122768373,0.22130009285192834,-1.2219439432399415
58293,0.010389341251655332,1.8528980596048126,-0.34220680068466636,0.4389418995735357
35093,0.608363783120751,0.4284262363406429,1.0114204397740811,0.48285752725235054
61853,-1.6127461733241408,1.1730797151689458,-0.5189183934938927,0.17301396108922437
25573,1.3076328544703046,0.20763675091431916,1.0232396365530358,-2.490939650760325
70173,-2.28386162226985,-0.5568333480800829,-0.977332988516379,0.5350335816795367
45053,0.4399103526124031,-0.15678380987687665,-1.5092378386701164,-0.8054628731033115
74333,2.2816773934875956,0.036789470748478034,0.9036436016924407,0.3541690145894408
29013,0.8019765926331984,-1.0702126202632198,-0.5005755620291977,0.9144386750139415
