2048,0.6545998092182939,0.1787007986302605,-0.6051750481645293,-0.6901887661800281
43008,-0.21429909318355855,1.1443287655215657,-1.4821297561164524,-0.17079008398965095
66968,0.5060672600956422,0.3627027169980875,-0.8742783137066723,0.965232747277827
30688,1.3344592207247905,0.13486580445752047,-0.4366238576483887,0.7067105263231116
46168,0.4150910772763845,0.6884870742803844,-0.3354193041203714,-0.44867222003435164
8,-1.8571275744666134,0.38541700761972214,0.02729827766951786,-0.02389466780346168
2728,0.026819848921665314,-1.273793627669243,-0.10736627026718416,-0.17136255237079867
51488,-0.6265980202955259,2.232330516619678,-1.3688838694295502,1.046341179818905
49168,-0.31545428995285213,-0.36583424033356865,-1.548662834383193,1.564032156875853
62808,-0.6428106654217455,-0.18423111659129798,-0.6398050189219394,0.5605404410583438
19368,-0.11161883610638641,0.7234211223311201,1.7798717734639198,-1.4946594209489605
3928,-1.3935387675085342,-0.22348476181433238,0.6320449246931712,-0.778540378416646
27688,1.0290842358827585,1.2291613682705815,-0.49533596843391636,1.278823680404506
47128,1.2457397508465613,0.1303046072565197,2.433716887567059,-1.0287093062148005
31848,1.3678313590808,2.0594991747450466,1.6116743691361943,-1.1814391566712994
40808,0.8053543766950626,0.05962514928926492,1.1636437234239918,2.356804479652227
32248,1.073786659491534,1.3227142192672743,-0.3400197852549361,0.1413318123930875
44328,-0.8482611409018441,0.05486035001306846,-1.146044383906768,-0.36230092917549095
34848,-0.3658117304341058,-0.04167597674174826,-0.7301281748068094,1.3140491254107003
62128,0.34578742909605503,-0.8609921708213095,-0.5325015290995176,0.35267785143779096
52648,0.07901489997202375,-0.21266893033104672,1.5194675188863054,0.4667563918720713
60968,2.0903145410681154,1.9482943324111623,-0.5882920418884328,-0.4828275501403323
53288,-1.4943896399383625,-2.455831145290438,-0.042440167781050614,0.9290689460206494
72928,-0.7699033642672737,-1.4047740754842233,1.7538705774499195,0.7924353893352036
69288,0.8411887216836563,-0.7414587634273331,-0.7892426084779945,-2.256270883216754
21768,0.39704484559093295,-0.4817537151421677,0.40809084118584726,0.30177982717916485
63408,-0.4664483800162712,0.7242446823530123,-0.4314270857847155,-0.1436528450884355
20528,-0.23023192001275242,1.5689392218960527,1.3208983633337605,0.5045306495226785
71688,-0.47158813245506886,-0.40808979824179764,-1.8828215563700392,-0.45096626151116753
5048,0.6062295042657454,0.98207640402648,0.17974564815065952,-1.168176244863765
49648,-0.21210312743099868,-0.11022820299514377,0.48452353124582115,0.8097381949300291
69688,-0.8047013700076115,-0.6561666498343373,0.26586430961910174,0.642469971874169
49128,-0.71578841406443,1.7099119540309382,-0.6253947067236054,1.3820655862906694
21688,-1.3793991757422264,-0.6158536484701359,0.53624827927107,0.5439364087876979
57408,-0.7670061027412521,-1.7561044687928633,0.14382957492986406,-0.3746955207908139
55648,-2.3154638688385614,1.58098298336842,0.37559305392750425,-0.34200151709332777
46648,-0.581756032060364,-0.7719968937951927,-0.7047072149324276,-0.9465758175506008
75848,-0.0416830511580305,0.7157580044726535,0.09309694209029092,-0.26302953961582026
10368,-0.7871837079186133,-0.7946498126741723,0.1696853778822799,-0.08773394680228279
54968,1.4050203129257905,-0.3676666599047769,0.9619447669718424,-0.12041119004329771
18688,0.11845805459884964,-0.518014567189951,-0.4490179133060333,1.0362871460034033
63288,1.2439356919136977,0.3315490570625015,-1.6252246687441578,-0.41663993974352903
2128,0.3441159314981168,1.2484746266460178,0.3216391874093261,-0.25433510881177673
75448,0.1483268305930401,-0.7568303898913284,-0.2128004720104033,-0.04162145661086679
75768,0.9089856709583768,-1.0711856290987352,-1.000414076646434,0.31324938984409917
73648,0.03346677159817775,-0.3172688130301036,-0.7317721182572076,-0.34781274029389403
20568,-1.3200952930647096,0.5334233071047786,-0.17920419894064274,-0.834899279989589
59728,1.3768263631614996,0.17944417162309942,-1.6260594430214603,0.7161684011051316
51968,-0.05898531303374778,-0.2828501103045467,1.2237920682446737,-0.5099058243688106
39008,-0.9073263627633609,0.36434892935719476,-0.8173329835380057,-0.36379704499371407
8208,0.24982785652372613,1.3055569524990251,0.5462456399852813,-0.2703883033748621
24008,-0.5098078852325926,0.45133289486419,-1.1975043737938817,-0.5340187043107547
36968,0.018638038235549118,-0.9514335246659097,0.6738986576469324,0.9303338720429235
76928,1.5025001250216734,0.7022378129736184,-0.8023059839054043,0.33217197662370446
208,-0.05074633090295403,-0.6026616066080698,0.48956000972640284,0.4288573858893019
24688,0.22609613916942475,1.1573791236602418,1.3208303731981867,-0.5836765344925261
22888,-0.18915869307852118,-0.24543018482415363,0.7733606879749925,1.8599415776830501
53128,-0.7485039217562013,-1.4981652411570736,0.3345466226198026,-0.5927678565961171
61008,-1.3408620532720656,0.72671475115196,1.0925510367019233,0.4741062910656733
61448,-0.9604508886583789,1.6515411192857845,-0.6356990845043871,-0.07437696242487184
31208,0.8149570573116678,-0.8766115154317164,-0.6349946236519324,-0.24565024146227574
2168,0.7643458240280773,0.4967213591609738,-1.08794946301859,1.2750825153341452
6408,1.0374562442542798,1.3924699614587832,0.08207707867960225,1.1190813648562152
51328,-0.6417758898817971,0.34783101671296546,-0.34930391123802296,-0.08598885681670207
1728,2.315030674638036,0.6439781881797367,0.7158681094092355,0.8314670933052932
54288,0.698594673760898,-0.08343664347698798,-0.009349461704136487,0.4460232045140009
59528,0.1025357426961955,0.501970843265268,0.8785519095233489,-0.019950747687757474
62608,0.5397806317237864,1.0960574071279923,-0.5182262380286788,-0.45575117201725557
66768,0.8410883409405364,0.7412352425159282,0.213933134356182,-0.04557033191690995
67728,-0.18636200723102486,0.5538861808366782,1.4177730508515023,-1.19863601135146
52248,0.1669392428838359,-0.4081523422660511,0.5676901746747809,0.03618759876150922
38808,0.2967195512557971,0.7996080274305929,-0.7943923630699702,0.865378103347934
73288,0.3871142585546006,2.2043741060795012,-0.44348477821435994,-0.9356053844458507
34968,0.18235641502338937,0.677350805077364,0.6658970544519573,-0.44572032176532567
55448,0.32996125658616654,0.7432193789040596,0.8560266454410699,-2.216482178672623
74248,-0.5060164844054595,-0.3636163101051196,0.5204136308304651,1.3467464143392278
43168,-0.48017144627675284,1.8027812970708923,-0.9008043938469638,0.8067037142428927
56688,1.1789626775193913,-0.19385203932245262,-1.2275115541567503,-1.3034529304840223
51368,1.482585598683124,0.28280709406195487,-1.9733622426545228,-0.488207131512898
52448,-0.5589035219378283,-0.43332839930861455,0.021130814716268372,-1.3711578760067051
16168,-1.503154902667969,1.317225167175658,0.23029403864350784,-1.056429069575676
69808,0.04304713282720458,-3.172223243943452,0.5934164100508831,-0.41609936431938277
66248,0.8671593894053343,0.20437219085206726,-0.0837373765813967,-0.04092965743777756
64928,-0.4038585715437321,-0.04098240054751554,-1.147513530106509,0.8734883202058119
28648,-1.6618295996858645,0.5645133807228019,-1.2197292483421394,0.31662395945206284
44928,-0.6865319633597501,-1.200358494583614,1.3237669600829867,-2.005744894066266
73248,-0.172984127263974,-0.43000546694918207,-0.1210482462630787,0.29435582692182327
37048,-0.5629141485728711,1.9635560137966679,1.5167723722093958,-0.22088978300314213
30648,1.0600489435707428,-0.6156578716704921,-1.37464539933713,-1.223542948905985
14528,-0.5699592774205984,-1.7127625692635051,2.3551669144760585,-1.3266255016890744
14368,0.298047774190934,0.3790570484992633,0.23227193821516903,0.4295768707059766
67528,-1.547890461604486,-0.44838146434887866,1.249431385671698,0.9227131761942925
73928,0.5321032908202935,-0.21498925196258964,1.2546521928427206,1.0929159126939234
70248,1.7551363251566328,-1.0630660188077696,-1.942213231412301,1.0964613176825149
30928,-1.6247731194838309,0.31562414946690454,-1.0448328776902063,0.6203504836885203
49528,1.1445163420768214,-0.36445849989915835,1.2502398743947212,-0.8810092504298861
30048,-0.13280842721437253,-0.6214960907947096,-0.86156752666739,-0.3499924918634848
48488,-1.336663643401303,0.7844252097760597,-0.2381184752945129,-0.2999660436619415
59608,-0.24809989106151561,0.5447926103984743,0.18214393656918068,-0.04181923044133383
22648,-1.0954219270959442,0.714313944183436,-0.5136052490193961,1.3939820536177705
67248,0.2268674747298944,1.4169741503745692,-0.41079229485791674,1.9788048268726863
30968,-1.0285356106321335,1.0492664286003193,-0.290067232348903,-0.23043295025280267
74328,0.30351556976186,0.1035369810432466,-0.6539753549239519,0.47399150333719936
75568,-0.32092930194893066,0.17437970736492117,-0.7515273001992655,1.6936488418984554
6368,-0.7334449350612632,0.36690212265329625,0.7822999727752081,1.0752218104724305
53968,0.953408710157417,-1.105843869907288,1.0387408534676414,0.7221948772741761
72688,2.6469980552886203,0.017344147228404508,-0.816660904383227,0.7258277396689722
49808,-1.0449849551764148,0.7783223937355157,0.7772037129007874,-0.05812558741780277
76008,0.39020198047132254,-1.684638492977173,-1.0413218169590115,0.783768006101512
8048,-1.4585275092653402,-1.6601306941275584,1.1434813813566411,-0.1010476992495133
63728,0.6069304841845693,-0.06355467794571447,1.4360107075380923,-0.4367896033621027
48168,-0.11176015209995988,0.17000105028688342,-0.4476311009733104,0.8253373656641839
76728,0.9077563272533004,0.6220289428227322,1.6089437831805242,-1.0548421629024245
36288,0.7659446087220467,1.7430321277885092,0.07664023302185513,1.483988334423359
70488,-0.6107746804756264,-0.0032935364502657974,-1.6334815360021888,0.7348627896331646
40448,-0.08767919458454546,-1.0150924598003452,-0.17813282309321188,-1.126267294026573
41208,-1.1071391640839539,0.3671892961716328,0.10808157904835868,0.24739503442894206
8328,-1.2835804324878577,0.5592698520288625,-1.5590173653905806,-0.8528916175118064
52928,-0.2724901177074149,0.4796098288781455,-0.17331079631656365,0.01943334112759719
57088,0.41102619934794715,0.23708124919969956,-0.08350632972637506,-0.22085186446582133
69888,-2.1042349826845963,0.4481129603663823,1.0658209580920437,-1.2676671153488233
37248,-0.5842949895272749,1.0146352622244978,0.243178097153381,0.2159872920726387
26888,-2.9999787619176996,-0.04829467433561496,-0.4181594769665748,-1.5928053465182124
9488,-1.0993074707849377,-0.5025395782186284,0.25187041124924237,-0.21222289478584805
76048,-1.055581825425517,-0.3657601122084034,-2.1360732311738344,1.8175188330188818
62168,1.5369330574541855,-0.34242276896017176,-0.07352622404029109,0.11518816699300223
17808,-0.8046326218061459,1.3183673727830818,0.2044264205941552,0.6137355619643026
21968,-1.0560660080205166,-0.1583618180714568,-0.2601076213121507,0.1113082813731036
12128,-0.08905546331411562,-0.9051319141373941,0.6795559306330455,-0.21033858731198368
63768,-0.7164375693645127,2.36624091968938,0.5276862662410032,-0.2834320271538324
74048,1.2988893723840165,-0.3739542229539176,1.7497907824865528,0.6537193063910137
42768,0.9109552070741239,-1.5164006285718423,0.4254758880307425,0.8321306954254714
20768,-0.2820168257428685,-1.1484094418511188,-0.5386754869536337,-0.46527228307489443
71728,0.5317113450597127,0.7227290093966393,-0.4398300857869602,-1.5223364352323774
51088,-0.848217157590715,-0.12386989395171297,-0.4483224071003475,1.0846497123247376
16648,-0.0714539932793242,0.8009829510138157,0.5089007148134982,-0.15983950836723845
18728,0.7897599161840219,-0.5581039417685634,1.3898877290661635,0.7500631004243191
31448,-1.280946819944173,0.7363774695488273,-0.1555071872087827,-0.5375145655804658
63928,0.740534084557005,0.8814944367843495,-0.7137550120510259,1.1237944974119343
6448,0.8782580127564104,0.2775467244144314,-2.0249809774270284,0.3393244589391974
24968,0.9084691222261303,-0.5831069354656315,1.2947943995563205,0.9634929748439591
58088,1.22385609323525,-0.9429971630267392,0.6145206025657445,0.3813781804263363
58168,0.5433379201713415,0.9162688263176617,-0.1888711134066971,0.3042134549927723
45368,1.0114959604441698,-0.2943246311681987,0.8177358177748025,-1.8505770036920564
15968,1.3115755672455978,-0.03233867836198299,-1.1445644800791834,-1.7228062736056664
60568,0.04893393559639797,-1.2222015464966633,0.39105786365238804,-0.4471462691667078
64728,-1.5826874719545516,0.5747366047874164,-0.8454506964645493,0.7225950683329387
28448,0.9243096401740537,0.3831331447845389,-1.8183333428346877,-0.9560047465299966
63808,-1.313988462892591,-0.3222875222012837,1.0631458918483068,-0.5401942950158702
49888,-0.3760963227448142,0.04489062839514332,-0.5363421196457201,0.29649454946056736
4648,0.7704665527824417,-0.8364196257094302,-0.7463612816241569,1.2332222692735575
328,0.5383762140068327,1.1634038590857645,-0.28946887637808844,2.195901555209159
12968,-0.3389705988233655,-1.0202708200614767,-0.3689422512551085,0.1579252257681915
8528,1.3450444001029869,-2.25397524202532,-1.5001240280894814,-1.26304296586595
18488,0.30027161099828076,0.29600334298509634,0.4818697600706484,0.6418523464445487
37928,0.04745683249214238,-0.49738644718773195,-1.2936946709715533,0.5432537129209084
47448,2.3447896085695685,0.5829060755089177,-0.5816906238639339,-0.3478215371222285
6808,0.017970985135951727,-0.6978196886670182,0.543677968467302,0.8461436494677966
46248,1.4842873677024446,1.0686302546024495,-0.8222737845157331,1.0854074171549817
7008,0.6221871705976806,1.7561205055483873,0.5120278945579588,2.406879081619917
45408,-0.11764694632218377,1.5873242474372098,-1.5526172619357825,0.5561671443226887
63888,0.13017873687434509,-0.640577618030077,0.3732439589583918,-0.27892311345887955
22448,1.4307817051725562,0.37006537944983475,-0.7325007326321396,-0.711134830023066
67048,-0.5375211255804391,-1.1320345329501253,1.58864256920486,-0.6494768366481454
30768,-1.4373379296633628,1.9323007682638527,-0.2999093350626567,-1.5578711275087087
2408,-0.4999342971373047,-1.2309788089251141,-0.5732499815409196,-0.22739514468519892
2808,-0.7494330030209935,-0.8042835109302624,1.086125094579836,0.9955422433518967
41328,0.29178566871563577,1.3317083296453833,-1.026446665420256,1.7257333657488456
6888,0.06741785322342148,0.11396037655763863,1.141770246028321,0.06296880152831662
43888,0.16765510893190239,0.21148105301922238,0.6174354524793997,-2.1289445188223586
19448,-0.6626944686157111,1.6495670181210578,0.3989877062172747,1.915742989512309
23608,-1.6027732363072822,-0.8372038378116546,0.06631326708306066,-0.04829989070071705
39288,1.7215082086831588,1.9741626474477436,1.0236311046692106,-0.1157674343702231
68208,0.30282243773476364,0.06169350167452607,0.3321765757622492,0.1948237475771189
30128,3.4601821704023483,-0.11697182212117478,0.6328395396692954,0.09456313462178784
28808,0.7758195052504326,-0.4632137891790762,0.7448509535893795,-1.375158034625969
47488,0.8145289647640582,-0.8906875055208228,2.065195453880811,1.2792656221050154
6208,-0.31575289818935415,1.1022093913633872,0.02020865574225292,1.438527838846241
65928,1.2200287709216342,-0.44707982652617706,0.4634845578553916,-1.2795904236255602
61048,0.573085101006782,-0.842761022255831,1.685278018930825,0.8437292209920496
65208,0.4048786794334471,1.2213536894620565,0.3837116760479874,-0.27483091770195583
56168,1.0829332941065757,-0.5207779235523196,-1.2331546796562918,-1.392801947413782
69368,0.5686410156788284,0.8780427787607712,0.789794522447035,-0.3848708426138036
51408,0.29233956563083674,1.2280698733480764,0.40681602191169686,-0.27605751290324143
12688,1.1465148118114277,-1.1539962971172695,1.8327977864112828,-0.19723453088113915
26008,-0.024736660364573594,2.442792692203651,-0.5999461890632707,0.30417730236396334
45568,0.0953467329337349,0.3818382322727959,-0.8147533265558435,-0.7487275139814161
41368,-1.0082516661529677,-1.4593650828612852,0.6933057863742818,-0.9988911076383818
53888,0.5416407374383663,0.7823511632848943,-0.9413647052507966,-1.161329135977478
62208,0.6830452473553573,1.609590507421935,0.7224780654434635,-0.2821773141033875
59808,-1.5430759365518685,1.2700812149045757,-0.004707788226384873,0.5271927608848058
76528,0.6707747876027822,0.631575387989762,-0.16801510645118645,1.7094077292705363
70528,-1.3605706641656152,0.4265703730806214,-0.5361103764221562,-0.6858938047408627
66848,0.042512922266818305,-1.2523606285544686,1.758036134040714,-1.1728072293769467
22848,-0.0610197825313114,0.7985388447033632,-0.4110404215693277,-0.4044610466280866
68008,0.9171510618860725,0.04850460903251883,0.9872263789331641,0.058410880969138976
41288,-0.03346683586739972,1.9495256050926404,1.1887731047195182,0.5512494518930428
46728,-1.4509408428321742,0.08898485436192514,-0.971518710175676,-1.0805952834211812
36528,0.11239270934324808,0.2905711423660194,0.12128428698686487,0.12496465836680316
4528,1.132984073923298,-2.1903609817971574,0.29551211397932986,-0.3911681967520687
50248,-0.08733606048702612,-1.02479045972859,0.10358837402530516,-0.2521788129536573
22928,0.6855432765629408,-0.27644385106489544,-0.04934116745932057,1.8137784410353124
27088,0.26901244700617666,0.549842578312359,1.7410547187517966,1.3864613130165047
43448,1.0789606293149574,-0.06527012851621186,-0.7342859909457504,0.23174549931500457
40688,2.8772633475003384,1.4008279805759667,1.3763507378087834,-0.6373133656992691
7448,1.0668062974090537,0.027756134031547534,-1.0834838383463021,0.7388283688325542
41408,-0.4001475471418884,-0.9809122767586169,0.7512894896222186,0.040497415999522474
70048,0.02182795314120727,1.202004950911079,-1.1372274598328032,-0.38875648785759725
60368,1.0801493086595362,1.0878157635422574,-1.3461672912856617,0.2106307643877726
26408,-0.7503058989409308,1.327440470731734,1.8288387641407609,2.013115532828548
18888,-0.08758448702274914,0.4263499606542222,-1.3489376118242113,1.7179252043113957
288,0.105706624430797,0.763532764697387,-1.5036290240306973,0.9920605180041612
16848,0.41979097113939523,1.5678040589970472,-1.189729310892465,-1.002698685223215
64248,0.3061478531782071,0.1417131490172605,-0.2280865527031569,0.06913203790163565
8608,-0.7543984540078188,-0.8305122944226175,0.18715978373392772,0.3272945035482079
53208,-0.2073914151522935,0.6518213619179878,0.2297751487535583,2.4401943173593232
49008,-0.32420725919490606,0.7813221519074711,-0.023796299300061042,0.2373636121103701
57368,0.24506115320859786,-0.7967857461493645,0.2459779099592528,0.8972472394030354
76248,0.30395978687104747,0.21806353530539097,0.7767552527960169,-2.1724973129031255
21088,0.1016948208375527,0.8948293180488245,0.7080561546243433,0.3362752564433789
39488,-2.2953365183105676,-1.0256104267650588,-0.5203903352741007,-0.8209204919528329
53728,-0.8383648485551369,-0.9319570997989793,0.30656214289425293,0.43107077984786035
43088,-0.6783657953920605,-1.4028952959453618,0.2849039251804852,0.3343763886208171
76368,-0.10968577877708519,0.4754080371010531,-1.1426055702516964,-0.8086825963490325
9768,0.6982438787384075,0.4589375754130672,-0.49064534782704056,0.07110125497706035
72168,-0.839260638185593,-0.023905822697039527,1.1537377755988516,-0.9419241555052739
54368,-0.5915183771117098,-0.042965763827195746,1.6663397368536275,-0.28425206700701394
18088,-0.5459906635746531,-0.9926506353581539,-0.45067749133011414,1.2045258869781472
22248,0.3198755342973356,-0.536474307919332,0.2917356040737369,-0.9440465615492848
62088,0.6437907794544078,0.1593628934708402,1.2593266094677726,0.6508102019762493
59888,-0.5803697987009881,0.4686651436392528,0.3666509733929139,-1.7770678742363883
57768,0.5707304656125547,-0.13848685534618688,0.1540505513780677,1.6241672398589666
34128,-1.0092211746521433,-0.5313879442003095,-1.4656928151425086,0.29445727934030996
52568,-0.6022565616753608,0.047614908789782404,0.1085571565294915,-0.6826442108195306
57848,1.1536754036993466,-0.25089688652241926,0.19496532364301808,-0.6111978291287874
47208,-1.179680918722828,-1.6415387887981785,0.3409409246693615,0.15539959285891308
71008,0.10310638084506453,0.0040740836177298265,-0.9999882107618032,-1.3419709978035037
35328,-0.6470717673039704,-0.009049144125968541,0.1751210063149596,0.2870266428777776
72448,-0.9037096907585725,-0.05485104039505951,-0.789720566788877,-1.1753871774533764
63368,-0.8954117497336206,-0.15306495341208162,1.1421539592138332,0.9761154699138905
33288,1.207999554609386,-1.1058103875298084,-1.5489142601404267,-0.643822573381375
7928,0.985528535258391,0.4115356088404641,0.2618949424622806,-0.6569272791000259
51728,1.0197936983187625,-2.2818883180508136,0.11581724400876313,-0.39977067352864987
41048,1.4005549240813435,-0.002255473587621482,1.5210412673220197,0.9287459327428828
24568,-0.23216544462348368,2.1465346585675547,-2.4766916353619886,1.5360335138418995
29208,0.34573911167359617,-1.3695207500552453,-0.02470948787947369,1.4604013868286103
73328,-1.3430645201479496,-0.39374049938232736,-0.07742645203651427,-0.3239610768870332
6688,-0.04581684040632653,1.184102898054704,0.8967482004595916,0.8902054801580148
55728,-0.8622503955127798,0.8872643201795007,-0.645211965798946,-0.2074283882709291
14888,-0.7624359399843273,-1.3651393701933037,-0.7662383002255455,0.18393182373475656
69208,-0.36604596406220613,0.6127784403660148,-0.48587798068390464,-1.2945414730807596
53808,0.5627385942885801,0.9369771285591236,-1.7080303713056688,-1.546381366824062
55048,-0.6167848685386735,0.030338727470400367,-0.2753352592371753,-2.3604742318202607
64448,0.38206113700183525,0.9695394411802606,-1.3165862006376465,-0.6450449097926573
6088,0.475721861697154,-0.1713347627984606,0.5555756775987217,-0.35857359479749007
1768,0.8701337936960594,0.2769009406066777,-0.13029688788303756,-0.34902762380490004
62008,-1.409194749724046,-1.0481646418248591,-0.6380436233242395,-0.27106485980739875
59008,-0.4893977883881742,-1.446422108597935,-0.3559521014016286,-0.20431169949690725
49728,-0.03228043281062869,0.41235769532461974,-0.2730814037211739,2.815865873341479
59488,0.5445683781703865,0.9103688274351001,-0.48934900811505516,1.0824144092597958
75648,0.5725109413326716,-0.6624269707780496,-0.19678524152137658,0.2642207350736882
28528,-0.6346244376078202,-1.394946805510095,-0.7371260983815744,0.8533592075680935
57928,1.8598723825573784,0.3313152993538861,0.9294641929937786,0.40366461289649447
56008,0.8506518500168485,0.4183130859937674,1.7363698017038058,1.2348168422863675
35408,-1.1557552225295051,0.8538725330875262,-0.4288045857429641,-0.43959701883234803
33208,1.4157785432987469,0.1204833395793779,-0.6202455750506857,-0.3708122605366276
21608,0.7536627418253921,1.5837192109604985,-0.7061522942250599,-0.05350654748954214
72648,-0.17925727912586883,-1.9456355179356402,-0.8213658722463575,0.5060762661341387
88,-0.014025239510574574,-0.018827704136892442,0.009889588786937005,0.2780303249055237
44688,-1.6257127481492955,0.5228420423076777,0.19694375379332152,0.18120223160616636
48848,0.7868865315208622,-0.8065298028809386,-0.1906032225766101,-1.8419296703440056
72288,0.7283616712027076,-0.5296075714325283,1.514327127988575,1.687743995835569
47888,-1.4040804409356045,0.24880256952166682,1.4937428486066167,-1.5329722650938142
67408,0.5990882846576399,0.8900192292383181,2.6187400954423143,0.3773797862310177
65488,0.33221780260588407,-2.0518810991833103,-1.8529581140162206,-1.1410726846950525
19048,0.47847214759114637,1.0156576154656975,0.5902455643897628,0.14343224670034527
45848,-0.894756662168141,0.7708267272493478,0.17366620394075058,1.0327540756399922
57968,-0.23337117316938671,1.7820775378919727,-0.31356539125235827,2.19524745199085
57448,-0.354299559446874,0.31846270272346205,0.6476018973299006,-1.064858526506997
13728,-1.3685952754960868,-1.885792186075418,0.4096765896909369,-0.3919678183722825
17888,-1.271128479818712,-0.8017604935918059,-0.011502742508192424,1.5362061156713285
62488,-1.6639923290812209,-0.9231732563989111,-1.3706736886441426,3.266008678331813
22048,0.9413002433146298,-0.6687337692750674,-0.8138419393420234,0.48293576489881074
55928,-0.8431756781878889,-0.7960799807890032,-0.04957262244844712,-0.26785866986654794
26208,0.25926094935588073,-0.5762400347405496,1.1899354831219968,-1.1476083912714228
74968,1.7067768024301986,-0.7338513670671153,-1.406088445976741,-0.1713139746533131
34528,0.6936920446327396,-0.18439382106542787,-0.9311919994002044,0.15350664614869905
43648,-0.7751146867744213,-1.1996493116569287,-0.5802829398309507,-1.6909471107314669
56768,-0.9523318203306356,0.8651229867886283,-1.0509457261078465,-1.3704318725835043
1368,0.8377265070567206,-0.58333538372514,-0.90140123588436,0.9149848840358658
10728,0.6544537146864801,-0.27995732214958136,-0.24702179622313378,0.04465550877112775
51848,-0.24846198023109567,0.13484112113990643,1.3817835381844912,-1.425053896205656
67808,0.4614201466569685,-0.3542592736507551,-0.6844672435779875,0.028526117622328474
29328,0.589750674047729,0.9852573211273998,-1.9998693734967943,-0.4512315917666481
35608,0.9250509085643591,0.3473474010583481,-0.8892593111248093,-0.12788603903724577
13968,-2.4699846370412457,0.36330929654355015,-0.357226833901482,-1.4097603021321483
47168,0.5880722375957651,-0.696188195545028,1.1251123382613724,-0.1294418775012036
68248,-0.8456009812116159,-0.11726661565181434,-0.5320302958100391,1.1524831686653596
65608,-0.5682067473808594,0.37745683021782994,3.366658003984822,0.5854762417131414
54768,1.0757510614012422,0.44998609003492657,0.1600632055896924,-1.141737309299961
64808,1.2779652281071714,0.15363418741268212,-0.562716656921555,-0.5502732466414795
76448,0.8649839419114623,1.2048033252159702,0.658635094480918,-0.24231174886853116
34928,0.32692923099382215,3.202141028222087,0.8732305685658971,-1.053647155625344
36848,0.05344428435944622,-1.7897309632333334,-0.0474621412823141,1.687689205940126
41008,-1.2055212503623194,-0.2648703650722487,-0.2971879359948104,1.356962470176022
23208,-0.14538307466816974,0.3804212992090644,-1.1418884086880288,-1.258233087539608
57648,0.468553966630693,-0.11019088197030878,0.8856507567411688,1.288585453262691
72368,1.1874157241849124,-0.45773169485115256,-0.4635935932430323,-0.7926440136406715
29128,-0.7609350934969206,0.23414668110395362,-0.6975501697566143,-1.326431663964783
70128,-0.8048271409274754,-0.25758326721824426,1.6948524575892083,0.8248088384565663
70328,-1.3442051904795993,-1.2477917955573896,0.8750046733006529,-0.3555279100167146
38008,-0.913907032766024,1.7591621400605768,-0.9697384399351442,0.2661502771757766
42168,-0.496081599109811,-2.5806146000077934,0.7842594545033521,-0.7614249320469986
46328,0.5616882927112207,-0.17070364827221815,-1.331871605109519,-1.5421925418573679
58048,1.142425873884795,1.6193538393839149,-0.19293882106724314,-0.3251655549148194
23328,0.6817540909351057,-0.12116102845195144,0.42463536497578797,0.9524522717406253
31688,0.36469394230296637,-1.3010221305407115,-0.3800063033717951,0.14378842747935103
67128,1.161942819965547,0.28227880646245895,-1.1962422957532575,-0.01508844429426278
15048,0.08468384132156977,0.4612179398765707,-0.8510841794618095,-0.3849238726031203
9128,-0.024266568022137856,-0.5214616040959219,0.25437156944959416,-0.7042530182184141
23128,-0.03675208343251682,-0.28954728835628146,1.1641462535761378,-0.7487763608152339
2768,0.15985404963568353,0.14481488776423063,-0.3052502760353394,-0.7677760721004812
32888,0.4252314321523277,-0.26381460564277337,-0.6217370136525028,-1.0464985855309226
7048,1.014528015210152,-1.6844916448911857,0.16945468761534233,1.0419904866899605
15368,0.7355875754585066,-0.34540837352070425,-0.39619400161707524,-1.2141676582838263
3128,0.39647515913990206,0.312984373577674,-0.7640900620017558,0.2465313833628289
41688,0.14750555234631574,0.5101792558747972,0.15545806998518405,0.9339751985612202
1808,-0.4871688291470218,-0.44939106210393587,-0.45561874446904155,-0.7489289446905028
19168,-0.06226572802065854,-0.2246297631501808,-0.41410396056933557,-0.43954143611713486
68048,-0.36695084629807073,1.6454414047458739,0.2045785941710696,1.8831581066701932
27368,-1.5705205048338566,-0.42880804629668073,0.21488283206718536,-0.5523151176712615
66288,-1.6251326723362527,1.1274996087823124,0.20446457760407935,-0.011063512200296872
808,-0.32629226797839245,0.15948004714652217,0.24101484324726397,0.058528972130182974
37328,0.40352154103571886,-0.5516842654371108,-0.43766405231827776,-1.5790620398864093
74488,-1.485876532669186,2.457372345573995,-0.2327212312120189,-0.3747173084365492
9368,-0.6997032425168254,0.7356526699939915,-1.6445785791403111,-1.5393834047994999
25128,-1.4530033436065808,-0.3805801155171025,-1.5744939335381742,-2.269391470506156
768,-0.5941659327128301,0.035309060105006305,-1.1254762131076126,-1.7754412239036272
30848,-1.0129325634110344,0.13431105272110802,-0.1642585191411958,-0.7502777396227043
66448,0.677121367288924,-0.2519531410379735,-0.6091887843073012,0.18133702115446088
30168,-1.5070656540452203,0.5666924554046671,-0.5378512036986391,-0.3955962681989395
60168,-0.49968841187016905,1.6543235015635298,1.6310112607983633,1.1500283984653474
75688,-0.9000381093948929,0.5174510395709697,0.19301324786914362,3.0591824454531262
42648,-0.2325808388988624,0.41948511930299426,1.4600138418925148,0.34249524641426776
1328,-1.1813761840619712,0.8722540002310016,-0.4301835911027703,1.6383278694435104
10528,-0.5324820342629271,-0.48377765438909476,1.2780916911203795,-1.4204189876850546
37648,0.9514349356257392,0.7129078863062842,0.6525176425279848,-0.07492459538482492
4568,-0.23868872470636182,0.07828289110834138,-0.05610170554655391,-0.5708914832128776
66328,0.07062339986271378,-1.8862763054439513,0.8593428524005925,-0.4483258159808653
31328,0.719488109690012,-1.5011170232536808,0.10512774135501515,-0.9643824428217487
75928,-0.09523594777210058,-1.0299460319781804,1.4382827019326068,-0.12089259347534623
5488,-0.4615981634151215,0.34929792652334574,0.8931106193408515,0.1512872945584658
43808,0.1612161187844498,1.068084411973073,-0.16442463859795378,-1.0047047802659286
14128,1.2915721272699785,0.6751076795790956,-1.2695401945294156,-0.6084098714956532
15848,0.23199778890635037,0.41789930842597506,0.0739390842455479,-0.42556141594841956
14408,-0.32857465855668244,-0.4020505796163139,-0.5809534525097386,0.3822155644358932
62248,-0.48024714547281283,0.9600347566657581,-0.4443315560149079,0.9090071922201722
24168,-2.2022038566763147,-0.16297659313593027,0.21545651373691105,0.8385651023689128
68768,-0.11036334379407495,1.789620127801903,-0.0787977214612607,-0.3629352183218918
32488,0.29372144180622856,0.4689766199165749,-0.7710208810765846,2.4400381392955057
70448,-0.5917399431600164,-0.8837354043501701,0.7112723621535265,-0.4456232035896091
69768,-2.35738368547503,0.21512053255442037,-1.1025478203062344,-0.31959389889951806
8688,-0.670764722613718,-0.45769373072427694,-0.8037249761376392,-0.3392951492413959
12848,-0.781072187598454,2.059550474437736,0.696354614834001,-0.3884102273117083
6968,0.9651403039188757,0.6705370949467835,-0.4354112984467187,0.6770530013586253
9048,-1.067491301847067,0.06699726269137801,0.254331322394991,1.6395834357969552
21168,-0.22009810127152363,0.30873066676304245,0.5373769768552182,-0.6979289071843794
25328,-1.5490832232658727,0.5183227309643438,0.6312214023594204,-0.7280123524781027
4928,-1.4887785638311082,0.8397152452078981,-0.8324729555511362,-1.932820513993286
23008,-1.4672719102604528,-0.3293624916835649,1.4688137301315962,0.43628377718383315
37808,0.47833147823604105,-1.6536727930829145,-0.2994350363771387,0.9361702669869902
41968,0.6980809668570995,-0.5340991720729618,1.4786595736025976,1.2046552293931418
5688,-0.3636670004789993,0.5853888391729533,-0.7804677489478633,-0.4219204264403058
64328,2.1046088070665125,-0.27229451531398696,-0.10484019033455412,-0.942864329261972
40768,0.43458217380455605,0.8585800156088268,2.1073208661606113,-1.1205741783145355
14008,0.003087312057048378,0.8127347455961837,0.8084438784443165,2.0003163837707127
21328,-1.2906564992019276,-0.21938896885513234,-1.2275470423852692,1.1297685425928436
27448,-1.1721075573035704,-1.0817233319574353,0.46257451271206074,-0.06649346386781016
71088,1.1041253778159263,-0.28107453509545055,-0.46797455372891483,-0.4313435371506116
34808,-1.664558230785152,-0.26974949403683024,1.579577918132319,0.0888859153374006
38968,-0.9233095896212198,-0.6413958404305842,-1.0460327969819183,-0.6431903261265799
19288,0.8978506135680444,-0.25179926244815826,0.6115738715967112,0.14352267374242889
2688,-0.5512422855376778,0.1232164457673843,-1.482754869822995,-1.521711931623488
47288,0.9759903336021544,0.8462890185246432,0.33164615890626975,0.07807070896878553
27488,-0.8551074906705383,1.6501694273489778,-1.4451571865838935,-0.3398192078560259
59768,0.8278128500355627,0.8780823991557755,-0.6239304156399982,-0.2614462089994708
40528,0.10724810002368382,0.654195624928084,1.1558983745606455,0.6952305806290316
67928,-0.2537838089548354,-0.06805062481924645,0.8189584669719925,1.0330921064527516
35688,-1.0716716834432665,0.1695693761212625,-0.8073399641349008,1.3466315420988204
48968,0.34197314023445674,-1.312638707974594,-2.4382795433629765,-0.1516021891920744
26488,-0.5145828789865584,-0.34999251858539926,-1.6235570881674595,-0.2174803232882863
44288,-1.018064968355376,-0.8805222094694534,-1.3310093355077628,1.3780072371810133
33648,1.1377261783725332,-0.6937117500755482,-0.7320425068197289,0.4954573996630571
61928,0.968014026187145,-1.0431722548083362,1.9703741894423008,-0.023186528031075907
2488,0.966857210703987,-0.12773562505177133,-0.12769448813583412,0.46940583985315393
41848,-1.1533774723050259,0.9120418753960281,0.259516070089236,-2.048912187542342
20928,-0.12069384818385201,-0.3278004471184414,-1.1266623326748944,-1.4390927995282932
69248,-0.44970704606034667,-1.32637630361525,0.9542380531333841,1.8497274581331156
9088,-0.4054636877895682,0.1414091782843397,0.058005569485791636,0.4380500375249188
56128,1.5202743694069594,0.04023825161771753,0.4146007715642336,0.273798511247351
5008,-0.1492295217236049,-0.03207727714123974,-0.7662518336539231,-0.2623263682471272
9168,1.2730213250437017,0.2712760104398989,1.7133965738344048,1.1849721632769243
71488,0.37375928868375147,-0.496531715591743,-0.5253761762836818,0.04111322771030495
68488,0.44481048983574184,-1.2453280362066963,-1.4397116501352967,-0.9787896252716873
21648,1.3141356066310819,-0.17352802641860687,0.23230780663457995,-2.1496508665561285
25808,-2.0497077690213192,-0.8205589483830014,1.4579155100807626,-1.4715396765636897
70408,0.4611313239773575,0.08769372277793992,-0.469212884187647,-0.0878090723431075
45968,-0.5240654367459973,0.7695913592539653,0.11689824011471599,-0.0945036404876495
40088,0.09904442928802369,0.9112662172995891,-0.10137322952742098,-0.07265271051260513
2008,0.0008062303653842834,-0.5782827790896217,0.6549318230679158,-0.09334310146265826
29248,0.3731852395774093,-0.015344858744397467,0.031222543568455507,-0.9516622723404587
6168,1.449519331120019,-1.0997079072031133,-1.4203209281167632,1.4611552244047619
23448,0.07732327911689396,0.8118061312860583,-0.727044293620969,-0.029765038185415708
14488,0.4303472790098915,0.8521664487552134,1.0725803616410083,-1.0092997530291554
59088,-1.18478501219881,0.7335695308396989,0.05158041122474406,-0.34677833495583715
22808,1.200777019722716,1.1029833506272158,-0.8383195367251126,1.9950521497014737
52128,-0.3404781891789808,0.2653610039605532,-0.2261185745989346,0.028075437179181706
65008,-0.5000118862375272,-0.8023777110726864,0.45591481656041605,0.21081921219301653
31128,-2.3455956093836288,-1.9572340209404204,0.48256509182171703,0.8467716279401039
75728,1.5700481156345287,-0.31693359973457025,-0.512913946616017,0.280832378850984
75048,-1.383664496869235,-0.16912386021713344,0.8330984687771787,-0.311189626674964
39448,1.0387786223414694,0.008972316328954191,-0.3085270014129942,-0.038056573917294265
39848,-1.3178219450174442,0.6333588350479556,0.8241151120180298,0.4297627911405158
3168,-0.5913643551259075,-0.12501536046429157,-0.01590270653797196,-0.8494051819212544
42328,-0.07795618318543462,-1.3069133129098638,-0.21869244758484538,-0.4423068758508498
7328,-0.9411097765391236,0.5954063840827144,-0.06461172135873557,-0.3315560900936697
51928,0.4990394072472174,-0.3920478920758076,-0.20828626800728203,0.6336231974477301
56088,0.8209785909396057,0.2962988593694179,0.5785959528655169,0.4223843562039536
27568,-0.46520423246848114,-0.6565085436104353,1.0893305628919001,-0.5870391407522374
23368,0.07890753432304128,0.11532154131787176,-0.1702497480383341,0.14500546739619233
68568,0.7865728622475541,0.0233162204934432,-0.4903847266541559,0.45726938688123514
28128,-0.7883521220106482,-0.7311189597502139,1.3792721955172011,1.1905372819434632
72728,-0.2035950292388688,0.3650162361782664,1.1885056859013319,-1.3735498343180386
32288,0.40045516974556006,-1.7033070010856042,1.5650791590191868,0.18156323736958346
25528,-0.8227580275750684,0.3493670113601825,0.6337886890961263,0.9672330654590623
36448,-0.28872475693997585,0.2782125950672488,0.6347332871372446,-0.18718864079403816
40608,-1.151781764451359,1.365019001247986,-0.0431579449306304,1.0163008630672228
47968,0.37161667604269955,0.7328626223353779,-0.44797638608793394,0.6234144110629498
13248,-0.781238585376192,0.681325725496283,-1.0076719247706334,-0.3843824147666078
2208,0.7127649225670704,0.6071246179352778,-0.13094953093203737,0.5337879071672972
57248,1.321189237899875,0.7477952189694178,1.426992263961275,0.10219042257881006
65568,0.33389364931272153,-0.16488150003200777,1.1902322214017622,0.5181675947646343
11208,1.3047289662001067,0.9291521058118606,-0.9459449970353279,-0.9401699981416977
73888,-0.047584090515508215,1.339788227523163,-0.21226957779351371,0.28698089838193586
41768,-0.0776217066734247,0.9144942093693865,1.0110940236892256,-1.3828391652528584
50128,0.8595463018369676,-0.6013352089395767,-0.22542498982306505,0.10980036867382954
68088,0.6114769086046997,0.19652959966248534,-0.018105056689721805,0.7416201290480413
13168,0.5930409810509552,-1.0848294992765886,1.5527802819266199,2.1752543844045995
32728,1.1798371374074152,-0.07789295962385609,-0.3502817930356181,-0.9999621556143233
17968,-1.1537974773791833,-0.07489105824690445,0.46695158412092325,0.36717546518004623
58328,0.31154475387803926,2.0035609963419487,0.564182803091305,1.1876270672435287
62568,-1.3189817977549825,1.4232544524281538,1.450240106412666,-0.9247254945478882
30448,0.16338582469662644,-0.22730414991276765,-0.06025812147818327,1.9240214481988025
34608,-1.7663598067212458,-1.0982274331857573,0.3342128018076109,1.2576420435007958
56288,0.10574087344241472,-1.816552632130136,0.6814413683149093,-0.8571512187985683
848,-0.46207573425041903,0.42180410940807095,0.1958095550433717,0.8127578120492318
58968,0.7091125668027233,-0.8181510627928013,0.38884143003709726,2.3904935696455065
42928,0.34738639860744075,-1.701384667987639,-1.076734419801421,1.1525146248082452
25768,-0.4119209868135528,-1.1597810125344,1.5388300453371009,-0.6346679041429704
51248,-0.22706188257095647,1.155333942988515,0.29090716857229115,1.2805376885774684
23528,-1.379977881036508,-1.586252895459209,-0.004171087464232068,-0.4088875034572713
55408,1.1227722321875857,0.8526001026615173,1.070715993567045,-0.2624378741511971
31728,1.2884587558123806,-0.4019003059392377,-1.6388539391731891,1.001261538543286
16728,0.17754630251745981,-0.045567624828554754,-0.8095845790782622,0.8940825685021236
76208,0.42337870802345823,0.6801415858462226,0.8107176405655999,1.3841511361457206
39928,1.669546091571531,0.6290493782656157,-0.29581019335085473,2.2409530506083604
29688,-0.27931487787418824,-0.41217536833462165,0.2709708288340136,0.8789924575014891
7808,-1.7354746919109882,-1.46104297043437,-0.4105693669737353,-1.012812228108052
52408,-0.8925119729298256,0.2769809903001091,-1.549343373330271,0.3517127444399882
11968,0.7265986198343155,-0.024960279473366306,0.05779075101702329,-0.8394748957164847
7168,-0.629269745579054,-0.410954054217758,0.0443802324160356,1.1530368381849891
60928,0.5332277305088773,0.933721950362555,-0.5019727164454215,-0.20427104687967115
69048,-0.40081051972297566,0.31825085852146784,1.4816565987043708,-0.012867496766767697
62528,0.4763255485506328,-3.089484158717992,-1.2762640946183141,-0.4107505203557545
66568,0.6657135772813081,0.15381654958241536,1.031972038141896,-0.7712170107629125
11368,2.822319985979938,-0.4887657451970661,-0.5051311161527602,-0.6586318944595395
41088,-0.9062934236338337,0.3238630983756185,0.6336466021692341,-0.884713614728641
4808,-0.10701738708946111,-0.6342661993303086,0.13977559732045197,0.13793958315065435
49408,-0.39033933964931794,0.15308906680680184,-1.2103816172458899,0.7926396286586899
35728,0.9173251646649896,-0.36109604164827935,0.443755402176634,-3.272089620653905
3088,-0.8163046354812655,0.9843661584483132,-0.04612785539025139,0.3529480977137467
60248,-1.4145011074503537,0.48552409159716414,-0.9758834549388556,0.9218988036777132
17288,1.0993032037166177,-0.6963082640749294,-0.4581814821255375,-0.4329983373638237
61888,0.571008562053929,0.286065974171475,0.9660471705352578,0.17258336735656224
25608,-0.7737454343456917,0.27080378319001125,-1.0483090029287403,-0.06542946081426154
1048,-1.5647114454584097,0.11573208077343852,0.6216658785154885,0.7983836157282771
74368,-0.3351707136009627,-0.8907928449595434,-0.684066852413033,0.3708554759160585
28088,-0.16504631297428923,-0.36031607454385667,1.261414896783333,-0.3201763639290853
50208,-0.09764041524789385,-2.4251617100932443,-0.7730175534016348,1.0060530204157005
44208,-0.17110228947943504,0.27193139050910947,0.5742882845654479,1.3916245842348647
50568,1.6454856633285508,-0.9301657362982912,-0.9405859835997687,0.9037292036665298
14288,0.9640924763554971,0.2262837457047468,1.2555699583474653,0.09890284280299469
18448,-0.6837019571523271,-0.8669013423362496,-1.585551163588442,0.22182091583715036
68648,0.22011612127089453,-0.788813075689029,-1.2573093169649212,-1.7221459011455567
67208,0.3279259200357614,1.2316183382881658,-0.87661993494071,2.69434431140529
46128,-0.05919588260358884,1.3501043191707212,-0.5534273626672751,-1.671238319045812
2568,2.5234558528980764,-2.3936233101712805,-1.4229801639866195,1.0835981476855239
2968,-0.8424541716843412,-0.044224250382529716,-0.15948560721097504,-0.7940314130323268
648,-0.34539119007738955,0.39829160424947285,-0.7719069926098554,0.2598738248046821
47568,0.35427697726491914,1.9791338568996262,0.5396240668727231,-1.7476168823261753
25168,-0.5175519788615298,1.6680128668779135,0.1944150332010436,-0.40441225724485863
33848,0.3570536612973475,0.6492708943204395,1.1504970332666349,-0.06700085036106944
60048,-0.38611085533922784,-0.7133580206015255,-0.5628858610873194,0.09573659624272744
64208,-0.2953065505034875,-0.4897111400985708,-1.0769689474010917,-0.8994517164365072
68368,-1.8796821715122134,1.2385808090691344,-0.5678474181170242,-1.0459467680288872
9568,-0.17132317902926292,1.431431173912112,-1.0612698400075962,-0.27064833415956907
72768,-1.435795957742523,-1.64489108258761,-0.29740848357032845,1.859535177041869
63328,0.44472437706700974,-0.7174247070506995,-1.083878503611933,-1.393149661665847
76688,-0.7422001352812505,1.2950908109905004,-0.09419209017417479,0.8098248909252851
46448,-0.8613516454318496,0.669667416385052,0.14862260477500303,-1.6672561893124593
40408,0.050461538093838465,1.6363300564410297,1.6696381271270635,0.228397751815949
64888,1.0324110568718692,0.12372288856461555,2.1049190387880197,-0.3454298628270001
44568,-0.7116547916114736,1.004580232482802,-0.24319819050752625,0.9636668290968659
9288,0.6947621956345116,0.3804130058956629,-0.7278175161621359,0.056366836703573155
12448,1.6053859796171581,2.3798625450825543,-0.4501756413929782,0.4957444174187004
57048,0.6644746073634284,-0.11732577410277684,0.028638812823076426,1.4658853609975444
16608,-1.7833116197706345,0.44703031312583336,-0.24139306947326541,-1.3829480641609544
55368,1.8979992027170827,0.054010162087719846,-0.37962891631874246,1.8571059315829401
68688,-1.2936799208484835,1.16139367695559,1.246940356046751,0.4356787961933386
31928,0.7406905675479882,1.5595247419611138,-0.2037835022522657,1.3327392588966698
69528,-0.49103982353985953,0.19018646725557753,-0.9479964897133736,-0.6606896715173161
73688,-2.2047258668968492,-0.9959993530644258,-1.722599476339869,-0.4843955529444023
15448,-0.7050851371083365,-0.5066852663797236,0.7875249710786048,0.6685177327300091
41568,-0.9496539139666594,-0.9304699870330034,1.1221341276457932,-1.2800504436112288
9448,0.7366380827782814,0.8757205866037914,-1.7847818695147137,-1.9729480383162066
31568,0.390725682038757,0.5810407847746913,2.425836783546089,1.576731026329611
64608,-0.7322092514029002,-0.5116198039261409,-0.3196539178206201,0.19609045078390766
17768,0.7778446839913293,0.7393083637455321,1.0669097237475968,-0.04760462235558646
62368,0.7019672085518748,-1.5169437111781816,-0.25566550168578,0.94536976609268
26088,-1.7086397415082035,-0.1288595145910809,0.0306679806195818,-1.3799184437890855
30248,-0.7048487458757066,0.6063820156102536,-0.45380260802723776,0.9374809696571373
52328,1.8662092872219302,1.2695807206341263,1.2072983581767136,2.4936069381623
74848,1.329664155007631,-0.49416486997404957,0.25549620567525405,-1.7361091942673306
40488,0.6308907796070096,0.7746618350268196,0.6944862012098236,0.6713847285144021
42728,0.16507311837472904,0.9498719898146614,0.5466818160173857,0.5674866564946387
40048,-0.41556810133883854,-0.9384967302058969,0.5051712300620177,0.12738365727342205
4968,0.9187020472508364,1.6399980203756888,0.8535575956207333,-0.24754526050692263
43368,0.5494592281197485,1.8774420157647536,0.19726001805226254,-0.13890444185865686
1608,-0.6649414311496672,-0.053232311903696615,-0.5632896133724156,-0.20390759057689603
18928,1.4686461377255564,1.1114262474589895,0.3165410138062267,-0.6730033281655262
23088,2.077684881729697,-1.2902951988978488,-0.8411603605288074,-0.9155364281480529
48248,0.3699356432832358,-0.8003992354558734,-2.8166742231792994,0.766046347153939
31408,-0.06675055553643722,-0.16587366537034096,-2.0659141681291056,1.0004130915068572
20048,-0.8484470165791745,-0.7349420715525707,0.3950570471210778,0.686449538440406
35128,-0.6284108783315099,-1.6964770598759522,0.3366831284405484,0.6968234837857153
12888,-0.43041300204499827,0.3836201623527544,-0.7655009336201327,1.9246911476991233
35968,-0.1263124202034155,-0.10768137193457199,0.26742836411661314,-1.1163166917275562
35008,-0.00514129229109767,0.39763618037152226,0.7268332937107768,-0.9468118961367605
75608,1.8151435256546795,-0.3332136699975705,-0.29612339339691734,0.021580365738479226
56368,1.5163796633423945,-1.1949310354600524,1.2482387850662933,-0.5670450184156527
74888,-1.0046111878749704,0.09052284189300534,0.923624650327053,0.44590064706083976
20088,0.6385461607334384,-0.15603495066800865,-0.8570597364002381,-1.0513626166548007
44048,0.749652835020033,-1.2961830380169512,0.5414446776072536,1.3512672419470508
16088,0.5476676474550799,-1.2738537467308368,0.2987707239342945,0.19246120510328027
73008,1.1957278924424508,0.7727660862145024,0.219530817347366,-2.4699897039214633
52368,1.3711104364737323,0.5926653765610065,-0.5492210107320561,-1.2583038085533735
18968,-0.8886871116515752,-0.30867696963365077,-1.8738858550759327,0.7867282214405549
11328,1.3304207953258627,-0.41157689232514455,-0.1332251642605683,-1.5755826310492773
45048,0.59613335715011,1.0550757252944034,-0.2413909618837186,-0.525677258142828
4608,-1.2436373268129952,1.5252001923695733,0.9566134190903067,0.8864897210463321
49208,-0.4626800786922572,0.25809038170775156,0.4234507101426211,1.229340401994463
70808,0.004432692431078991,-0.7289313228677061,-0.18577367443414103,0.44805395258996455
66648,-2.1865356021841897,-1.1194878947751952,-0.07295859943040403,-1.2530005856172246
17088,0.09655237502057842,-0.12008732253410691,0.9103155864759656,2.254726404136219
61688,-0.31813610691482097,1.7443344738176998,-2.0979698126984427,0.9860842941630373
48288,-1.921148695915157,0.5208995127753929,0.7122703363340035,-1.2715823407052271
2928,1.304786645263813,0.09499496977257328,0.7052196592361756,0.0992644136440324
33928,0.6985077105374944,0.5734399653861694,0.5416342867059305,-0.19471605147253426
37888,1.014698290474169,-0.5827038435482182,0.2477450691241633,1.0735789606731052
66728,1.094190154911357,-0.8331054269600653,-0.7391143077144794,0.1257902562528478
9928,0.6333218783871493,-1.319983284659464,0.8841528252535028,0.9629001696099151
42848,-0.8524150941686286,-1.4902481817292796,0.9707984569966518,-1.173274529973096
54448,-0.7829847054599312,0.31364071233165014,1.948787856644497,-0.044798245650117266
2248,-0.1797497701278269,-0.9835851579432872,1.0525816112155986,-1.6447130633309188
62848,0.7355961292301936,-0.5980801915739712,2.1857511398173193,0.25372615620574196
56528,-0.4413064932791959,1.2925804504764937,-1.3316231340588038,-0.7424364519764982
30728,0.7698850761872336,-0.6757437266695442,0.6344496396199859,-1.1893558770929025
33608,-1.0411622481738665,-0.05430672412872632,0.5212525623012134,-1.4163020495201744
11448,-0.7869873558150413,0.19246527432639304,0.8547725700275453,-0.19111806210268686
39048,0.33088112586545165,0.20970259410377365,-0.43557789741049346,-1.2985069446523931
43208,1.4597986222207624,0.27607024736890845,-0.04770365150164282,1.0812207964909046
70208,-0.5860606610769997,-0.2815301055825743,1.069719142875327,-0.9952667282777476
47368,-0.6417628195717386,-0.5142212679708227,0.47877348606004944,0.474186729404001
70848,0.788366553542685,0.15009476806384434,0.0665850029958263,0.303321120427927
27168,-0.23057186884104733,0.2975107743093396,0.16940654177125605,-0.0614082326541015
55688,0.4386169131249498,0.9821825785567694,0.42037332189091225,0.3033119868933863
24208,0.3428021695647501,-0.226603517792707,-0.42483289211248343,-0.2108516133312168
19408,-0.19042318195316282,-0.44102340700265613,0.44761216670327747,0.25319947944068283
64008,-0.4641346783569754,0.5496025340607182,-1.1681182469003837,-2.1483244402540085
27728,-0.4988522147320432,-0.18271895652394748,-1.0799061849286904,0.39971501887876887
31888,-0.6978284590031169,0.3968496226087947,-0.00820766685991829,0.5435256405913491
51168,0.34568935204397666,1.9647139358059733,-0.004782461774557915,0.22080765926740178
15568,-0.25458753969838394,0.712649569736247,0.07119667492281595,-1.8722306727238218
67448,-1.078916660219473,-0.866505613930531,-0.3501541479095351,0.6646002955689647
48528,0.6794061549472187,-0.3683782647997595,0.22789536045419556,0.812797605978191
3288,-0.5615880159281557,0.4924893120392388,1.0486666688319368,-0.8513734325221942
65168,0.06451574128423898,-0.5158169833453158,-0.9495439714033349,-0.9019001237351791
73768,-0.7999113209811364,-0.24711743339809333,-0.19337925566331132,-0.009720421909886498
4168,-0.14910302075457685,-1.5678542136414073,-0.3595044257726748,1.2208349636002287
22608,-1.984500693862586,0.41082985130969435,0.4779948776077939,-1.422580215390234
1248,0.814742861088012,-0.6427174168581533,-0.9216886577761396,0.36295810959286073
5328,-0.3318408045483366,0.21747971883188066,-0.2697012533072644,0.3875794427423973
5088,-1.5323865167773436,1.2898634873211376,-0.11845520957976596,1.077006810933552
49688,-0.3764314238947792,-0.41790030344661777,-1.5432256420730994,-1.9028545464563602
9248,-0.11545944432746427,0.5562399019125832,0.5606471812973286,0.5279145141046603
50408,-2.1885586072921175,-0.3199198997320208,-0.007598108352055975,-1.0921628226561144
54728,-0.9585883655823546,-0.6343296834089583,0.3621266216713669,-0.6015645905585327
21728,1.365797070539057,-0.5260934281201597,-0.5193906544530283,0.13654563347166945
31808,0.2307956859287424,-1.5684523588018198,0.06635392747024405,1.4428224185374192
25888,0.1952903692406333,0.3975433427571834,0.38599478216754013,-1.1895250876423469
58608,-0.5096609171788107,-0.1604391633378757,-0.40293518762573277,-0.7400145232590544
35368,0.3098379344499173,0.39192514773549264,-0.6144499287676082,-0.4515357526511383
38368,1.1076123510175135,-0.650726280616644,1.3605017576163376,-0.1490987060540467
17248,0.48699427115915034,0.4763612454579007,-0.6396475579966387,-0.435184466514998
42528,-0.2324161238595617,-0.2133770534068571,1.198819247949938,0.536903813875132
56568,-0.310451412808403,0.0881334032823262,-0.7290877650846792,1.1839238025723282
6248,-1.983847062398457,-0.15096511533489576,2.5417558964035543,-1.0089649234216493
54128,-1.0269999910236844,0.7170841778276915,-0.28053973547215494,0.04205487284636491
10408,1.883795226747289,1.0750381426798001,-0.3100270331571553,-2.139196452368723
55008,1.3181801719545185,0.24262595094161776,0.2044614128658864,0.9475404763580547
59168,0.010012453252097276,-1.8759255008472868,-1.0787381218608505,0.34789695213540506
75008,-0.09454009417172173,-0.3557740543670247,0.976801063258982,1.54897490435131
60288,-0.33803614299734724,0.39906551137184276,-0.5251607546914433,1.3648737997063314
44608,-0.09585955650661451,-0.7020154996745311,-0.14627365203006204,-2.5600528213014186
71648,1.961838509712119,-0.44411255570339986,-0.23241900818816463,-0.1689037017678713
75808,-1.3326125289755018,-0.6985811856970051,1.2334506124921927,-1.023439043201868
52488,0.0845855301749533,0.7781218617688377,0.42675828319337555,-0.7380608180875704
39528,0.9495729125451611,-0.12423683185343655,0.5419076213665581,1.699228985235021
3248,-0.3302478785109697,0.017025563792676487,0.3820239527740785,0.9213474135569126
47848,1.4327057129266312,0.04216775790388353,0.3129812737002469,-0.69467057473752
11568,-1.6321387753637904,0.4915341631323826,-1.0174825967093903,0.5146289436633568
40208,0.9319017221860011,-0.21387695046826619,-0.28547953981910396,-0.41421115327696323
69848,0.6400950187800718,-0.6998892324706273,-1.114360852636882,-0.3846430173610956
65368,-0.5571311896786807,-1.0417710086710823,-2.3612259568471865,-0.3890253004934083
2368,-0.21069580989109354,-0.14033026973161633,-1.372521458148388,0.10982608249061822
64488,0.5113395334863262,-0.2324598732066603,-1.4445033295115457,0.592952176456466
22408,0.4196226947147726,0.9938721576178097,0.702772523741909,-1.550896794990414
28208,0.47177086465997614,-1.1186770817070768,-1.788463630300504,2.5648425053894646
27928,1.2964635080275566,-0.3635889571229169,0.875982959770906,0.3351222598377938
32368,-2.346231236829594,-1.07648004492508,0.42571938203585186,1.2766788781297425
76968,0.15122844477425304,-1.071787627756672,-0.204899102875426,0.43579054380833165
248,-0.18148688477777872,0.04461021535161019,-0.06968308538355016,0.15344080787069886
44848,-1.578479390963784,0.02207722210967325,0.9336894040921769,0.9162959189270105
56608,1.6066236310318738,0.44505501459329555,1.0268736061448684,1.6561742355101046
58928,-1.4354292703482137,0.315148121684865,-1.5597429731776047,-1.4553241118174292
53168,2.39872317719887,-0.40286572608952864,-0.20850783452123847,-1.054019910661121
16888,-1.196849686346037,-1.0382371300663271,0.3176860192058991,-0.8352691494301221
21048,-1.524968900654495,0.21897823776973022,0.45674195537134676,1.487362305919874
54568,0.8825274698860546,1.8167097834435715,-1.6542050911285338,-1.0133865508139501
25208,1.3082484060229376,-0.5461683971111768,-0.4046877137435827,-1.782903970905599
33528,0.9634715911955999,-0.5898875450736694,-1.3591026971360456,-0.576115955558362
52528,-0.529665551046068,1.1250299570370206,0.8239570683522721,1.5744536692198063
73608,0.5023747141168331,1.9080916558545988,0.24441216008540492,0.1140307083879726
46008,-0.939128182060446,-0.6635657296815728,-1.1703499067983614,1.37532231825492
5568,0.9607349467104382,-0.20348765858026963,2.918815927564119,1.0252823093671894
50168,-1.6542781191161842,0.9721376492781593,0.5559509132143505,0.1618843671006571
19608,0.3642071249234184,1.0324594309642663,-0.2242903790943486,-0.7696853709410774
60728,1.6783537835890545,-1.1652301510418266,0.049222350247921744,-1.3245512589235002
62648,-0.764478358989517,0.9217270464986386,-0.48461564815361424,-1.022993311716186
22208,-0.5287755953309757,0.4551020580113641,-0.5974173553024366,-0.2721214751564465
66808,0.7993868171860078,-0.9794831388250443,0.679103508867901,0.29607585364039907
26368,-0.13790275978934066,-0.10796125359375729,-0.2483718058706319,1.2283182158799963
38208,-0.2110379779096327,-1.0327979191000947,0.3454412305376943,-0.5815523495571391
62688,-1.538506984249716,1.23498562506037,1.4060834389287185,-0.21642961047942666
34688,-0.31993889736537584,0.0986186232987439,0.051787476351461,0.12261176535716456
46568,-1.145812302000735,-0.420275666869827,-0.8138729546400577,0.4743352062109806
28008,0.19101265359750705,-0.22670407255957917,0.4393021454762632,0.6647890649383901
66888,0.009544637629168184,0.35779192477343635,-0.13747597201290782,-1.7985072061308984
10888,0.25796821129183584,1.1523732286194293,-0.7745017915464333,1.6641312136484523
19008,1.4644982317981123,-0.2784487465735304,-0.2527740872903383,0.3743680047151022
55488,0.5813939853913894,-0.8183425659215069,-1.8790998584882666,0.15029970253278416
59648,1.0047798403560149,0.6609096871962731,-0.0314960429287584,0.37887500177504585
55888,-1.219482324360123,0.5607158405203301,-0.6351254355991167,-1.3508489028233717
23888,-0.7760479527126464,0.06672829805478758,1.6979480663838113,-0.009359267661974374
51768,0.6598761466390135,0.8088004108114102,-0.11992923503762107,-0.5181085404118283
27528,-1.0502809395469381,-0.670340759052194,0.18757977889492117,0.863987475732219
72128,1.198681516099383,-0.5013652098102057,0.7750420717139193,0.4465527561767608
48,-1.3491854295023324,-1.6706589523937816,0.3233063391284783,-1.592946866005239
76288,-1.2214769924861577,0.541174930732668,0.15399097788417077,0.6173388923511706
73048,1.5237394959045911,0.8359051619181643,0.26875847901849215,0.3574064416801312
48328,0.08930143769960772,-1.1361474945380523,-0.7728503430717377,-0.4301522813653434
13648,-0.16212860574698246,-0.536326157357608,-0.40426538123592726,1.4912371119717076
60768,-0.053307032667702495,-1.235860939070595,-0.5761600092147149,0.40468262403874683
56208,0.34731295180833927,0.608519395520652,1.5119427507937326,-1.7700287428637786
60808,-0.6889112566407721,0.29001036828842325,-0.40759579626934545,-0.7913062670630878
33448,-1.0479975586747918,0.1202634453087904,0.6493541728384707,1.0499895519856388
64968,1.3264907827640575,-0.5331388982272015,0.7573327346086254,0.5181350924561925
50528,-1.8542462693337525,0.7639339984543314,-0.7672984683951709,-0.055287590330013625
38248,-0.37635639860594455,0.4035076171009147,0.17314277049577553,1.1377435819240902
68968,-1.3055154824623614,0.04923365989485136,-0.7445380174580076,1.3773292594606448
37008,1.7632425356736154,1.9963063538243082,0.07013026697379889,-1.0628344981419813
45328,1.3287065864487273,-0.39141400517459884,0.571187206377026,0.7040441874191209
15728,0.4671066366645954,0.2141587137215111,1.262503923983706,0.8793232692210239
70888,1.5391239493230773,0.6836449915628872,-0.6312062580654034,-0.16160219491996702
57808,0.5859495744453284,1.3434876359012624,-0.8770453659957349,-0.2797120410167079
21528,0.05495032854107418,-1.1372229290551952,-0.6693884136314843,-1.980104209474499
13688,-0.8389351142546869,-0.3145946787758131,-0.5259982383943932,-1.1957760611549666
70288,-1.7822985319628686,0.7495761661365598,1.2611392802554175,-0.055837298444025296
34008,-0.013787741620295132,1.1482060254616653,-1.208943879839713,-0.1641106111523383
38168,-0.43583188733807465,-0.47990613236821716,-0.2350377702373564,1.1408600511533784
32128,1.280729800598221,-0.21282872569439445,-0.6223201355781152,0.84565162555723
8768,-0.5125754545644592,0.44926172079705023,0.22540909312828436,-1.017461090526971
35648,0.1813181017490205,-0.17458317904942558,0.318742252715456,-1.919110455027903
50648,-1.4362186410042985,-0.6563809920552528,-1.0760375264413424,-1.550249648984421
54808,1.476570281524388,-0.05993154450189115,0.3241143890124039,0.4858526655471036
40328,-2.4484332177333217,0.5958217001696796,2.442687667152187,0.7417448484038737
18528,0.11892566991838126,-0.9851802576882627,1.7523301807289602,0.2543831590176898
21368,-0.2833676480236617,-1.3451042754611238,1.097378076545136,0.6856041438197792
22688,-0.9936160639116921,0.6727125545759784,0.6976582169527811,-0.24598866653210313
26848,0.04074543338820762,-0.5503778715493269,-2.3398223348316023,-0.5045910888380452
31008,-0.18605922441700937,0.8984265459283557,0.1000819267847775,1.258192764166928
28048,-0.28624209847910775,0.7250760993230786,0.7745904358068854,-0.5059706385722754
35168,-0.9786728715204459,0.8641678363337724,-0.6552611055853381,0.5095556381416494
39328,1.2437480788349262,-0.41859306345884306,1.367180172469285,0.06754879565232039
55248,-0.9110065237852526,-0.2238714193865054,0.3045652039543942,1.2902045856416255
43488,-0.9573545535744126,-0.4349773282397991,-0.847168080531443,0.09792121595665575
30288,-0.1493749091516854,-0.24161203062021397,0.6243301059506328,-0.18465426585133965
47648,0.4259033546556689,-0.8380597920341216,1.2917684342038034,-1.465789951635504
15768,0.10671788337936401,-0.4415143947898178,-0.6478670282699506,-0.6494165414413571
51808,1.039302036533885,-0.24721798864416206,-0.32360856898293594,-0.02312030238304094
3488,1.3960785154614836,0.936379293766407,-1.5742653028010443,-0.07088789253951285
68848,-0.7514290193632979,-1.6360568505215978,0.4461247385502066,0.16728608241551307
76768,-0.4359257492816735,-1.0004788469826336,0.8722683203425772,-0.28924061146489505
6488,-1.10829200052883,-0.4851246493665125,-0.895661688120714,-0.6035710128218411
62888,-0.5245129833724087,0.8769189031017897,-0.33857490272164525,-0.8435537867967607
44648,-0.037729687497249934,-0.8062446199953114,0.1555235195491557,-0.5603015196050473
48808,0.4314307714310983,0.6986717751157525,0.2727218738977459,-1.1054483801691413
12528,-0.003756687044949702,-0.5959240302400115,-1.0090227524477948,-0.6714643994725936
24928,-0.9993399509557416,-0.36575636665115896,0.1055821787046516,0.31919461933766646
57128,0.8406209084553599,0.6507752773987567,-0.5967900671639191,-0.5294220105409655
60848,-0.12956385821017946,0.4421313559695852,-0.00841186975051187,0.48694977343644263
63048,-0.6484264694186134,0.17612685295937208,-0.7746334387126492,-0.5841340225120347
25008,-1.553775687425454,0.831260892683705,0.08395430141049083,-1.2022339308475993
29168,0.39834242713314794,-1.088908305099828,-0.07084776131170013,0.1561124799833605
33328,-0.3527009609305405,1.228202166623534,0.6776982627583273,-0.09049114661391178
58808,0.5720799926392822,-0.5348135405618198,-0.7734948621653672,-0.8581509637748942
37488,1.1133469906987994,-1.9641710374986003,0.3654588436518742,1.746501272851992
52288,-0.663924115548966,-0.7106203732961602,-0.4601210525622933,-0.28328173420245384
45808,2.9597443444065363,1.5506795546335204,-1.6488213317673828,0.23555372799062577
70728,0.14413138681663268,-0.5047866152834006,-0.7464842850741024,0.5469050201848589
49968,0.7435044679497085,-1.0787447044900649,0.19621872226606138,-0.26267250039609175
46528,-0.5357667748646385,1.1021162375873486,0.5576080729404893,0.8688078500082723
31648,-0.40933954872270856,-0.5895843241797815,0.7095542819415537,0.20780447801826862
58288,0.31146644292819636,-0.023071696496092135,1.038612027322835,-0.09909887331915658
62448,0.3311898163176127,0.7985726188834334,-1.976789005371715,0.7562154422277431
66608,1.449950175123743,0.10195185292742434,-0.10743955108573208,-1.2862803309878885
34248,1.1289753142747427,-0.34577097838528137,0.6886741387387116,0.6881831378570236
70768,-0.8385527101265201,0.8719312284120689,0.6443349143834551,-1.1146976564639317
56448,0.6143806058785988,0.723035399060013,-0.12896739038204486,-1.03914535131611
74928,-0.07004241296458612,0.3848398398188816,-2.785972048743763,-0.4350646562125929
51688,1.4819498986801478,-0.42617290374683753,0.901549111875046,-1.6085353665795845
38648,-0.1785422283048895,0.04950319766462365,-2.100089503852807,0.6909184233619257
42808,-0.1489628705880183,-0.7126095818875456,1.2978470571393101,-0.19838931665879683
42448,-1.0353110189346915,0.035882958230457396,0.21060310490083672,-0.04780347971943136
51448,0.6423166372347245,1.1745188398350284,1.28325218091074,0.9110261938627336
6528,0.4395970885677016,-0.34941355835520943,0.9856994474648468,-0.2961469511670791
51128,-1.1811785503487677,-1.9032336457933887,-0.7841402074913129,-0.7335554421976686
10688,0.36197112135569526,-1.592667260924127,-1.4373902108886474,-0.690103697957567
55288,-1.6163759143603,-1.2937648625687146,-0.4172817297613027,1.5115691777959033
14848,0.1874272568777531,0.10845414750035015,0.9080138630021749,0.14349940272403838
19928,-1.3851252195842096,-0.6293756268592885,-1.0547948115092423,-0.300059034652019
63608,0.4159440825606109,1.4007467022867888,-0.421559794344043,0.33392322529939455
56408,-1.0148767558362943,-0.65098239097757,-1.3826097713189232,-1.922234466084493
27328,-1.3870215795452199,-0.42763946431671673,1.3383578616874683,-2.1130115524182216
71928,-0.010524280648566907,0.3531504603088831,-1.2536474118464371,-0.8458649536684508
31488,-0.4119214202852942,1.2064280589348855,0.443781907672394,0.015427552387933863
76088,-0.23463047188024735,0.847805000519029,-1.7933161493304648,-0.15401444428122651
69088,0.05860300689516755,-0.694831904526279,0.10524905582398802,0.8144105658170574
66128,0.5628447647726461,0.7278831655522392,-0.4610726770618029,-0.14979381871855219
3528,1.7398761557078066,1.5392334285158893,-0.08700561088356816,-0.37062025550164734
56808,-0.5944589168440804,-0.9393422220717754,-0.24539014375693266,-1.4597068078538735
16008,3.3690729570535027,0.09657332337713667,-0.1816425615684786,0.7225310663669099
8848,0.1277520347295679,0.20206134198162254,0.63189025785976,0.729372975051745
20168,-0.6502153013247854,-0.3895817980311508,0.4834065775497062,0.5181277849225807
24328,0.38615646902585793,-1.0908873142928328,1.013837940349613,0.25347744590134
3568,1.6643802901997087,0.8734904618281989,0.9437048752474481,-1.8955046968820475
55208,-0.17883755407575028,-0.4555176593304254,-1.4521624521663146,-0.7413132305540326
32648,1.1372041576813186,0.7249197465477017,-0.3505530244686222,0.5994670456344305
68928,-0.22493692536794,0.3828409593176403,0.17499966322409796,1.8184615749303452
48728,-0.9434217111136974,1.0646212484831685,0.5098682114543319,0.6710301716658581
40968,-1.1116759053943226,-0.345610259053159,0.019786083318027725,0.06856606798161016
62968,-0.2973039645700198,1.5504856417002635,-0.49856780660904726,-0.12665909473373768
36208,-0.7008548996703453,1.9371044457637048,0.004062342562225458,0.20591398457131344
20288,0.34801796594913076,-0.053711005144101015,0.9291429078097462,-0.16740833803862776
54648,0.016406148825913132,0.47696432052034426,1.9120610664918671,-1.3180509507603115
53448,-1.418287366329268,0.30928820688784947,-0.481900997677788,-0.7096620077558143
17168,-1.1841848267803197,0.4591643321058126,-0.24060006535246836,0.2066236060130253
9728,0.2167999789756759,0.4906203621545595,-2.2794400097996936,-0.018345727219636922
28928,-0.17177255416174056,-0.8876101722703778,0.3087798059372046,-0.1239900659664654
73088,1.5899421856135931,-1.938596746428903,0.8268846163877718,-0.801624106263995
26688,-0.15155209460881514,-0.1950627141531168,1.9082357992495098,0.8317138251531019
70088,3.582984506458653,-0.3433430252271639,-0.07406504520701324,0.2208213798781428
45128,0.9206054849859883,0.1970087336970519,-0.9783634290004622,-1.009786060466515
33808,0.0030717845785586647,-0.0467895017362273,0.43120824423036314,-0.21371043845393894
63568,-0.9930178733213162,-0.7722460089482365,-0.49441677880236645,-0.398993756749589
58888,1.219936455661724,0.3989685469663207,0.19537202923503325,-0.016694880077230384
46288,0.5912288734849874,-0.6724796967123196,2.0414432859847755,0.04494013527376729
50448,-1.3164886737344967,-1.160933386658742,-0.621343437248647,-1.4236860061145804
36368,-1.7142104225481798,-1.714924431486591,0.8593565136026159,0.08612700335558188
53848,-0.13362141266941288,-2.4662216149365865,0.29066489554554537,1.3075960162146654
58768,0.7317773492483852,-1.448783763223387,-1.0206018280819,-0.23164137780865554
2888,-0.034749472361200316,1.1582409636457474,0.4522379822668583,-0.5657046341484818
62928,0.3152671289947094,-0.21557799464997074,1.1035698415612847,1.01918986989121
75288,-0.055199402464631495,0.3532127717962337,-1.4637466611028096,-0.4019725475110076
30328,-0.6298519675343289,-0.02348223324550741,0.9648991436294828,-0.4747998987234017
12648,-0.020645799725412608,-0.8520858721083714,0.3910604495685877,-0.8686258974812391
35848,0.4001734877809888,0.12379797782141377,-0.05790984946422943,0.04209639470551578
58208,-1.524102455937811,-0.20186347728490936,1.3295891645784639,1.5086175959002628
2848,-1.486378804910624,-0.11241135411379215,-1.200893060392492,-0.3348279798604492
11808,-0.5958664124159812,-0.03910118693975811,0.5606225742101966,-1.1832998192106263
17328,-0.9920773517222784,-1.5709483969184606,-0.8232497355947369,1.0721325811759117
51608,-0.773427156920642,-2.3023884616561,0.40961709786872813,-0.884581003443889
11168,-0.9230182891105654,1.0777684360615722,-0.7388569625789582,-0.7850466051044475
19488,-0.17392497681574715,0.8441704801350927,0.4004155492289543,0.5966425436213268
71208,1.172694058831557,1.4488657540560348,-1.1228041126080268,-0.7041068528194054
72408,-1.8150005733689518,0.8815233447405527,0.47147447122849573,-1.9315051107108603
31968,-0.6984375821251865,0.5249455767907985,0.35406560073251614,-0.29061401233187495
34408,1.7915992850757463,0.23884879452898894,-0.6183604269011532,-1.5693508091366475
69168,0.40179708272211184,0.14724137178827967,-0.16103926831462662,1.5617858067545098
42248,1.0034117086108663,-0.3787309572879545,1.078803509072468,-0.11130274630210747
4008,0.023215202820395242,-1.0901925879756562,0.6697352568888476,-1.2644542720255993
56888,0.8915954476207796,-0.7628107599059734,0.9932155521771165,0.21708796728394325
56928,-0.29938492217146706,0.570534790417597,-1.0459748046533965,-0.7879839430570479
66528,0.9716219227934811,-0.2957341840625345,0.751678685059272,-0.08010568712577366
20648,0.14804504739523805,0.07336091837430996,-0.10797684908611893,-0.2953214303214615
65248,0.32827762630792073,0.5131052752474314,-0.14233985474452687,-0.926345814184109
28968,-1.4649140974131465,0.8522626162141572,-1.1348716017314586,0.7199855070297089
3648,-0.7485088503919118,-0.6689811913188005,0.38229553722806203,0.9210439150091995
10848,1.083270228684682,-0.034742023364662505,-0.5105130221941818,0.3300959597283397
1008,-0.7777126320587369,0.5398736022343684,1.2655767833256366,-0.26517783469727974
22088,1.3553923063166176,-0.7807895866808781,0.3223936379414064,-0.8783659628129395
49768,-0.5536199218780938,-0.8536379812636852,-0.10060455954164052,0.3145630582028184
1088,0.13816019955233697,-1.3693124982803082,0.7257669240034699,-0.5997427698555898
17648,0.6475217313179431,-1.2725602250930221,-0.2742730746849116,1.8778072374901498
37968,0.7119940828895853,0.8739025390261885,0.2435363753113021,0.028801821205343397
9808,0.5764120152468374,-0.6033320117579848,-0.526219581733099,1.0490968065700095
15288,-0.9776869243600794,-1.3129400139051488,0.34523961955237037,-1.1495133440844432
77248,-0.03826364804541197,-0.6254231297366936,0.9041506275580236,-0.43945427734259146
38448,1.3493545225626664,-0.022259863858597444,-1.1190203971717763,-1.1797925458321306
28248,-0.6512732114618436,0.0015022600548513024,1.1049758169210189,-0.44976446029495376
42608,1.6538314006391444,0.5799787270549949,0.17170941077505264,-0.6072450273076277
6328,0.7165552479425719,-0.5700709216334535,0.2112395601418339,-0.38620181160257705
10488,2.154603864483614,-0.3759485294871772,0.3967291684628313,-0.16713430547698185
14168,-1.11464904464375,0.3494682169883616,0.713390287474526,0.30597385542690325
46688,0.6855687807976836,-1.6268222954791078,-0.06083274739274371,0.4905383370648606
19728,0.28942320849788383,-0.7570904737712075,-0.005313473371273223,-0.843969466018
40008,-0.8806561702242468,0.6241234391790047,1.1707590863951953,1.5924004898837116
22968,-0.7800384090966659,-2.312023898213419,-0.522264651323227,0.8043067673166874
27128,-0.1333265205507113,0.8277786498594221,-0.6180634108134464,0.6044875951507193
31288,0.4807092829356601,0.37608204783937843,1.283086694123477,1.2727990257740343
3688,-0.726878674515246,-0.04940973906591615,1.432761590502274,-0.14314846034212253
63088,0.4158376402121331,-0.4291864612953002,-0.7592016830625957,-0.5570781137954895
39608,0.09237706940031382,-0.14701776541563777,1.6825612634862004,0.7936715655092431
18328,-2.6320396958942185,0.297097796780082,0.49402275995257783,2.1402599109583633
11888,0.06017432702611677,-0.47714503129791336,0.5556352567566976,0.8505251777295026
8808,1.1652508947384466,0.0772039915418739,0.20717428765437057,-0.48594647793137474
59968,1.217943039207903,-0.6351104265043771,-0.8691496757359408,-0.03130607196259528
15808,0.3799296674172469,-0.221636685585295,-1.339373267692934,1.0589720934611384
64568,-0.5425960525467576,-0.14266198946075972,1.0054212336542607,0.6211872607043312
71288,-1.2584256214370693,0.42006984582064466,-1.6102304184085792,-0.2725847278184362
16568,0.789538388403334,0.04299374377154575,0.7431411973419674,0.47074721113323226
28288,0.773253711906249,-0.46848923357666894,1.1254457141973242,1.0865321766589282
72888,-0.4872599506282942,0.4076425236089501,1.0028145765024494,0.4193488293055165
32448,0.38050928192272365,1.0768579537719292,-2.261262797420197,-0.630032079118466
77048,0.09278486110221604,-1.519636016409756,0.14333563588940415,-0.5588961319395221
36608,1.2531646003844745,1.3940993678478941,1.127674675946971,1.4065809736559471
48768,0.7876192312778884,1.2716541407593527,-0.5232376673059052,-0.6806142007481703
43968,0.3965584695021478,-0.1605160025429786,-1.384783261577951,0.4814751354694441
17728,2.6713742214397227,-0.24575896954565365,1.0576669792214657,-0.3782850626168536
59368,-0.9560043836211432,0.09883921561995526,-1.0747526657136142,-1.1106306068290681
54608,0.3722303540014908,-0.694664860599382,0.5426043263056805,-0.8721015514621198
56968,1.7891478268128072,0.5453065884421218,-1.5074134686547258,-0.7354420040846609
21128,1.3868988028316833,-0.9903197584572097,-0.49119336507425876,-0.1166882538679876
25288,0.8037392670266262,-0.5459417918561116,0.7086860865739615,-0.4012585365497993
54928,-0.35016597640030855,0.3695108684694402,-0.5815926080879332,-0.6719903121455291
74008,0.293607363919596,-0.5065256504403264,-1.375299777667556,-1.1595639439236514
63528,0.18160073836895135,0.32240596683773337,-1.4753150505952692,-1.1653845197495265
41928,-0.4464327153117389,-0.7208309681356933,-0.2063994107138202,0.507776607990201
46088,0.9601613515051396,-0.2479404723222875,0.4347676611345757,-0.15632793798496625
32408,1.0549301690840753,-0.9446470118967847,-1.0855436292819394,-0.4641918052726305
54408,0.9275622778520098,0.1747107023446567,-0.6521154960118232,-0.4890570857291148
58568,-0.043807722505358304,-0.6516351393215106,-1.8964835768779698,-0.8309030901425897
30368,0.5000956673585809,-0.3503532930496703,-0.9040997074733288,-1.1426724436495717
47728,-1.2898177527992274,-0.7486110082105999,-0.14577562804288155,1.7667179870351424
71048,-0.713423171103586,-0.4598830346295179,0.07791878940749043,-1.1928064799143663
76648,0.27726256419686096,-1.1484131558410997,-1.6666615630706303,-0.4245133630572003
34768,-1.0668094127814127,-0.6277055858262767,0.6031378770679943,0.690952212386249
72008,-1.2041763188874914,0.9037006202907596,-2.326473401984805,1.0377453157723433
28328,-0.7795265038796612,0.09078561179866679,-0.44110699347508203,1.8768330385038106
47248,0.39689782149192476,0.8149080150970606,0.0930294636729494,0.06277758567511632
45008,-0.02407137184760611,0.8168379416008902,-0.5143194108217122,-1.1991441665619424
53408,-1.7461555674150846,-1.3281954138035934,-1.617056940998916,0.8981249088819138
7728,-0.14946138099264775,0.698145334118208,0.47347988116070105,-1.36964379160564
16048,1.1446578798584668,1.7192392221992148,0.37949435000818077,0.5788787290178662
36808,-0.04232652731164703,0.32327511849662227,-1.0605459703315467,0.038385307057549466
62328,-0.10423112159874796,1.8586522026426902,-0.2496300864473523,-0.2662581004481346
15928,-0.46537328503257186,-1.6342721926464103,-1.0304522192825287,0.6628449781513094
27608,0.6318105497126345,0.2691907257230618,1.0394232585354917,2.48490112991703
72208,0.06875174810967713,-1.4602405680048118,0.9240891944402595,1.6855768488864187
3768,1.2571885819826123,0.24262763363140608,0.6924607559636581,0.704129283421913
34368,0.9396325488979813,-2.753538483314398,0.827601706458798,-1.8302898436782933
44248,-0.12516821658588853,-0.9555420672152096,-1.4268218452125094,0.20641805287292972
3808,-0.8411613842264095,0.45525648839035443,-1.6924200128701035,0.9624726752693726
71248,-0.5070002973956852,0.08424216803331558,-0.551426626195992,0.737140924155002
7968,0.685411827411396,1.0287266229202017,-1.0763557704766662,0.39413188582019965
73408,0.7169991729574465,0.21171410147631203,-0.5037799825360059,-0.3650342481696137
71968,-0.10386267548129365,-1.0576084148825844,0.03802558562127926,-1.1842568475495772
56728,1.223960602454546,-0.4846679417011144,1.6946253789055175,-2.043997833824378
60888,-0.3924066516328279,-0.47332682564832246,-0.9754073281519201,-0.37575161425390635
65048,-0.3947232584180162,0.9574429466741187,-0.2617202081621282,0.7382952768551138
24608,0.6523407463581068,-0.4270182119592315,-0.9417921378132148,0.3944957691945605
61128,-1.8740386270823124,-0.09367398540280894,0.40433614189945855,1.1317396131016448
28768,-1.2735989573708466,-0.6278226026698865,0.9241991112753628,0.3597968904551845
73368,0.5413721697671741,0.5744112682671804,0.7126828334421142,1.0729250977019031
10568,-0.04739009600892582,0.6222404210091154,-2.1944911251156194,-2.353287307835866
41248,-0.3354597196890591,-1.1509044463930769,-0.6903330580052814,0.6416804893777226
38608,-1.9082939247649293,0.3025514913676143,0.10588974204513277,0.8531020615991074
9848,1.0574812417987072,-0.11754986404754433,-0.9406514521560979,-0.41434823140827165
49568,1.4049060937887436,-0.5717324950447616,-0.7735069386772896,-0.26277424081082307
13288,1.4063437045989866,0.14805701906945676,-1.3313110898310825,0.49851562755425716
57888,0.30229247347451454,-0.9303730450402995,-0.9005856926666059,0.2895011164276133
26328,-0.33821099462647536,2.546503852683729,-0.2325634074562475,-0.724554100436717
62048,1.4216350404360614,-0.2769399554258857,-0.40842938023043396,0.34403803749433887
66208,0.9477859579577531,0.8490488911698997,-0.14966930270791462,0.46406078708872506
5208,2.591296209700243,-1.4414012377802647,0.1162259681084777,-1.690346874215051
74528,0.6430367989194754,1.013267837582395,-0.1873346719272578,-2.092171764630565
24288,-0.2562597045091943,-0.513631532535675,0.2105581156252762,0.6372998135274615
70608,-1.926518876273011,1.1330221168909271,-1.1115170448481801,-0.1740773590100123
48448,-0.9198222356298573,-1.0428617048231652,-0.8302641000605853,-0.6189436853873633
42408,-0.8005858000827658,0.6467607662116375,1.2606907235985245,-0.497391584793359
448,-0.06292848138829232,-0.5145012803622353,0.09792405904240414,0.24973173511402671
10288,0.11209035611115238,0.5322037046278912,-0.26967673669544445,-1.3340616379732662
73448,-1.1038769461137903,0.20637272316980765,-0.787221397234021,0.6727561062674106
54888,0.0158820992922735,-0.33362046319814936,0.5409072522904006,0.5838657717618667
59048,-0.06889714657274691,1.6645678585749166,0.03638332743186663,-1.1065096432774475
20248,-0.1050412623059347,1.4035143504021763,-0.34002658656609325,-1.9000951974287226
71408,0.2624956161241511,-0.44849503241370603,0.8985527981634792,-0.17872979971304154
69928,-0.06848598348145979,0.34447842707231313,0.28871200365695987,0.21860788316280527
51008,1.6713315418249495,-1.132350291668606,1.3912881507562758,-0.633005072177773
35248,1.0278693712393348,0.37151804045780934,-0.4766790340509419,0.700755225667391
23048,-0.5983101925517924,1.3997161905899589,-1.5079285120768016,-0.9078614970743428
43568,-0.5871757177400497,0.07294410568098865,-0.9090529829166208,-1.1031376947795581
59128,0.08259941135570968,-0.6560314490342436,-0.9627805968557326,1.4128524218469678
7288,0.6553336520488379,-0.32632243982983133,-0.2399958317485143,-0.8405753579184342
48208,0.03540710786692926,0.9745155009652157,-0.37435473955712206,1.5485292477993693
51888,-0.40833534900874646,2.144658998274314,0.13539490479355237,1.0534442069059458
56048,0.08403835726963901,-1.7479372099719799,0.06027622466077531,-1.4196310344003833
60208,2.5069826826507295,-1.504842398487328,1.072655881234329,-0.6779774539522222
5888,-1.5110771026028391,1.6462172276712113,-0.7655393557460404,-1.8543098520030115
64128,1.3074887828576875,0.09927863662411696,-0.15858041720835123,1.3353645098964313
68528,0.1752474969194309,-0.8577285049422533,-0.7197255013168524,-1.6590160946277792
10968,0.31407680170853586,-0.8738028450241675,0.11296948421128442,0.46941623155507994
45648,-0.24906038653261123,0.6596308443951934,0.5780519462565614,0.21694375445271544
15608,-0.6412722367133619,-0.6918260112834844,-0.41938163565504866,0.20296623620661883
64088,-0.7315702814892919,1.839534096228801,1.2148110531849872,-0.2896931503842452
65288,-0.944015820008939,0.3124022852025358,-0.33326073712884113,-0.5127877267098673
40568,-0.8322999743404608,0.16100752852136274,0.7079966487598846,-0.7561141021053318
4288,0.9675905733258817,0.4678006490890342,-2.279283634636234,-0.6047077456601345
48888,-1.0278565716528023,2.5349754896362104,-1.6549680181340898,0.19943963735062073
8448,-0.11837573658569094,1.6778098136767972,0.2286402043791457,-0.9654392976198285
12928,0.13914408709146964,1.0659889902783177,-0.3991535980327385,0.7462200181534423
12608,-0.15404563339460273,-0.5566503026390425,-1.355677122653903,1.1177184691213455
17368,-0.15949948688987686,1.4495439757791826,-1.4156480195791654,1.7857990058681017
16768,-0.7208157210442238,0.17630298440715225,-1.0022253355619573,-0.4152872348123073
61368,0.4376413578913219,-0.09337374954159365,-0.16016585290580132,2.0732108236180933
3408,-1.616387659416215,-0.4202791453377807,0.17648888825890713,0.20648565345705097
65528,0.9762544708561518,0.5839868266446194,0.15562501715830893,0.022086410010400747
25088,-0.911291961601677,0.8009707893249782,1.1579851347155414,2.3182527990766593
61208,0.3575832633347543,0.17167213748576254,1.6802317953516508,0.2636370561067763
73848,-0.31767338624038194,-1.357979612720566,-0.5116380243488485,-0.5189093931109481
33408,0.13664266558834326,3.212513359470725,-0.3820672802521296,-0.449416182549383
40288,-1.119834393576248,0.5199704042490962,-0.26073168720290685,0.6208852192205595
48928,-0.1198978566630788,-0.9785769505256549,-0.20191818359266375,-0.05639366699737387
47408,-0.48215597281483774,1.5428144334218474,-0.3833298611361582,-1.3251133527457972
50048,0.7628820892141999,0.03305572977873845,0.8139795479980021,0.3420225415601558
71808,0.04540846163393586,1.0014069343410916,-0.6541465043701906,0.7411786976867208
36648,-0.9449969059905495,-0.4520663145610553,-1.3678298863212461,0.09201335151957575
66688,0.231434950010269,0.12365171964203055,1.0484650247019354,0.20897458522895543
34568,0.5383853043092186,-0.16182940195733553,0.00553338209758171,0.3837906322550126
24368,1.7163436599603805,0.6254324337261451,-0.47081117880430956,-0.5604505416425475
41608,0.7023459526632816,-0.05126565914179783,0.47106730820214976,-0.2496592919391113
61768,1.1421381835773379,0.008973528779578958,0.45850404455565325,-0.17565884841624896
47048,1.0494357789148534,0.6113579139069945,-1.2704301987241464,-1.6539012955572625
51208,-1.9265599358259455,1.8844898083544537,-0.10266663752213177,1.468715026890826
73528,-0.6352055615358099,-0.4098795321843863,1.0436526860460351,-1.3131346962135786
25408,0.18546781809564092,0.7990283992061356,-0.5984304316420413,0.6854807379211546
43848,-0.14316909241292514,0.15616813894182122,-1.3130433336485585,-0.34397792765978996
63688,1.9321647308422494,-0.9134757069349149,0.4936753174154837,-0.07657363111756364
67848,1.3134678692844408,0.21318913238841394,0.6050823010034118,0.23752134549303622
30528,-0.898086233719448,-0.7591707384017555,-0.3727508924284792,0.48665920253190165
46048,-0.54323322190716,-0.6640426956900655,1.4661788949948238,-0.2433453053157393
76168,0.9227346604599584,-0.3427101250425726,-0.512295356862732,1.965700911357733
39888,-0.03847143659688699,-0.714221891867458,-0.7604618192999897,1.7105709243443132
3608,0.8951783122211815,0.7556327559932852,0.38511730125881377,2.4024730344367713
75968,-0.07574909286342175,-0.35605116480263777,-0.9855840512753041,0.06662835238074409
69448,-0.8155429584099637,1.6967223993390772,-1.0433529310589869,0.13257671547132624
24408,1.3104467141300598,0.2513089506542617,1.327948886416912,-1.9902854905694254
39248,0.43022786015349584,2.3243496333143465,0.2981319883503489,0.23270120855479842
43248,0.047294319033113055,-0.1602283668432433,1.220548771394992,-0.6611040627991074
38488,-0.7171441596174781,0.3756089481486875,-1.3051878197021174,0.134799365962093
26448,0.6159226004050833,-0.749878144921629,1.5787891174534228,0.17991294133952013
65848,-0.9420317267870615,0.19063495800108632,1.7850132492953261,-0.3551443663049762
73168,-1.570068288563178,-1.3896574740320096,-0.6186442275588615,0.5991305125628072
33728,-0.975758151751303,-0.24549229331923583,0.0499995852914738,-1.078127309235607
36888,1.0946685950023993,-1.010710527573838,-0.030547018597081064,-0.897983706891546
52168,0.8016405596427061,0.4257963109023151,-0.8601860820378532,0.3288616220267621
44888,0.6666217439002604,-0.261371137228803,-0.01107023328414751,-0.702058637903479
608,-0.791106754775195,-0.5985800087143734,-0.259096558832669,-0.09534621389683451
45208,0.2629196640305665,0.4301593262618115,-0.4161769880069197,-1.085569846819484
4768,-0.715907880950689,0.9776863108339534,0.49673449041397283,0.23427912784701685
49368,0.4718071235410017,2.3948320233087523,-0.3311210411590995,1.2226515458600322
53528,-1.7280371203081597,-0.47736701854144886,-0.30648101172085357,0.35736840746853926
13088,-0.5130312044888066,1.3436144903480634,-0.057719715007268725,-0.2280358766365155
1888,2.3983307079628906,-0.22079137206947944,0.3204066130452791,-0.8168341196136766
39568,-0.45618108576320576,-1.4153689820327104,-1.0872362273466205,-0.021792760094064646
61848,-0.8781910603198725,0.27883617933649474,-0.3738134720409615,1.191038030457562
66008,0.017453190563943576,0.5510736730664919,0.9456702568980995,-0.9731008216851459
70168,-0.6148174368399798,0.2315653492556874,1.3667711873620976,-1.7375818149970512
29728,-0.35493277740929935,-1.7923187670086562,0.6507422245720796,1.0373873495318982
71528,0.18761608393092502,1.9431186519510826,-1.218646140848253,-0.5282944140311182
408,-1.116462549456621,1.2405128049166527,-0.5763321052850721,0.5043400285572687
42208,0.035413774778415126,-0.12822429807505478,1.3540206070684413,0.15064144390570025
46368,-1.6146177772597337,0.41078644619195437,1.3150574959109431,0.26982092910669864
59248,-0.16711094794541642,1.4056343921108145,-0.7484297947520503,0.10989250748406579
54248,-0.3753003481249323,1.2039817665635493,-0.5979184687369743,0.8212043408558004
58848,0.5080741802511909,1.3307901330709184,-1.7239225360010544,-0.1936825584502313
54008,-1.0434727852461032,-0.8184061555505657,1.1766197724216423,-1.5927316301065333
36728,-0.867170958978606,0.9317158348042263,0.5491563519928534,-0.09535678493371721
67168,-2.1212837132977564,0.4391852795205286,0.07646019982321679,0.32674014312365984
56648,-1.1834074285778773,-0.35856528755310507,-1.5019715102812603,-1.2347417025732699
71328,-0.5555443984695106,2.1895455287039565,-0.4718581428867108,-0.7772959907217769
35048,-0.18005925261457623,-1.3514873005559342,-0.9576809190486526,-1.234795127966953
69408,-0.6452040758685232,-0.4878736394003039,0.07207153522665455,-0.8809692961745629
3968,0.08555808153386812,0.2724385166452028,0.05512951546423947,-0.2839334988539375
43328,-0.04256331141156133,0.6150517330429531,-0.8940735930480604,-1.125017921341907
18248,1.1252587936242364,0.4544212601824987,-0.30158185592662257,-1.3098877617012827
61168,1.6159368775368814,-0.44350303551005843,-0.43284333173684153,-1.5700596381714844
36688,-1.0324560526909543,1.6155825971738553,-0.3953573368332154,-0.8972180945959354
11248,-0.8140751367898017,0.4917829342932113,0.19065400002668764,1.819499976872793
55848,0.9477216526473399,0.8232351062433734,-0.9428872851043764,-2.2999319575267223
1928,-0.42416095446931623,-1.7335607236857067,-1.767100690755683,0.2726315358327847
60008,-0.3141418192064666,1.4568649504172666,-0.18067951038003932,0.6129853249720232
64168,0.5725223207887156,-1.2845767827244519,1.0031710661889468,0.09508115117530389
73568,1.219702429608093,0.8983862531971061,-1.214388433438647,0.49805886097304947
32048,-0.009380579406214638,0.5020262204676331,-0.5488216561233936,-1.223508008334219
61328,1.002268139481269,-2.405704303072813,-0.9037915733458937,1.2286359161936402
27288,0.04046251505929992,0.2606379815270703,1.641711999153481,1.2428651355850684
64048,-1.7292687164650362,-1.3107063544328652,-0.42468037714958146,0.2361151365129377
5368,0.022938083232199664,0.19764989409811518,-0.8506942422591374,-0.014404103409668745
44528,-0.24749141929097454,0.2971126472827197,-1.2596705722825006,-0.41079986279962344
8248,-0.27484064771031885,0.6453853653620559,0.8722728626802899,-0.5935161739009893
8088,0.9467556719900965,-1.9814337131150805,0.622320928576608,-0.9289066869852161
52848,-0.8828511639912867,-1.2895057062777338,1.917833908704502,-0.24721370092646647
57008,1.2370359919145206,0.08460169103042571,-0.45420229185958655,-0.18730681606658942
20728,0.1438991084427238,0.46402676810921106,-0.46285417402883944,0.5432853801059063
24888,-0.5185692076238527,-0.9193708146404276,0.8007215820857606,0.3856142334828618
26528,-0.21622545797498477,-0.07000359212524318,0.20517859032751232,-1.015862702359976
21488,0.11678748973650359,0.3936708603044507,-1.4973648307916863,-0.8901053555151193
40248,-0.8785444236125141,0.4870542117959772,0.025418644607546947,0.9991256346554567
37368,0.3108844623211197,-0.244460863704505,-0.34931872155047083,0.5846744423194886
44968,1.1269631086560739,-0.37410844127710163,-0.5863264314903928,0.24354197735949695
45688,-0.08113307183100286,-0.132099664776069,-0.5396901554722072,-0.43853119874938123
58688,2.2305408773816637,0.5890316908405289,1.4401813762560365,-0.42547496921674355
77128,0.2556205115392045,0.7858518712100975,-1.5681447868380622,-0.7887106440990406
1128,0.10052161323525852,-0.9173693131545445,-0.1790784213920129,0.07278282594668878
25968,-0.10560819415089834,-1.4972654982105869,-0.49220340670351764,-1.414129542969277
1968,1.382457438718103,0.19523448944811045,-0.7997707309872857,-1.7307773046965507
15688,-0.38765275469406185,-1.1409933040569706,-0.3249531623806115,-1.2783712901157045
21888,2.395961582261048,-0.2080354963426684,0.549260285942374,-1.0588137413707732
66488,1.0419784729037327,-0.7357576166540162,-0.26710542238974017,0.28191819949027513
30208,0.4599338690161158,0.6236782885728465,-1.740039598108038,-0.4304279937963489
33088,0.26781691517287215,1.0788690057350339,0.5597504464732407,1.8630995108640127
71608,0.2731517702929472,0.5945295845816598,0.6546796186849584,-0.6073228565767937
16448,0.16642364312745492,2.1468831766074326,-0.2108757067204532,0.030081209875672244
38528,0.18021331279880617,-0.981543419660162,-0.7916990653156277,-0.31841785970781794
34888,-1.4780043512451273,-1.6609824397861943,-0.9194943158843465,-1.4477041566503617
53328,0.3233174745609617,-0.0077322438294689395,-0.12046251286298805,-0.1871386349195278
46848,1.4278010093163485,0.6880852830149646,-0.22072666326668647,0.45200069025144274
8128,0.9145742565303159,1.2295290682789974,1.9968683957765432,-0.770726636104422
25248,-0.6181623581405747,-0.25437090480283703,1.2396614443257306,1.7294510997708599
14728,-0.012544643283717708,-0.2588441104481173,-0.4795090771173771,0.6564281414962597
63488,-0.9175735197418732,0.03488887366144621,-0.5538276070445254,-0.8787666072339287
57288,0.4813976953737593,0.5524750485917295,-0.43495207400209757,-0.8403855546180816
31368,0.34199056338764766,1.222522650456175,1.2869518138145288,-0.4116993125437676
60688,1.5130961699728054,-1.6480489855659455,0.6953791622489861,1.6816588262939471
4048,1.0557222417539205,0.5850372947909397,1.1844709320169957,0.984706192888573
9208,-0.8651583317902314,-1.3048517596133427,0.20477661018232862,-0.37973525383660583
72488,-0.474115504470304,0.33308229479546625,-0.11153617219738443,-0.6198589266976933
71168,-2.206405704394147,-0.014800404011195397,-0.11036562530811767,-0.07474304119986823
24768,0.8221205054778019,0.4457160229023823,1.2613548025120955,0.7288093275554319
56328,-0.6871230379827491,-0.6799199594191107,-0.9481098812764244,-0.2463212544510295
42968,-1.1134856562507272,-1.3872473014546276,-0.4422136235849714,0.38238128682257655
61648,-2.6987961866817978,-1.523013548955936,1.005033564836036,1.519016000732965
64648,-0.445079393838076,-1.158589238531368,0.30781973345766117,1.3964002636487423
72968,0.6998467763259872,1.2762949788292637,0.6663157681962515,-0.13157586030385418
40928,-0.7665446988413814,-0.42899396013156155,-0.6048643805762686,-0.5186450746970692
64848,-0.36849836916566897,-0.6941618945954651,0.1401377709515226,-0.9854692469967613
40848,-0.21220962931044438,0.90510938716322,1.7410906303822087,-0.017558768212024768
32608,3.3762389590590494,-0.7488622728000763,1.2673838924496155,-0.06364409776673272
70568,0.3924906886201267,-0.11588549302512864,2.3920587807768428,1.156393998887693
8728,0.2776934842681039,0.5452519395323504,-0.15559059601544742,-1.2392345981690491
38888,-0.4075164650161154,0.14495291284662903,0.6459507585629422,-0.901242875847576
57488,-0.4136671864613524,-0.3071726305171104,-1.8685270406820356,-1.0066767013495794
21208,0.3058201064745375,0.9044205157022898,-0.29675475991792905,-0.9981060707991039
65808,0.613934412817393,0.8209672753439863,-1.7743678532292408,0.01531644159948414
47088,0.32078288178849923,-2.030321787916793,-1.10639859292012,0.4408409369523775
74408,0.4168036261377034,1.1043525094308668,0.5542342957403117,0.5061588531418721
74128,-0.2593689634023144,-0.9949744511601546,-0.25149469994574736,0.6729100621987636
46768,-1.1801446437036716,-0.7947022847531585,-0.23803899719737864,-1.021745067789546
42008,-0.13384561754032434,0.8808749936918817,2.38074456995867,2.7162304831601656
1568,-0.3246295084433868,-1.089960745258692,0.4335138133769696,0.3210083761173958
14328,2.1638061447850863,0.8668609848948527,-1.5239315165004723,-0.8034060575111955
5728,0.326899152207289,0.46565830437644445,0.4149040147048648,0.2978470732863152
65088,0.766924339268008,-1.7726642261611258,0.011756102071352545,1.332924587504922
55808,0.313467009621719,-0.5074836044506643,-0.1332629194792028,1.1845155975935076
54488,0.6730546952288435,-0.11537519595647508,1.0779653875749036,0.38759283416236245
14048,-0.5605723966498661,0.07241605878180382,1.626523366436688,-0.052945130608754304
58648,-0.16870540213312923,-0.38089651477420516,-0.3389888555780173,-0.35568984551942257
18208,0.05331948296954515,-0.5090154634778661,0.6036676860347431,-0.6679817879599788
