409,-0.43962793615397505,-1.0829790234613914,0.309747649024269,1.143280681691472
63489,0.42542659621422896,-0.4793726721674825,0.7004216010016695,-1.6299379024710061
45009,0.3300534561456547,0.2511235998925596,-0.13363377692206768,-1.4709496814572491
2049,-0.386888058720141,0.7820787852675164,-0.17654657040478755,0.4650174743023451
57489,0.15318245707216,-1.2461174710875589,-0.44337288269955877,-0.9386815030056921
9,-0.4424346932765182,-0.07890409006152438,-0.4286659026040159,-0.5426665355519739
25369,-0.6215721889427206,0.0006293975893688378,-0.37112112371504924,-0.5312180011496279
69969,-0.7403198577858932,0.2088692903097745,0.8390636878899865,0.9660309927884501
69649,0.3848677596470072,1.360164981305529,0.33288676660050653,0.42275882772193163
37849,-0.027247507265101892,-1.6943809631768967,2.0461716910061134,0.05696358699409216
42009,0.7598820789740425,0.3073287943459772,-0.9850308356114656,1.4357356354723623
16729,-1.1490703093218573,0.6810285971269852,-0.33321766065048525,-0.6274782380125438
67609,-0.10501497662872483,0.3754547576120827,-0.17692383337483225,1.5471230622859298
58649,-0.3033599028568241,0.723990075486921,0.41065351669873384,-0.2345630023263658
31929,-0.8437184054606448,-0.780120683592207,-1.9806415030075744,0.4695500695017739
62809,-1.3433146445468747,0.9115201582681555,0.8359797743412382,1.5702930866191542
66969,0.7513892798691425,-1.7987840634994743,1.0316651167065218,0.6199844359135642
55329,0.0018215689742158143,0.6095961186628108,0.9370280972186064,-0.449691316575931
71129,1.278814720295211,-0.22631271334022332,-0.1547872950036855,1.8703599185333988
75289,-1.0874821333447071,1.4266961837770342,-0.7131707251510058,-0.21324202338895154
65249,-0.1016197285756859,0.7402003855971538,-0.2353265087454481,-1.4427302352669376
68809,1.8328508977828748,-0.3822771674276431,0.4371493759578719,-0.2261723401046248
72369,0.997723281575044,0.3853563452670372,1.4641121573542077,1.8596014430995562
32809,0.8312391740924475,0.0799889868985772,-0.6564026438266336,0.3009293668350456
47329,0.8067842902830378,-0.8119098696261721,-0.4667075513104454,0.3216711499992804
20529,-3.002783158759067,0.6041728267338646,0.8760910628501054,1.275665493610082
8809,0.3448436048729831,0.31324193899394137,0.35058041104151816,-0.6246117134748417
63969,0.4330375131186179,2.0306756495962603,-1.1105836567655993,-0.26360986419942056
28009,-1.156452221408037,1.2190580959589687,1.2194949118459073,-0.8895781777516991
40969,0.70101459664028,0.056324654388691,0.751037883137804,1.3264268470968008
28729,-0.08927790259517072,0.27253076229095535,1.0699786122080457,-0.09623045058513524
44329,0.7567518347922342,-1.2039768797400037,0.3791500406049225,-0.508698897019811
48489,-0.16778843994308998,-2.140584901492994,0.38773194810195843,-1.7146514121499679
6209,0.895822377175806,-0.5896258212344284,-0.20155934774424838,-1.6184886171335577
53929,-0.06267524848194352,-0.21360207147453042,0.6101583478236805,-1.796826138687718
56809,-0.8567683935709143,-0.2948397289873478,1.0715182495443059,0.3418779747979968
19809,-0.310564077894205,1.1738464581301862,-0.30373331821571686,0.716593609048183
45129,0.1709596141925437,-0.5304491301805058,0.7590564300484853,0.16576474029279192
24209,1.3986421403122489,0.6915322626990715,0.025838338872720686,0.14620966830080917
2129,0.8553951626872759,0.5393847089977575,-0.43172328463520215,0.26015751942680154
9209,-0.24234716686427843,-0.729476114676845,0.571159277929509,-0.15342540851565417
13369,-0.7332646414689873,-0.6871997027442381,-0.7351697353570168,-0.8137319968053559
64689,0.8877791845847001,1.2045928539613175,-1.1985752435349162,0.11072715543884049
19129,-0.3667085571340245,-1.0313070155507047,1.0807875237323787,-0.4066425228856278
89,0.3751807774025827,0.1953270148822702,0.4135676726405986,0.8538027613956976
34169,-0.12915779805357397,-0.03073281962622536,-0.36681644282179543,-0.7842752862436837
28769,0.3426333234704719,0.2653685597256146,-0.43766548995369453,0.9157087762940477
36529,1.2416441770345759,-1.1725115940390385,1.187914294294974,-0.3163579616690925
59409,1.2180364512665753,-0.7031734096549573,-0.24771107667519415,-0.033947853951594144
36969,0.9094078473777314,1.2048498836832473,0.7489128041208547,-0.7750862041180805
14529,-0.7403400180420856,0.7248527881291809,0.5330680644380075,-0.5705925527188792
63289,0.7908242492509837,2.40550678034306,0.5931496385630769,0.380799262078095
67449,0.9056668215196009,-1.6188770607395377,-0.9265158946709288,-0.54889792532383
65649,-0.5166961933111748,2.159525648885833,-0.2836206015008,1.007742253570797
75769,-1.256763860832632,0.7420529612039213,0.5783661215808819,-0.7604640109224193
63849,1.691577921987251,-0.2341279732764557,2.809475126486385,-1.1130986386780728
22649,0.5761918893863903,0.3319468633041085,-0.007582911787664503,1.954857983718959
24169,1.9769331438081765,2.193395180978798,-0.8714002608287102,0.13347817391042924
46089,-0.7752445702978489,0.35344735467042454,-1.3659408449473598,0.20600000531862
15689,-1.0357227382840222,2.0462759677536155,0.211949046772079,-0.26783038730058406
51809,-0.7842258467270364,1.5929974899842605,0.4786019072576502,-0.371286567821311
60289,-0.2627294443261047,0.4677993703428466,-0.22702157360475989,-0.4551085799138912
10369,-1.3834580834200187,1.0606641332958844,0.5608650189937847,-0.46316060562411476
68609,0.7432636972479332,-1.196018403670274,-0.4293241330643393,-2.0312950564129273
56289,-2.0742433003943086,-0.2644758650346919,-0.45545008070642434,-1.1885060111240273
6849,0.8811843754234162,-2.7101645249218524,-0.04383266336762403,-0.11880618392287932
49289,0.3765816671048462,0.1733857234456727,1.5395888889453675,0.7573903402612358
46769,-0.3088032865203179,-1.8042075309383692,-0.4826973558487344,0.343935273312885
23569,-1.9506187462861244,0.9080301092594436,-1.0671059927644337,0.03978859094675985
65209,1.1673166148128227,-0.8937467465077753,0.13895180591631076,-0.9973272200679197
48969,0.528808517587651,-0.5072409732196095,-0.09946226408202785,0.7033008437101261
20249,0.1310478571948533,-0.3300337272057508,-0.260318129147886,-0.6670029981918524
69049,-2.7666307393433556,0.13352867084002537,0.2959452760015324,-0.12272565424581444
37009,0.8139910406227423,0.29738488768445,1.0483987856376145,1.6600591379681389
65609,1.995644662522461,0.07552011061006192,-1.185857462726921,0.3705537620772783
47129,1.6847321634355064,-0.26270412484115524,0.2499595021828279,-0.2838889089949013
55449,1.4631697463044855,0.9282454115965719,0.27215869077278493,-0.9848117554002968
4529,3.2142317171788184,-0.09744947766007478,-0.8274130229563672,1.1912812891899092
43169,0.461382027520174,0.3125406557310108,0.3050551043897972,-0.0004220065548397999
50129,-1.4985325422610594,-0.03145682029088142,-0.16463882720443354,1.2888031112861351
64609,-2.184081196653557,0.015759247709199557,0.25632084370137903,0.114085664137608
18009,-0.6971814743052093,-0.45793024183061903,0.01946996303085964,0.046623495344548044
41329,-0.9199219670228695,-1.280650535089594,0.48130000862858274,1.776726047027662
62609,0.16605879878835106,0.2020521473829193,1.450171707628275,-1.0210834755819795
61609,-0.746348498326024,0.1542144962426483,1.74984141078524,1.2301028183091909
70929,1.0729523270794719,0.07603967629278365,1.7694068909264624,0.7056828376755723
34649,-0.10802838043457308,-1.3279301475620815,-1.0788775866645335,-0.6863550126798308
18609,1.8971523959544156,0.16011878738257979,1.1453833265939195,-0.09701139579531921
2529,-0.9307670688035977,-0.7358033923167887,-0.05510945650048074,-1.2619752746152326
36449,0.7101708864494526,-0.5965915826398791,-0.5803130288729095,0.489842914948859
45769,0.9525024921121447,-0.24656416805930512,-1.0637252832918023,0.25947101173976894
8089,0.35580965441730783,0.5688967560621327,0.4718983464068008,1.7344385090971755
67769,1.1004034319421174,0.7331984056155827,0.20260899570574048,0.18381668804015822
59609,-0.3286556995182537,1.5955091550277842,0.0172145760541438,0.011653872593456002
63769,-1.060083159209686,-1.5558003659742463,0.3417728294324969,-1.035859710706251
67929,0.12760708410336546,0.4894855903475306,-1.2634425910448737,-0.8964661500924465
26529,0.6638448561142327,-0.6341083086293431,2.8174249815009844,-0.2874140388785295
45249,-0.019850958355319918,-1.336537257714296,-2.049014052552462,-0.25848506328523335
63409,0.8392918122530739,2.371487908625444,0.5768728385463929,-0.45617874794871077
46689,0.5262206857927747,0.4874336974280087,0.6485274422811012,-0.8351487551687248
34849,-0.3451326863388966,-0.2906928319119195,1.0593131996075422,-0.8711585317851421
73929,-0.8530049661120088,0.694010877353941,1.5548441466248037,-1.6144995341955173
12009,0.6790091831473587,-0.969885373050017,0.07688325021219074,1.693265924819677
16169,1.6116369095277419,0.4654687835443288,-0.2699542623927151,-0.2937814908970773
20329,1.3023335142807957,0.7376886722316341,0.8163211246855658,0.1693462077041047
41169,-0.3811915873930999,-0.6940719696597006,-0.31640858238497627,0.059717927169823354
69089,1.1483189248007144,0.5846980358616299,-1.330621089835214,-1.6545033842252488
73249,-0.39456123288092126,-0.8525642951368597,0.5392854696547812,-0.0150933973863109
39289,-1.6150150887706136,-0.1865649209224755,-1.1853194791153525,-0.3898983563837446
8409,-2.2291093122820484,-1.0491918257287929,-1.7549439954051003,0.27676365793974467
4849,-1.3653147690904082,0.3625566527406224,0.8024437389641614,1.065024989195471
49449,2.343138699179101,0.05452539243848098,-0.012852107942255941,1.9772113459651812
57569,-0.3815520556892711,-0.09618575987667712,1.4140533762922227,-1.962787970670586
61929,0.3020454851035654,0.05983556956519778,-0.10617506551829718,-1.027165368569079
23249,0.1497687820811407,-0.7364058940006336,0.9629005444483578,-0.2725409703782955
55529,1.6034406331281539,-0.18560601261173382,-0.3345374440793858,-0.7764805225510174
34249,2.519142463892729,0.23918597413255474,1.0198490300955723,1.3896956144252661
42289,-0.18784194908599824,-0.4265292363961035,1.1375128848268876,-0.47528008872687977
73969,0.41578194662549833,2.4715105887799522,-0.8370171440822298,0.9846614358904112
54769,-2.227944536301558,1.515260669916136,-0.9007677026086348,-1.3228615082550925
58929,-0.2647420490233224,-1.0358143073582773,0.5208585842929014,0.8976028559491976
74409,1.5297136169892285,-0.0020946685994895796,1.437353182261047,0.360691983584364
2089,1.197414911410721,-0.4236181885994771,-0.20086830615622653,1.8618954564157872
41209,0.9432610591053359,0.5278622898400992,0.053338426626249734,1.0432832135676773
30969,0.27726109961635215,-0.23709007717253686,-0.26599001563595864,-0.24377299284696013
75569,1.143255540835642,1.2992811433438027,1.0605745789985996,1.8504139097753995
3489,0.2999093567715308,-1.6050647582345652,-1.1357064206024203,-0.42295624042152297
18689,-0.4473886614960396,0.29212917659140225,-0.09679100146518697,0.6860350304294998
59049,-0.3812100260846879,0.5429418077085986,2.16088716912138,0.9208010066444383
52609,-0.1974052147552905,0.31272729077234535,-1.2601686803743288,-1.8962753849331913
26889,-0.886829333655906,0.12691082240665352,-0.6142070203668498,-2.3418004680218263
56249,-0.4350586126622692,-0.9920814428457682,-1.3301520302093282,1.6578606349573195
14609,-0.9922776549791501,0.40645653246959246,0.8286220703983527,1.4676805766799497
31449,0.3035144024383774,-1.6194652426248415,0.035283823661521586,0.6442694265473794
48769,-0.22721465893766232,1.0587256658961368,-0.1785511445513151,0.4592835132149643
74009,0.3524837706105267,0.19158225205018087,-1.2229092839812894,0.8691251482549159
16649,-1.361129197464872,0.4721690761770312,-0.1257542973241804,0.7828028414173639
71969,0.4554325701712949,0.3909491534672027,2.073913274322879,-0.2855081174443831
29129,1.1098875151557877,1.1188843021082087,-0.3514412043809183,2.1620992114943114
41009,-0.823511789415761,0.0604011230386896,-0.8153168098137525,-0.6522831944131942
1169,0.14814612296478688,0.1787517619553743,-0.24655642432856387,-1.4500128001023787
59689,-1.9951851865120072,0.495801166350233,0.6740012177900309,0.776429144459927
9489,-0.007410297209365321,-0.5283080733476637,-0.46272819848141217,0.2777109843625382
13649,-0.12693686736810153,-3.0396106985729587,-0.6604369152494255,-0.5191449875377205
37169,-2.4388592422018704,0.13784769978178754,-0.12438791857436966,1.2184730768419985
62409,1.4227976566191758,-0.8586475708347652,0.3081220955072682,1.0417682171526035
66569,-0.7416935141686671,1.4678791786410572,-0.34968059584273353,0.00953912028930716
30289,1.0221346362171835,0.235762977369487,0.7010908817482077,0.14495653608516382
24969,-0.374966799245146,1.0319420600598923,-0.11197566164695524,-0.8621678557785665
34449,-0.3872780038793959,0.5780094174476478,1.3993223231329313,0.33093706016548285
76089,2.84078993107483,0.04642694562274202,-0.1897336471015437,-1.9833743884292883
38609,0.3938645709657696,-0.7030224987612507,0.13664257812386396,-2.235420413428955
42769,0.45413833487839617,-0.32480575951205604,2.097246944824993,0.09701238641874448
51089,0.7726771897650355,1.485418276211516,-1.873580050441146,1.2086427972610072
74049,0.6582899685522501,-0.8825262940970978,0.9054605708517472,0.10660640830285432
55249,-0.22695283856594464,-0.25245783132642563,0.659116766302394,0.6519761636518201
18969,-0.4113653414059144,0.2728885177823031,-0.6217385600669402,-0.7680870701385801
72889,0.11500886656192105,1.2579500418948872,-0.19629882849973396,0.5247714853360728
63569,0.33512625943112356,0.007135085125496898,0.8994269468190704,-0.5304502006249285
60129,-0.9925965291152795,-0.7084899281073165,-0.5696929797355887,0.07478982274373568
61769,-2.2742013178617007,0.654761969457156,-0.8913166647459722,0.2749733555701721
44649,-1.141199095556725,0.3638298409638965,0.34682978240561857,-1.0020976717832124
8529,0.5508963887839813,0.9185718038813961,-0.8393782467319939,-1.5804597477989355
48089,-0.09643535381871134,0.419134958761577,-0.48084476320830566,2.2925151978566203
30649,-0.8203897991913283,1.0086500742775149,-0.21500443506452374,0.26948195457649654
52249,-1.0062353823068735,1.3524068072115312,-1.0826820863668787,1.3596212358820774
69689,-0.8288132861080265,-1.2957890150100992,0.9598555187673073,1.734467473940441
47449,0.5434621547561237,-1.151782505731912,-0.3975118945088713,1.7898390889130853
64729,1.2022852838946698,0.2737598951967541,0.5341135512173149,1.8931862252455673
67529,-0.2451661163790409,-0.9997814853257915,0.23058736617878942,-0.13801357875119397
32609,0.020568456790014168,0.6024864303088052,0.8748861444513828,0.34510397481407534
55649,0.29119667073887623,0.20377527476154886,-0.9497575792612765,0.41121594387386295
33169,-0.12393528339028483,2.1323917712879172,1.6466450194979214,-0.2662376640043881
2409,1.000300963149082,1.6567003254482557,0.28479319016972376,1.4205005685840586
17129,0.5253645727640768,0.6440809527352661,0.08070245978646412,-0.9522468820270041
61729,0.07214120314950487,-1.209568816302554,-0.003432568152600866,0.07442442443144485
61809,-0.8295120343829376,0.22256629864900318,0.2560350158155035,-1.4059863638803054
71409,0.25547186087915835,0.9655247519970334,-1.591660194575794,-1.1158820272935033
6889,-1.5446307393489942,-0.11253436588560199,0.09189598459896949,0.0008687220227439354
59769,-0.0915920343493296,0.30879265825108315,-0.027475171806411437,0.3743686294903315
6249,-0.06259379173082265,1.6339816903137006,-0.44099078479247605,0.7547652732766413
24689,-0.39808499851583967,0.29243951853093736,0.5301735699461013,0.8064851237785522
43569,1.235146100326927,0.697410500384634,0.9163140888979375,-0.5280965865059576
27009,-1.1548033373955795,-0.23649424843659853,-0.20271288157856387,-1.1763776690525596
30769,-1.7206336174086159,0.06727095242804954,-1.48401665549759,0.5536221934300429
57409,0.9261785750744929,-0.13413546819841476,-1.9919956507523107,-1.372721715487845
35209,0.534654217243003,1.4181447074061553,2.8767600348375035,1.3089602131097795
44289,3.2584267553036557,0.3550564503422509,1.6564843904708895,-1.9929663627936702
2809,-0.8450758360598613,1.4427290149973946,0.20685379973103607,-0.9646613409415847
47289,-0.42107453178520043,1.5038106412375916,-0.7420704176484008,0.025758176402869103
67649,-0.4622966060216854,1.4259410051738284,-1.6676368108907418,-0.5453572856735639
51569,0.6299072496255445,-0.5465489622172197,0.283167793368613,-1.1095074036297516
12689,0.26327023168248387,-0.4502423851203467,0.19291329108468094,0.8419315568312749
59889,-0.1382432318056925,-0.04720528508950106,0.25620142172734767,0.7205707373671622
64049,-0.011508420720792835,1.9650293684364735,0.028640605287654747,-0.3172256376611794
44169,0.7312338274410397,0.4160867497608325,0.17907222228125189,0.7842068509304845
10649,-0.17420339021439096,1.7540984222628107,0.7975124065383622,-1.145722618570044
20889,1.5679509250190247,1.1009769786273746,0.09353685014359742,0.8492685316673185
56609,0.756995560437847,-0.09795371905969379,-0.21811929865062354,0.5128096015394507
40249,-0.01855107768146939,-0.427406056027708,-1.028195198563196,-0.14582855182672033
44409,0.22122814431568355,0.6913009802037342,-1.2147409339070987,-0.6890338789416521
3969,0.34048150510678354,-0.9350886139292691,0.6094044549409192,0.8230573834904653
18849,0.5642828491649432,0.11574372905816098,-0.5152962188703716,0.049856618436334994
56889,0.5918673520586749,1.2722799790681258,-0.902161392087145,1.8052866061846273
16449,-0.07353702266931028,0.6876912409459447,0.760068992109425,0.26701470284713374
66289,0.4579731613774874,0.3133131597657581,-1.0427545908196307,-0.4242924358231053
37289,-1.3385754305530981,-0.035304823896906895,-0.44038528335027,0.49221223177117934
55729,0.9594660738106077,0.05081082888317029,2.14199363805887,1.1707802996937797
41409,-0.22763070123249662,0.43442354587742005,-1.007119719475292,0.34848530361834557
5129,1.1543145517365119,2.4576473437327064,-0.40586848824345867,-0.27236173039008127
36569,0.228470822212288,-0.4027584396432166,-0.27086019186117977,-0.005344459972572372
14409,0.21543134268659095,0.1674934402415446,-1.6323547767494382,0.10073850967325854
2489,-0.8801200422191641,1.429555919379869,-0.21629075283561008,1.4406916138674992
17609,0.48020352559136,-0.10615991069042376,-0.873417300521318,-0.300854207242246
21769,-0.18849472208404222,-0.19389112650747442,0.3124694776960504,-0.19112036354631942
55009,0.6931676318252512,-1.729936569706431,0.40348631016176867,1.009089111986126
70529,-1.1127001028721257,-0.3339145236058355,0.03311580725941237,-2.5752028396631568
449,-0.22938069958704074,0.031115303692274443,0.025777345880364746,0.234207528927627
45489,-0.00597889678864583,0.7829881152755938,0.6905399095736949,0.8268588767988192
63929,0.47126813853677346,2.1347245593629136,0.2096830509895479,0.5272402845280579
17529,-0.4382736142784972,0.596219256248581,0.6858233812438013,-0.6581575070420738
59809,0.8552495256105236,1.73007150933544,-1.2619684550422663,-0.8129697202441234
39369,-0.8277597064799431,0.9100812357425285,1.8431856951745877,-0.044023817438093193
10449,0.003357584416552482,1.525716657744352,-1.1945568363481165,1.0423163071470967
55049,0.9937318888839983,-0.6728120088962413,0.12684328067779055,2.2516970849149365
18769,-0.4059064042539948,-0.29520863888535975,-0.46378451897660716,0.5224456602466571
16849,1.6703924064466869,1.4568497887089156,-0.4645315400921495,1.7279827166160895
27089,-0.5152984043719757,0.28196026076223973,1.5917860900567868,0.7655739935871224
71689,-0.2656633893272557,-0.10231369921314147,-0.014399124177322779,0.057056199478820395
75849,0.02023581722582072,-0.29731372780672166,0.03454364323306395,-0.2736339353994183
69369,-0.20534705926903582,1.5992314316600684,-0.3863236900542495,0.7111560781799311
56489,-1.8683420575521275,0.852128354510037,1.4068210680975815,-0.9873380066380202
4569,-0.03200695495187915,0.12221074830986133,0.5975704494320634,-2.2101405674176187
3289,1.4790494266340655,0.0898567680944648,-0.18942394530372778,-0.3325149413314545
6329,-1.453506745232853,0.18958508830705864,0.45168561270700675,-0.6353173206874597
15769,0.3232386490748859,0.6633491883393128,0.3807988181078796,-0.660340665396372
23009,-1.020769594537094,-0.7444175138747101,-0.1389633787996621,-1.0592302775279312
60369,-0.8701772527776959,-0.08489641575750308,-0.3784370626612706,-0.9397663784187832
62129,0.6362607698716423,-0.12109226714105832,-0.10072646875970573,0.3539730100117166
28249,0.9472009349990891,0.11434652379557504,0.40364646349508376,-3.4095539426344375
73809,0.6332303953230205,0.41890081966426146,0.029267339756183466,0.5604098904255633
72849,1.2082013420649944,0.35571083375975154,-1.003658543832328,0.02791444880963307
20969,0.5542979141164164,-1.0062455203938783,1.0614569202787103,1.6103107925443338
39529,-0.2114108344473259,0.018085036389321366,-2.3929443210022283,0.7730106123181391
289,-1.142947490225254,-1.3356553879404773,1.455068536966116,0.69149360330742
49049,-0.6086134936807792,-1.0865327553741804,-1.5238621512474693,0.104112139278047
70129,-0.8218515938764115,-2.7222667267906124,-0.15606199027939005,0.44313431345578647
53209,0.2992548539772267,0.7248522494061819,0.42798903260738214,-1.3649100735013189
12769,1.5091033663575673,1.1029767526176784,-0.6268021583824244,-0.5231250317114652
16929,0.35888255558252746,-0.9790034878078613,-1.8927838368717536,-0.41008186388785406
25249,1.5885228133034648,0.06118292500520189,-0.05881089656930476,0.6523842158055562
27049,-0.7046786942193424,-0.587673093777683,-0.240716603762236,-0.4877073215552162
47609,-0.45689210995643775,0.6704053622804467,0.2623782048153157,-0.7683817879770973
69849,0.643529794233425,-1.688253266327885,0.3207087451765606,2.19272926662701
35329,0.05298183568182196,-0.2270921350030676,-0.17965777929352814,1.2232132886525617
75809,1.6374250025909267,-0.16120383823246953,-0.7431476291951952,0.24672280892570983
9769,0.31748737935359084,-1.7246603006836874,-0.11900999772371078,0.14720689387561878
54369,0.04125709917958365,0.8983197519236292,1.877264763201547,1.2372891800013086
43529,0.8421016884648725,-1.9522512293626066,0.3668093192284852,0.27780296705340524
62689,-0.12482287669360086,1.0720589683633286,-0.8484281093702488,-0.26827413249205057
66849,0.4976918853195102,-0.3573246587316218,-0.022417004504236244,-0.17747974184555199
71009,-0.34648107824203705,1.0218472576706996,-1.330323797631645,0.6660990359619177
31249,1.608497121306604,-1.1815717447534488,-0.770769473844194,1.2430158802519273
20129,-0.6315592699005396,-0.4642884591925455,0.37942338827813743,0.581796078945333
47209,-0.5665077370209041,0.715270296735438,-0.6108176952103196,-0.5056523542834352
8729,-1.0552194929171785,0.7458585804191756,1.856029429676097,0.7193524607972784
60929,-1.1621243318331644,0.9630977430932506,-0.12067369320976665,0.41893239350329203
6689,2.272157875701577,0.683237182111834,1.1222715793003326,0.24907266107100448
25769,0.9368830415758006,0.8325261078612182,2.196170657879081,0.4898577180819948
50609,-0.5620428795654142,-0.004500153887141447,-0.9101906709950914,-1.2528396807411155
249,-1.0458762749676411,-0.713986522254109,0.6231520008263045,0.5675784691762206
4649,1.3919532363272742,-0.6136671448371123,-0.41884545272367957,0.3919614970962621
7929,1.3740881342957472,0.5903774393310616,1.3866246674009028,-0.6681383191420105
47729,-0.3512435006667331,-1.0560407760451869,0.1490772333332444,-1.6569411577304685
12089,-1.4674374371955354,0.5988017696807754,-0.7692359173005778,-1.3070925330934429
19889,-0.9714745229518192,1.5560167361844224,-0.3750012584298063,0.17930712257104386
56689,-0.4444731936373699,0.2759476239605089,-0.7733752732615025,0.7549881087859084
2609,-0.5888720410920818,0.7239022069193413,0.12090450221023875,-0.4978909110909049
32369,-0.17834644357074797,-0.5812836292046879,1.9087307001954918,1.2678084441378457
34569,-0.6209485640288803,-0.6915078741968435,-0.11335499481327863,0.39352087388332546
15129,-0.20833831399298244,0.6782579657804225,-0.4082313764602359,-0.2058640502175449
41529,-0.6364683731958393,-1.3532818441247823,-2.060623503093203,0.19133433532425265
4929,0.4435405148646576,0.765175787217018,-0.9719076739375347,-0.021047025689137692
39489,1.7513025726645037,-0.8812783331608831,-0.010808776076556172,1.134579612973991
39009,0.5212350632180588,0.5489040603589193,1.2159388895928656,0.23846122674017572
37449,-0.842460265198187,-0.8168854821474765,0.4623022481084319,-0.24487433626377542
38209,0.5220214921032501,1.8189619273129944,2.702648543224398,-0.05185001731181398
42369,0.07892385787043178,0.0861514659774645,-0.3274444641281164,0.861934600422833
35409,-1.1764781571206437,0.6074589940411357,0.1478759914348771,-0.36393530975182403
46529,-0.4231762903874265,-0.8346617409461308,0.11182904196046388,0.7134896232513017
50689,2.4671619563500653,-0.41237956416272165,0.39636959009949324,-1.9375031644237088
74169,-0.6846679308966936,-2.2608859713646683,-0.8642425828007803,-0.49628586143845504
59009,0.015694275784850033,-0.9173740066232222,0.19826855410364497,-0.0016403986757867759
64089,0.9568675723290125,0.5276280561517876,-0.8299346514702152,0.9743328747044148
63169,0.5765507180655018,1.6447861687385776,-0.8685351397394123,-0.4873041352309931
72809,-1.6961201958734031,0.322352516546324,1.5180689633817182,-0.7669957772525349
71489,-1.063953118064783,-1.4035053244467797,-0.14826336589178088,-0.27940969484252753
75649,1.5785170655469436,-0.6776039815614038,0.9958298249161587,1.815042822277026
609,2.258984848869725,-0.28583175213699075,-1.083056885227241,-0.2949738067384825
3089,-0.047042329985827525,0.1112852631183084,0.08100373241334341,0.9579673609996983
47889,-1.087975181480801,0.8344307543381786,0.0033131495241994846,0.5029133388171725
49769,-0.42722881774922017,1.1454186831253585,-0.5139749243761172,-1.0189531221214991
15569,0.5265915713807311,-0.0052643966526557465,0.14229002243412253,-0.7336549677082793
49009,0.37625325667223153,-1.161194178575423,-0.027409678914567352,0.4529241591818541
58849,-0.8777351899163377,0.7091455712049495,-0.669755951598705,-0.5268619193051609
6769,-0.1600749065749312,0.5278539332722629,-0.3831235041387575,-0.21016240722143464
32209,-0.6851458443587711,1.2744778552607159,0.1204258898499224,1.2030488730492528
36369,0.40184403038631844,2.134639384596059,-1.7921272646509743,-1.5101297509959335
57449,1.0661639320112237,-0.25058734652650855,2.3003955087862162,-0.6681066334406057
44689,1.3625090728326656,1.1742532886643224,-0.5282992125870863,-0.37435551070211237
76409,-1.0224540006185199,0.6803423054702065,2.3392867814406704,-0.9905654966113306
71609,1.8960349586511782,0.050614982108174764,-3.2687631906367316,0.29780344767349004
57169,-0.9273529700278214,-1.411553209732024,1.7813173258331634,-1.2690697599628706
33209,-1.2400332533409701,0.8149488506179208,-0.11341751913274487,-0.051313650912063004
53889,1.3012226763878774,0.7199515168551266,0.7348035520361922,0.19905477565212837
25529,-1.2630435093729824,-0.5307596949624463,0.9696763089119047,-1.426841504387268
72129,-1.6122555318141618,0.3335890984459316,0.06480691658584398,0.8708404345586384
37529,0.010372672021666137,0.731633257663813,-1.3881247126454213,1.2715151988004385
72329,-0.20230070428602293,0.8893401375122378,-0.7338860531997948,0.31280392489003045
66489,0.3342333638190708,2.5985828106324704,0.14217165812489316,0.0468353334356164
39569,-0.9332472527825952,-0.4720669416121089,-0.05750968748135495,0.24021512191901695
22049,0.16828917045960612,1.4305218241893904,-1.2549822776293744,0.8379485883861211
35609,-0.5920188820195174,1.1078009119167156,-0.42186034232533015,0.16389893339076633
6809,0.6397384929288052,0.6044121221781807,0.30423091409409087,-0.9908062104048296
75169,-0.5135416160041706,-0.00929846503249131,0.30765555060117455,0.06537642660506984
76449,-0.4638311199222684,-1.1664333310452624,2.0198711969912018,1.3171637501311018
10729,0.8354284526987991,-1.3878411637909138,0.7614872806581355,-0.17077494392880732
34929,0.8654192986888316,-0.9378103339016299,0.2504000159734385,0.6478430904842079
64169,1.4191582106202119,1.0158167389270507,0.36977934791704475,3.527943268943861
67809,0.5671211382407382,-0.05835655684386482,2.632721750267642,-1.3912619133960231
31529,-0.480760683958826,-1.9693004587631873,1.3020568170471027,-0.43549562604470166
4209,0.7795944555353577,-1.8626239336938182,-0.29985299354174455,-0.8520944616326598
28169,-0.8622731697780187,-0.6472037364636195,-0.5208360123378679,0.1407799095856081
689,-0.2137162963508253,-0.19998647579305592,0.26138239714555483,0.27662692695827606
7729,0.8316786357677155,-1.316588988542799,-0.009627548889860007,-1.8043661997738834
8649,-1.5995012788574041,-0.09971217823562958,0.6236289751122778,1.0324926407316297
39609,-0.2706042957673038,-0.49975532209439294,-0.5466225863883515,-0.5273567534207777
2569,0.599006627422695,-0.8608771072902808,-1.7546024510367009,-0.8689712669429256
60649,0.3007343819869673,1.6780527396350187,-0.6251571776325824,0.2485922077428188
13889,0.43516497322234543,-2.023391188329922,-0.4271128596680684,-0.9476098035926688
9129,1.1176771481072258,1.5196123164924729,0.4568696515554753,0.927686529806535
58049,-1.649073712789146,-0.9163992749196048,0.029321502795179442,-0.5073138800281873
36849,1.172801069951324,-2.1612636210578846,0.9017870885561942,0.4710161206789449
4889,0.33535889202210456,0.4395057930647773,-0.8918662608065007,0.29505208987424675
33569,-1.2117737440623513,0.47426619262535546,2.103531281867291,-0.2499943602614639
4809,0.25644862118112743,-1.165244389000175,-0.9823763146912681,-0.8901268139751012
17209,0.3879630147368526,1.5494114794948033,-1.305082569379935,1.0396925972251962
21369,0.12580439485837946,0.41685167162475517,2.2673697274878224,0.05211091757600024
50169,0.07141809193324118,0.28204010968919857,0.4481551789977552,-0.46604335275599185
13009,-2.131991643298697,-0.7038235040847878,-0.6001970822339452,-1.0041093408670012
2169,1.8632698615274375,1.197041282063467,0.8369925843896018,-0.36978967466869184
41689,-0.6886127508040308,-0.3589623901758387,0.7356770984416428,0.6001058054695785
46329,-0.0922668181717098,-0.2624475998682046,-1.3484123388736073,0.5610763822242874
59529,-1.1549997148832016,-1.0687594509522775,0.13611362741029545,0.4533233635970146
70369,1.1945286504643533,1.0537671605168817,-0.04315735299958204,0.5498111821748741
22529,1.7311667199083143,-0.278151916927232,0.8938397169419043,-0.21629677917557444
26689,-1.1490312956581294,0.22730215234103696,0.3917187230173151,-1.0186194334428926
57809,-0.40998496886523367,1.539619292725847,0.12351582781425346,1.6025879621015813
68009,-1.4904313164801128,-0.01735769560380967,0.027844817164151964,0.2607455706660107
27369,-1.316966512698973,-0.6497448332407723,-0.442505737039823,0.25666650208103037
35009,-0.5473658496642783,-0.030734086189714835,-0.5980048718578543,0.9295670192075028
2889,-0.60874984490149,-0.4821869087604624,0.1010079964520582,1.1113592931126763
15089,0.8039441471595078,-0.44032148990714115,1.0434948650654914,-0.07341232583509288
51649,1.0964966819583761,0.7680723064000317,0.8171757490793973,0.2083689133956222
55809,0.826404974760904,-1.1080362997734303,1.6241567514368118,-0.2397767927862517
7329,-0.1440269763318006,0.5271715069825221,1.0572743087554974,0.05531968494966933
19529,0.10477141267104398,1.435595879756691,-0.7584786612085264,1.3463001593358448
72489,0.8326126122188319,-1.419092316525597,1.2427418921579265,0.07683102827583226
67409,-1.1906210908896324,0.32584472096485484,-0.4115130018877614,1.1762951389916319
13049,0.2524455154738702,0.5067371190309982,0.28243229244082546,-1.208334961711653
72449,1.1240860177276344,0.5022213444392887,-0.37786727432606587,0.2282787382229438
40329,-0.5992181458579763,-0.8139339985237821,-0.5363830022459897,1.1649902806093817
41729,1.7319594283490853,-0.6273334376058566,0.9754712471103039,1.5864940382373658
44489,2.1208642513505875,-0.628178612001486,0.1694330947856651,-0.9492081387108382
8209,0.5203094882948001,0.23168489044350465,-0.7544862037827712,-1.093847882454229
64849,0.5514495351021917,0.8630952769160541,-0.8931794210789092,-0.42098205549142864
30849,0.7984427972907112,-0.35488949170138107,0.4122218064057419,-0.5008847904116072
39689,-0.003803065333202083,0.48406107836011014,-1.3035382564206237,-0.8747942349984019
61129,-1.2500352180994598,0.23645296097894944,0.5160330576086656,0.4850602773864245
24849,-0.726801721225201,0.7590507313256453,-0.09224647347162658,0.7144750038286839
38849,0.8586201062576351,1.3301237478056713,2.066434061107333,0.4238098229061054
37649,-0.2172412077059948,1.6233063553502451,-0.5228877196877165,0.477917582775291
37329,-1.342192010378831,0.5908020628165026,0.162082965427554,0.9714755124623755
10889,-0.732481992408072,-1.8312263722406634,1.001836895065639,-1.4434490062773482
1049,1.7128983557619042,-0.1943704131768223,-2.4704950568327178,0.7105461676059576
25049,1.4762702158178078,-1.2115507680397226,0.3626363194259938,-0.6623113764667561
49809,0.5457363970014132,0.0026618732221105577,-0.11812497043569024,0.5414601209032146
45849,1.3321243139280359,-0.47750805619388204,-0.6789610175850207,0.3801494420785209
53969,-0.7943543610575845,-0.9028026199563939,0.473651208529564,-0.15158665922748316
58129,-0.4709325978464241,-1.65097263934802,0.07415779505624365,0.18843663618236325
62289,-1.615246583429699,0.26593149291215007,-0.5632918287705934,-1.359746300563468
26009,-1.4266613038755902,-0.6779228774612165,1.2837411212732268,0.445180058659237
23329,0.5696728317605185,-0.4012718974978448,0.6451220851010393,2.300303232476828
30169,0.1795521038251849,-1.0238445508796126,-0.3151731978652364,0.015519917551079414
65329,1.9519926059451036,-0.29123855303229784,0.2946908044418937,0.5977915315565767
42649,-0.8592305177596763,0.9571654868974651,0.07855312256030217,0.3064231935953255
809,-1.1350549574614888,-0.7130258027103012,-1.1828653980893866,0.9841444791151917
49489,-1.9228399864460062,-0.37688466401083603,1.6012201477696222,-1.902562273803607
47169,-1.5379827808818796,0.6331476369778068,0.8804802833482751,0.4088605531081046
14689,-1.349235062616814,1.067375636479726,-0.2009458473392002,0.3793203899837092
59289,-0.9054261397424652,1.8617027880203108,-0.55968927384508,0.579874152443075
60849,-0.3016918845644446,-0.3322789572953333,0.2860583978159881,0.3239908588695625
14449,-2.339029284199224,0.427128567330404,-0.09528124681355443,0.7450249841749578
32889,0.2686191244555206,-0.7516817336839868,-0.22403909511680634,0.9093399344610008
27169,-0.35311775487691455,-0.8678376024055533,-0.034644454761409135,-0.05114272422554913
71769,1.157985009670832,-0.3991527275060279,0.04950397309389703,-1.3145766899688736
33929,0.10248691553894984,-1.0626174278441032,-0.9148466567275476,1.3017495971257993
75929,0.024931002491710465,0.2932206767216646,0.518771291629104,0.24002401507967452
6969,0.2355335714772475,-0.06252423978701867,0.9130741992809084,-1.3788758349384247
3369,-1.593755544400477,1.8146716968237144,0.6735687414583926,0.16254308390102
35649,0.06541209675591152,1.0109023745160106,0.8371213115859706,0.6063687449440482
15849,-1.0533238131578961,0.0840470281887364,0.3114673824982721,-0.9925057582608011
74209,1.2523997840001575,-0.022389719020168064,-0.5620699213811,1.4291081558636978
54089,-0.5304731769272423,-0.9359940496939863,-0.2870190117051784,0.601762856438958
32489,-0.6181392621564764,1.6459618811972467,2.077231335184076,-0.058822918488948585
36649,2.2295198754121244,0.5683829526264063,0.7889769407900267,-0.27911147234115424
52049,-0.46348722402621817,-1.5225940848190405,2.4538923971369164,0.5794775292725095
8689,-0.20105435272875377,-0.9361312309169352,-1.0848635500485575,-1.6433850608685823
1849,-0.252668388640325,-0.53714905653332,1.5083761756994458,-0.03152251593208451
50009,0.4037416961411452,0.14051583150430508,-0.7030979022233286,1.2049869841124894
25329,-1.2798172724326193,-0.7255118624237652,0.811619320889458,0.3540482381340756
29489,-1.8328117210144228,0.37748210632374823,-0.9608662564090344,0.02662138730379111
7009,0.9162588725298889,1.9068094336749217,0.7241232804380743,-0.3540636105744058
1529,-0.36811946100797954,0.6589132616466676,0.11419895454860095,2.9577090365080108
67729,-0.03005834421672439,-2.021846893301172,0.7459114050377315,-0.1384614253706374
25449,-0.6126177650710184,-0.025417333279113767,-1.172455281666577,-0.1861108261083154
22329,-0.39285178842948676,1.2246740799316238,0.3128324909360978,1.9263594993123223
43889,0.5523563367722518,0.4387317861023248,0.17648902204314804,-0.09691532601146818
34809,-0.9869354908503175,0.6757097687818286,2.7134722083489,0.06839661191904313
46249,-0.18263964982883207,0.3743391790039129,-2.0928482084844697,-1.1341891340709567
38969,0.6490955465667112,-0.03228822794249348,0.1133723964538913,2.0290476314456116
46569,-0.1649277094228628,-0.358362232498621,-0.29079503848521343,0.04352439781603092
68769,0.9499682626437332,-0.5532564356599857,0.4337015090076694,-0.14518767911942917
72569,0.7674853629364528,1.302008182621562,1.1121431324030444,1.5035558343888578
53689,-1.772296986174909,2.5479940861989836,-0.6629822508092023,0.5685668671761439
51449,-0.5443435629727589,-1.1486415243461743,0.31896879908200726,0.09152558430018999
9089,-0.22388738077954692,0.48441594529155413,-2.960753121731232,-0.06850542203414461
23489,-1.6383858564750289,0.7816378573827077,-1.4226509042825959,0.4420475175069474
67369,-0.42058575833844436,-0.7342011131315731,1.870107356150995,-0.03617225165602879
27649,-0.981391931127224,0.6544974814461338,0.22186211573082232,0.6336323414879721
56129,-2.215072325770886,0.7639808642490249,0.15715656256642271,-0.9346991532197878
7049,-0.7490576773348839,0.0467876919356622,1.2010422249951427,-1.5608001670468379
59249,-0.31569990790205804,-1.2583606941870638,-0.11047831301972288,-0.5898810913064887
3849,-0.7566073378947868,-1.407043247825439,0.5135451618370757,0.05775503562998512
48449,0.5293826773292787,0.45113253177985957,0.5476059384197446,1.8082874984006543
66449,2.389711561342253,-0.30362969250971844,-0.09092318742909201,0.1635503564505742
56769,1.2538716134946302,1.6072422087395255,-0.0682220059327763,0.3289181641084775
20489,-0.098288234318518,1.6465669019658953,-1.8632945870203301,0.28169365677065117
65089,-0.3802277775219403,-0.4928626090206786,1.113123195562607,0.7591822939500956
50329,0.709317240378125,-1.3524548876292783,-0.7652503887460451,-1.2996666274485265
43929,-0.9197868064420275,-0.31737577888170326,-0.4902306945232878,0.22353782813666845
37129,0.6883831917473826,0.0953450854330856,1.988950178033417,0.26951064116129875
57249,-0.7246641421644507,0.7739595433743167,-1.1144963495107578,1.6421161570854605
41289,0.6753803581507729,0.07379189858150838,-0.8522437502083109,0.2725562612512839
75689,-1.2047592078734601,-0.5152752135151173,0.9059326896626383,-0.6020005976645129
5009,-2.2935223665749676,0.22733297032072478,0.8344099286639307,-0.004661103810236844
52129,-0.18125812933393023,0.130535568232371,-0.9266452955610736,-0.9685056891106643
49609,1.4399959783414902,0.35735447393685366,1.4059608293335906,-0.5146147875916198
53769,0.5056036590506242,0.49264400020589555,0.3051867598087922,0.04325605464624974
19769,0.8454014982369926,0.8079249031816232,2.16028237591768,-0.5937576124083389
49649,1.5974713638328706,-1.1163279266754633,-2.24780070015943,-0.2905392908064109
21649,-1.2578188915406696,-0.7613486710682118,-0.4537099826625785,2.3094623755503227
19369,0.7239760195587714,-0.4385134405152086,0.17025917028798648,-0.8711784978885693
29969,-0.508264432250307,0.9449713458450564,1.078346092655941,0.24445611940184098
34129,0.6013724969291223,0.16025741633101387,-0.966381625281551,2.1991946009088714
27569,-0.42810409870669835,-0.8365375207704827,0.8687635129094271,-0.8415548779691919
6169,0.6138480148644044,-1.213712527289569,-3.0225285869767777,-0.5810280793195721
10329,-0.7088932483462917,0.2576801992881397,-0.7196283170189757,0.37142308668282314
23369,0.2917901199704781,-0.7436646258107326,-0.7374123139576473,-0.602564577136572
14489,-1.1233445703943208,-0.25739938528670553,0.10801525535983596,0.2771172815357089
46009,0.04745483147290614,-1.0988351280945758,0.8855484454344541,1.5924650673330287
18649,-0.9146137682439459,0.657813000284894,0.5386816670284026,-0.05657408289625759
60809,1.35827903168635,2.6196464653835307,-2.947898109748695,0.5508454944044934
26969,-0.12673101647212096,0.21277860942652804,-0.4151246872550548,-0.05004814802227002
21889,0.23965754467636477,1.3048288133183406,-0.1075594412744369,0.1133078341023513
71569,-0.6958353806829891,1.912337819232266,0.20487697607066127,0.4053331714135407
13249,0.27329334129589067,-0.9115265151483022,0.03951183073600626,-0.8218509329260147
39449,0.5181642894992023,0.9256105891307103,0.19524785679869278,0.683410665697929
36329,-0.4168478066469977,0.5944005502637898,-0.3539642915217218,0.6748212144161893
17569,0.0847650765140883,0.019406211722603532,-1.731868071599142,0.7420206041475241
47769,-0.12055055865113587,-0.8227911341331728,0.6897879452425485,-0.7491844325645144
72649,0.9097196649975471,-0.5387465608114589,0.13893935705828678,1.2097656131159236
51929,-0.9119193074116871,0.26374447881149937,-1.7034492087658106,-0.5023568558131525
11489,-0.06619992323334907,0.9747390278817656,0.48459185053226117,0.2949771208710154
32249,-0.6187166427488642,0.2808896764500333,-1.5088248076472153,1.2919244350085068
23969,0.6500522877585901,-0.13037722595770532,0.484412299732182,-1.1224900795093395
54129,0.5581289392435387,-0.6878157702336554,0.8999378729117808,0.8649460342453891
72729,0.4942731413059335,1.356652078241644,0.6039665541024226,-0.9893653306268555
32289,0.2587933523452011,-0.10055079430640743,-0.04437374015869164,-0.702002542164788
73889,-0.41137503213430965,-0.3620674739355978,-0.5204148898748852,0.6030899742712844
68089,-1.5712505161706132,-0.8656032847911208,0.07003008792669269,-1.1871302168904
58329,-0.20697690875858696,-0.5169997033349258,-0.6954049573489951,1.8631491115293115
44769,-0.5546849879196767,-0.7020239847671954,0.997995980343273,0.7626633300258351
48929,0.7782083788167056,1.4778533656137298,1.1647639887804608,-2.7642357134955944
12649,-0.41057815204021053,-0.7389484475389686,0.06333470200988991,-0.20945294155407929
16809,-0.7539446109975176,-0.048848976770311935,0.36544833601533055,-2.699193146603536
61409,-0.1379561238023823,0.20513811620821262,0.3057145313439621,-0.7368705360314601
73289,0.7237503451222513,1.4659448766986132,-0.41246533091807813,0.48964497673226565
16209,-0.35365799737495995,-0.5855302351131108,-0.6531301417058095,-0.4757575121853522
33449,0.14396005321232794,-0.9037559802888387,-0.7580510653246395,-0.1318572149830569
41769,1.438731221661723,1.4227100341075685,-0.7951263270542824,1.8233710598065718
5489,0.5869501776774003,-0.7020628274007491,0.5082994047999742,1.730952390050789
9649,0.00021749158450744385,1.0026180616566598,0.5422696420516367,-2.1091026926603686
54249,-0.665827642977164,-0.980533957048418,-0.29485467356918227,0.9551406129133482
7849,0.8068510216789778,0.240124113057871,-0.7236969589372545,0.9146063818956647
26289,-0.27865829107664125,-0.49522390478005596,0.7145747484134776,-0.704535307717795
29689,-1.2193759787019567,-0.5720860444825371,0.713931895108699,0.9013420667779788
30449,-0.1273955872430109,0.6029527994927769,2.1550634918163603,-0.4068369651765258
75049,-0.9970598265829718,-0.13483472225220813,1.1783915304412045,0.9658299096805946
17409,0.847566881335702,0.1466522256152025,-1.0736040196617782,0.7411701822148934
4729,-1.2928180162885068,0.7146148448393606,-0.9739056079791677,-0.31054863430610863
30209,1.4665582396796903,-0.2675843438782828,-0.12543990546006564,-0.6146046500733781
76809,1.2035055931744192,-0.011039209282122556,1.2925074933785443,0.09929106585670049
23289,1.9127638501945747,0.4708542734621502,0.9846906822664774,-0.43504736156296914
27449,0.6530694035240605,-0.5334086890956916,-1.5697699842624766,-0.059345150194949084
74769,1.7699374248604034,-0.6226185052834818,0.07620392510806269,-0.43919255927561857
39929,0.4098250155185635,0.10285498354687175,-0.25542648653185274,-0.19898471578174332
44089,-0.793523174164944,1.5052513791694828,-0.958034871422885,0.15332446034742653
60249,-0.6156432093269382,1.593880983513235,1.0884105072107606,1.0137122835176764
31769,1.053537733649363,-1.4493506386799608,0.32241655195753405,0.8074469210549602
11969,-0.9778184421346122,-0.7240545754353441,0.9688366877019106,-0.6567230461742578
56569,-0.948552165686058,-0.060178139406731106,0.9406362682345351,-0.20242482263565995
48289,1.494913178990233,-0.41220530748116924,0.6515495883700807,-1.1683750859147097
20289,-0.3829307299245075,-0.17443334710270014,-1.4222575558821184,1.9712450262256993
60449,-0.9986759980033592,1.5643447044605363,-0.7614293263699121,0.24160592239045786
28609,0.39794563714903375,0.5206258139635155,-0.7175191315046737,0.5656985715226147
36929,-0.07457802499961476,0.4753923526930672,0.9439964680141247,0.3859110207858915
69809,-1.3261556600993172,0.5325512169433854,1.2955028923555065,1.8859127264427202
41089,-1.193071525001915,1.1915142847319744,-0.5730164608128998,1.3246263864474794
48169,1.1743560369940156,1.5999254051797902,0.8823035344857985,-0.6948909235740722
29249,-0.5642882713343496,1.4335040369649437,0.012224646978304126,-0.6831738949506366
8969,0.023296460781934328,0.46331335056566386,0.3315017592467464,-0.0751531993678791
24489,-1.49206485200032,0.4346790683460168,0.4545598661423052,-0.2820963260010181
53569,0.6017882622356372,1.0885299281112586,0.5152118723688142,-0.4370917848109468
25649,0.45466438111964896,0.2774814756356201,0.09582554909132443,-0.2631295527540622
61889,-0.10656212086931657,0.2217148546151721,0.9549591448809897,-1.2435710202892631
25609,-0.11005927040291286,-0.6889596954920025,0.017467890772410472,0.6674285407304452
33289,0.24434623615669482,0.19727872159296073,-0.9466411525309517,0.4363796242613015
23609,-0.41916457665852186,0.6258891428265863,1.8083774701721618,0.20128537114685924
38089,0.3568511917737115,2.203480350524745,1.2415851914780582,1.4681204975259963
1809,0.600938169800296,-0.007933116112137312,0.4008422084440572,1.0954322207211296
46409,1.280070692596604,0.5462000670914574,-0.3501492048723206,0.03012883175106122
31809,-0.2843637190405977,1.1913555167341547,0.10575948839899019,-0.24806807746025594
54729,1.5505692428776425,0.9293930020346866,-0.09468817204175518,0.47476240904684175
18449,-0.41950530187162005,0.043875469623853094,-0.9367645331025837,0.9964417952447439
22609,-1.2443236224727057,-1.2665693722054496,-0.7077199059241424,-0.9041877426385921
42849,0.3425885452599261,2.054270342995227,-1.2618131412841171,-1.1686094871705202
26769,0.03631359348587359,0.2968817579187122,1.530207814123754,1.0136067517275957
29769,0.07529020987944486,0.4945317399922933,1.4313028764696194,-0.17657154214396276
71369,0.7979137058224898,-1.2523695027754307,-0.15931600070608187,-0.2486163286422338
39249,-1.0377163962749205,0.09654705701216158,0.7347161462641572,-0.4794414710227475
2969,1.6626653906033442,-1.9266902237317882,-0.5628244001048456,-1.5889471650524785
68689,1.129114412730887,0.6216657128728225,-0.15115323488308877,-0.16179288457122937
47569,-0.7189302412152023,0.5988030269633482,-0.6674563946511565,-0.21190869798400716
64929,-1.1788001851910188,1.6115727528626196,0.42466272793674126,1.2045768584025625
67689,-0.6245404207706007,-0.7596057847808861,-0.8692287392793305,-1.207201172117911
21689,-0.8525391015001053,1.047769870298121,-0.7700116394783895,0.7047169300720817
19609,0.09885644077634514,-0.631244309570526,-0.89374689430397,-0.5817859313655339
76889,-0.3849345861221219,-0.5571555235005247,0.309678770134593,-0.42916656985957213
64209,0.18568827037381241,-0.1552381612759959,-0.45909837022751426,-0.41717521157863885
68369,-0.08567809293844444,0.4584840511690158,0.09149542459942903,1.339561576127251
53169,-0.6137530694696065,0.9766213119513281,-1.1478225958767145,-0.42592137299981625
36249,2.2360008997268275,0.34868674167902325,-1.9075891938726377,0.700066207224546
74849,-0.20947319222017466,-0.36109355852319175,0.13099781330639917,-0.200795586107644
48729,1.3637849106682944,0.5764571772549684,-0.8853504278339214,0.2971491612349585
51729,-0.09598368146430021,0.37745830242377976,0.6354715500615419,0.20086377048346402
59569,-1.3673113744025573,0.3566795448680504,-1.1112598255185597,1.287794549885366
31849,1.3305763685576828,1.6607862590118747,-1.0178390307106395,0.6225871066775676
16609,1.3779264388473405,0.3007649996279111,0.49732728279408545,-0.5522318296635377
61209,1.023956844714427,-0.012437361084244493,0.46446159779106694,-1.1692409696136077
20769,-1.1286641213053847,0.5240352565701116,-0.5599860691211339,0.12166539017480765
65369,-0.791379698721212,-0.35595671624850694,1.992350144488955,0.44900821749717473
24929,0.8226978761830576,0.3301737302617558,-0.08686266840558801,0.6754237798377788
69529,0.2058497521936721,-0.45255578914937566,0.5254376184270582,-0.7695131616976073
50289,-0.46081844852466447,0.729952442317737,-0.9291682398671904,1.5910016575092023
73689,1.8241709547615643,-0.9761158314577361,-1.6864887981201353,-1.1323329582042427
22089,1.799057319749774,-1.463033096995198,-0.8575495236915829,-0.47106402891664395
63729,0.47925179869402196,-0.01920596533765914,0.387668037307237,0.13727226562039857
45929,-1.0523998320747037,-0.28436713621480514,-1.8757873272165768,-0.4042644764882953
7289,1.1734443605507765,0.0645531477260151,0.9388644814975249,0.5357254558306717
17769,0.6790624978841076,-1.8297830020193468,-0.6899025579650465,-0.30956101903896
31009,-0.022836673179269015,1.3393039538957001,-1.3070993820042602,-0.8632559430163264
76929,1.272539323418865,-1.4621174606224623,-1.3306540881130138,-0.6561343390826293
26089,0.29239734510579557,-0.5200072531527458,-0.2455062470399854,-0.2784214540461509
21489,0.583650502837571,0.9421193121714971,-0.3207987664355006,-0.3812018127253848
70689,-1.7369978958735792,-1.4910231840792088,-0.63573987843375,0.7438893943229314
34409,-0.4599738978276154,-0.5073111852807269,1.4895335928457836,-0.3781876111979432
23689,-1.260547091853668,-0.12622457473856008,0.3546403358967026,1.488519837712958
42729,-1.0580951063638642,0.7683670060735163,1.1276557684317152,-1.634588158626195
46889,-0.2690509219317814,0.04089753375607709,0.748500812949669,-1.1744579499163643
11409,-0.46543418767867784,-0.8054288790160881,-0.0009716314490970243,-0.6093703121891274
59369,0.7943751829272035,0.10638577199696965,0.2582508331751603,-0.08667568192280109
63529,-2.069879485264906,1.1407116785890645,-1.3728868561205692,0.8756827373029556
29209,0.23438217523916421,0.14400056320956245,0.39341440521778936,-0.21888421743929143
70809,-0.1018522810126944,0.46528014466290063,-0.372449164577249,0.8822953924033367
76009,-1.953291880727987,-0.33818708463973096,-1.2211749563687664,-0.27501209354584577
39329,-1.1492160912268006,-1.169225686347447,0.7861212295528234,1.2450765970088655
1769,0.1441140179830564,0.07862684815601878,0.07990146781192826,0.7236521475187068
11369,0.8805562890045885,-0.4880670801434903,-0.5399254497711172,0.49325905342980964
76209,-0.21822998082228556,-0.8188349072515154,-0.572066009363437,-0.12563356647968046
38049,1.3613540235686301,1.5675427694454191,-1.1488838165905875,-1.3313614387709756
48249,0.6628480625555014,-0.7747782302726528,-0.7396250680996429,1.5195150348618418
56369,-0.9301375468163616,0.07651527153407157,-0.9688610512604919,0.48204288444481996
28529,0.5506586817110224,0.7174449417656449,0.7795662152983054,-0.5538777836433273
76969,-1.1617820031566624,-0.8410186347319741,1.3181577571676557,0.5589870737854656
1649,-0.43427836725944946,-1.7979590831026384,-1.5203281738448668,-0.8678636189890682
68849,0.11693916308778107,-0.08681204681678266,0.8115705325941037,0.12603483193124598
15529,0.0591488032481152,0.11122885039885896,0.499723888078417,-0.2772753406381013
13489,0.9719438150153196,-0.9163188669560133,0.1945921535739671,-1.7506602884633229
45049,0.08754375075339936,0.3854582364713406,-0.6611249815780965,1.096347161606397
49209,0.5382153340127098,0.6418072020949958,1.9091410013305838,-0.11728946090749884
8769,0.06068449013009317,1.135010758757285,-0.8940886857060634,0.5135822260105111
27849,-0.16420326188918194,-0.5059751768324525,0.3704346324432689,0.9213606981439012
42169,-0.1742065282874979,-1.6512938411117433,0.21517440668406906,0.06769191336417486
42889,1.7643724352114558,-2.057910051755921,0.18584222772429268,-0.4814811355894649
65849,0.11104908485300469,0.3323776898077692,0.688639782437472,0.5401754932549749
25409,1.3052261592890264,-0.361809646369628,-2.345396942241913,0.7636336970639133
70009,-1.3452814083306042,0.8738005134300192,-0.9451840291771455,0.7694626873563257
29569,0.9475166459478871,-0.41125882484026216,-1.1210073061495043,1.4906710850893081
70849,0.27098101648255757,-0.08922512119670813,-0.951874047173875,-0.4154440034028932
33729,-0.8468006351181437,1.1216144390617901,0.1099278602322242,1.1949479067075097
37889,-0.4899801524232364,0.2292690624454293,-0.8698804459612461,0.5642320399584354
42049,0.7037698094366,-1.9270607718857102,0.12473329425390849,-1.154308164880255
68129,0.73574416333065,1.3524148370346272,-1.6028218355518442,-0.06377958815045096
46209,0.3565885640784231,0.15041837858570095,1.146612233229424,0.16598564955868203
7369,-0.41349338866254426,0.0342534679811768,0.9088404820469338,0.38697687071009096
9929,-0.5629756744513033,0.9226281104736467,2.218626107440498,-0.0372103420704252
58689,0.7123905879149854,-0.42310776517049015,-1.8733838477326137,-0.47747367683547054
62849,-1.1279127135601552,-0.7965819055880738,-0.26758711303232924,0.3004625136664634
5329,1.1328748556534627,1.4534667309947291,0.2492336793598618,0.39819550622707156
26569,-2.41493402759111,-0.742870559382691,1.108704434410699,-1.6743378249195138
34889,0.2541759228675127,-0.6391793029588234,1.4151184936124943,1.0849689895034713
36729,0.8507377205228006,0.4619485382624435,-0.3370897256727667,-1.6508603230081695
74969,-0.7640006412026406,0.1974798706096313,0.39742342370020806,1.4821415510655798
33889,0.09923363608111914,-1.7903307078902937,0.1820108731860778,-0.44844565520196644
6929,1.6763480064282268,-1.2767119500414879,-0.7907851600542228,0.6951448719654605
51529,-0.6706837970383457,0.7325802154947778,-0.04200351960797092,0.6200297314457716
55689,-0.22546418740275373,-0.011560579698882238,0.08357401919677539,-0.579019701490328
1249,0.5436034563546204,0.4033492650833332,-0.42296809890504156,0.5315764853571828
59849,-1.9946160978683736,-1.3172835028901762,-1.243084417207708,-1.119272756473408
64009,0.714108838810205,-0.409168315695932,0.4842171904444061,-0.7024355026312642
52329,-0.8306408396783451,-0.8277752922128069,-0.5167115569219205,-1.2893169845213868
27729,0.38632916367738174,-0.4365454843103217,0.3386744536438043,0.05884871091886518
209,-0.5540712361225212,0.9834977908087932,0.8249669370032192,0.07905979463211706
31889,0.3102898486163267,1.4735043024242476,-0.05155680215747718,1.811671986133318
40169,0.46926451975624184,1.1656521280802605,-1.41193432592205,0.03690482989230095
36049,0.7965167171142147,-0.19738576831179988,1.1651971754219856,1.373452815849099
40209,0.12034284177392555,0.41997904966161803,1.1313535570168756,-1.637999303343875
44369,-1.9481143243219659,-1.2540668487002078,0.13044067316605248,-0.01574829431692796
70769,-0.21012665040549183,-1.0005187204062564,-1.7059575946340308,-0.0877224461889051
58609,0.24768676477617652,1.012679318408941,0.8586366294172736,-2.080146560460967
13129,0.8773823462900817,-0.7698384710291075,0.07514181864176991,-1.1581128681599417
56849,-0.2262183088241771,-0.061067008486659906,0.5639927332074435,0.851319420811319
3529,-0.16144815469055457,-0.850825691840837,0.5584376295422856,-0.18885752603005015
20569,0.8838318902892639,-0.46907312622707825,-0.391188981457597,-0.9916135719383526
50729,0.0694009557448706,-0.073912869266004,1.6299592889055785,-0.7691030596358488
26809,0.8208612006773188,-0.9887196636900797,-1.8248888161058494,-0.3716064637605392
25849,1.8870913738833874,-1.1419420058975613,1.201518615568072,-0.01201055498559789
28889,-0.046015163689845526,-1.571612675349799,1.2747555045718233,-2.3112283031895813
33049,-1.064888304015793,-0.4964222376190366,0.5349955927034222,0.6075584903178611
37209,-0.4374482244211344,-1.207178457592512,0.7666079023521708,0.10862723866878872
34049,-0.26265550490522377,1.782718569542329,0.4157491223252448,1.354734997947423
45529,-1.0316291187078674,-1.0984395408765277,0.15878953400541396,-0.3241135914979795
49689,-0.17166966087330182,1.4007148915181329,-1.0535626959302087,0.03572185992895323
53849,-0.9745584505107356,-0.35587361965506903,-0.09720174919728275,1.9316895271438894
19329,0.3536780233490876,0.543327136777028,-0.833688595823637,-0.7646062368721533
42249,1.0043502478423063,1.6998138153593598,0.1916923454702631,-0.4453293663330749
62169,0.9692908367501153,-0.6073509176309738,1.4134253373763552,-0.26896525350885614
66329,-1.3224945874010383,-1.528182649654899,-0.6813617323521385,0.19628334771634515
70489,1.0421141210628884,-2.4263703127165983,0.0926901886879308,-0.25735462597886677
30049,0.3723584091419728,-0.6345959036959803,-1.0233796492991263,0.03910033775514037
19729,-0.8416439396053255,-2.2887896812212016,-0.24041191731284767,0.03025247933694959
38369,-0.7332690016616217,0.15424658482287018,0.7040802854395711,1.5614747542875484
42529,0.3186051192297681,-0.8565666548366512,-0.23599034741878608,-0.8495660200099588
39129,0.27911672805895266,1.4361726000823092,0.18096293909399092,0.7390642238376419
7449,-0.752939669882062,0.41599231608297654,-1.1496774531966625,0.40941030605760814
71209,-0.3027016638254528,1.1129082638464944,-0.16625243789341923,-0.38945284810293246
14569,0.18827717519920004,1.0922080646658114,0.8978959664953349,-0.09201480032723262
72769,-0.9971352898643321,0.004362598637533724,-1.0790637700428742,-0.7104707118238439
48809,-1.3254911263810731,-0.14339585918621003,0.02909148871164429,-0.8651002892595101
42689,0.6135544191737468,-0.2886803607673296,-0.7878483374257866,-0.14507806813863702
63329,-0.8444475555569504,1.1722276412555903,0.1726555598161241,-1.1769880698657398
44049,1.8032526381919358,0.2048741844455345,0.7334005706887325,0.3361796753523777
25889,0.7954699935512946,-0.05341004840256569,-0.26851206893585894,-0.47791758645705373
31209,-0.7536101477674673,0.08366900321652507,-0.2077573979161434,0.9787385366562573
40489,1.3882245412890013,-0.8664328631946121,1.531034810183608,0.47779156170779413
35369,-0.017849445002037292,1.8796335254592975,1.2113750438793498,1.1572364465510412
74289,-0.7140367070432108,0.429240618484887,0.7160494894313784,-1.313072765405151
70409,-2.065588661012931,-1.582079462941155,-0.38103622045253444,0.41698031810698843
64809,1.2764750516472,-2.5297274340925484,1.7492131605206136,-1.1030836175880006
7409,0.830842439697169,-0.35692288249151405,0.7628424160182602,-0.7061876961223883
6569,-2.4274026762566407,1.2523370251840102,-0.24518754064112894,-0.012288994606545941
11569,-0.22762201106597713,1.151807725086561,-0.4347932158223434,0.2393666583024586
56169,1.3371399886279949,-0.5077882443279049,1.0215621070841672,2.765903274865561
43449,-0.5942247517548842,-0.33180832200927957,-0.16897755295330932,-0.5615233639015355
52529,0.5948815392428237,0.25212278550507466,1.567872182947684,-0.9636764686067768
64489,0.6068233046011156,-1.077656633833468,0.08613576363528182,-0.32642249245233396
68649,-0.4455593432537671,1.0299482097021846,-0.7809927313879365,-0.6958701663053812
74929,0.29188344629122615,0.7778547215506979,1.0808723809821155,-0.2540435032247813
17289,1.5988854876035585,-0.42934711205461906,0.2983896371993946,-1.134001820100701
60729,1.2338188651575799,-1.9391285031522603,-1.1371585265414201,0.598439144460919
40689,-0.34884892035985293,0.13537758151918944,2.671160588807316,-0.06587382270293375
4409,-0.9936353883246596,-0.05116278827637567,-1.9117237733858785,-0.4062416493496303
8569,-1.4366853626293274,0.0075950410444778306,0.6599146723533281,0.16514379941057097
12729,1.5939856950011735,-0.23408091381448629,0.38766053076161544,-0.8207297173466159
16889,-0.06781373503875235,-0.7722043745014697,0.005873758363304092,0.26014661951930185
61489,-1.1596791925381613,-0.7192410353240812,0.5048865929130962,-0.6071266230376106
72929,-0.19937653396727253,-0.05380598955233011,1.2655404704301618,-1.312531750416778
77129,0.3653303805339811,0.056690845929391234,0.28240708885367255,-0.9031387414943277
33529,0.5170622450869083,0.0861422165668161,-0.5972707117510998,0.7476011515677322
41849,-0.16686918240201964,-0.9215874831968908,0.1716200689101083,0.34615386414808674
1409,0.11897843122560006,-1.0458779141202679,-0.8206504859806033,0.6284078118407114
23889,1.570282801051148,2.063032698585338,0.2429207713188532,0.7724867169758816
47009,-0.968523799983824,-0.5613554149228145,-1.0140372384105925,0.46498843529220696
54329,-1.4426415793530378,-1.7183017694871998,-1.4083134069377365,-0.0324440650025358
19049,1.296899078904634,1.6536432011495452,0.25383559375136716,0.3618240527503246
15929,-0.007898268592317258,0.655537940291198,-0.15067218693447035,-0.612547951985939
73049,1.1130208441132918,-1.055282879412319,-0.9336909177890924,1.2288508493570376
66809,-0.7689187986198994,-0.9492848048033252,-0.8428035080025954,2.229579010481547
28089,-0.4129354099149017,-0.14874075612692378,0.2707377703873501,0.3000024281078647
70969,0.5353415930275541,0.39505258255221726,1.0203296786559384,1.2796706311767923
30529,-2.476040727903757,0.5071028024366464,-0.4448449889399561,0.39096987394554594
75129,-0.8030779388824287,-1.5968894538332807,-0.46007288063103885,-0.0531281924622812
34689,-0.5626658299333733,0.6840662333931391,-0.842030834630847,0.5734398082223618
60769,-0.5107965401106516,1.721683860416858,0.3520776358371476,-0.7722550127718711
4769,0.028606871147012575,0.13361867064539976,-0.9792104273111468,-0.2763705415815763
69609,-1.2119287876677565,0.030483357873350728,0.26927988215609666,1.5262974738883968
43009,-1.6946319614900773,0.010834973378041741,-0.8125950301546784,-0.35661775594802925
41649,0.5942030102761315,0.48019026303525225,-1.7283739090672026,0.6449895035965622
45969,0.034292401219363514,0.5845247012606402,-0.6735919187548838,0.8291299679219173
51329,0.6102986278542305,0.22010283920824378,-0.8807437133539903,0.022357298556041277
7529,0.40926759641928967,1.0571373540289781,0.5252973512349483,0.6039953493577757
19209,-1.4764600360849938,-0.2813732443644922,0.04776847618044831,-0.8847126916119653
63809,0.08284946753488392,0.015705479677151767,1.559334555424997,-0.13700188093845725
27529,-0.3975087739833342,-0.47640970307504843,-0.3341242403170556,-0.42199052466225534
15729,-0.09200513065085654,-1.1408784281319662,0.34763460251936956,-1.1633347800434717
35849,0.515565143520785,0.812183993329927,-1.515057021596189,-0.9551084457944362
40009,-0.4518060814073904,-0.5674500409763208,-1.299485586089952,0.9387507545336843
17849,-1.2186106766198523,0.6664455170214403,-0.09252371378512725,-0.448204724953914
3729,1.6021421326331036,-0.11673345311139058,0.06439020897776188,-0.20103501997076353
54649,-0.5593411952009915,0.08914231869233762,0.5393091715993884,1.1297766392601019
48329,-0.7162010373163996,0.751542185191373,-1.7211753213280587,-1.3822939027466157
12049,0.080197125664908,-1.358860656379434,1.5167349228664566,-0.9912438557631572
59489,-0.7305582178372769,1.0409335739689003,0.3949812960825999,-0.3110418325203491
20369,0.02758138309493036,0.9948894317276749,-1.0728994540732049,0.21832019764336671
32129,2.5358284596500473,-0.31720944011760877,-0.33096203172732225,-1.594799479555455
64969,-0.8057507800239774,-0.6103635954980743,-0.332307430004172,1.150630550468889
32569,1.0808923206523444,0.23522674725324907,1.2331594890898672,-0.31732442542696965
59969,-1.5169705707550338,0.15323475683537477,0.49841318989878003,-0.7501254049653169
9609,0.1360487829377669,1.2154700528009101,-0.014991459190268688,-1.1491052578683167
729,-0.800230723125841,0.5150157949090554,-0.3169949296419711,-0.6234511733238882
45329,0.34900200328049125,0.4702821887526748,-0.10522461371177894,1.448952397060209
9049,-1.5068663213815325,-1.3389405555398886,1.630564140074349,-0.23115620509067178
13209,0.41509545907903617,-0.5122558742056311,0.5491889533575581,-0.45026759428400936
28049,0.029895456380056938,-1.1080275618873563,0.47757616318132096,0.24723133395569624
17369,2.049804913582502,0.3044254643981011,1.054333321415356,0.8225168007619741
26169,0.7767589031566724,-1.5482338488586345,1.6574857879070242,-0.363058192862372
21529,0.9077026946844764,-1.853494627920735,0.15922690953167834,0.7291635778524858
23449,-0.9516426737236753,1.7279974346988551,1.0301440706451304,0.19598456662166455
77209,-0.06554868519860826,-1.3232953318238578,-0.40066157148048015,0.8661190518717393
74449,0.6835041602819582,0.6186385287046958,2.6351295441684237,0.2003611152787788
38169,0.7589515195441947,-0.9281859015897848,-0.1460323678733802,0.3257547671124176
42329,-0.3296929823530387,-0.11654929638330186,0.2967125743000509,0.6719571674229342
46489,2.2141127187669922,-1.1530078250777733,0.28886667246659004,-1.5645865931055234
44449,0.33542327552457346,0.3204543153316975,0.08767866476439792,0.9887142994531408
50649,-1.10245496132912,-1.2829627981556002,1.877515981840262,1.3475309263836377
58969,-0.13272655151927226,-0.7881861236798344,-0.6520168484414981,0.31924730230875153
43249,0.7627861446769696,0.5660834625400839,-0.4129931243898152,0.10006413781236911
21929,-0.3414136494834897,-0.32546171496927406,1.0072548837339892,-0.6815270485294429
26849,-0.9072115953438359,0.8388957906841803,0.15816010133404376,1.1190498860915061
62449,-0.17680991228336213,1.2356388618876308,1.3601429408398666,-0.3622149167234999
16049,1.0779409395430803,-0.6864650958733798,-0.2663781839747451,-0.865240155995915
75609,0.6082963754078925,1.4609977687744056,0.23071830530169166,-0.2893617122675492
71089,-0.47422970052823826,-0.15087615671580878,1.5101597504286948,1.4595018829146156
47649,1.0303746137473253,0.48927261124713983,2.8417957625590544,1.598640243187053
41609,-0.07863935321628725,0.36599847414218445,1.4894076144926096,0.6296051622774638
23049,0.2619037622401893,-0.13640967893869832,-0.21085854443965435,1.83414598712941
38329,0.5375191126870206,0.4100291454260248,-1.2543541001895018,1.7070054371616863
19689,0.695267429963972,-1.6359058908247248,0.2182164473257246,1.0456633069964403
49129,-1.2408444080534362,-0.9408444244641656,-0.7378226037165473,1.5220871091402264
68449,1.4125078644866849,0.28254804817829965,1.264359654666242,-0.6336711690245473
67009,-0.27261048132688426,1.013307461176233,1.0161735526313411,0.3507649001058283
76769,-0.768952904917974,0.6755265982901909,0.4379896020420883,-0.9597063659548559
55409,0.36203805814099793,0.27235616574144755,0.11530639495763181,-0.8490832756651835
49,2.6305445778162206,-0.05059636705845599,-2.5285148819523324,-1.4155786105699508
72609,0.5382842919234124,-1.4237624564140208,-0.077572667999648,-0.5586265056919469
24009,0.8728680393571829,0.8471921731410119,-0.484156572521152,0.5772384623972187
52969,0.1443876685413345,-0.32725131315810513,-0.09444375052285231,0.011196025918760497
16689,0.5438442332025641,-2.506709117642238,1.7431252985501864,-0.34580579682032153
61289,-0.048111325771133695,-1.0532416691239193,2.0067389783083827,-0.7956481555491386
65449,0.2624765618345933,0.4338476669268515,1.0066853450457571,-0.31165812044903163
29169,-0.2366084060852111,1.2462815195244412,-0.7468759589175474,-1.3443177883718853
73769,0.32157099411912565,0.3393267464755779,0.8491811299980297,0.2513719158598434
37489,0.7876509336213032,0.11585784824593626,0.49235499608078565,1.2069589817592352
9689,-1.0257917213946244,0.6836821954484783,-0.0530257489291593,0.31178513511833417
49969,-1.3059226962575687,-0.9482272997109594,0.9198011234013334,1.1993603024158637
13689,0.6423680692036641,0.5835461331271543,-1.6701577705547304,0.4335072180145828
17889,-0.8013106721805828,1.2200529870936565,-0.08932212724703911,0.35924593037148406
22009,0.5700183426402531,0.3227580127627154,0.22032332097548515,0.2971561461504442
66609,0.8601645087972698,-0.6413401716421028,-0.18372904501245776,0.35455924680413425
55889,-0.844302138620905,1.2994738011450027,-0.26196831629241746,-0.39147021395464227
27929,-0.7468775665826097,1.1628011684768917,1.4986218168357803,0.2957668948246149
5609,-0.24380849210900687,-0.034933373017145115,0.0025377557572531326,-0.421907777505861
38649,-2.271278249475499,-1.1899515556668159,0.4761730222665092,1.9132211354890125
42809,0.5304606681560529,-0.42709502930711474,1.3585388254790103,0.345152915894567
2369,-0.25648779757233187,1.2587923490678516,-0.7625120447777518,-0.9249051961700689
6529,-0.32285681289296325,-2.081928573641596,-1.583263067803823,-1.970202481257259
3569,0.5110231139382755,1.9978133757366483,-0.24462952764172174,-0.9712953554243794
10689,-0.558205350602658,0.7441486361667049,-0.3026518523322245,-1.7188443633715624
14849,-0.5406256570541994,1.1136150930129332,0.18283042737588653,0.7292816615948775
8889,0.1846574199156933,0.8159711007128702,1.0285476667271622,0.006271208993637878
50089,0.5677471403542429,-1.4257787369694361,-0.10303024612882655,-0.04341571988031936
73209,-1.3559188424007333,0.8800493499531249,0.032905443039675734,-0.4361085061855212
27329,-0.04719718124090442,1.3837510625940443,0.9929506329520228,-0.7796970147871297
71929,0.4503556348805637,-0.07301805724486327,0.43302387446121404,1.241640089762787
50529,0.6786889412555736,0.27860124169982103,-1.377625373469898,-0.6351878166410316
4009,-0.6054020256888308,1.1098567179196752,-0.6671040313332144,0.7443531314205661
40449,-0.49987067361536913,-0.5445348741657183,-0.5324057275496008,-0.3209344394953938
43969,-0.5287946850118231,0.06869803387423669,-0.4383129250535898,-0.1374774552376835
48129,2.44242445932072,0.4417672408743747,-0.7757775705635017,1.2441246477150287
49409,0.6372716690304835,1.3589797544723676,-0.9867351650560486,-1.2635032116844196
56449,0.6689593601312162,1.1223215136163744,0.6212724400972433,0.4900862783399637
48649,-1.6765593772069256,-0.047154330316085506,-0.9473610128891657,-0.28943658476330675
60609,-0.8259693440790006,0.8641155512942014,1.76246738254172,1.6213695262101842
54689,0.7550280075828993,1.2331373755211947,1.358084461926282,0.26603578970471653
64769,-1.0448855439582725,0.5013472292425817,-1.3400821460766956,-0.4309062280711817
73129,-0.5712374927526757,1.1331544699948117,-0.6461314988336613,0.5619213339677074
68929,1.4702108905590545,-1.0680578798670854,0.8892545971075445,-0.9014842442166048
73089,1.2432411128523515,-0.07688059926495738,0.9924202243815743,1.1591654750432507
46609,1.8586711024322575,-0.9746766331412341,0.9310092563970862,0.04409203462125924
36769,-0.22604343025344786,-1.2366995049571772,-1.903701655771739,0.5340086510056042
40889,-0.3249458410383709,1.0443869150565888,0.1069140556083647,-1.8545931370287518
68729,-0.25201753834818397,1.016085012100963,1.935997255854149,-0.14296468153272263
12889,-1.4448557336128343,0.48163605506369933,-1.1738349581755971,0.2584918364538713
8849,-0.45789402962908954,-0.806870030906825,-0.08540794337839967,-0.7511354050969058
54809,0.2962459834804992,1.7556537274508766,0.4838546175034181,-0.04121749107744739
57609,-0.38817947318861623,0.2262688007008739,-1.306687323341895,-0.251461571110241
21329,-1.5403223025413362,0.5157220501305861,-0.4358846781727654,1.1878763568364525
25489,-1.2746691024888697,-0.6961591643103067,1.2398150417965452,-1.1305848441024484
1569,-0.4089900484249049,-0.01610900173173717,-0.6269016496915137,0.7891582393116013
70089,-1.7722972621630482,-1.9880475672414777,0.6965746223966978,1.5517601794239555
33809,-1.7055550838916613,0.19717924113525317,-0.9148512946145396,0.20061925838890804
37969,-0.2750332344360231,0.35678249769725806,0.08580245908874601,-0.09545304880085513
58289,0.21211583750363078,0.8449349805592301,0.11057744953347393,-0.5422081160800031
1689,-1.3314829645153865,-0.7594186121526537,-1.5057685104841878,0.2586844677580526
30249,0.8833605472780206,0.35675912788910596,0.07022379329200143,-0.39218928667629804
46289,-0.6324235788921737,1.283817175675584,1.3783155692010363,-0.6524138151013935
7089,0.7862586838857109,0.9661205303821491,-0.017279289487332684,-0.40560069541945803
14169,1.347841974988654,-0.7265705163427,-0.7518491143664509,-0.5613363344230425
58769,-1.3577019633383482,-1.6202657826381661,-1.7373557176998518,-0.5827336785589513
28209,-0.5911385578435775,1.012144744264832,0.005854476324508253,-1.2453569042002068
67089,0.29665222277843817,-0.05670548356925752,-1.8154471557262144,0.8472572139372653
71249,1.2121037923335742,0.12609918533917416,-0.2528922583859015,0.2052027279892904
6409,-0.18008169638662558,-1.4052964534788792,-0.5510807036182287,0.45535878891209053
34969,0.3885771447274,0.11156432682591427,-0.014051882688136634,-0.39893461813043846
46649,1.8094864232830183,0.5764092244863852,-0.11986285423668054,-0.5246554121746273
43289,-0.8160060622558671,0.45814329549521476,1.0244768590282067,-0.12912070854491314
2849,-0.7360520594586959,1.6480602405145572,0.3524442839723438,-0.19826120822347998
51609,0.37507395092694085,1.0572288788177633,0.41093047477009054,-0.47105367167298623
3649,1.1103025758488936,1.4873091785532901,-0.9812695759125915,-0.00879948334249822
55769,-0.3998639382369861,-0.4156882680953719,-1.0108140470554898,-0.5175198575846836
59929,0.4897189734702822,0.4000663649121845,-0.4743073203594257,2.006471224939549
19489,1.6512001008949324,-0.44537106329881493,-1.6916098161323436,-1.5886539271824929
20169,1.1697668867634279,-0.5579960535874249,2.0062778648665476,0.1310130007201432
72289,2.619284124993942,1.1903033527590914,1.6109129927837795,1.183900157797155
11849,-0.5513125538604056,1.8437760674052557,-0.996017033163761,0.09736871416040858
76569,0.12544160705153212,-0.43529653406015556,1.452807136110193,0.9983545414967928
40289,-1.465368413924541,-0.9640037568902463,-0.5644428694620541,-1.1460312091959803
50769,-0.48830861788657987,1.1373125798107735,-1.273490509543286,-1.083425565163846
45169,-1.5631378974147438,-2.9078046137983464,-2.078035085874482,0.4866234536987989
48609,-0.9467605053972092,0.6360091698564293,-0.32904274427228436,1.63347412477851
47529,-0.14771962953547968,1.156780506652393,0.04188633773601747,-0.19257354619374648
1129,0.8133664679231972,-1.4533119150972114,-1.0076440578633308,0.19484126586593412
5049,1.4001400773941093,0.2625618867440857,0.5130502263490021,1.128390248803685
38489,-0.0954458571367671,0.7361854034010185,-0.039366260695071126,0.6963891212205887
24809,-0.04207591490955806,-0.9847257093292028,0.7583668260121386,-0.3577031980557178
5729,-1.2685304798454253,0.2728091698561453,-0.253732647029733,-0.8175092766776466
28489,-0.26174773579259275,1.185844244935993,0.018333270365343782,0.3429173347509937
5289,1.8389567268538214,1.1056968902583355,0.601875415353556,0.405598668923735
45609,-1.0273305270152253,-0.6985353570030928,0.6293405780452271,-0.709985720290826
65809,-1.6485804585361192,0.2560933953782758,0.43085235582349957,0.9748807202202803
54889,-0.2638740607150575,1.078798586357417,-0.2280325399855569,1.0046835333651534
62249,-1.4313567599878338,-1.4581752242942765,0.04889561316305033,-0.4530450510133535
3769,1.3968178361349293,-0.9701131527035416,0.4113419380900444,2.8582602566602358
11889,1.4859476806467586,0.2066306347596782,-1.4770707591018624,-0.8896531710280333
74729,1.038776914688019,1.4735299398865838,-0.4314660045824026,1.5008952920386465
38449,1.744512563801776,0.20532400378094282,0.3600617407465789,0.26359114922901505
1009,-0.1804367591713647,0.3338561498532893,-0.12428663419608052,0.85178325059089
65129,0.6088264101365072,1.120727752339893,-0.905937416792803,0.3486451270504859
50809,-0.3988015265665034,-3.3472059623431556,-0.7670270243934031,-0.13549476290230653
50929,-0.11076875930267398,1.0611647966291164,-0.5042504953363995,1.3280819383037383
41569,-0.7562660735664012,0.2861038902672333,0.007904199700331696,0.8134511271902146
54209,-1.0902386594390918,0.13050771687851423,1.5905557979187197,0.07938944652051158
60009,-2.039737519158678,-0.29826584651056876,0.37114702761256285,-0.3438973669165424
18809,0.9674272769970804,0.023284611289329762,0.933111223416745,-1.3287567054342566
49569,0.4867521940318298,1.762586890621938,0.5330057438380847,-1.462580699250894
69249,1.1823834129291781,0.23654970927748448,-1.4210157967179953,1.8767037235116073
27129,-0.33657433557343097,-0.5924929984077077,-0.359823523288131,0.9250821641788682
3169,-0.38425700965618337,-0.4275140908922303,0.21327265195519496,-0.1173480032013064
75889,0.1856533692138169,0.8794938231311283,-1.0965382828594394,-0.8234000140087738
45729,1.2294284818135601,-0.08313034840226549,0.42466592191208086,-0.8792281871170331
43769,0.8732952718803084,1.0952690971812227,-0.2773460751311418,1.7893535039035635
3329,-0.36212216139441383,0.04978160955614235,0.8618632731729472,-0.4473662278041768
47929,1.7343765639186148,-1.3874573579150853,0.4422729869015289,0.6408522277436484
21609,1.2329195381578106,0.8132369578529022,0.8755540463100838,-0.6781983259864328
52089,0.22268134519515745,-0.872262241918057,0.19095963239241512,0.7090200033837455
54929,-0.6926421322019052,-0.5230228164061527,-0.13562794092140812,-0.38808933163496134
19969,-0.8504444094265857,-1.1939508839734632,0.47671875112726014,0.21639911948153895
24129,0.37514376240661057,-0.5436027107834949,0.2968586957636144,-1.1616958436097604
22809,0.2050632978860265,1.520768476279874,-0.7626083892097614,-0.5735519562388026
28289,0.32738072429905013,1.1884078573861794,0.8356259517165964,0.09592946776963916
32409,0.4378680918455838,1.1819534149475044,0.9045303267288998,0.3458181975259184
77049,-0.7027362945196614,-0.402022575496263,0.46200448592978854,-1.4505099426889505
36609,0.1711292717887478,0.9022361500453027,-1.5976066230463664,0.21994775940885852
40369,0.6026376865306475,-0.714877723648609,1.162190728731898,-0.12148387430102002
329,-0.552641514700528,0.3075792906705713,1.332940739362076,-2.1768001638171968
58809,0.22886156198193736,-2.481452354703099,-1.9403018735205348,-0.6603954945110202
12409,0.6463503361630026,0.3061160331101795,2.9179387861120567,0.8209697010173134
30369,-0.45542981093614837,2.1998171662378394,0.967754781323772,-0.37818957178813045
45569,0.7870200306734125,-1.189394698241131,0.1328927146833588,1.1778420377820347
17009,1.457100319516322,0.5414892457560959,-1.022129004313491,-0.49298029969318174
61569,-0.19379130781851145,-0.8484162095980103,-0.7281239540180988,-1.2043139962765805
69289,-0.33782699015987455,-1.5481835147116747,0.2663006247339828,0.6231705947933381
25289,-0.3147091456117054,-1.30871801266645,-0.6103418265339502,0.1604863665299308
33609,-0.5443196866096937,-1.7929478911455998,-0.9842299250030929,-1.2121722265665806
67249,-1.9246077719722516,1.0387459191965913,0.37929220773959493,1.214588937977303
41929,-0.4820827165252,0.2899949880422368,-1.9672770532341135,-0.939340204266643
5649,0.17723375809465106,0.8226452655295418,0.0817684219641784,1.4517830288236078
73489,0.8590284781576126,-0.4312614412992008,-0.7852630118611561,-0.7948264023960341
9809,-0.28591094855659194,-0.24489028349070352,-0.9474539336789287,-0.0941998734005577
16329,0.6416306878950706,0.8550118315135159,-0.8652584625228433,0.8968763678037326
75449,-0.6717828506014589,1.714664483941577,-1.268658707198534,-0.45929977357320534
38009,1.3103614374554629,-0.7889427568584262,1.378277986260136,-1.9159890116615006
1729,-0.9550774800501475,0.21090071662695092,0.1762107805215343,-1.4393102031199816
34769,0.5226806030039036,0.5717875553828764,-0.516788013477505,-0.029702376088922282
11209,-0.48318574058666114,-0.6396168832054993,-2.1518760265187713,-0.9462046606321789
43089,0.36562203695939727,-0.5712462267311179,0.0402376439784872,-1.4984600400157617
77089,-0.9682668380951114,-1.018660433113187,1.0352042179035463,-2.042653988996871
6449,-1.3081249874369707,-2.5669093524301565,0.41547813182514987,-0.12581629892056911
50889,0.38077692528555074,-1.5827775334304806,-1.0703822184032452,-0.6661458007662665
23209,1.35325300878769,0.21012120924918892,1.1795340540011814,-0.1135896012345188
55569,-1.9823044451998963,-0.16525724713916717,-0.2676972144410862,0.7997077537248338
27249,0.7982919681114784,0.47736282664459984,-0.8489501499178189,0.3289505867083855
66529,-0.3682784612845696,-0.650200176425507,0.9353775715254992,-0.7383817938322118
48849,2.348093893158121,-1.461672870689942,0.4451744547517159,0.21195287427798193
68049,0.13054299514468726,0.06371824578421291,-0.3339491311971936,-0.1487249210856581
38569,-1.0800252424329908,0.21975684428921202,0.7458635057400494,0.3724246151261376
15369,0.3177508697443676,-0.10427557715671963,1.9450373857602465,1.067243426178151
57009,0.497959683796998,-0.6455892644810773,0.15083929892659753,-0.5972582597678588
55929,1.1512137415364236,0.7700539478555842,-1.1482412193240108,-0.8958982912090709
46809,1.0812750325682685,-0.2592480500514271,-0.48916065002074355,0.02676414094383174
44249,0.5252338195290758,-1.0126566157616566,0.2383200442091359,-0.12183145567184947
3809,0.23691614610473896,-0.1803538286692147,-1.3538178280069535,-2.658726776966669
48409,0.22229594473428635,0.4858058671620241,0.22055027736628915,-0.6633307607520524
7969,0.036301446597914754,-0.07369800253920969,-0.4013009254833654,0.16716082485677644
12129,-1.1770733906484971,0.38686298104454864,-0.1751195339512894,-1.0640958216578973
56729,-0.12969223907491503,-0.12831410009603159,0.21033959732914287,0.2477830493221831
34529,-0.3033112039992529,0.9236682087649984,-0.7133891904036377,-0.4962891034584625
60889,-0.332514062171315,1.9591660046904038,-1.676247866612345,0.024960293237810408
65049,-0.03480922207639214,1.2599602268213603,1.9013257195494224,-0.24774798193635547
10009,1.1626977166710284,-0.0065146652371763985,0.29994782978743895,-0.43253902101982966
24529,-1.2157520020108281,1.4050677909998879,1.0655265818687283,-0.4518348408322145
73369,1.0493756864395773,1.0140115349334025,1.3643169752489117,-0.9616754458687289
73449,-0.23898544425021492,0.7957396727068659,-0.019542766627928698,0.22012987156200242
41249,-0.3019878329045218,-1.7889137598176814,1.1013042861748141,-1.2147997228697374
45409,-1.1269338555224755,-0.3244787083543734,0.5163849152320382,1.084432419100869
20209,0.3686388619269194,-0.3631034863023001,-0.35633687844144846,1.2561178952830734
13289,0.6107953122502975,0.734270371312237,0.31321488436853134,-1.243369824717076
17449,1.1970702946715706,-0.30672868932804753,-0.10398790357576394,1.5461435406923674
66009,-0.22166139319347722,-0.33876370907643344,-0.9696841839895038,0.3259417986495313
69929,-0.12428911500545683,-1.0807893138730913,0.5267786519113125,0.18920279152308936
59129,-2.0285163268808337,0.0974869065907695,-0.14300060558700595,-1.3063609373942495
74249,1.0965188693506727,-0.6924223833291507,-1.6131312345254814,1.2931488993062548
38249,-0.5398693388931077,0.48384314994106425,0.6466907923467202,-0.4595242330850552
23089,0.41427613299045113,0.4557040750239758,-1.2312349506643077,-0.07866922204428753
26369,-1.1995115720765117,1.154336851156296,-1.076747085420864,-0.41578382708460826
6129,-0.4279915984026757,-0.010450475601094555,0.3840518444318852,-0.31693601454873144
16569,0.28277081853868263,0.7670436671936283,-0.3169562983562558,0.8030623430379363
10289,0.42009668482913987,-0.6350343075201301,1.4594321978307974,1.4292587186564036
64129,-1.0237916425647104,0.32697010556900447,2.0370148406351243,2.0515869387830383
44809,0.1055846026131994,1.6543935845663384,-1.0116633014685912,-0.29855369658831465
22769,-1.5025557920326753,0.23557286758109888,-0.2576107090003311,0.153434869065343
32009,1.4606125676121773,0.9488804363656375,-1.2041720986640716,-1.0256568309034697
26929,0.6593520011678597,-2.51766935134472,-0.8721276568461105,0.13284089031108204
50449,-0.802512597167243,-0.5096653950523249,-0.8201742806733987,1.3769456286070736
71529,-1.1215386952724213,0.8948438308305092,-0.23102138073514702,1.1443821049886511
63249,-0.5226094378371979,0.47619838830059796,-0.5464289798128049,0.07311800398822307
28329,-0.25230520850530225,-0.6108930188859881,0.5519895684534587,-0.9136656491289497
53129,0.15103457865398162,0.5493051993933817,-1.2783412869638626,1.4378038763260628
2009,-0.2763405861459477,-0.7808303244839833,0.0698498908306189,0.47333043167460553
57769,1.3331202945242588,1.028307143267744,0.5335890491774009,-0.6287775647394755
50969,0.7818609404782436,0.7310738541287385,-1.1154183939775364,0.3826469022130022
12969,0.10544990738378981,0.16537550577618607,-0.11230067872179499,1.2326195991993458
56049,1.0884426457613487,1.392146777992341,0.2502890250582598,0.5019773832049776
60209,-1.820411747504674,-0.3535857825764655,1.0509178524385927,-0.07051406684694798
3449,0.1382523461846015,-1.5876976919652435,-1.2051462367698913,0.8390022886997777
28449,-0.6632856514289278,0.1320147448181923,0.32907270439350406,1.0744976297482924
72689,1.1824583396361845,-0.17036328967158268,0.9396583790574725,-0.4966769625658467
1969,-0.7502630433506978,-0.9701017651531412,-0.09376348189661951,-0.32266218080362125
36409,-0.47567267598534424,-0.8207818270620358,0.21475485170561637,1.7852328830970472
29809,0.9863729378507964,-0.050795736894467106,0.47499058927624044,0.39634145528829545
47409,0.29155600820244953,0.7704945952488584,-0.5278351491991008,0.3210768288267324
129,-0.08676759996020687,0.1386923865369803,0.040196938701022214,0.16161165280896844
26409,1.6737980423687397,-1.2066684686158622,0.15623273383173972,0.8957282158417528
4289,0.2751412512719127,-0.8396853265422475,1.3563534774371575,-0.938872199937895
7609,0.43950190912257797,-0.7360137872341312,-1.6224448335369641,-0.6394055011059974
12609,1.046051893206491,2.1042042578545805,1.7246013283514767,0.7284427807193482
57209,-0.3603851841319557,-0.5182743763431019,0.4482397367865813,-0.17329734121778095
16769,-0.46099090411473365,-1.810594399612565,0.7607862133436769,0.4618647181985867
3889,0.3227358412739397,0.711742258097401,-2.2494417915859035,-0.03902194655686095
20929,0.05076956148295769,0.45462889191663886,-1.4167565410621896,1.0090779389357323
65529,-1.937735762455356,0.5743844734637311,0.604408857287389,0.30749528460028086
49249,1.3827947957285933,0.43442301303236813,-0.7338045769424923,-1.220597657250832
21289,0.11386194305716425,0.3598044260662039,-0.5577361369682624,-0.8637127237634302
31369,1.818124964326347,1.1124900590130682,-1.0355457454379082,0.052573419513456204
33409,-0.33257661400237865,0.16947794714329442,0.03891846031051756,0.02935142807139885
73529,-1.2591619725761132,-0.5455561729226289,-0.00920445196589848,0.7729590782923712
37569,-1.2230124869293466,0.49925801553247595,-0.9318327673453987,1.9617635779435934
45889,-0.3985882493602952,-0.22536619902586663,0.6748645478574146,0.45244948452566064
50049,-1.4961966371067243,1.8331934410052821,1.0622750497496898,-1.6797838829980007
61249,-0.44773265190269435,0.2951726350285684,-0.21344307519991804,-0.7060781162247978
13769,0.2552263548593176,-1.0937961421240983,1.5003925482548586,0.5506226551300427
61969,0.17282719170691227,0.3886642993731896,-0.08793664087877785,-1.4261439820318498
62529,-0.9942770626382256,-1.0903951989036766,0.9128746493422478,-1.0356201556182145
40929,-1.6652060116113254,0.7871925702802735,0.4573033207535253,-0.1161103046554247
66689,-0.030310649592638947,-0.954761134654138,0.5321987619257048,0.22742883314747434
69449,-0.10323148260874508,-0.3428290967698093,0.075940539675057,1.119759858930075
29649,1.3093207374651428,0.6533316518334422,0.13904789923536973,1.0996062733673306
59209,0.42190138482631895,0.3555119961378157,0.17325110184131004,-0.03309207147830227
75009,-0.3067323430671434,0.6659532728480975,1.543208146793894,-0.4700429166112929
38729,-0.7933929175549346,0.4835386025007043,-0.5615288868868009,1.1648680488516596
11169,-0.09333153942150266,-1.2971113225346578,0.3884374428129847,0.6191995861814962
5969,0.7100525672386029,-0.8934655996873315,0.44130926631044953,-0.11558140072040912
47049,1.6534990984706086,-1.0995382090752461,-0.5273272870803698,0.9073355886685933
51209,0.1986990114642318,-0.8934662978979404,-0.964188206331187,0.0033315502946159583
649,0.8188097275788996,-0.3459568726602287,0.02972152608718781,0.033102847821648296
55369,-0.9810134326434949,0.5564165231184699,-0.2910200650000342,-1.388363983304809
55609,-1.2149641383816394,0.0318285589554001,-2.4397037860702824,1.0368730685448506
19089,1.649139702184706,1.297517213099827,-0.2037782854366362,0.8744872009582132
3929,0.2911151302002613,-0.6061594143525276,-0.8832964714402305,0.7440430290841527
63689,0.7083711059027391,0.45311788185266216,-0.20506638633545632,-0.49907122444849333
72009,-1.2637553113146969,-0.00033209721767824246,-1.6300659603448566,-0.4575432093854258
52649,0.35230904824580506,0.23611669098601173,-0.9287916890700313,1.7348048718903153
35729,0.5205588987020988,0.5647752572421552,-0.3499546751823322,-0.365028618004729
1889,0.26650526709433253,1.329346046448949,-0.07905285509608735,-0.3423819443373556
75409,-1.7973099252258444,0.1716182655228927,-0.0009627806134534982,0.427138569495424
36009,0.03885757749700202,0.576555500425137,-0.9402210358823496,-0.9729564141482165
65169,0.7142588167389481,0.7694781080595141,-0.7325822077695266,1.0178522430212937
52369,-0.11194791459474136,-1.1066049976284955,2.3198135313189128,-0.5061297622354083
40809,-0.8424419120074377,0.2363006131182917,0.34067831785972946,1.6295263729256264
16089,1.6532090495215734,0.6496680378760874,-0.35011362311245053,0.7539648961314804
60689,-0.6774364023036079,-0.8021674171795834,1.1449520287588948,0.1421364212712415
24409,-0.39248664141343914,-0.12300182484201784,-0.47182854204098157,0.2040644969592415
37929,-0.3332530012029249,-2.416118680603664,0.8880469792635084,-2.150734028191193
28569,-0.31902604258475054,-1.1401228629421425,-1.01226602485377,-1.4311615538838187
8049,0.9252228956906045,1.8953340018714289,-1.2657288807175904,-0.0946832056311916
73169,-1.7729681694766672,-0.14092161060678776,-2.05035562657155,0.6380781102053578
41049,-0.7202120728430215,-1.9701298667651148,-0.6078759850895326,-0.8860762149923124
23529,0.055352035511791756,-1.1166731800663805,1.5073272394861659,2.00277033738699
26489,0.08992520156444651,0.4085581184886606,-0.7076721819947387,1.3714858881884302
49369,-0.5057621567091608,0.8631082863668603,-1.8197985481758105,-1.9652419580408391
8929,0.838534028423875,-0.22773254438576943,0.35611850272477097,-0.15254777574049128
42089,0.4963581403552489,-0.5472670717029009,-1.849721044800251,1.3868099861955063
17249,0.5807193357978011,1.1039861522712542,0.6868263280377074,-1.1600137926228338
61849,0.2923582116166305,0.7334369889624648,-0.6343030450178714,-3.2259408075446774
44929,1.4920640834468077,0.5886161878185059,-0.1675155038830042,0.40927455572631727
9369,0.8994505929696733,0.6509969378983091,-1.9169953927080639,0.8304490202191688
25569,-0.0024864705923627398,-0.44271173013662807,-1.927838965019666,2.0362695949451717
70169,0.0026308440402051866,1.4160697775216782,-0.819190679337818,-0.5278489108814688
29729,-0.2930715538347492,0.9010600201762816,1.7179214780180583,0.7463898191481589
74329,1.267745380103794,1.7612044424137443,1.1953196091953877,1.5376591518951446
27969,-0.8038869500268487,1.0858586841888485,0.2868472250283104,1.2062169645340448
51009,0.7837987019873441,-0.3924578110436274,0.8459124579299588,-0.39436200910438807
73609,-0.7906634777897024,-0.14104985832329728,-1.2018395715663526,-0.1728317632311798
42209,-1.9689018997036212,-1.0974904126007132,-3.093134526369452,1.6079766033466032
46369,-0.14528728304077337,0.7777651544274408,-0.06206375852449793,-0.7688426292062782
10089,1.3135284314580855,-0.6397920073236366,0.2831969350283286,-1.7814962801786143
40849,2.3440694115112373,-0.9390777477212154,0.5035692503460969,0.9287843996724038
18409,-0.6795483537496777,1.2349401009195515,1.0429688657835474,0.2865054540575619
63009,-0.49120041926622193,-0.9763506310837706,1.9875708183910537,-0.6483593824630048
55169,-1.5720299802811482,0.13375004872748167,1.4196953121098361,0.24288732838127933
27289,-0.9257609264508763,-0.9131530387749809,-0.6597130727702749,-0.18873679451309702
38809,0.08161444621390368,0.09643767561998617,0.2047700198291887,-1.8882155354774164
22449,0.7956768469575927,1.014101866816892,-0.19094859735473,0.2827830349797399
39209,-0.05424190168534218,-0.9930773227952345,-0.9358603670547667,1.0576116983875152
17689,-0.11021839284004165,1.7378608456663658,-1.5983406511188925,-0.6060773249839565
43369,0.020887133973297514,-1.2950071674708734,0.2429237066119275,-1.1337562041113844
6049,-0.8479912129990712,0.3806188519332046,0.9269618983908585,-0.40928176028670893
11249,0.44197322970759384,1.6983749787354672,0.8190207760119632,-0.5084246585969848
55849,-0.3978199969165611,-0.6245701308693545,-0.9846631997580108,0.7634243688678938
31729,0.35580324793627754,-0.04408460077020992,-1.0465768255326373,0.08451990337115324
44969,3.158921336556397,1.9969705254793004,-1.0614407512717707,0.9146408197631052
3409,-0.3069883768915985,-2.7572210658813274,-0.6445773691538785,1.368086350051073
68329,-0.1102257019744889,-0.27518165523946203,1.4354451405439266,0.019880690530009272
32049,-0.8938550084232819,1.3438428958648898,1.1029929738835735,0.37327239815568375
21089,-1.11638799818682,-0.6825059419845213,-1.6572923879748491,-0.4227428308459142
36209,1.0550522794700141,-0.5621221779993557,0.8471423357593076,0.21042228838531785
42929,-1.4309916749188658,-0.5336788660128463,-0.7087734684945319,-0.18931457227019885
8249,0.9586122412593034,0.436580692349806,-0.9642102339750364,0.6403795776875607
12329,1.2308679991493798,-1.0345259902483417,-0.5510479118823143,-0.39567292277263105
20809,-1.3611655241663554,2.092455077962237,0.5017081699935438,-1.6477337193716406
61369,1.084786629142518,-0.29787589473557324,-0.7739394443197959,1.6205171890855266
61169,0.4328262828940531,0.3643474438433653,-1.4137690843146264,1.3935389521678552
69489,-0.625871608980556,-0.5065698416676018,0.5707997996390269,-0.047134274554861175
69569,0.7849250973429905,-1.2003246310078544,1.4104313103246602,0.40586814302734375
37369,-0.40048355215789494,0.18652685156685342,1.618086430361014,0.010905629667483645
16489,0.4662506934824843,-0.19933049045066628,-1.1579428286771556,1.2740674513772685
1089,-1.5074817476683784,0.8285364564317861,-1.585202658770491,-0.22099709183532512
55969,0.6333937872128917,1.871763809471239,1.57592708054827,-1.5302002449959564
53369,0.6039523580279952,-1.4059977595353368,-0.2703956618319048,-1.5538717672866238
6089,0.7134282593303429,1.81835429521747,0.39657949321876496,-1.191631964867097
9409,0.16927761121974244,0.9154527914834206,-0.49154603879000003,0.625186513028738
54009,0.24401441478034344,-1.092654840511045,-1.0686016091077573,-1.0889175808707598
58169,-0.5414578064170297,0.947305243796311,0.7165597920560764,0.00973755281353981
62329,1.8069048950018574,0.7073910783249802,-1.6857737013650622,-1.0091716950001774
2209,0.3758252154191418,0.7068393772193432,1.2954982668762718,-0.20632021079154306
4049,0.21017902491445076,0.08947065724595397,-1.0239390934555261,-0.018847997645669867
26049,-0.6840166378681442,-0.3885500876061878,-0.20442000764533969,-0.24202614476507556
39089,-1.9485033694609581,-0.8063023032817462,-2.0768042656179806,0.1329362557314816
14329,0.23362221283733192,-0.16990403893541078,-0.42846115247903055,0.9668718478664073
38529,0.612953750655978,-0.34781736647344497,0.8353248432618158,-0.27151072349849203
63449,-1.1833237554104914,-0.3576353373560709,0.2599648165463483,0.7160683046140071
2249,0.09445904897785709,0.0079846758575026,0.047474298644266055,-0.11015848144899062
46849,-0.20740839599589256,1.4080324957496537,0.11481590243867847,0.08064960901477829
10569,0.4968105631841953,-0.838062051011569,-0.6928207045662786,-0.24123789559401887
61089,0.5384850305670092,-0.396320303463436,-0.5699096178058929,0.1469497401879625
14729,-1.6739446712228598,0.8801667923037546,-0.19036933653475607,-1.8913403358216136
71649,-0.9639523657851408,-0.3943194803134366,0.36883923877880703,-0.45525455874102155
18889,1.3111517033756097,0.3179506534866659,0.425643309486733,0.5285649113170768
23729,-0.10959957552079778,-0.5124766650543541,0.0037212310545197856,-0.5856122363003149
15289,-1.1008322243665174,0.5341473014711161,-2.0102531682926554,-0.019731954493096206
27209,-0.21366679870327238,-0.2525218669899385,0.4997861239913747,0.36715379705578216
75089,-0.3432700544063236,1.4530299117932646,-0.39024267909024596,-1.0841962929859759
71809,0.9398719885827905,1.255069986645524,1.1152898002986698,-0.6271538784077527
8169,1.9490735277837736,-1.5790312750524989,0.06347912534084904,-0.20371904960506748
75969,0.5796576692593282,-0.29673586987087075,0.5242780498722425,-0.6228929626737056
10529,0.7016470434510313,1.555521428714842,-0.4597837770857261,0.17119906774610374
43849,-1.0211416640228783,-0.5006595500450366,-0.26718493346046696,0.5497922360416436
70609,0.8004655119587016,0.708988500984075,0.14886607575501018,0.4443907076253188
48009,-0.3161100589353515,1.5105664593221644,0.5923343243545289,-1.1789507358977505
67569,-0.40052655816574373,1.5870543206287036,0.42243129856257056,-1.262399196339963
19449,1.3168310253548616,-0.6125926773915538,-0.91491071124676,-0.4084863054658611
56329,0.6672289985741884,-0.24867126247980043,-0.24209611000405698,-0.15950039972439575
56209,-0.9035966196604457,0.1411777968536635,0.0324692092409366,-0.8544147892728301
20049,-1.645832546348832,-0.09273970893935968,-1.7308855157344187,2.3060678694167818
2729,0.23461442779544667,0.23250594589473997,0.21364810834408152,0.10838337996498085
64649,0.7680422677770695,-1.000792522904509,-1.0354150794796708,-0.3125156314798424
24569,1.903518724435738,-0.18222239453472533,0.6879786092731728,-0.1567586960765746
28369,-0.3755679842360359,-0.5759394199576444,0.3224560625363358,-0.47388573915871995
72969,0.48988775781335564,-2.7238923127872323,-1.513618244183517,-0.09549951089340436
36689,1.1313448959987749,0.5285870748931583,0.34244966297752627,-0.20873872412132533
5169,-0.6646922224154234,-0.6724983779998549,-2.646171154369137,-0.5467328021783312
