29555,0.8019416261614523,1.0072859913092074,0.5390093822170307,0.155962627051875
44995,-0.11903161474970295,0.5384227941860376,-0.5515492538377509,0.5744056057039207
54955,-0.8551678830949869,1.036924664393599,-1.1874114305373,0.33905019293512595
65195,1.4094795629409553,-0.8608528124003813,0.4322039867568859,-1.0023386718610272
69355,2.052211340099536,0.01187973467811664,2.3714396434052505,0.5217879641397274
73515,-0.4343220253410547,-0.17959262155350306,-0.6933408245036197,1.073301644743045
16395,0.10277248321701124,-0.1788928396179913,-1.3235443733656138,-1.0628042556268067
5115,1.4365002389998756,-1.768405453856349,0.2356683828134212,-0.15180870501298563
25955,-1.196300243608666,-1.2506655678505065,-0.4256649985129714,-1.1166635610564395
65555,1.416736099905883,-0.3336671415050771,0.4120122418714626,1.4190663967922847
17595,1.14192393232678,0.9052353826256825,-0.017503674942807315,-0.19415898939937096
62195,0.43424981180369654,-0.6448766947401029,0.3402951386755145,-1.7063939543819213
25915,-0.5375475389009745,0.20069962440876263,1.237730980151204,0.24180942294832947
12315,0.7299209025166058,-0.4828838504752662,0.31880528861909246,0.8745214926119976
74675,-1.7544719919857514,0.07091721057701734,-1.0268946939316832,0.6789407712295124
55155,-0.5205759625476014,-0.1834331204921301,-1.6106247579922182,-0.9789933173589785
63075,-0.4153157717544051,-0.2107391722274024,0.8508322615017282,-0.5307916767164298
51235,0.4083362146555896,0.7036194389261425,0.8484937783165265,-0.1551021638629806
50875,-1.6629367135771882,-0.5009003153078199,-1.0113466388390409,0.2922240604255379
55035,-1.3168982268560068,-0.5383998319242307,0.5101040751004099,0.3612740908356779
59195,1.102907488458634,-0.21607163670961885,0.37203338818832044,-1.788591100001861
18755,-1.7828403062576021,-0.009160811356285013,0.9541372045129791,-0.3402932404876221
38955,-0.43056488815598787,1.0859891968330206,-1.2019617674564307,-0.5714882563838747
67515,-0.8889023073660178,0.5570517834906317,-1.004797804285059,1.3164588121328076
58235,0.15582617180576921,0.2531456225492997,0.23133122029627873,0.23075575391734363
12155,0.6482338414962092,-0.7190218997696866,-0.5836734957777636,-0.8886788883411212
36915,0.7142072855002001,-0.39010604226314277,1.1687247583126221,-1.1684839636524798
19995,0.6485732707352079,1.0866835602383627,1.270190058154926,-1.5254804807506381
3275,-2.7757073741967124,-0.3649747041405058,-0.7095557840694007,1.2404529787218141
75835,-0.1307413891645526,0.9696288147669766,0.4949243534683795,0.13148722177219901
56195,2.87791568713052,0.32048746110991966,0.8618880007929156,-0.559100017436936
19915,-0.575469884206395,-0.4875821864255066,-0.04784700955876233,0.1205091661650879
2115,-0.6713087708090072,0.4094543837418511,0.20252757163849136,-1.2260051104006056
72835,-0.06650297347963544,-0.4018933127095334,0.6156798639785772,-0.02322098862691186
275,-1.1515789254809352,0.9970138149779327,1.165601283478686,0.7714986129881486
51275,-0.5519951555287795,-0.3407402745022109,1.23651538775488,-0.04670805906068847
8595,-2.2379930704866755,-0.9137427530612289,2.429213824706996,0.6396908517680631
21075,-0.8483924373374486,1.5435075480748717,-0.45179744145461637,1.54403951854981
18515,0.28688275759114246,-1.9099044844091746,-0.11325578363649688,-0.8295499908284779
355,-0.16546761554237913,0.0330396618477317,-0.025892888124664025,0.24532846957716456
67675,-0.44669114712388913,0.6851263437920103,0.7310222958607607,-0.38000906434539716
41875,-0.2515116938430864,0.2448299229323784,1.1725709342630042,-0.011699495987226262
32475,-0.30513471795908437,0.4169089370558436,-0.8027145009262697,-0.9974281312952523
50195,0.3665007414041126,0.3909038941586025,-1.1063807954302536,-1.19662380619818
44395,-1.5854163593707757,0.6321880300991958,1.1209473440123539,0.02004132182443012
75875,1.120288682135893,0.8620015039996088,0.01495238889686067,-1.031699849711595
58515,-0.6373383669567063,-1.3550635022835744,-1.0156849540296105,-0.8535288941618224
62675,-0.26577393229132007,0.5691289484381808,0.09888160953986969,-2.67273868012543
63595,0.9048818607513305,-1.518271855805794,-0.5299548661151607,0.23206560728774378
34715,-1.9087399262725744,-0.32343959881264944,0.15844334968595036,-0.46452519782612667
38875,-2.0133700096267964,0.4868271720478912,-0.9910866052139596,0.5573512635659523
61555,-0.6343139963024744,-0.413017356829911,0.3929307450462181,-0.027717101968416695
51355,-0.21623713737687425,0.0912973128505965,1.2795257836376028,0.24192175013204237
15075,-1.4642013349564396,-0.5481353280360233,-0.6989897529041774,0.23132080008905245
19235,0.5933113539799888,1.456745056563607,0.5410840137763407,-1.4436125534531616
39035,1.0254283030526925,-0.8602928870731366,-1.651603121357249,-0.00955518630971992
27555,0.03441510614078713,0.4358848083271619,-0.722007621898983,0.0034227338991081745
76315,0.5488853682550847,-0.5636877880682927,0.44655983951954514,-0.1839210342874868
35875,-0.6967174615232921,-0.4800145501166661,0.22054508691857902,-0.5119473861827719
47235,-0.1010850189192065,-0.7475247806369784,-0.4527960227461732,0.3070343491777214
64635,0.45577563730052223,-0.20661140940686581,-1.1703742838132944,-0.8578522019607766
52515,1.6629061266327778,0.8159442864154381,0.6702085277886358,0.8870591473022233
65675,-2.303979000027381,0.7577923409653468,0.6216422449117849,1.7859895346208128
60835,0.8241679301731127,0.1379814940926726,0.5665516206203238,0.7518116157232376
24555,-0.6925956507348807,0.19809766760026373,-0.48690904611427605,0.4574790427977818
16995,-0.7325715852289993,-2.136354151265134,1.1717448380220283,0.46178624434512106
69155,1.2231047269787703,-1.3523957648497917,-0.7482445871959333,0.24547414804781456
43155,0.5448297137706672,-0.3689406289913307,-0.9080003399166258,0.9093820980841841
30675,0.602829985853744,1.2225933455405824,-0.34078941374646676,0.2361830516106925
155,0.04934624763645203,0.38785189829693245,0.24493904853857454,0.4813728497030995
13235,1.6403386285907642,0.409966862589589,0.8335838039415004,-0.47555500709200627
17395,-0.46474087169191386,1.1877209592189908,0.3771749571841907,0.8786283705380885
61995,-0.9516882499174523,-0.3990093188161048,1.4327947726203438,-0.9666451609753495
49315,-1.8408827071203606,-1.303003781309782,1.8270133769691648,0.6043726480597148
74475,-1.22502714173437,2.403904015165175,-0.42948792826759913,-0.462584467076739
38195,0.6039526792292795,-0.47600066975198513,-0.9848244793105492,1.208714123137676
37035,-0.39850306072209096,-1.4574800762096896,-0.5368097180165167,-1.1264463770325706
6075,0.0888550015884913,0.01753731390153694,0.440480229796174,-1.1231545202139335
43755,0.0674847383779604,-0.3775331833008997,-0.7272427685652009,-0.699138325089887
10235,-0.1674041802049473,-1.2863392338642003,-0.3003173957791379,0.8723358377222261
24755,1.7004823572370162,0.2149763485138822,-1.1632388227290593,-1.1372991348202324
22715,0.27147749206007504,-0.4165589824875182,-1.621175974898685,0.044388935448510004
2235,-0.4829163608474257,-0.9861403505143798,-0.2897409873728997,-0.6307860905812275
39355,0.6482553044491406,-0.6077980036840975,1.0260787364816282,0.2430662965254292
66355,-0.16351001291936093,-0.6343952034831256,-0.2792157422579154,-0.02777297597222006
3075,-1.800754547565386,-0.45031682448109056,-0.8552353200447778,-0.46655777244357727
47675,-0.5693736820382688,-0.04695454471712515,1.4967345576251405,-1.7172384826370937
10435,-0.3901838898161735,0.9728911197882556,-0.7191687570653513,0.9910011475422695
55995,0.7999210583047516,1.1682189737489828,-0.9750823105267891,1.8896953430875176
60155,-1.383216353526913,0.6717616848224554,-0.15851475760417558,0.6736967456440602
19715,-1.3154796388203236,-0.44226609382670556,1.8824431655689176,0.05809796756061479
64315,1.0539406903912092,-2.3184031312560838,0.6894065464188152,0.7463379807444145
52075,0.4095085542607398,-1.233148277579971,-1.4750769264077939,-0.2659142378005986
59595,-0.15070115098405484,-2.055687046561791,1.787899477021858,-0.014277899722946076
70515,-2.327948397173696,0.6117962068155403,1.1968241270330762,-0.5841833396131155
72635,0.731564940978847,0.24678417185581028,0.0860441996259497,-0.9648641475608525
32195,-0.6966841289183263,0.6374810865319661,-0.00912692667505855,2.6532400650012136
19355,-1.0205149495160863,-0.3789102174207483,0.5132325527200814,-1.0743571014098252
40515,-0.1395566446205672,-1.7963086093015643,0.11144870963284784,-0.8639771613234235
26835,0.27342339580688096,-1.259785908564554,0.7165617814256994,0.5352072761895019
44675,-0.33428479190181504,-0.30510279835172516,-0.6135552224702657,0.9192651106940439
48835,0.5331952187807736,0.7812171514956118,0.27332646788825854,-0.9428372601486419
52995,-0.9226006982938224,-0.28045677901821753,-0.4630532328113441,-1.1688796898037388
9835,0.16654351658343322,0.25348376205465895,-1.6901137043351255,-0.11378731610275528
57155,-1.1725953580393578,-1.8880300672377366,1.6105239225450905,-1.0626983982284843
55515,-0.7200531338103946,-0.7742819488476465,0.34551272292779145,0.4411568622896475
20875,-0.9751790834932786,-0.0673370823195707,0.2157102044172489,-0.22969396035974302
46715,0.862485981502951,0.18138331491019066,0.19376772700583877,-0.3999794329476794
25035,-0.20401039647760172,-1.1408091952092234,1.7903259129785694,-0.6313390082799479
71395,0.6009080351261908,-0.8746099144088233,1.6983577231159008,1.1032204620329524
73795,1.3922073990321684,1.0694471644779235,-1.0477335573993816,-0.08226183656517116
65915,-1.099195003269593,1.182109274332151,-0.1310262802712948,0.8532055691392151
45835,2.81497577720582,-0.8035941813631797,1.6045433820024384,-0.5025384373663108
49995,1.1065408565162642,0.28158946902568444,-0.826308018174915,0.7476824139241277
41195,-1.314873284553804,-0.0013681097621241313,-0.1307890771902681,0.9252803455268244
13715,-0.37780590806324715,-0.28475603331755794,-0.8977972240922925,1.2556986973606517
58315,-0.03478556763929651,-0.6787298544643003,1.3528444251926481,-1.353722824499976
66635,-0.651701109494922,-1.065225631250097,0.35870180861677115,-0.09126739306875695
34515,-0.16183822131156772,1.0771125685047522,0.17227891021930322,2.033599367805375
70795,0.45168405696496383,-0.6323199331888182,1.5242186387615009,1.1251021246423698
36595,0.5569433059221873,0.24103972173397673,0.29629795946243365,-1.151376513534743
65075,1.4640594831278295,0.06507695207955987,0.5590780178872123,-0.8967840409408412
67835,2.089155717514355,-0.9741809435420082,-0.31555232478942247,-0.04952700136678807
51155,0.8942895852700112,0.7941288827991296,0.13696860476991557,1.0868119527071343
14875,1.4220733879973464,0.578526637023597,0.24975740244664285,-0.09935228696343547
50275,0.16615909696971234,0.5106004707386914,-1.168106999804685,1.408705209911388
14595,0.32628479712566855,-0.30540887294021407,0.5517022102002666,-1.7813266725049557
67795,0.07797287821739113,0.3663272742371259,0.5278095819733052,-1.2608921562562336
76115,0.03992165584383754,0.7172877993864465,0.2331607042207867,1.0972960848477884
73995,0.7131819550355376,0.8011320828210723,-0.9541574630155105,-1.1989645127084194
39835,-2.166815659215572,0.7419800687857058,0.7225527122781672,-0.9160364387083475
43995,0.16993339677899164,-0.40650738793372365,0.6036580380650528,0.14637651174507293
54435,0.38843856294487505,-1.4437475604631227,0.9752743139578433,-0.6429645422662317
26475,1.277257545159166,1.585826385338244,0.9134343799859934,0.14886302522680286
71955,-0.9289295781421761,1.0433419981554257,-0.48929200584080557,0.5056974846996514
56475,-0.5400821402915416,0.5145744513557798,0.3260460049821852,-0.5755350006666564
64795,2.3721292874231126,-1.7504646548067606,-0.9250715499876417,0.10243998381034332
59675,-0.7212252213935028,-0.9775543668118251,-0.29237320166279995,-1.741899362753213
36835,0.5023529626889489,0.2129265029142524,0.7227054926716538,0.5508407520656377
40995,1.618077550268881,1.142926685966362,-1.1689610393379477,-1.0087820129717577
45155,-1.4275308820318986,0.6181419510063456,0.24388169201557391,0.9025193644956531
53475,-0.3972368889372596,0.6924050375370429,0.46559873119680845,-0.571318254243845
57635,0.3510655301778766,-0.8372397050809516,-0.9670559076376511,0.6512598049568009
45355,-1.5102431215398497,-0.4750753876676327,-0.6831081787509121,-1.6908374787735219
34795,-0.5077488387753044,-1.5148631741572705,1.7475160435591115,0.48341435905927144
70115,0.30347487586757893,-0.5459553165634377,0.028994963790430837,1.0118649989182575
33835,-0.12381533522651945,0.2852479486073077,-0.1019641491865702,0.131131966710909
33075,0.1950145198014268,2.1052879250597574,0.5587204752586421,2.219670409694585
1715,0.5576906694712668,-0.6670007545038695,-0.7201619659959261,-0.13154841984729154
52235,0.6512727971317046,-0.6026417904293693,-1.590425068998581,0.7042239267484721
46315,-0.4779511319398012,-1.666385103241659,-0.20629877182106585,0.5660962876210578
10035,0.2185508261724312,-0.11583167280641468,-1.3659492562616036,-1.1781856899429402
31035,-0.7396807067271682,-0.6739365719890321,-1.4285405875670494,-1.2798268039706742
58795,1.3857310270889078,-0.5817603925761731,1.6255739175023742,1.786594280796398
22515,-0.643608686348595,-0.557686473613228,0.07830414566152066,-0.9859443349394873
67115,-0.8616983403478706,0.9063785116698212,-0.5794095608798503,-1.4971513693904979
39235,0.30764222945934017,-0.9300366855346085,-1.001840880764576,-0.0736187498205737
2875,-0.20542494404163256,-0.653118586495171,0.816665031141519,0.5761895610693761
51635,-0.11688402285318096,0.2277966956409686,0.17435040048583283,-0.10497194584670964
33595,-0.8006721993844217,0.20138243386099106,0.03582677900421963,0.6357536726717735
59955,0.9843020940372258,0.16322598526325477,-0.6622556551451154,0.7601542186020129
55635,-0.30984720988267456,-0.4243820714364982,1.041888385682846,-0.33148677026266415
68275,0.863577245796417,0.5509705697514674,1.1589654246755867,-0.6778100420156911
65395,1.9448146988653887,0.9579080855493854,0.5680417068821781,1.1961190437925007
72435,1.996309278737792,-0.772367215864878,0.750037713514964,0.5810808989403453
76595,-1.0715345027379948,-1.3718393659847425,1.3067744333194982,0.9492402417620394
19315,0.4580669001438366,-1.00269804987703,0.7506798459128372,-0.7661034045415628
2395,-1.728794875037968,0.3281746873140914,-1.548890317848156,0.2950456424054212
48635,-0.20903598227787637,2.4966885930910143,-1.6802907761740766,1.2446444194904642
52795,-0.11463117905016101,0.7607471538178869,-0.2354861439603769,-1.1410070704806774
31075,1.8183287546610403,0.8313785972936296,-1.37557289867685,0.13069850264559163
16515,-1.0281201426991948,0.8311911989666688,0.9123621213509,0.10883234995909652
20675,-0.551095015649475,-0.39658778963871627,-0.11177302663780805,-0.984293503927636
65275,0.14207135678798552,0.05493877848803397,-1.0799885473706696,0.7660776163268236
23475,0.6747325825550378,-0.28283044975009447,-1.6201519112746168,-1.218280117557779
59755,0.40860263962041315,0.3243426081723685,0.8468409857222867,-0.8184470093801003
45635,0.5378739269211517,0.7055576472645425,0.0719954077697195,-0.8048381480950971
37235,-0.47175003011405625,0.7833946837691314,-0.3569983920303879,0.6226068845657236
49795,0.2318919654377277,-0.875449488139641,0.6106419994532519,-0.13462890549962805
50835,0.11594852264500585,-1.0365646175250476,-0.14402533658611474,-1.2679458108640358
19275,0.6176108002988013,-1.8234481398378197,-1.6147151721168858,1.3519085482055218
55675,-1.2338186822767834,0.6945343049136435,-0.6262951580837216,-1.1776356106443437
25995,-0.2485644683591403,1.1284850287133696,-1.087951100303813,-0.5234925017358181
70595,-0.35523236051369245,-1.7970454540501468,0.5617362790667285,0.37966140895511863
41315,0.5175501771998237,-0.7239012249101893,-0.15444631971703876,0.1077549420406527
38475,0.9210335619205152,-0.6961532461718092,0.30131715796426006,2.327192623605864
22915,-0.005304114053222697,-0.6838672276612423,0.7354537416929898,2.7511538083774663
2195,-0.021911609429115214,-0.8514561278145628,0.3963462985060519,-1.3689884392531984
6355,0.5951786209140663,-2.9186830313118053,-0.35762805890963534,-0.8151377991336806
27035,1.1796317039017405,1.5493405879930007,-0.3773147856237452,-0.7344902688907922
10515,0.5447599532495125,-0.916915094877565,-0.6920937823146486,-0.4183259618410055
14675,0.6915353816407658,0.6581355588506952,-0.020414105142915966,-0.5962293233050194
31115,0.42405122501290143,-0.6137007432044266,-0.6509765870112953,0.4685594950563374
18835,-2.7935474990137545,0.07182637484744481,-0.5504783810632817,-0.01048436356853614
54675,0.06648577192207276,-0.13558631305125007,0.386304800570509,-0.2542680036208743
67595,-0.5370151610103253,1.860090818892165,-0.13835957822638006,0.5969691632020505
31315,0.9290290791060204,-0.12245132612585748,0.5249103236130972,2.2172491378442136
29075,0.608025833930832,0.06969307498569341,1.917167733350916,0.06382494599834837
75915,-0.160098272901033,-0.068134861922692,-1.5507877062018673,0.0694984314229096
54395,-0.3988479047970549,0.7405728074837934,1.6999604958133907,0.8762823230200727
39635,-0.05889175185949758,-1.058025583329906,0.7829403375665146,-1.314686635632701
43795,0.23824451718643738,0.6336702455942343,1.224768798425398,0.47289393379498607
7515,2.130453384496736,-1.0483315034514116,0.0021424321583326483,0.8375685547945096
67995,-0.7052541026235716,-0.4062303615319171,0.2552050870010555,-1.0284609190305676
15835,-0.5696774484198115,-1.1839793834494379,1.161000203930756,0.4401876216099904
21675,-1.0781716695640664,-0.23594401649260602,0.02768452866821667,-0.7971877301606325
60435,0.061802110982527185,0.6274351302425081,-0.5562518367708438,-0.18202591695369252
24155,-1.0677886617909904,-0.22215920808756262,0.6082218568240206,-0.4649207786163938
65955,-0.23017183787458345,0.5808968190286614,0.12823425023689705,0.9427681908630633
68755,-0.8057340945572639,-1.2770969068822584,-0.5146413301708607,-0.39834203174865285
72915,-0.7010657180269987,0.7786572220169649,0.11170641556761955,-0.9713012071904252
77075,1.4045564477582593,0.44899344482669706,-0.16270993593621064,0.6208431394304605
2475,1.2971784338589176,0.606402031756301,-0.17480652260296112,1.1444761033536097
8675,-1.296177783743342,0.6628893433926023,1.6124387767559607,-0.34582138606217633
12835,-1.3362278929005942,0.8264092202804948,0.7182620374985542,1.103989138966455
61875,0.43679808216534977,0.6053857585367742,0.831486547676593,-0.07789756797461732
61595,-0.7039707415895564,0.6349212000619165,0.16081924770925388,-0.22190840457509423
76395,-0.47486268024751205,1.4753762128410264,-0.6357296303414344,-0.9064617046845436
70075,2.055188583960936,-0.9447380291115361,-0.13425796902231787,0.0018212074998541425
37795,-0.6268895150564097,0.37071838561321224,0.8634397888682883,0.3423846638992835
1515,-0.8810302212719302,0.37969406522911325,-0.6541739903581738,0.6485661578220622
6595,1.182845113821701,-0.47289009088068845,2.0324720782880257,1.9144019594146913
13995,0.5122564696600636,-1.0619750819203135,-0.14919853104245942,0.4889370328841091
62755,0.47234881551531505,-1.5624882674150773,1.0384888204047833,-0.21412746338512384
35275,-0.1781172285943203,-1.0489845389608103,-1.488336136759735,0.3865556337367256
1435,-2.0023033247411437,1.104576981970607,0.15468143391757574,-0.18593470140486912
75235,0.2109771782442525,-0.6168883763663113,0.5616707926180105,0.15359114441542293
22995,1.0580579843594873,0.06653019355828156,-0.5625695695675593,0.7230345643546126
47275,-0.03708598490650434,0.5157051628456015,-2.039653427629085,-1.109890089478817
15115,-0.0716986131488423,0.45361396934237486,-0.1301995068153065,-0.41201200044158653
10355,0.7366624708554286,-0.6452297284130485,-1.206192902149667,1.5929462057209878
10715,-0.2912149724497124,1.800151439091336,1.2139733919540237,-0.011414108224304281
28795,-0.8182426394183335,0.3679145121776433,-0.382686622753658,-1.7127642978374866
63915,-0.7910513838440153,1.2844075354207638,1.2635395761987742,-2.1232023268419065
27635,-0.25031158201324644,0.4438154880978418,-1.1081183685618963,1.0356905849938707
72235,0.6017631053804837,-1.2255542013513134,-0.23421601999757627,1.7676189688719295
29155,-2.459012559926682,0.5770020944385492,0.06615421247655202,1.3462894970331032
40115,0.24890317062450865,-0.47049769919081635,-0.39372900755198736,0.43266427801421425
3835,0.8869169919822414,0.917382678248863,-1.3035207862026015,-0.19449173824148572
57835,-0.01219123946052994,1.0865761804725977,-1.4832309875015535,-1.3494695288708438
56755,-0.7643316447357794,-0.11097259341935509,-0.8720296189991993,1.4270534644509028
74595,-0.5835160997632654,-1.4912981733942505,-1.0457051565254443,-1.6383083851569906
24635,-0.7174233871577844,0.07145438755393907,-3.122473362100731,0.06490227096575814
69715,-0.14046507314880005,-0.8931134003834355,-0.1920138018796862,0.2148278352693866
32955,1.3246173988553376,-1.6392346693536357,1.3888902593462678,0.2312436180378807
41275,0.5178693225924317,-0.07375610305566264,0.3363055182082222,-1.7778031340001648
74235,-1.392183192543108,0.376924259249451,-0.6004029742028613,-0.2516315225115445
64835,-1.1666414140245738,2.8168050505059714,1.5647458170117314,0.14135284252738028
49595,0.1006015507895133,-0.07819777564383248,0.9882867214921347,1.070988339526224
55555,-1.0895334092833528,-0.703970357874765,-0.8574492981750894,-0.06922062903239447
17475,0.9150975185194031,1.7099730452766584,-0.1852409747336487,0.3813889010315654
31235,0.39391485708449486,-1.1125980784791356,-1.4060923830795484,-1.4347630650521146
21635,0.22170435197915989,0.8321798374038178,1.187239093437868,-2.134559478719363
25795,1.8318795068357312,0.6125028195738177,0.4453932100409514,-1.5217608103631695
74555,0.6553693817750927,-0.32727877910080116,0.5590988118644125,0.056619674052320663
39435,0.3692759956174887,0.21211384399823177,0.01855762155042774,0.7836282580699065
38275,0.8612031622290744,-1.6031185631000657,0.7593812629273103,0.11921883891167197
1995,0.30324565514885654,-2.222022943877328,1.3847238417064804,0.5276910058832253
73395,-0.5112882350024173,-2.191595066759401,0.2557910253538841,0.6682512466446513
26995,1.2959399608113014,-0.3407168636249515,-2.5985379539578433,-0.8751429074680638
16915,0.6698335751723526,-1.1446563249829604,-0.14489414524448013,0.17034259542687408
8915,-1.9979608671678672,-2.284532569794851,-0.26011612102267245,-0.15410840909939205
62835,-0.9267631794977796,-0.9474132717413333,0.9291746822562432,0.8189000901711366
67395,0.47352162418689625,0.47353485250472926,-0.756267025132932,0.6506719010557742
35355,-0.5944302626565878,0.6921790943577423,-1.0999318411890489,-0.09330028776694912
75715,-0.3489615985152292,0.10134695781966135,-0.4160520536062347,-0.7891402638327941
31995,0.13658289356889483,1.1360206971962565,-0.048801834039134837,-1.0761523619505124
2595,-1.0635521568618396,0.8854633262874716,0.6908589277060077,-0.7328129723582266
7315,1.433091721482477,1.425268816480009,-1.6521229928316319,-0.8280128077013366
11475,-2.366732398299451,-1.9962694533625622,-0.6980606502627534,-0.7862937875099333
15635,-0.9300969063880459,0.07818682487419007,0.3237012095608629,-1.1202318364745731
31275,-1.274850176061448,0.9638520904534124,-0.6591794873428434,0.7929790937195951
64395,0.15218084749322994,1.4398822500119257,-0.6500282036613231,1.2205949855677756
68555,0.9434335355796257,1.0898318846129555,0.9443581857998155,1.1881085307788255
76875,-0.22710236111569657,0.5618250747528538,-0.6422467905932889,0.819827722105815
49715,0.5993941282191333,0.7985400350398338,0.5286229818459461,0.21775793041050978
72195,-1.6527061620228143,-0.20492030598192007,0.9084373432572994,1.2036142382933517
12635,-0.6625824674144655,0.4628073286458756,-2.169798379367728,0.2337906402795949
57915,0.9594648058190909,1.3102397462312974,0.5577646272493206,-0.7670321621632205
57235,1.4189217499279392,0.4336143718530048,-0.8087482842534,2.2559267885781837
55075,0.6751024162909662,0.5342314719558432,1.6640998407101946,0.14802858118569057
55875,-0.0337592535487314,1.8377229378019113,0.20902417568917395,-0.44185512758115814
33435,-0.637180507589464,0.7653065003295975,1.1766439035744871,-0.20070944607550195
6755,0.17292503083148458,-0.23570372625860672,-0.9044908971704358,-1.244154069992143
48395,0.004011667705767095,0.8533025085929922,-0.19015523317955083,0.10739585066956643
20435,-1.7085399718557184,-1.0976717865566499,0.42277768724868514,-1.5514009166390057
43595,-2.1713966602646697,1.2791899875418824,-0.13816160527290486,-1.9347083589699543
9635,0.2843764906051889,0.8744140167326269,-0.9447774721851215,0.6560528066451364
58395,1.186951678535903,-0.3617356014490423,1.0082069687147213,-0.15464055477256566
62555,0.3682780785321791,1.2234214083428785,-1.7776142625621434,0.3839660069005532
51795,1.6995901297021363,-1.2365677936538124,0.2614920185624801,0.16754665462537852
66715,-1.1320062593103248,0.09504302926722343,0.05582204851528738,-0.9619125373075768
30435,0.5270452678827374,0.4794069379453284,-1.448935509034631,-0.7617691837394872
47795,1.30855487615985,0.1078668118817375,-0.5931119463914298,0.3739399228048772
19035,0.7749624036936489,0.21800235805948576,-1.3263672820679695,0.7887943234641491
68195,-1.006909965172815,-1.1719751671571115,1.3448302351622832,-0.5560511096955483
56715,-0.008390310249425308,-1.4577159751559912,0.6734351549181579,0.6014272692856494
8315,0.3185549940052061,1.6706613582687326,0.07344839554752622,0.20285914615030393
25195,0.5550565537927371,-0.5956491966435016,-0.016818383193448836,2.151875486867456
61835,-1.1089512162570598,-0.329903507726229,0.43807159922067107,2.119583676995001
39915,-0.42755601986951447,-0.021150355972327582,1.233170523718999,0.4167256128200526
44075,0.03631035343447375,0.4572215003730893,0.6100988374242632,0.43409167301578555
53875,0.19265208296817332,0.6066860251275585,-1.4756575267977137,0.5750531978925714
16115,-0.20760166978065484,0.32278806465294946,-0.18096779049314202,0.6334255201882675
62075,1.6280038551998104,1.4860772507585862,-1.4400529717362514,-1.727971421592401
69035,-0.7044180098228457,-0.9263873051592052,1.3901123515449803,-0.4175598405136869
39555,0.5816256558100404,-0.3025443504094146,0.38620073678248573,-0.008432530790824866
9115,1.1606138249649776,0.36852138726972483,-0.23598523429959323,3.2405817368405128
5235,0.19365730192024114,1.60625299351002,0.7589060577434038,-0.48789009677470596
40675,0.5391116808346317,-0.3335635886179147,-1.6345644763420533,1.7203209345092056
22115,0.22660163049250903,-0.5610930762485052,-0.2661465543376393,-1.4112978810864705
47755,-1.1418126587681172,0.3555142795791914,-0.9296868173534825,-0.35765209396655817
73955,-1.4248472348966763,-0.18589456984842867,-0.48311909329998304,0.7356539822669919
45995,1.1636742696964901,-0.8091056955540056,-0.2795930986205858,0.7480913785174592
66035,-0.2120641233368694,-0.6738578223743986,0.04070507818910447,0.11672839773933626
18035,0.5366099120546008,-0.6196735479758869,-0.1864821967799523,-0.7969977596896792
27075,0.07388408083633811,-1.1030129523922332,0.5571310196504561,-0.36889711650260937
63755,-1.4688636227301546,-0.5440263791030848,2.0311290635499897,2.6125015355142693
35915,1.0856369310544018,0.20782886215414026,1.0788288625250053,0.6884911779857597
46395,0.6489061449043202,-2.169925885747,0.5051902696567258,0.18597350678590407
23195,0.00011894559402198474,-0.41760503540843663,0.6181287243864347,0.4500466863986762
54715,1.4513500511300501,-1.922866425274372,0.7990436136116702,-0.48024134757274034
40915,-0.0166119922365003,1.2262826080732527,-1.009657958789062,0.6395844532342625
58875,-1.6454318442793574,0.508947470642448,-0.31834368985822953,-0.6421890018574566
22595,-0.9552140558187472,0.9168139252217511,-0.1290870926155394,-0.43297942729147443
675,0.24029788342050848,-0.06420701612596473,0.6306919166783369,0.724910295248006
40235,0.24482145536392438,1.7875896232928292,-0.39837862808208324,-0.34484749716787977
70315,0.024451153537376945,-0.7135415142965749,0.2665480590761849,0.09991018851739812
47555,-0.41558393792351117,1.2713725355947392,-0.474223755265825,-0.11052240763223271
51715,-1.2414360653659233,-0.46897188023190145,1.0986187006956531,-0.308522551134068
6835,0.7114334484975867,-0.7290558631526038,0.4617255418805355,0.4053915519413865
64195,0.9486513346715687,1.3487238782928475,2.278004296921738,0.4150927722139177
58475,-0.3806237432088556,-0.4097404365309369,0.3232733476542505,-0.1430150303467054
66235,0.8107088416907832,-0.23783352008275102,-0.30278461938356743,-0.08883594837216933
4115,1.2152497319200632,0.770342104031679,-0.07678671672597684,-0.8944885176395526
8275,2.2300063283087734,0.9627962455680008,0.20161050327808896,-0.054345023130215483
55755,-0.6191697243571236,-0.08926472379764096,1.0525793741988467,-0.6974840874772367
12435,0.22481005842561005,1.0660369604102642,1.0568458526620255,0.979334860950345
16595,-0.43958886198165165,-0.1950369839710308,-1.3667172028358003,-0.06150649027683755
57875,-0.12422276257129546,0.4916856382214687,-0.12416805975008208,0.7303585120675394
24915,-0.13678941317386867,0.13291866591513118,1.6866045139541714,0.08694130405924963
51915,-0.5991385960898582,-0.28891493431315274,1.1197764078135621,0.1470947028301722
69515,0.7858443668025274,-1.7206198682968668,-0.7947111139231681,-0.6456134491313817
1115,0.8600530012385095,-0.5816252634207983,-0.063068274424192,-0.30151683953840275
29395,0.8817221105858905,0.14507521852236355,-0.9168563578565351,0.7488977389346276
27235,0.49135095263118433,0.2090442762590558,-0.007423074148906382,2.279660968614616
76555,-1.216241016529894,-1.1705319207397178,-0.6586234303728788,0.6951965688568225
57275,1.0853780317967394,0.04413647758801192,0.9332305564859492,-0.4103391479931014
6875,-1.056456754587282,0.012028085814660335,-0.8598528103592438,-1.218404536018158
62355,-0.2563880993556825,0.6625601484806599,-0.4668206213947316,2.856186691999876
66515,-3.02702399905969,0.8442694616630072,-1.0870606440828934,1.1827467022423668
70675,-1.4687983268242977,0.6933935090467425,-1.6232547108940207,0.30190868611397903
74835,0.0853553450273445,1.4838743383307427,0.21697414654812813,-0.4989530358647673
3195,1.086683919673179,0.9544000746330837,0.778926015981245,0.8316670610990562
66195,0.11994195267900355,-0.45905355871062087,0.14405095389180422,-1.6298347012294043
2275,0.511874759957527,-0.9340614077009091,0.5898593138613694,1.8753090322121053
46875,-0.36790067098789153,-1.6082888259381454,0.14228869425624194,0.11746488668351902
3795,1.316759426277695,-0.5536158279772144,1.2071516271370226,-0.3137837580370072
13035,-0.008803058330253327,0.3227624754311529,0.8173168676263675,0.6293890154659635
14755,-0.54330903558395,2.7257242724530246,-0.2422080817335747,-0.03196545593083457
56675,-1.0292649234077114,-0.5847502369447622,-0.301448201332151,-1.7375660997592977
63515,1.206027846718836,1.0565594394268853,-0.7159921576249837,1.6528990464678779
75115,0.7447881267106532,-0.6596661085215673,-0.6459158105691528,0.7520307668336099
755,0.5366158524138477,-0.8274735636279038,-0.02047600893583666,0.6583237374153827
71835,1.3488141744144602,1.7783339929074504,0.22713612488177265,1.812065829474312
75995,0.5125886735676802,-1.0726938199392309,-0.3766334043750072,0.8442842161564247
39715,-0.6303933861129422,-1.3720747530040718,1.3610066703345045,-0.04827899665618274
70395,-1.066193247306724,-0.4354785429681566,-0.23339207549039018,-0.11733814669202472
48035,-0.5182384547434189,1.3089656481150798,1.7747252132110067,-1.0380984969611622
14435,-0.8518806023398154,-0.05746052212680839,-0.37746462412492054,-0.09470814352175798
15915,-0.8449975641502743,-1.1303779238436242,0.024272979150162594,-0.665666423301895
51315,-0.3957458986600563,-0.8575979360511431,-0.5440501175927737,-0.30571747870748556
68355,0.04885222403681084,-1.332798148195879,-2.186051340233923,1.537940467627795
46555,0.5061864080347582,-0.14601272287887623,-0.19537022371694682,-0.4540062490560502
24235,1.899486957559001,-0.6758234496456901,-0.5173073707330155,0.17684296547908618
72995,-0.1091591922173404,-2.5296173241725266,-0.7374250737346394,2.5706285696720435
56075,0.8404186050209588,-1.0403075680523834,1.3907294456000672,0.46890499255128754
435,-0.6772934048255544,0.02460573743299947,0.17989793481630548,-0.7367040872166972
4595,0.2973920137671323,-0.757595349033863,-1.679886498889317,0.4329596891222371
8755,0.015557883383767901,-1.1723261214643068,-0.9216549766677484,-0.4613223424348982
54035,0.5203503050371504,-0.5903308469471655,-0.3700815386842828,-1.161231754493088
57515,0.12905885305325376,0.4973999104704093,0.4877833360589572,0.0030054515538326648
61675,-0.9674502123405703,-0.47832445468962037,1.6637887171469081,0.7365267890297797
11875,1.3033952447270534,1.296303295768356,0.6981524541046965,-1.6795014274104207
62235,0.8252441817126012,0.6202821455784149,-0.4877920285957603,0.06090560237255873
33715,0.5200688901926789,-0.7989855884461521,1.172254101506974,0.4859994179058031
36435,0.14432270581145512,-1.5646182681152623,0.24726202132055822,-0.3457475219806512
18955,-0.7473595409650348,2.0972421678502458,-1.2120374887147098,-1.2537553464978117
31675,-0.8627893515181405,0.3759673027387539,-0.021770103765279724,0.8023503012410615
42035,-1.1971184864440048,1.1458522977252437,0.1228747807336802,-0.2811356924594539
29475,-0.6064656521152509,2.6158804494672867,-0.2487660683535119,-1.1351638609456989
73315,0.984949057606503,-0.4553826328739152,0.4862969795072368,2.0578586656517612
58675,0.8529132837239554,1.0188265261310419,-0.20295731883085144,0.382652716056462
27435,-0.2089840216526587,-1.5378954468930528,-1.562601650069547,-1.5238540611853304
71155,-0.5987897541438538,-0.43383696719160736,-1.7267408638330364,1.2835558504930682
11635,0.7605574388878201,-1.5752265417138012,-0.7268805213300499,-0.14789289178431406
34835,-0.5600394577993882,-1.1565329196176692,1.925898229514577,-0.4542657172682728
4915,-0.0737700426603191,0.008955181090548903,0.1673113395270385,1.920181467216992
43195,0.8382012582715169,-0.9720043755216771,0.40974256255123104,-0.8446459909155398
2755,0.15507119217454388,0.5425465656506044,1.4259739175579602,-0.4575480798062582
26315,0.9250426872224985,-1.2204335970135087,-1.8166864180826863,-2.8450171153675248
13115,0.16991799733626006,-0.8232449465938841,1.5156704385582043,2.016679068837129
59835,0.9107467318812903,0.2067517333089992,-0.6250931549711858,-0.12394576575319764
63995,-2.344233794213935,0.046765121662430575,-0.43926500786847644,0.685530843814929
23555,0.3317607213951737,-1.1573402149959322,-0.3969771941362331,-0.47400414045045114
68155,1.827831483245238,-0.821595611900762,-1.836458632678582,-1.3257476677164868
72515,-1.252890899370634,-0.48852106095011916,-0.46000638921808884,-1.502718206908453
76475,0.6303576486182656,0.8587311304820825,1.3727686236957917,-0.339950981231427
36035,-1.0410684500864908,0.7796715724601452,-0.11097328722449858,-0.8205551225026863
40195,-0.32882297643328373,-1.4198618024936793,-0.5251191650867713,0.386497272086576
25715,0.08365717301507719,1.5469563698706748,0.2910561323950437,-0.9036851662759742
44355,-0.27047009246337217,1.9046954414629558,1.3156527202641803,1.1698607761157092
60235,-0.32565331773342077,-0.07280051490492735,0.22690568701579628,0.5235074473039758
8075,-0.30975040679868293,-0.6855091497236179,-0.5255238385625205,1.6864604538081962
52675,1.621864196465462,3.2452805233429154,-1.463570719209559,-0.2540475161693716
56835,-0.6942096784073224,-0.5829830874243135,0.9243660620460596,-0.7179204059389357
47955,-0.9969505026408088,-0.7512303856933858,-0.45759857197906406,-1.0892287290708527
69315,-0.8906812083595622,-1.4488156232176876,0.05093570568632,0.15177694819090742
73475,0.3157545720570022,0.5657138883146343,0.19902310785441438,-0.5573064957783208
35675,2.097731199379128,-1.2569354135440747,1.2994126504807484,-0.8626934471410527
915,0.3915841546281962,1.8579117021741351,-0.2590105004518023,-2.342108318142499
67075,1.539046500747755,-0.05689732472899561,-0.10371350836771193,-0.37164498383049316
45515,-1.0877099001555874,-0.48117716213348466,0.9819089598029362,0.504277688069932
43555,-0.7564295421666256,-0.26796168688815475,0.9009571659927147,0.21314886893433793
53835,0.2704410479100956,-1.0910148063960547,1.5474104309039358,0.538846316298291
23395,0.3550094143135994,0.8542605350188585,-0.09160047905321837,-0.036488872651621505
62155,0.5475898582128804,0.89745392239313,-1.1693051860202879,0.7388122010628828
66315,-1.1570459619869324,-1.3051472694738082,0.2491840506132399,0.33598498525176596
34475,0.101349506871803,-0.24950201744560652,-0.1625823519660678,-0.39737161818999217
30035,-2.01771661551778,-0.3247117360524654,1.3119699178480224,-0.10946093421291812
875,0.27162458303694303,0.042641076208247405,0.5079002609657843,0.26942138648889846
74635,0.28545133447335835,2.1789891322976245,1.0918623439852535,0.8989050146583727
2075,2.0948407918852605,-0.16396518315835765,0.7918469533193055,-0.3435404797323837
46675,1.1602662735650504,-0.9692461682074756,-1.2042631236197965,-0.10777032663910739
60275,0.7325690931488471,0.318866628024445,-1.1900220853715526,-0.5703516742212308
10395,-0.8750996043588761,0.5780275930059322,-0.07601865566962564,2.429268398820904
54995,0.12182017515244835,0.7993275076344618,-0.05613327964092591,1.1764806325056791
59155,0.9657849328711507,0.9147274874943541,0.7559562932572107,-0.05153455404488185
63315,-0.3499011461386463,1.0403680831421167,-0.8386115386622605,0.4129648998351183
27515,0.2523437950024573,-0.1393210737064298,-0.01144489377962794,0.028044811625938873
67475,-0.329633311018004,0.35578517706112905,-0.21436160460149048,-0.22645246909687072
75795,0.1864630852359314,0.8108730548883422,0.10101890437655625,-1.0615774536251719
42355,-0.6123575104131088,0.03177759343525932,0.39503281873976087,1.2366929953854697
37595,-1.330331866585253,-0.6045795705957416,0.6728575284743281,-1.6129690184391494
3235,-0.6516605954962749,0.9220618156873516,-0.35697216272707144,-0.8475431635781254
47835,-0.8199051111004433,1.1231624191907772,0.8949785370275403,-0.6142665771062007
7395,0.0077496749562266844,-1.6560135088843744,-1.9609807294445856,-0.7891574872264407
11555,-0.3717794422533528,0.43789381000725924,-0.011129266961877368,0.9273568181278921
2955,0.6773525606059864,-1.0789627795581187,-0.885200273292117,-0.31058459497054636
60315,-2.27674820323238,0.49174023055229915,-0.005632035195232764,-0.7119386989863007
64475,1.5324635916698461,0.7973557497851069,-0.9478520604896712,0.4057898738051257
115,-0.4757292325504873,0.16475186318068263,0.27705362564381475,0.5828834335857335
18555,0.08014467900911978,1.7379999185710522,1.4644299154720097,-1.0705076172854096
5955,0.45055981364746295,0.3378437916676268,0.01539769484964834,-0.4860037649383676
76955,0.14294784202756075,1.5401892014597012,0.2814736902375944,0.5057914992346368
235,-0.39556359686226994,1.9285746729944706,0.1980704562474062,1.611168016099957
44835,1.4556197314973105,-0.4423861019214932,1.0527419754545464,-0.9869687948262722
8555,0.2910369217307009,0.6024056753872042,1.1404654948823756,0.03526963732097533
16875,0.16330982994574705,1.503909083935512,0.503608765411504,-0.03328799840143388
65635,0.10742628957375795,-1.4334592498255194,-0.7242940975579749,-0.9966701677585542
33515,0.23949403436571273,0.09201867306687755,1.94024743674936,0.17463028790696034
37675,-0.17365866256078108,-0.9799458439966513,0.18577142756103976,-1.8880594088744074
41835,0.6102123153832112,0.20660418242665002,1.5119154254082898,-0.8569504435688938
5555,-0.6448610142549662,1.4808056393333833,-1.4668091686595524,-0.4529350608534984
9715,2.2343574289041137,0.09519526864095058,-0.8224942778640121,-0.040570388305517596
13875,0.9859797297392646,-1.175248162609243,1.4249538548996756,-1.668115991054312
11195,1.2482136170343607,-1.2755482435268748,2.324417203585671,-0.9137076877638697
55795,-0.8510889123784781,0.923631315620899,0.19921740847403294,1.101082589672588
22195,0.27784257766403303,-0.010222840614066198,1.517217991017927,-0.054798761950273646
66795,-1.047108916419407,-0.4450761577345983,-1.9936515312232252,0.43053447183193444
58995,-0.4985776557473557,-0.4291931151783527,-0.6580220223408049,0.6265663382438755
955,0.4810391134113786,1.3949990849489227,-0.2836030220063617,-0.7350588368616537
42995,1.7422447400582737,-0.7025837812683386,0.9151646920909126,0.5493472436873732
6715,-0.054006918780997046,-0.1571965029483064,-0.5032191742272841,0.0032426766608910397
70475,-1.0915594546733942,0.3662430714239368,-0.6046574427733828,2.1443617036927463
15035,0.5912484920288396,0.2580500737465711,1.1461971082444369,-0.13665943300684183
59635,0.7965837260988813,0.8446298490253781,-1.0103107385791077,0.533565615213551
16755,-0.48597216982784036,0.28471220875004405,0.21644968889211255,1.7852263549522172
35195,-0.34167976157120133,0.22877350725690665,0.1266144605508563,0.8506336121356187
67955,0.657237630636902,-2.4128840550865602,0.1051589519299015,0.7288306595537056
72115,0.6210455392008442,0.5242427578527316,0.3418983530742839,0.6173738300508417
76275,-0.8949363488246612,-0.7742953776943248,-0.41134127653743585,-0.26123840754682215
56275,-0.10768354736821281,0.45487330355328587,0.3731789824389715,-0.4946968806238667
3715,-1.027619325978059,-0.5421278527321417,-2.8270561858937993,-1.0911245129953249
48315,-0.18235701860780495,0.13203455714642492,0.6202678946221946,-1.1032814745791735
52475,1.4196565470422593,-0.9662479343655808,0.6398649040480532,0.5866620900264362
12035,0.1776495869113007,0.8408969346037444,-0.06479598492462106,0.48238961300339317
56635,1.24631114742643,1.9561895674979606,0.3041825825796048,-1.02861938120913
16195,-1.2032781178931566,-0.008045064198157967,0.5081396124912506,0.13773519814756924
54235,-0.8612416273198648,-1.777586533914684,0.9355107327930491,-0.7099083664511316
24515,0.4296085361069335,-0.8793526880011021,1.3164057211838331,0.8692000374204155
28675,0.9700667362730521,-0.2108377350973633,2.3382986179563243,-1.7506432702893124
76235,-0.0526321745498659,-0.5265858706461112,1.2732079853476512,-0.6906977306839214
52195,-1.5887894453200573,-0.16701161789552546,0.5451439103936636,0.06784806344788323
25075,-0.26861707102777077,-0.37690356052002705,0.6590741549038357,0.9987628043182827
41155,1.0727742004880125,-0.3524433186803813,0.9480861698089462,1.0933583779962612
45315,-0.901462481540506,-0.39669332048954925,-0.6527620905847514,-0.34913596321012014
49475,0.22130814472130908,1.0903769821613685,-0.38924695014825883,-0.4883405164610533
50155,-1.089082669514547,-1.6781715515261493,0.5820200349218436,0.9484915576780288
13195,0.17052021327181272,-0.2573361210081304,1.5345301641921942,-0.27156548927939694
61955,-1.9089943877690259,0.7011039049461315,-0.10195497109958183,-1.2037194101788513
57795,-0.15445720991828438,-0.6546500051942906,1.1590815264564374,-0.7497608709924266
21515,-0.08101021629425607,-0.2552653803733913,-0.9569860459497905,-1.4085872732726241
75635,-1.1244827702483258,-0.632722121608253,0.7251804897454415,0.0006527501909587572
66115,-0.2394949821596674,-0.054266917864910856,-0.7724215528045781,1.1976088404849352
37875,-1.7788696382187041,0.3227446976316322,-0.9692720178165227,0.47470656105154396
29835,-2.3492545469079076,1.048959783225376,-0.6633077884508904,1.286039892872942
1275,-0.9165749143114592,-0.6753647453349855,0.6604823487949363,0.044313148537829486
74435,-3.654706731724141,0.13158979620982145,-1.4055830257707012,1.4290251329530284
1875,1.6235220443894907,1.0814403069594374,1.0429163776303598,0.50556804452612
35835,-0.30868806140109073,-0.1785481856975734,0.9657812599870048,-0.5789041979029581
50635,0.2909104430947397,0.5789380471705488,-0.4828454885262492,0.03291077560999194
33395,1.296421443291256,0.649051454300188,0.12803975702627246,-0.8478169627673214
58955,-0.7544926091607143,-0.6296982670769252,-0.8825940028619277,-1.7502332276172365
74755,0.01147221116202512,-0.03002026105750679,-0.14150609153414845,0.07841723582991257
63115,-0.8478869096462573,-0.6730565185088516,-0.9177716722438921,-0.09188162373607972
67275,0.5072801875008884,-2.0444986309915874,-1.2789142530322026,0.5926080222107502
71435,-0.1449520923224321,-0.87036299304695,0.19857593118941283,0.2774203726704195
35155,-1.8135522354551443,1.7674378243393911,0.16799475795674537,1.5298958379911238
62475,0.48092570901652737,-1.100834524724592,1.3289855322764403,-0.6838976193859807
3035,-0.00048201669735003887,-1.1051124316721441,1.6837466813040334,0.4317472354382266
7195,-1.4089465131111865,-0.32019352084085356,0.9989665005893456,-0.5485055279664091
32795,-0.8449925740071335,-0.05696741907712462,0.2668149590833574,1.1491317574788655
41475,-0.6260649149842287,1.2781984604086403,1.1059260651426983,2.024213726305217
15515,-0.6438399889995101,-0.0022867551301026766,-0.269794314159294,-0.7547947399523518
19675,0.6771196336389258,0.03570440434100929,1.0470470385833923,0.5619322662389156
64275,0.4233061203339824,-0.063501036013527,-1.2455321476686705,1.0747161231013942
68435,-1.1115271782593394,0.5286909269469386,0.7563552483368817,0.290448911012881
68635,0.017312000493769034,-0.8398420890771261,0.004326608672743518,0.263538791764609
36315,0.6884458979946995,2.735935390617585,0.47233988383800063,-0.5845169857287695
35,-0.5797103913217284,1.877746255387849,1.4209453726008492,1.1333675348831709
45915,0.47268963279716025,-0.1718084762516609,-0.870775414905359,1.578943980542187
48795,0.03707771632335346,-1.0484995267411026,-1.7480698452207555,0.18648170759907995
8355,-1.2720436337206447,-0.09280758596965911,-0.549096857701183,-0.9891167486627715
55395,-0.866997928214059,-0.06388340974533384,-0.09868360583366545,-1.6183980401831584
12515,1.517841649918271,-0.9840918451557401,-1.2614390992372133,0.5190645566116132
57115,-0.8698586712001775,-1.0034053023516487,-0.2726322768956811,-0.0666082455220597
64555,-1.9376833818945913,-0.9745415729431016,-0.6573536796789957,-0.625811831246734
69595,-0.31481398518057707,0.1878063633883091,-0.17887044770530874,0.14590684007226057
73755,0.9136090693855138,-0.20232438947216708,0.2027007884422274,-0.22050477818574046
72755,0.6856752297202153,2.015555344755958,-1.689834386650279,1.2944279319205367
13155,-2.9329700948047535,0.23643253550545792,-1.5204258526808374,-0.1651317472503197
1195,0.6748564086287726,1.2072631012672008,0.45989897015569947,0.26122952614381945
54795,-0.6423889633725178,2.1886775497980655,-0.395889097226883,0.11728866702169385
5355,0.7005385832934328,0.9574859685388034,0.6620104740454859,-2.012452539470893
50035,-0.8455934287925091,0.2707752995380003,-1.8967642013483832,0.17555122796625833
9515,2.2498774939955433,-0.712776032039326,-0.29550969548382755,-0.42184356874692625
28155,0.5863759436622185,1.1908714285159623,1.0196876405582112,0.3708274124619385
9275,0.3446571353496269,-0.3932908667127902,0.9488646632545635,1.1204711536588559
17835,-1.355191309896995,-1.7216274194625452,0.7339752291057725,-0.10758750088317656
21995,0.7502334772071232,-0.7050642334544875,0.07253930248864116,1.0903445440626556
66595,-0.6544598009963749,0.519012103873441,-0.7733525894760457,-0.2945168996900412
68675,-0.4081634835296624,-0.2375427818426599,0.4476553954474876,-2.522761350598088
74915,0.8169573448722072,-1.765286908130226,-1.1556763728239308,-1.2488295494065398
7795,-0.5708013684362129,1.6156548968730327,-2.36710924215883,0.08634164810802601
2355,1.0624984104600301,-0.1084666278814265,-0.49631557746093796,-0.23150197128073252
25675,0.14187594806800988,1.1881186616095978,-1.0585819392329636,1.3796179752675952
51115,-0.43681760050278906,-0.15527304728352212,0.6546731615513511,0.500042422943528
55275,-0.06545382500925723,-0.7817909445423513,1.3385114564276983,-0.2521741559747492
18995,-0.12060593234717441,-1.0114402935970108,0.12985876775421892,0.941736987079255
54355,-0.5989622842598593,-0.048366343412719524,-0.39570158832346475,0.8759400857831029
58355,-0.8562351563219223,0.23666634454727523,-0.1590718351440609,0.6876913200859368
67755,0.7619207574004123,0.4966306327305246,1.4751418670316805,1.8699791422662384
42075,-0.3165817784736859,0.2424024071140644,-0.30093009582181873,0.8042392532757451
71915,-1.8900415149446403,-0.12049708326517174,-0.7633787658681622,0.967893971044201
35635,-0.46404161395628096,-0.8111129783253744,0.4414403689299956,-1.2510249096681558
52315,1.284122101097644,1.0768242846737344,-0.21392043597976199,-1.5116155222845158
3515,1.5033718073995468,1.348035617691663,-0.7059708033691923,-0.6931900322304646
7675,1.2809207369458597,0.038795080221119424,-0.15815102598596256,0.709348177838036
52275,1.8390870612236867,0.27079495633544226,-0.4072300856466272,-0.4714606893972711
40035,0.30044648553267017,-0.07589631643686487,-0.39919361629635136,-1.313390551273805
20155,0.918475624534844,0.46557868954544357,0.09519778877938088,-0.6656033563880148
68915,-1.612710994910952,0.3410545809975182,-0.8779817672617193,-0.7979354093156703
17515,-0.43968821504309885,2.4300418613475108,-0.6289007694049836,0.5433728196133988
48235,-1.5758572395109114,2.237783173057641,-1.7595367466040812,0.9785785857699749
515,-0.7723544451211712,1.134799689449199,-1.8142921116086785,-1.5043105877220324
43475,0.5295730439042351,0.8720987042257622,-1.3745017941636417,0.1383760721186153
8035,-0.33984037457253047,0.9468365099433027,-0.1834865404096089,-1.8411046777906726
37395,-0.4886268187836413,-0.7536629329605998,0.15010351109940728,1.7138556567636192
8835,-0.6318158361938571,1.3125034086297795,1.9219750023652526,0.7584018374537237
17155,-0.1319595497781457,-0.3792567605085346,-0.04733885058604453,-1.2630851171006807
61755,1.1513766487619725,0.5683903012313912,0.37574458634197916,-0.24690248369468165
44155,0.369545251889507,0.35457084875956735,2.1278372548671007,-0.273343375482376
75595,1.2500100978441369,0.3685651853798862,-1.7733208233473319,0.6042670140930916
5995,1.6725940860698052,-0.817793821347168,1.0877802663775336,0.3254075819986265
70835,-0.3594627362493173,-1.2210456804179337,-2.079854021733757,-0.8199909220779612
33795,0.43354115123039544,0.2599473176477012,-0.029807463826484915,0.467527037970778
66075,0.16977257247510003,-2.423863467532129,-1.4188638329198957,0.4828982049557647
37955,-0.2861852007822595,2.2060536170762344,-0.7886186790076116,0.8390147566112678
11395,0.14670091074624028,-1.4205228809384267,1.0006104844182793,-1.4972381875056964
42115,2.41932604216573,0.6068133093893733,1.0508797790472857,1.209973879200554
46275,0.2571587844594063,0.8906633447177686,-0.15826200552565747,0.632762674969197
61315,-0.8248323862609349,-0.6837454278928357,0.5701849362942725,0.6500944302367156
19595,-0.48760679329161916,1.1046307413556875,-1.9832557634580044,1.913742829439471
58755,-1.8501544883350942,-0.35471570969304494,-0.309674040861111,0.622456445451999
62915,-0.670494825435577,0.6574758426999204,0.5870550042694251,-1.7920980569983145
635,0.5983447200240292,0.7928954996603809,0.11975035378713694,0.41034576721169186
71235,-1.0985369609074782,-0.14948836694885412,2.8623403335691573,0.18238281201993825
15555,-0.012634258749200543,1.0069792399059385,0.08434613142945031,1.4793123863700088
34955,-1.5562618779943127,0.49661329212550165,0.219680133041183,0.6948736782902672
65475,-0.779659691554572,1.467969808821313,1.740717695289678,-2.184254483274313
43275,0.8101436753131286,-0.24251583665097018,-1.2519732931895693,0.32866316770024095
6995,1.4180215977619743,-1.0504611623872255,-0.004347886694737463,-0.6015164804618631
5275,-0.7764069845484383,-0.36600424062227893,-0.8753848056169433,1.534260422230159
11155,1.093427816746874,-0.08560612674420416,-0.4233226296997836,-1.0198842274110291
27995,0.011440832153934813,0.8526006693767241,0.5777361772433717,-0.3554647308010901
19475,0.4214229052567887,-1.0428141205687425,1.0530629421461164,1.029654138931523
64075,0.33739342903022634,0.7497519474375554,1.3375745059007103,-0.792055946232944
25115,-0.7994276129938584,-0.5291126302342543,0.9541782713474259,-0.9078362740797984
27795,0.2096741137902717,1.2026483257182035,0.06227912458591296,-0.6387463162737806
31955,-1.2429944912614252,-1.293669080544122,0.1294524881562481,-0.5805662140430502
36115,0.7157520528916208,0.7826866172104499,0.291148903466506,0.3306239320209269
62635,0.22767501649702418,-0.02053768918592,-0.3088034618770547,-1.1236488426806506
44435,1.4298607513211175,-0.3866733951939078,-0.26711926512323114,-1.8613892390736382
8155,-0.04923789076091438,-1.15117203326599,-0.5070993170935697,0.1772438294828888
56915,0.6984681208163084,0.8858473406326524,0.5452029363397112,-0.3228859654194737
9395,-0.5747418203220136,-2.131529674418053,0.4505485361677501,-0.08878415965221652
22635,-1.6564293934965266,0.4947885087071984,0.23388873484310393,0.925562199676128
41075,-0.6258974678818112,-0.6853873954400548,1.0907494704161926,1.110834771885206
33115,-1.3932560330586834,1.1415711506799833,0.5439974623976847,1.324623384815756
7355,-0.28218182622038507,-0.9518409321462373,0.0010686230849522595,-0.43795388743501507
37275,0.12648262589636938,-0.3100564583248141,0.19440174085748144,-0.3728625079219087
995,-0.8793463693336173,1.1887503554590177,-1.6891312957931859,-0.9108472500177639
45595,0.3965737527603009,1.5504898138623802,0.05049258650619125,-0.5795236175177588
49755,-1.3333119493621275,0.3603778451168995,1.1243797389328771,-0.3084280669862629
76995,-0.21748900112020528,0.3886025920755923,-0.09806933528233082,0.2746940485884601
53915,0.0656931606753565,0.5515047247744475,0.896948976846351,0.6159919244450808
13475,0.8465983279243348,-0.2761122583289143,-0.6147792328057602,-0.5239926138973224
58075,0.5580713326100548,0.44021159557344525,-0.4530673507163692,0.3065853409607993
17275,0.37409562526822343,0.3198719681717671,0.5287956038987024,1.0567232644080773
21795,-0.4088992891399205,0.2990376183135068,-0.013674027040664867,-0.4080216296843571
66395,0.9760336356285578,-0.5119438533411629,-1.581198020696727,0.6152600402401718
64715,-0.9914972229578451,0.5492901312699363,-0.37789846452063103,0.9578101777291269
70555,-0.44942670528039536,0.07366109571959589,-2.252879577768021,0.47883795589334527
30115,-0.5109620167403282,-1.2740425191207152,-0.38871518933122945,-0.14219174993822198
38435,-1.2214646494612833,-1.3795275088670562,0.07219253892821464,-1.8911742945691135
7755,1.507327245124204,-1.153402907226922,1.413486795132651,-0.5117579823933308
7715,1.4692866117025345,-0.3363571764782722,0.6550490236768904,1.7449878038728361
6315,1.1053945945421273,0.4466809793825976,1.0375731499097338,-0.40405096392025996
50915,0.7551329283153044,0.7835471855615155,-1.7489223686548545,-0.16692266184363191
14635,-0.6591200012169217,-0.5200787125717269,-0.6113857616354416,-0.41416439501696595
40155,0.4694623484115657,0.05631612870136666,-0.22155237706631656,-0.658783212257216
22955,-0.7273024921949945,-0.6819902108507699,0.28324266714616886,0.6546558994883404
27115,0.18975144948652092,0.9530245351247981,0.8850860606781512,1.5942348963841086
76755,-2.232978994285468,0.7852922077019319,-0.1944859124204777,-0.292015275672276
53555,0.13829516022779992,-0.6096160752087995,0.31503270093151725,0.21856257823455288
68835,0.23709964369398276,-1.3263094709924896,1.8512058366866615,0.9756046809666875
39595,0.10522568353617141,-2.80795370875894,-0.4954368314803481,0.5609513734226369
3315,-0.46231874360707914,-1.7085536853687862,-0.9923398010720033,0.5706072647779473
7475,0.2239847545741532,-0.5863449866712619,0.026282741359025568,-0.3620819781135355
56555,0.24496890931741883,2.6851942577189316,-0.721525112638655,2.0463221684415664
15795,-1.3011407337619139,1.8420315662217828,0.09512556991217751,1.1699314178245908
57715,-0.6832380633628342,0.42756157637633696,2.556079704357384,0.1322219372429292
24115,-0.956026452591798,-0.9521126071548711,2.0880552884354744,-0.12753690148377642
44275,1.597565359732524,0.21856358853651806,0.03158881574613847,0.22960757889341535
72875,0.03428722840401548,0.8612380435455771,1.2142560675852239,0.8884075388060729
77035,-0.3604648942561509,-0.37451317517171595,0.9150208809582434,0.31002557675818443
40755,0.11848150004806662,0.30723806655384733,0.3798419144416498,0.9797912669124513
21755,-1.23770583243253,0.11617418584052117,-0.7085729164993021,-0.5627548949091589
43435,-0.5559265884745549,0.26713912397600065,-1.135529765322934,-0.3849628389274968
8635,-0.8479710165638328,0.029459691644433017,1.203139413268286,-0.6087903914251532
38675,-1.6199933767119665,-1.299647181990745,0.24669399324726127,-2.6129428523964204
33915,-1.8392628552706063,-0.010608100589895447,-0.47952759679419155,-0.2525167727223957
5675,-0.44128424375750847,0.5897395975197031,-0.05957409545332836,0.7959234994677171
63875,0.4159054734906618,0.30071582956411724,1.0108403368690781,0.430713060200877
29435,-0.5276657341809989,-0.41305205515605997,0.9018577637407394,1.573824532090379
74035,-0.45606330886330027,0.9207709308817147,0.5993393239735618,-0.2131406498966307
7435,-0.19035782013636326,-0.021166635711286432,-0.10380292722456058,0.7029191714739755
41915,-1.3741101359948664,1.3971419561534362,0.9574460890972557,-1.0797759492373928
77195,1.9235018987980335,0.23145983463212408,0.7539262098124513,1.026869223474113
46075,0.9101351315327845,-0.824724760515628,0.7114625225928675,0.7020077392115044
50235,0.08461320360456505,-0.6957780373716108,-0.23041768319358985,-0.6539497110245319
9795,-0.2981887314059331,-0.3009904292832473,0.14539801787113982,-0.5571802634106454
25875,0.08755045948504338,-1.1712615169760885,-0.5840174153204967,1.0026131900348307
66875,0.8955945760476901,0.5191257721486193,1.4758278693074647,-0.49548157834642714
23835,-0.3068264878696687,-1.1430199014572522,-2.0556593478832093,0.13218564739747707
30595,-0.8487410593884365,2.668057474836139,-0.04149736148303534,0.7594465377700415
75195,-0.04181550730998519,-0.7969930938732078,2.5513530867405882,0.6789138921842676
34755,0.6677750904793056,-1.8361689181000422,2.5713358933536115,1.4357430008507304
2635,0.207913949514596,-0.39889056816366875,-0.32634610088023447,0.21921796107543193
1315,-0.5449987023432483,2.014188781956139,-1.2015750440578583,0.900056462355431
6795,-0.5314111039665935,0.4552925421082066,-1.136076263676774,-0.22657792359236956
10955,0.4486548142232392,-1.087913009440756,0.5488313796007961,-0.2715843491935713
74355,1.633450678455051,-0.9626669794502649,-0.4654176727519704,1.8657827472293336
59715,-0.12011800858403618,0.4191630077266947,-2.0755850331867842,-0.02696268179011234
29995,-0.0781282471330622,-0.03811682105180887,-0.6415819397247905,0.0996625435792247
23435,0.2631129859298816,0.8937991920944949,-1.6191198105753235,0.8304673403315522
31755,-0.4086271778560313,-0.9637330274086755,0.28324170644356184,-1.2970305873609975
76355,-1.8107917372234854,0.32592625347819293,1.6867905109541945,-1.4890184570707554
70195,-0.390357153030137,1.2068079874314803,-0.3581841841416699,0.20036198986887677
60075,0.5889590501698678,-0.25171572646419144,0.03775054420198166,0.10986430754581335
36875,0.5346668020159058,-0.6701954389621012,0.2725368017288033,0.20712728063138452
44235,0.2729616487545218,0.49865171773690004,-0.19493414459062763,0.3851062494807061
32115,-1.520693869812954,-0.8839393967874237,0.8234742413588694,1.6248718743259238
7955,0.21884936000034277,0.8635686482667175,-1.1948176403669706,0.19595086631470615
27355,0.3863073902582078,-1.6527299365381554,0.7541574207383115,-0.7686260535856705
15675,0.019435747391180747,0.3371502100170118,-0.34466520671558165,0.2323126575444991
16275,0.233240092726403,0.9567327368834888,-0.813237037777314,-0.025052995465611752
60875,-0.9343360536709463,-0.461191286812127,-0.42065344112388864,-0.8421200918893658
65035,-0.005939405193057099,-0.3486857528803476,-0.5333473697885966,0.6069183277361454
28755,-0.40421429675624343,-1.5290124512544574,0.8065110772291382,-1.0409542168796286
54155,-0.802564603120795,-1.5680004993345136,0.4353024167456063,-1.4599453591749718
73355,0.4047799650299621,-1.5030094221748997,-0.8207727780819197,1.0984970710111484
13075,-2.613574600055856,0.7041680090720226,0.5260057163506364,-0.39240196944434647
37075,0.49153488579650506,-0.9843073538336242,0.07029845285462612,0.21541233058190484
795,1.150444449724631,0.48641831648460254,-0.31860929321175246,0.2876199055876127
4955,0.5128032910859625,0.7421399010326005,0.4012187054498509,-0.7484600117680289
11595,0.7891214841306783,-1.4405230302109655,-0.9418983955471358,-0.3528102902297682
49555,0.36336615874130135,0.25560761672082943,1.1712798784176028,-0.09363218264427177
34915,-0.01746732043418807,-0.093468789089841,-1.4081411512048962,0.5322945090600313
13275,-0.2745864973669701,-0.44422065993285853,1.6460653420010372,0.13086660250031773
17435,0.2208798558828688,1.0849512857284391,-0.0924234869650578,-0.23592264121874798
62035,-1.430817192552688,-0.4668899036408782,-0.9715583101193607,1.0599977721006884
70995,-1.5406729347944297,1.548414515579673,2.2970537471677686,1.0178973282426578
25755,-0.27166059082061955,-0.28753427474816684,0.07898069069594285,0.2920892030672843
29915,0.7709057339254198,0.2889198533639405,-0.3546675061021947,3.560391093059009
54315,-0.0294083722938151,0.7346445102170328,-0.18456181348794956,-0.8549731145192248
38235,0.009315391884341037,0.20025133633024583,0.6817580856574865,-1.751091878324223
68955,-0.5667594761591249,0.10307615365982715,-0.48764092980493035,-0.7554035179207184
77315,-0.7607907952043201,-2.8197770168731906,-0.31685235362354813,-1.3585533962082124
72555,0.32953499405267533,0.694876338654523,-1.036527501168195,-0.44142422770850726
50715,0.5805566809140562,0.10621948220769033,-0.8800561744013511,1.8405464495094372
44915,0.2207482355578407,0.7248690747383636,-0.419316159115797,0.8659536622138191
66915,1.477823728196286,-1.1376189554387346,-1.2954951858882986,-1.5737653481529856
59035,1.5455638825096485,-0.762220845655107,-1.5238840837924397,-0.35096403323683445
18595,0.5041856665468004,0.38895421705211103,0.5814072254572559,-0.24457019083486764
63195,0.8370870956231355,-0.42680775152635503,-1.584972191205886,-1.2145885296847565
71515,1.1489730275087897,-0.49417506722197135,-1.0098748357664296,-1.5416180456482615
3435,0.30712400686310126,0.7549617575087173,-0.32087569809182737,-0.5953655390170103
26235,0.5450873718520521,-0.39037747988149546,-0.3897835578181386,-0.7065812167996254
48755,-0.06648723482133852,-0.6346303376676761,-0.41990859568510286,0.27052830838719905
21595,0.7147143246780827,-1.2066948886772557,1.166608595699663,0.8606136430576413
46995,-0.2371927188048067,-1.651460217351774,0.3667353241785888,-0.13396063794423946
51875,-0.5947347532369603,0.24862638901869433,1.4717738093584176,1.6157335231557521
56035,1.120268048952339,-0.9639521610760413,-0.05413298309196258,0.5961021494042448
60195,1.939576174530276,0.0882225904660941,0.4371494834918946,-1.406756677306713
64355,1.200618493843051,-0.48470232386918793,0.03672442557023543,-0.30486597394250436
68515,1.0491987186484484,0.8062204167890384,-0.4047215595300295,-0.7049924517601973
6515,1.0511581001517494,0.46644694682959675,0.6216127663233971,1.0417167060925345
24955,-0.569242516346121,0.7764544264588427,-1.4855525597144996,-1.173549530081611
76835,0.796771606295046,0.05710139525971078,0.5796797683374202,-1.2523533791695323
28035,2.00373319294105,-0.6076276952041862,-0.09163755716802757,-0.05342451957952872
4275,-1.7910250196213584,0.8264920668853875,-0.22394642099094136,-1.182063562927966
38635,0.021064890064712925,0.6494699549456978,-1.099940016025257,-0.23757645002931493
36235,0.13382419833180567,0.5672632895738201,-1.3173212759789068,0.9300921473648291
20915,0.1288442896497245,-0.281099233813801,-0.8947512098051451,-0.3518635735362293
65515,-2.048662120434925,1.1934650642792528,0.14890838644722637,0.13842636034389552
69675,-0.32936022956385125,0.7775081248386972,-0.6969221111621755,0.1340093942265439
75155,1.1573276373850663,0.2169646213229011,-0.3602133945378997,0.1311513153601112
70755,-0.7695868566135954,0.2989896006055673,-0.19434318412853654,0.98389313750406
41715,2.256347365053463,-0.2529911955441704,0.6393255136750021,0.39279968262066955
11675,-1.6890105078509754,0.5894685623962249,0.5630215203708484,-0.7936102873105246
17915,0.8268189813114803,0.6521404493735278,-1.9796989830744367,0.1176375715722708
62515,0.3359961108248828,-0.14459199417189894,0.9623910588685027,-0.6746571231102252
71075,-1.0015456200489998,1.302701169093859,0.12522930298759696,-0.5162987522764158
46955,-0.027093842582490424,-0.16162873509543452,-0.06441864596580853,0.08477698715815635
49075,-0.0655677222272238,-1.2267297089504499,0.3747205445366575,0.32432810424186664
30515,-0.2957730459908972,-0.12805479973620565,-0.5160793574714798,-0.7549673556199964
53715,1.338337020486888,1.3611211225100006,-2.1988476234065684,0.6551461195014876
76915,-1.0174459072536701,2.2001136264221586,-0.1336130419196232,0.2758917507767309
7595,0.5894506913735647,2.5049778282289115,0.07364142385316001,-1.396459445930391
2435,0.08075702365327916,-0.3463814627732354,0.3883120558340643,0.5583878438224977
51195,-0.07936330488328713,-0.12157829404726328,1.9154390119652276,-0.924615410908979
10755,0.12790247797067725,-1.0853174606542986,0.3578320574229666,1.865955836432126
14915,-1.5146184326271288,1.1853730425089586,-0.33942350713927166,0.35471277052989103
46515,-0.7339559193144504,-1.0017257930164685,1.3344348409920423,0.6845451868713046
19075,-0.3170376695254401,-0.17020274672418315,0.4165171428729556,-0.959948525938375
23155,0.16152567702132267,0.8375289381103156,1.6292233367236613,-0.29347872543159204
27395,0.3358674937755277,-0.6893468201262695,-0.9520722816425432,-0.7833724492766252
71995,0.7125257244350356,0.037077836390129786,-1.6839896916533086,-1.0625120722761212
64955,-0.6165308344926044,1.4152093587791745,-0.8310380747419369,-1.0862522193341606
35715,1.072257933789395,0.628668769813542,-0.18638893033641543,-0.6041222509704326
39875,-1.3847305932629046,-2.1651947125641784,-1.077654337096734,-0.4411591452869726
3595,1.0885912599546335,-0.45824490177370003,-0.18837212089266456,0.2064192768574577
48195,1.0430633899220538,0.39504637848723595,0.18324622705602234,0.5353337352705214
42435,-0.514314837495981,-0.4112932453227934,1.933518259379325,-1.3403181645845945
11915,-2.8729277360981906,-0.044988429291944396,-1.192764979619151,0.5691045060297094
56515,-0.8103677917958843,0.36169941675335393,1.5333339619379158,-0.18013956483435634
60675,1.5049889120499016,-1.323215105884171,0.546737484931858,-1.4805256322411475
24395,0.3362496189595214,-0.3556806677843396,0.9961249841845818,-0.9739073242000719
30155,-1.4289482853985278,-0.7453356035149685,-0.29774068920546115,0.6007877451365417
32715,-0.5627716848029539,-2.244859514848287,-1.2931743292615367,0.7593758124386999
59435,0.06780651565946157,0.038317455702552725,1.5111331154509657,-0.9365811872156463
41035,0.06510810463422932,1.7529207289366404,-0.739070407532052,-0.6599694894940912
17875,0.08469903831916681,1.9246956838905844,0.8207973772907111,0.734867741984917
45195,0.8359892288005862,-0.877591336876377,-0.9790803582570784,0.19223244477706009
49355,-1.4850598641005024,0.29394009591645764,0.7351043066516314,1.692110713747346
53515,0.24601473491934803,1.5172666735156766,0.5919045748601308,-0.3683479077898656
17235,0.4630020923028406,-0.1836215741101517,0.6891646781345885,-0.9155828102367825
26075,1.3078358490143907,0.5121508328322757,-0.23542076970100678,-0.2799104468349756
21395,1.4915515716015932,-0.8066286019765132,0.5934096857130827,1.9986514867309022
17195,0.6218785208626211,0.700890400933446,0.2214220470833168,-0.5767441745853176
70155,0.3807729492261166,-0.9549646737077176,1.0035057334357975,0.87573962966044
74315,0.9438167672898784,-0.5576019037340358,-1.6745534477275326,-0.1670776382380774
42235,1.0706579590840524,0.43863553925208293,0.567869283716341,0.22692114951978903
38035,-1.1381150055960123,-1.472328223355957,0.5792343134102518,0.8441431565217505
6955,-0.3987737575862827,1.9768583434445577,0.37590323687173083,0.6947485979680731
42195,-0.11075094511013438,1.6727293778692363,-0.4005696536620465,-3.0622117267366455
34555,0.9215539468204637,1.2745257568790562,-1.5137960862178537,-0.26190124923353225
50515,-0.8595901879483233,-0.736577129926184,-1.238399188319382,0.18959836167253735
62955,0.7764016068567892,1.1202539904188362,0.4985676796840674,0.8391179850310551
14235,-0.14684048305839992,0.15750092237858832,0.39803812605439476,1.5269551953127694
58835,-0.08899966186021982,0.6921358866023918,-0.2911290775107088,0.38516981728275035
22555,1.1322862110488205,-1.4542251766036276,0.22367321283199607,0.7991736007103889
11835,0.2808562028058242,-0.5346825448995993,0.6433570369466681,0.2922655085228598
26715,1.1077019941994135,-0.3067889019781028,-0.038732169527785264,-0.2147706595355319
41555,-0.7243715748217352,0.5957088084845352,-0.5040964502878901,-0.9015514555930259
30875,0.5728881640371446,0.2170452550836901,0.6820418659144434,0.6381715438651123
35035,-1.9682792012545571,1.8264510464224133,-1.1282691696163898,-0.11635632036096352
27155,1.5695866199820754,-0.8678173203596885,1.3756096758201681,-0.2598901199273529
43355,0.5965621127363796,-0.862000471004499,1.0407278302172764,-0.3786232319841721
69115,0.9270938006453594,0.7042694758467231,0.37863492302799734,-0.5454933055313309
67155,-0.992844370806331,1.701538433887213,-0.743229054571683,-0.28780896617594226
7075,0.39187810857623884,-0.29484825888691113,0.9660004721948654,-0.0753964275894333
62395,-0.366245671210644,-0.3110686012175757,-0.3436593438816507,-1.2348846538130136
55835,0.05608888369016173,0.2976691088465207,0.9922438740171813,0.7550312165614587
59995,-0.4052943462600827,-0.44833798419071935,0.9699212294884365,1.261492731636584
46595,-0.7800043705720845,2.690765857096733,-0.4761535315035794,1.2460750149783033
64155,1.07735189008199,-1.1244120590952,-0.04481644205421168,1.6452728780911825
23715,0.33472698935291656,0.7333360184212919,-0.8661076322107635,0.16585743715457976
68315,1.1715823568245978,0.07983318786704055,0.9496049643738825,-0.2825282018915473
76075,-1.2204160485078595,-0.5828227047471279,0.17137860296774418,1.4984916381996785
32035,0.028730373528005483,-0.37674334659223474,-0.7750697253254524,0.7809204398563363
48115,-0.17787273043245702,-0.8030367331827379,0.8877158871436842,0.930821539169288
44555,-0.7701974547143831,0.1831442309528171,-0.31944436447285646,-0.7046417304828211
8235,-1.1674019910744746,1.6901703226944833,-0.31454680109423644,-0.5352336779563208
1555,-0.7495277013063983,-0.37173869818676547,0.04614522831453288,0.39713144659735955
38595,0.7144420615125835,0.03420071753441104,0.00880707731466442,-0.10712345754833098
56995,1.1441342883012038,-0.1363039710376692,2.3103637255564093,-0.3953742669660985
57035,1.5550882084101927,0.42825415443070963,-1.16639677844437,-0.5398460919722868
75475,-1.5653218260452573,-0.19484353470302548,1.5003008081188147,-0.7582092880113511
65315,-0.618982632238542,0.3460848995777231,0.19977035045455394,0.4469104764161616
9755,-0.6785506695013511,0.18988461799130216,-0.0430733725478491,0.3552165533405149
37355,0.7932074577431991,0.3441214516644564,-1.9229081116397182,0.3056377523131338
1075,0.3074247283391419,0.4754784859706932,-1.5780168023013332,0.03717671743395984
42755,0.7704135273113627,-0.9558901176802044,-0.16001006008259264,0.4520740457488166
17955,-0.30907653519360534,-0.28674784479054194,-1.424630897050594,1.1375965924762432
49835,-1.815754123771877,-0.43741582760594605,0.24410785514957584,-0.6064745648762602
56435,0.20461746847986118,0.4584182828357102,-0.08147559582571136,-0.12976320941316563
58155,-0.41569095695383174,-0.7657192054511703,0.27510679653917913,-0.7053705489185567
56875,0.4462926608885492,0.2448822183017625,-0.300226324200282,-1.8359353752716632
34315,0.6514917912613513,1.945317589100708,-0.24384758204427154,-0.5422360519254587
70635,-1.8788148543508225,0.05658201644236722,0.777763359988738,0.32767450730096037
74795,-0.023921890077203026,-1.1267133796837971,-0.8953940041027174,0.6703848017665215
3635,0.12836853862257694,0.09748790183320498,-0.14316705837198418,-0.07675512187943702
71315,-0.23673053293048604,-0.008560018252931484,0.01898747287792379,-0.7817699451632308
6395,0.3774267996260227,-0.7800961507098151,-1.2337880604662153,0.7686105038659979
66675,-0.00894139917265181,0.5758987422355532,1.164787224740063,-1.0888311586648283
50995,1.5110111729056526,1.5966340939608958,-0.9748458843761448,0.7856003624786563
14715,-0.6409842033130811,-0.41811019823297124,0.20716803679159077,-2.7263336602061075
59315,-1.8877123408798502,-0.4810721878780228,-0.6655063507161583,0.42499835596335506
63475,-0.04551728047499773,-0.0055138824511108365,-0.448994673911095,0.4897726530330831
47995,0.826879921190028,0.34959712169389057,-1.9630730204717401,-0.36083287724140756
38715,0.2067916306540315,-0.5111989662272398,0.23549781349654147,0.5411344359079628
33035,-1.0860865415941143,-0.024122587826609986,-1.2517730425916371,0.3120696205431725
1595,-2.1520175604893295,-0.21687527559109523,-1.1308261788283607,0.35478902759493897
44715,0.05782957719725838,1.0967897956876445,-0.18818826223131493,-0.41969133542995024
43835,-0.22463075947382308,1.0891659704569983,-0.1851490854325672,0.8290689068518825
3395,-0.07334870123779276,-0.2938634630617521,-0.15697889035336507,-2.3590668506584187
48715,-0.9324746114499776,-0.61333921602354,0.6296305788831952,0.43578899150243
55235,1.407661117306626,0.7460658518172906,0.24072429179376895,0.38092178121126175
11715,-0.3413475677510989,0.9969311453602747,-0.7896441488530673,-1.7042671256308126
27275,0.23689437893137255,-1.41681247806359,-2.3826815969698485,-0.24606252922136174
15875,-0.4879555841190744,-0.7071883765464296,0.829992824975236,-1.3378584170892855
60475,0.1621886852688676,-0.19249444868548454,-0.16688452270757992,-0.9994369940704452
26195,0.44502747027973927,0.09653550788865214,0.08823864033927614,0.6146158310938544
24195,0.11889909538501049,0.7718142982666873,-0.04401712221847242,1.3638554139110082
68795,-0.6952419995949533,-0.18823265228995112,1.2263968147324764,1.801310165053775
54875,-0.1517713847426847,0.22498299837161156,0.16607087784390426,-2.571367131031497
40835,1.8074641649679415,-0.06302240301359759,0.15090300794183933,0.16450881302934092
54635,0.33555080651709673,1.3118198604173597,0.30809135758648687,-0.25104128939852965
4555,-0.4778102270630944,0.012573301221343538,0.7479957295904501,0.1013450937810423
73075,-0.1666082654369595,0.9312948095541356,0.5295608934917281,-0.09054458130091107
49155,-1.3539411562901236,-0.9132922641824185,0.500289233457586,0.667474497339568
45115,-0.18505607627776746,1.0256603368943793,-0.43192974194219286,1.0162936949431531
42595,-0.23320276386396138,0.6012253430519665,0.061593339079925674,1.18991298476889
57475,0.5426943421998968,0.5711197647262125,-1.0270577221932868,-1.7414620951623587
61635,-0.20621565336856756,-0.13474752020982456,-0.8562529500236746,0.016955710311873578
25355,0.01000890490954221,-0.12373818006563131,0.07467987161591731,0.5158460791788176
63555,-0.6230900659453628,-2.002597244489804,0.1933254982064785,0.13407669288691587
50795,0.5244630830524539,-0.6695414571322441,-0.17646987975803652,0.05943154279020206
33675,-1.1449837595395145,0.1723724675570665,0.574957668322143,0.10665694246908339
37835,1.2285186547546132,-0.9690534160324389,-0.6686674474900225,2.0372781253867305
41995,2.875197264095527,-1.0625787729910534,1.0726843453258057,0.4458153467593529
70955,-1.2019236127650499,0.8012040179407387,0.7995751707074895,1.4001508081074232
69235,0.8041472145399776,-0.3485214867961506,0.34332925382864365,-1.070364188983597
50315,-1.1998769371996347,-1.9263447573964494,0.596989320041927,0.9789825337960824
54475,0.028905273548180795,0.9441325423120158,2.241906082831826,0.5132921524604667
67715,0.12570561875961977,-0.2748602419815455,-0.4034135314516717,-2.2374405425358423
58635,1.0532918038691608,-1.1730898295618424,0.5148060158863064,0.5316592172898164
62795,-0.721643495256759,0.13450421483817013,0.7365521258729719,0.3316762483069041
67195,0.699409045191452,0.38241372200548024,-1.0023503603243098,-1.7758533196580002
66955,0.3454101503382267,-0.8214776563925154,-2.1403809231002446,-1.4210784236770613
76635,0.1250431020164789,-0.4068103139018197,-0.22462997336980534,-0.7793162480977098
71115,1.910120913359304,-0.7510680655832263,1.6635168557608333,0.07036812445392042
75275,-0.10967050485010214,-0.6254926406451216,2.6351143002978725,0.5011883323279912
40555,-0.6897768874852843,-0.5460142394715981,1.0147104492558459,0.7509797936452838
55435,0.22549714228356202,-1.384974062078584,-1.0579819432162272,-0.7611948419716692
71875,-0.011661595896787152,0.1720166321759837,0.5481670845604472,-0.6357477005459481
51475,-1.6918065512717422,-0.5318446901705494,1.6687910410948101,-0.4455582089376965
15195,-0.017002404369577208,-0.6462953290006068,-0.4377863725848008,-1.0131374972782063
22155,0.7859767402614735,0.6819407332466726,1.3176400244390225,-0.7323878923719288
59795,-0.8372571990182357,0.5145719515194286,-0.5439619509321957,0.464563664667923
36275,0.7005648556321357,-0.7027434399612803,-0.2881780225242312,0.12143040185371563
68115,-0.17089105552615008,-1.4724732659747546,1.2887917924382146,-0.9026544372519085
72275,-0.033222659891525314,-0.8458410964793648,0.6327119799076809,0.32932259386587237
40595,-2.204139822712137,0.6265260966745084,-0.029303043273407627,-0.3224273884897001
76435,0.08711271119803159,0.14784433286701157,0.1697223212214094,1.6351979821117175
1675,-0.8946823296418518,-0.010594641180547506,-0.8681029863438401,-0.11659032143735876
44315,0.3533353399770321,-1.5713044447689033,0.1966208071631734,-0.5092083498100789
48475,-1.134433984459173,-0.06173234876649154,0.47307318904469187,-0.9859796517968021
28315,-1.0340027355544237,-1.3140094183697308,0.07040093372497443,-0.4654404886433935
52635,-0.5796494186977822,0.7390351340435232,0.09464797233486916,-0.8378458418218313
12195,-1.0789803463643903,1.8001749753314156,-1.5880048632827948,-0.8885966986609678
56795,-0.6013581300223516,-2.0420424199094604,-1.637851576873451,-1.4862943733684792
16355,0.2080233845889869,0.8830013639071648,0.18663718875664392,-2.344293736075973
60955,0.2928572650108572,0.3121331988023725,-0.12529428604584852,0.47629674847164527
20515,-0.6997006317688123,0.4164192815971009,-0.37042017903764735,0.007116511355375477
65115,-0.09643965145088987,-0.5424039590467005,0.9254755504770699,-0.4233658315803608
69915,1.1499356644057164,0.2160733407459764,0.7180831398158177,-1.0136667750156374
69275,1.1742153242710156,0.8094416994523032,1.4746922143011296,0.7424849147979253
28835,-0.7436288244518277,0.8039859246687989,1.0749769385182848,0.7894307942867311
32995,1.3928393428511316,-0.18726609406230266,-2.01209457777948,-1.2859487719766929
3755,-0.7903301947863951,-1.0244671669666976,1.4499268079386065,-0.4620847886466607
64675,1.19144355900479,-1.3059200584624295,-0.7861735152002655,-0.5358332689086701
53795,0.6356401340436734,0.8067412955391555,0.14202425990943204,-0.04767068868096655
32435,-0.23657503066130015,0.48120483238314743,0.08541717746947963,1.5779929125199852
62115,0.6050655315246136,-0.47744716550140914,-0.8466244681615321,-2.4205920239999212
25835,0.5399257921901155,0.1798856782674206,-0.12104902711936695,-0.6123942731866551
10155,0.9413321903857386,0.301147491107532,0.025280404409645137,0.13258492399115787
70435,-1.4493932117814834,-1.5345462240433627,1.5689171156964763,-0.7968199494141016
61115,-0.2655062507293733,2.049118926571459,-1.9641317404935885,-1.3684177649644211
38315,1.1153178475111931,-0.5617185135775764,-0.4593017747042559,-0.08477745402511519
2035,0.8543234186354074,-0.7112704423679753,0.5055285581542399,0.11625758468578802
46635,0.05011268954392362,1.063886508413772,2.78599592417749,0.0038481269216791266
70355,-0.7111071707191743,0.18259999690837775,-0.681571352071354,1.4181380848903173
59075,2.0360548247502233,0.2905199939194064,0.43470245561252135,0.6531752137723703
14515,0.23513820870989216,1.1715565563446186,0.20537913956525888,0.33041669935925433
18675,1.3578301078101915,-2.759158987710224,-0.5273381098866359,0.452711820045147
68715,-0.5220312804453991,-0.9399126446347545,1.0682037944698424,0.6843707570982522
69475,1.501895110814241,-0.23593911624732128,1.1253739797782776,-0.06653140233340094
23075,-0.21650204091766342,0.4643431123147241,-0.4915769421839301,-0.5025742736198554
31155,1.5304956016133724,0.20813303147191728,-2.1590522412631947,1.1739199562795037
41515,-0.15189039270516527,-0.2804607997781083,-0.41357733440456007,1.231334959602336
75755,2.128031684468107,-0.2696361890485307,-0.7798507408658651,0.16073392872231146
46355,0.148337224343308,-0.11850361499817179,0.8340222275133645,2.7113911427768302
44755,0.3541852398435639,-0.13009331138819966,0.15927257833345584,0.47109189487818715
62995,0.8943986106562869,-0.30820987373482167,0.46835560157271944,1.0319338235278774
51955,-0.728275821842251,1.0685842781814423,-1.9888702406853231,-1.759948371878398
11115,-0.20813340410568243,0.18774037686535341,-0.04401925604124293,0.982505919111729
56115,-2.24716023141949,-0.43400181209108024,0.3219380443393013,-1.065072160854929
50435,0.7353619881736404,-1.2943546353394164,0.006848031067741577,1.6116257401203902
42715,-0.2621701994739961,-0.06074379363674397,-1.2792196709861232,0.23381502383895014
64115,-0.19560643843592668,1.497996987961949,-0.2826219796752476,-0.6764734851116494
17715,-1.0663171255244892,1.4692000366869502,-1.1611095423188214,-0.09606580469672599
32315,-0.43728184213584775,0.008200226620065193,1.5363747729227115,0.5192134381517
51835,-0.9848422661762104,0.0850765618355002,-0.10505393783826575,1.3041517360367223
195,0.06228663500161565,0.10329395366117203,-0.6786807450857755,-0.08329105330812492
4355,-0.26687988836535015,-1.7120722251804097,0.6269088009059568,-0.6983752252357995
48955,1.224781495846459,1.5433033285649207,2.392247672202766,0.5166510091909685
8515,-0.4599163831026596,0.30288451335140537,0.5520837196403642,2.0416984474662767
7915,0.547626236603263,2.0830660988801677,-0.9192835709634876,-1.1407757911098932
12675,0.13941841136290267,0.349997674046241,1.4942909915121407,-0.14024424306757297
21875,0.9005783030162287,2.1677832591376887,0.5698488704955238,-1.2495935777942142
20995,2.1709943876281494,-1.6496136199328644,0.28975569928987244,-1.4512973071609332
65595,0.2769652159547498,-1.0819064757855532,0.1223231931277085,-1.5706346549286256
71635,0.08264218511534627,0.16768122357701162,-0.19434436284005568,0.8658735861108248
29315,0.7342046728016911,-1.2201879262048163,2.401553601797507,0.41987770728009605
73915,-1.4215309981537836,-0.6282141699512173,-0.6719439232006892,0.3806319580202356
33475,-0.337556383141425,-0.7518038161300276,-0.2442161043373619,-0.5469796030695306
53995,0.8534197427320305,0.5886105608539336,-1.7828434370519837,0.11421851711363659
41795,-0.3313078346551055,-0.03074323515565943,1.4741375491252595,-0.11026650212668966
75515,-2.863337214776326,-1.1966990942117446,-0.09050775740127348,0.4060900532777713
5515,0.7544748795854601,0.7762977985376379,-0.3837935728996919,-0.3742924226942985
46795,0.7436086018005793,0.10378065298918634,0.4612716824876327,0.01733335598063638
69995,0.5942818953599723,0.14289583215962726,1.692148045251736,-0.029029020514739726
54275,0.6087053686214849,0.4816260246110203,-1.2745907295973509,0.48749583005520747
42155,-1.1961639316372668,1.6627835055571436,-0.6288655444493536,-0.4458309995920942
1795,-1.5290265100187943,-0.0009247403989542319,-0.7583266913553388,0.9524659145162349
62595,-0.14859514983783806,1.3640042629056575,-0.2940533369848356,-1.0748287716889018
66755,0.32779147591415136,0.15412029051188594,-0.07898509039579757,0.4296956622502388
30475,-0.962558194764084,1.265745367947155,-0.14902897017027467,0.5848465493529027
30195,-0.3403526527986177,1.0691410095558402,-0.010661591908366325,-0.6411127369612045
75075,1.5861158069556989,-0.32294855630894115,0.6332690915249962,0.46445800356372197
61195,-0.9951573012892809,0.3017050121889638,0.1796969927217439,-1.0687001334807333
38795,0.7850281323702234,0.0757703246280485,-0.12675448619850166,0.13382241375641163
2515,-1.1782021290202793,-1.5579728339496792,-1.3756946817112334,-1.1881602156579882
43875,-0.45174185937679656,-1.5238842344640537,0.3328564923066592,-0.3033475358780057
48915,-0.6760466644399921,1.0022953369661294,0.24288224660523844,0.9064610494061917
14995,-0.49390774101369317,0.8185599809560045,-1.0668416487632362,0.3771221700084069
34355,-0.29291759791831995,-1.0145025978568296,-0.024879077232296612,-0.8166189693574628
23315,0.6009235462389818,-2.231644274752689,-2.092696804781229,0.5374633341744637
27475,-1.3839394138411623,0.33391884455776266,-0.8381858382993357,0.04979152345128397
26395,-0.18505547797584945,0.33503650616193287,0.10472409631365628,0.40951658441817046
72075,-0.7651560497221377,1.373965647814636,1.28205648575911,0.06814757260201275
35795,-1.082155270417819,0.42607695262843515,-2.0645487323452696,0.7761629540230692
39955,0.7963238293575415,0.0722200493924012,0.7885660176510298,-2.1069300034625713
1635,0.3652457187405217,-0.61068491498346,0.18834181590521004,0.05553173744581327
44115,-0.3344365816786802,0.13527360276949138,-0.07797737812187121,-2.0457939119872073
75555,0.7805269693752962,0.9899900727267189,-0.07722508139769504,1.7788232311435872
48275,-0.10325993407359702,-1.1200796261112245,-1.1708966059131811,0.2791159145967759
38515,0.12457836202401422,-0.9360040909139193,1.388279950828173,-0.4185052050067739
52435,-0.8762519670893347,-0.14546307959726673,1.126097576191612,-1.128142963886245
16155,1.3614468666987678,-1.5010233585931534,-1.1096689056978235,0.01341115200179307
60755,0.04879378279837411,0.599221467391372,0.3420241008319011,-0.8251009580855359
12075,-1.2557852699030414,-0.6117258043269006,0.21270347110549803,-0.14394119954877915
24475,-0.047196231500923246,-0.05522156376168308,-0.4211318783177692,0.05977343292409388
69075,0.22889786803232218,0.6346707748835558,-0.3511696159691683,-0.45253237008299846
5795,0.7599904171225488,-0.10533149905689315,-1.3904626059572947,-0.8021689102720253
73235,0.16309922853755388,1.107704716828332,0.05073270030433971,-1.2612868614423325
36955,1.6204274925075839,-0.8057586151591196,-0.5661095101397062,1.4798148865902374
71475,1.3837682163787592,-0.3202766275021853,0.29948445463921347,0.7483910940041532
45275,1.0283867871648782,0.0240724732406836,1.6605261474033914,0.9297768011486406
4835,-0.537812954536623,-0.3777205762484957,-1.3520852982206066,-0.26782959712794563
64995,0.9972744998432476,-0.08367664340214219,-0.3967522577657681,-0.8259821623752824
55715,-0.394237870409646,-0.7653309537714131,0.03615097965615227,-1.4201431579614463
7995,-0.6361905620287698,0.7699464955181113,0.5045086829741436,-0.35202038931197627
57755,-0.6688002388273934,-0.7029923362847198,1.4696396668609135,0.32204589324139593
17315,1.9241462025064935,0.12860489735831526,-1.300430146907041,-0.9285494160604966
21475,0.08727363702226736,-0.03826091831187111,-0.39420141568497247,-0.11513534128937683
5195,-0.9398445156395321,0.803920344241402,0.9143837689645784,-0.5352893023859996
70235,1.9864449540895546,0.8421964194156152,-0.3671638415711397,-0.40299610638126526
17035,1.2473083787779113,1.0371507880758681,-1.4914016842234294,1.9038756745651457
18875,1.308738223952174,-0.38404496010252503,-0.24684792861062937,-0.9385063307779801
38115,-0.7649301589804653,-1.0384821252564003,0.21028301775400046,0.7061040059030591
1835,-0.9607213579145485,-0.7317490495573241,0.3006070063652407,0.5559436409900362
3915,-0.06930473911061548,0.7264209383666579,-1.0126797753788435,0.500455312751964
50595,0.12193079834904615,-0.7288333650449321,-1.138070922747829,-1.4356959857327982
58915,-0.13382503912968785,1.1182785229899235,0.013522535071861744,0.47112615149906495
22355,-0.641133834952946,0.3469692144847165,-0.03394737616132096,-1.6461574634541603
67235,-0.7157860319114976,2.00747559242062,0.9997037330795854,-0.8221338198322142
30955,-0.9975220199949324,-0.0005281968173985099,-0.3669551207593226,1.6555643797489368
35115,0.029658166963392827,-0.9011745140658349,-0.3503497538271095,0.7788254087534745
61275,1.8432783239080277,-0.1864226854635395,0.0020422929975124505,-0.5313769267297571
2995,-0.1305348315026366,1.5684233335652669,-0.6269247400526008,0.5771318651823039
73595,1.208025854360633,0.2003259329155918,-1.0261043161029857,1.4300842448015725
3995,0.02919924788694609,-1.9229472960532343,0.2860663178780795,1.4467430449518752
11315,0.27479286396999014,-0.609759059252795,1.1411304911099323,-0.766341079859919
48995,0.5407382071456189,0.627375716898877,-0.5240093227692458,-0.472791667040289
19635,-0.8965087597409881,0.6279802868961818,-0.08020207724205666,-1.3342522133261185
35955,-0.7592675861283874,-1.140805534636,0.515399128280096,-0.7491842195042441
73155,-0.14691910989051576,-0.19034694763927587,1.0822510063215336,-0.6236827589714798
27955,-1.6843882825778673,-0.8354525200157904,-0.5595268343331432,0.08334894729035092
67435,0.7902879301140338,0.14132983300099322,-1.0964734791915562,0.9075113261101947
12915,1.977372602516598,0.9344407908619748,1.2661364193125126,-0.10540909618533746
76715,0.608028206079865,0.43394605952556403,0.40484454364832867,-0.20264704137162082
31355,0.9839191916460084,0.32516816258140435,0.8007549383612158,0.9265424574162799
44595,0.01010687247322336,2.6170608260255355,0.705764447334257,-0.16680523685578938
30355,-0.8358998259942522,0.796576842748814,-0.3273481670329198,-0.477093624608456
12475,2.227649742912018,0.321136013149485,0.11553634764177889,-1.0173550294805564
57075,-0.5952233310162584,-1.157420445091889,0.5622534616088386,-0.19251426098318036
61235,-1.4252840671797877,-0.5968078081335902,1.3988422968708842,0.10723552315499683
63355,0.45506866397116813,-0.12301509092810049,-0.560190826840118,1.7788902181078226
37435,-0.9127841197251629,1.279523110114801,-0.7858184766767771,0.012758277232742957
29675,0.00068177587210504,-0.07051309708421219,-0.380158874425193,-0.2922353171504447
49915,0.12747994093890597,-0.4073673329933848,-0.5351467980062924,0.5026339434728693
67635,1.3415218273570448,-0.12641390156565335,-1.062199115973366,-0.5115324254992596
54075,-1.2308976245133991,1.5270091991186017,0.5411486889121546,-0.8159817009544901
13635,-1.1973765842528858,-0.47286375777311834,1.1161094649186458,0.016962931296751572
18315,0.3226306262202122,0.9727099581425347,-0.222240957585815,0.7537720482094904
17795,1.1891365978505126,-0.41801604097065886,-2.482729175541474,1.0198565970816866
50475,-0.37885467438396425,-0.9016475493660635,0.16922885657798395,0.5068177759027316
66555,0.984635147739448,1.4565012280335496,-1.149249069167248,0.7085917317084323
26115,-1.23349146564705,-1.4403334077013548,0.721849370513065,-2.264436757912718
30275,0.41242958665123375,-0.17846593835886893,-1.096810412333889,0.7429550313131255
26515,0.42798202406185537,1.4079475375699226,0.5719539963249788,-0.2528902744992139
53355,-0.859843089590035,-0.28898997947507815,0.05317224431016869,0.15096350474688564
71795,-2.6578271944773224,0.5586264173148452,-1.1915715533639135,0.08566189782979275
2315,0.9238818233775176,0.5125496797916352,0.6538527168354996,-0.0020504043722285874
46915,-1.3643069739724827,0.7403028392931634,0.0333740705225348,-0.3962777390037085
75675,-0.6177037510329894,1.0815310166992287,-1.379033127473269,0.5692719187086693
51075,0.8308824471922964,-0.14665150568920343,-0.27848140696419516,0.7116613165546589
14795,0.408713081237836,-0.1315441091656237,0.9289804432341916,0.6495588583171795
1755,0.9692703771926051,-0.2118049075538501,0.7689682253773396,-0.36024029126390567
59395,0.32551352643704207,2.3660960198108927,0.08087414682867926,0.335359460638218
23115,-0.6538450792947903,1.0816809330906536,0.5734205343766362,-0.09630784315924848
38555,-1.0980169051422368,0.16085331544692189,0.4082273963659556,1.643900512416318
59515,1.1957285016011643,1.6580833615839805,-0.38337605700119465,-0.8457213909967101
31435,0.4687843943753575,0.8943245944742245,-0.7585589069426402,0.86444097765686
24795,-0.7640184879658506,0.3265959712656784,-0.17204199181713842,1.5011523470617012
23795,-1.8350301597263206,-0.02062585387991437,-1.3422978249527209,1.3253632812144462
39755,-0.5044795730089939,-0.08871805367251925,2.769547539228116,0.8718777412101123
30635,0.30093583398373924,0.05223524263745277,1.4991444037400703,-1.8127808742448719
66435,-1.3609939119558672,-1.1922218346740143,1.2739552271757228,-0.11971428851816543
7635,-0.26303499319175466,-1.3522477199156695,-0.2324465991837228,-0.9712937194897752
11795,0.30932889218388493,-0.2741398149879304,0.7398588546567848,-0.5326592809277617
28595,0.7263268830741216,0.47090339422282756,1.3282940425139307,-1.95980291070986
60555,-0.0011316189945338245,-0.9815262432492746,2.4958993744601923,0.05191795031384779
24275,-0.28153225194234616,-0.7088395402503193,0.2582268424539573,0.3397615659155932
68875,-0.5094635325393155,-1.310969035092646,-0.4058215122370433,-0.10002368711027271
73035,1.2416690257709004,-0.2566830397713512,-0.5646270139579159,-2.279075710111896
16315,-1.4464695150370988,-0.42660250776638337,-0.4930603786871921,0.78135829804494
8995,-0.39080322869471334,-0.4624876502447047,-0.4020706012541742,1.818187925548821
42635,2.1748334372041365,0.8247474970724451,0.24792154781435713,-0.8946863782111736
8795,-1.1521207107484328,-0.3935429201636508,0.04650391655114515,0.9545526670173252
14275,-1.1161393490106943,-1.370585799825446,0.2103381130809239,0.618066706138211
39795,0.6030045626479572,-1.2254926647313957,0.17705406755329162,-0.2200450223805166
17115,-2.746789675819451,2.658947683767294,-0.03788613585985515,-0.163534056080771
36195,0.9487039605764007,0.1226272017575901,-0.13458440816272657,0.6948567534609585
25435,0.9330080925518767,1.0191677512833541,0.5725218490839619,-0.347891264228717
12235,-1.9316625231934474,0.4547285488572125,0.3988692743754436,0.8815479260529129
70035,-1.7359002182903929,1.1544995529869255,-0.6745258464990832,-1.2565467375849866
74195,-0.43669867234156307,0.2552393916222042,2.0015721286141765,0.06907931848298432
14075,0.7294122707535181,-0.44685849291028684,-0.6906046570448032,0.6794891879146576
40715,-1.5618844757292558,-0.7544711750820068,-0.3244890288437008,0.28262192485458476
41635,0.9850858872385806,0.4026691313909216,0.24578216433503103,-0.527493604777817
46235,-1.388171974844164,-0.13635074166750913,0.5360593533796515,-0.4888494328295475
26795,-0.3583240185966748,0.5036895064050413,-0.21249649870690057,-0.7044113156136412
54555,0.8709162596120467,-1.1492828900875518,-0.18685633104586963,1.0803902673095256
58715,1.4139530493938206,-0.0022435834346246834,0.6206678019469665,0.6323643579565157
59355,-0.42089296212952143,-1.290283135763478,-0.5952333857471523,0.7310704236615552
46195,-1.633071932495289,0.1632415054357189,0.9330240932333814,0.7142317270510273
26595,1.0705281636791601,1.2460280417639569,0.9401877366687547,-0.5113457814980735
71195,-2.523621004861212,0.27662304436980495,-0.664987832470059,1.5657778555791224
30755,0.0033997082825500684,-0.029374129215656995,1.4643133719673305,2.4619859749165722
75355,0.9558000957926125,-1.3550484563863097,0.20861326251045145,-1.8210005474577897
57315,0.5910814275915134,1.2419291793450424,0.3630141833658325,1.014485434652113
23675,-0.12331578494919095,-0.3271527312478432,-0.9414593697599207,-0.4908986918207866
43235,-1.20597751082836,-0.004015294255842484,-0.24233948115138154,-0.5400551635597955
55115,-0.42692594894292274,-0.09404292882746858,1.488693851036879,-0.8134682546455386
47395,1.0167805671558363,-1.5024263632990122,-1.4750982507810375,-1.5389709999164676
73555,0.04963130679315259,-0.5906404666134916,0.5809670280375033,-0.8464466076238673
51555,0.1362051713520055,-0.5651427539570826,-1.6702854366263367,0.04795363464091192
22395,-0.40266136774022976,-0.9121439347430123,0.992612012363108,1.1755137686661066
19435,1.8190550608422984,0.6786829117320261,-0.3475060976140192,-0.03807780205516798
64035,2.468736715167577,0.019870545871178914,-1.1971800915790365,0.7854508463326619
32755,0.228015473100635,0.1616436194305603,-1.6907384237784102,-0.5707696140604359
72355,-1.0771210788597194,-0.02926169642006217,-0.9644235408986498,-0.687943998366808
76515,-0.07328991800413578,-0.4469927169628461,1.2749089618699472,0.7677750470662474
73835,-0.8876949399171602,-0.3997022464388953,0.4778804529175732,-1.9666369451340255
54515,-0.5987567207499283,-1.2620583852293217,0.19065726919309198,-0.5584801632524224
30715,0.4931981769424694,0.9951206870790685,0.5289256749258988,0.799885312764208
48555,0.6325342911896216,1.5143188346999734,-1.2640860141595465,0.2253918002511463
