16094,-1.4031924823731905,-1.1358426211085808,-0.30909429646875075,2.377354008029264
16694,2.3660729940566734,1.906718837419459,-2.362557471297094,0.8016056888410426
49494,1.5649095065294418,0.4862508024421588,0.540676145613844,0.2211122264462733
2054,0.38524698345114283,0.7236374395606949,0.1340203822454137,0.6986728227583113
73174,1.5449697280935821,0.19389856002123443,-1.1276522149487624,-0.21996416649281314
44414,-0.7827130582893002,-0.7600429247340126,-1.0691311263148129,-2.308198505542903
14,-0.839999511429878,0.532840124127363,-0.8460428481282746,1.3466123094851892
2734,1.0383492764873417,0.14138082447266623,-0.0896869318470491,-0.4143060828151985
38934,0.30833120832799665,-0.4879591871417299,0.22368794502804892,-0.11485232673502448
25574,-0.46084835910216004,-0.21600996746099152,-0.3036739731366784,-1.4956911263379196
33894,-0.5526761181095603,-0.5292549473464517,1.078358376807369,1.436527903042982
36894,0.03626535967195486,0.22387842462592866,2.019706569469359,0.3203837232305202
38054,0.7012285579850093,-0.37989421298292053,1.0663130651271893,-0.4377511212072584
42214,-1.0149990698561253,-0.4437517299079584,0.6507938284710145,-0.06930137006571652
12294,1.0367292107090038,-0.8555099780321545,-1.4214081135269059,1.664693369993021
24614,0.3498709232417917,0.7910521958531679,-0.48883104294481106,-0.9579847950206801
14254,1.1282317102307426,-0.7249246707391213,-0.5518168241177847,-0.6133571255315549
33934,0.326356654673152,-0.3632061440669726,-0.37589948293174047,-1.9193842443755014
63014,-0.1045409719967129,0.35504340237116516,-0.5335119268929247,-0.40810596212734757
67174,0.731741335380534,-0.29826049456974674,0.07270087329552452,-0.9821198987723169
12334,0.47476227302304136,0.7024355375217112,-0.5483047472870637,1.893872222490298
75494,0.16080243623542115,1.3262244493870288,-0.16248258915223202,0.5901698547120587
42854,-1.464612258747362,-0.7512567318677744,0.1853604841419974,-0.7305890614938798
57694,2.0709291627037754,0.03981651276407551,0.41125673202303964,-0.0005694382278319254
54,-1.1046590366115667,-1.4669011957394236,0.8051165260861217,0.7258301767367036
10134,0.7492535979667989,0.6829630603797071,-0.7998894135689302,-0.968904845355483
11254,2.9916168394840654,1.0920741954606072,-0.022268079464563113,-0.19820663158512217
51774,0.5182761545006799,1.0074465865452704,1.459212299312907,-1.7434673219637573
15414,1.3498209975958118,0.23495484408011647,0.8714129399658863,-2.011693505297402
19574,0.9962708632669909,0.11650306989886197,-0.10294919262308018,0.14528645650867483
38974,-0.07048008307448693,1.4360204360132294,1.0066995581403397,-2.3423631471272426
32374,0.9950864854189554,0.7669104480163654,1.084886661095341,0.09845460119156829
68334,1.152561439732762,-1.0714176410750798,0.874824905763828,-0.8717386505767272
31414,-0.8266133530534359,-2.638047424223695,-0.6958180454410653,-0.19106740694422508
16454,0.21034594626703607,-1.6147701865340613,-0.667178268559388,1.1725552431051096
40374,1.000643357473868,0.25082769889604495,1.3574346726184878,1.828431577765389
48694,-0.1432203557548904,-0.6230369645402416,-0.04462688188489991,0.17691093733704796
12414,1.4125629703241562,0.0234969324894009,-1.1271238524072016,-0.4969244456756257
24654,-0.22069306308801614,0.006663197880786472,-0.6074667125165597,-0.49582227638048926
27974,-1.0423837192904206,1.0956145970162425,-1.542289561539419,-0.9784311295469692
61454,-1.0262643323327731,1.1515142463210641,1.8711341860293416,-0.8149900875096925
32854,-1.657087309691307,0.2820318260238382,0.15163761755332278,-0.44910146734460904
37374,1.0639350857578151,1.0101255557385358,-0.8358341729446194,-0.3805735480202974
41534,-0.44669270461589494,-0.16317570616987315,-0.3023761857640947,0.22081786241633677
1094,0.05516772428115091,0.27505049499289685,0.022616830265574032,0.2560287586436267
10334,-1.6125924060203578,-0.8119587124751707,0.8282446925534954,1.8109533012355905
58174,1.6275032738714938,-0.10666710057945238,0.8988059593780706,0.7106112123960963
76134,-0.5616214132100268,-0.029792105997885263,0.3143153352715823,0.07934459412039159
49254,0.35351279179676137,-1.3937097980075233,0.32886175916152677,1.2197994358118829
26734,-0.38194380320623667,-0.9957121278831805,-0.4380254989836138,2.7435613414701048
42694,0.43908501182087145,-1.0876066254283252,-1.5656871455915522,-1.1805221400086072
46854,0.45671215188011655,0.3187871438742904,-0.7607604376070548,0.5673989560560061
51014,1.026093496543022,0.3730336128693625,-2.3159500142016367,-1.4776694263446941
70334,0.020525297998216327,0.5904262622086991,0.33271448537136566,-0.12391907471834064
75894,1.6069324227197417,0.012294580616674884,1.0054157469354317,-0.9513157503574048
59334,-1.9093148952785257,0.25693813096388696,0.9248122180864972,0.5566385694608078
32894,0.8425093686416153,0.18923861287311608,-0.9069261977237908,-0.5630565990037646
7734,0.8375680887762932,0.1887864345917063,-0.5256886866674039,1.8553916911801327
75974,-1.1435556502369006,1.4868202177572385,0.24749315611422046,-0.300028302466529
39694,0.010465870979609333,-0.7031483856120311,0.05494666676663054,-1.7675699773322044
3414,0.03709350461612042,-0.9500997839763705,1.8403991833202167,0.33120664302210917
23574,-0.4236950720885609,-1.807982331183357,0.07367281748522568,-1.302854560896083
134,-0.37642222277508364,1.0017248674678516,-0.08293624669455806,1.491289266046196
52174,0.18701866941639037,-1.8538195228037753,-0.03310954333909629,1.1592617119012096
56334,-0.7659620132972254,0.2278929193154136,-0.46911136431119427,0.36933686359616164
11894,0.22736064176520032,0.1761694936494876,0.0304930093743784,0.7638703170416328
8334,2.2620383252973744,-0.00484843159239491,-1.2907496398540945,-1.7333910726596409
28374,-0.13378759831904483,0.6202682267794191,0.13982342415731827,-2.053907273008045
22894,-0.7027926245387092,-2.1080052869027393,-0.5726431404043694,-0.7474483997215857
16534,-0.9549434567474913,-0.03826198975282228,0.8745908853176401,0.6895725375488524
2374,0.3901113336459743,0.16305088389125974,-0.7527213578652103,0.24266857622031085
12814,-1.3744654739017135,-1.2894418244925652,-0.889456305493385,-2.872610910486496
75934,0.5248576536151975,0.5256046929966686,1.1395060342585501,0.6104205736533658
75014,-0.09003199984681214,-0.9020788904046239,-0.26934191484047904,-0.7415660516984697
47814,0.33024642434712576,-0.4029200111482389,-0.06033593507246779,0.7838809667721774
53414,1.0063328902272861,-0.9506390844241372,-1.859335601999867,-1.4054340979082034
5374,-0.0732373986899935,-0.6116767190230068,0.9898319657343813,1.3660083197715347
66614,0.430814868263582,-2.1647945226958893,0.6054269977115897,0.06746235720803505
5734,0.4387619880802083,2.223933988877397,-1.2045226894946524,0.35937551285799996
10414,0.1934575661521517,-0.6182611341956639,-0.7554054334614522,0.033123573947516194
9894,0.5093974315180653,-0.9838604316877291,-1.4273776197642916,-0.43366967192398626
26654,-0.03494548232265033,0.37685036312610604,-0.31587415137717145,0.24250402253915643
49334,-0.6561738576016669,-0.784452790662964,0.565486922796817,0.31729830460321096
71134,-0.6876002886288082,-1.1756458759068342,-0.8363937157985646,-1.5066360708947224
37054,0.44041926668728404,-0.14777248616315242,-0.6845998319926421,-1.2452225370649324
43174,0.007072838424843873,-0.5445919948913911,-0.4611181925679647,1.1277756086558708
51494,-0.6867214451347672,0.07721841979902017,-0.28339087472955077,1.953574202068148
10614,0.6566043854776289,0.50173642587324,0.7329146785972125,-0.12340725599601107
24774,0.13241786631198182,-0.4852760410810568,-0.12526982544914503,-0.6655758110066429
59814,0.8326159160781098,1.404493928660266,-0.0820573337516199,-0.3731123719008815
17334,0.08046170255049323,-0.8606332597077134,-1.2050331783069974,-0.3093954238280464
27694,-0.46247705857757665,2.1136957806710592,-0.8692046703583791,1.6391515023752248
73934,0.8000958316681437,2.493533746465602,0.3111775948836039,-0.2913722245734997
76454,-0.5609661810619171,-1.0133820234088318,-1.3491648057777887,0.0033958737163146627
40174,0.6494398268780591,-1.4552591488991657,0.7502946840365871,-0.7109318048139802
32694,0.24422733009880385,1.5660048087803484,-0.2587518338185914,0.24564136214591326
35534,0.35322476373664985,-0.4286995351414677,0.41555659592236993,-0.5170314755590378
30934,0.03846030458458284,-2.5023043693495866,-1.7932300323070507,-0.9527768924776476
33694,-0.24513310864840748,0.5854517552119851,0.3335631831781988,-0.8050963801947868
69854,0.9399965345725552,-1.2383686610105744,-1.5760266244311958,0.4290175696060195
48934,0.1389045360143626,0.6730086948739668,-0.0655063243251059,0.43442995042574367
45094,1.2123669714588157,-2.545246731759549,0.2162719955605535,-1.5771639714735268
47334,0.7923088517322985,-0.24725421441863452,-0.27580286040289403,0.1898933408066823
53814,1.0706085517746677,-0.16647874893144532,1.7113905890997505,-0.6996116427098757
4334,0.5113170973256213,0.3427055769138911,1.7072053705244212,0.30773499092671763
21694,-0.31825692928215576,0.2521447127204486,-0.42380949934919054,1.1975294457289138
17814,-1.0485073181788302,0.7512425522497674,0.14373647681823534,0.6810407150826613
25854,0.702391143938896,0.31474481967917006,-0.8780662015413341,0.009102643780930602
54654,0.4107834382238931,0.07518236336905787,0.17097921840623093,0.57335900375885
43254,1.2594301716367537,0.9608454360953272,1.467500893998876,-1.5687810329243324
42494,-0.25416120494019195,0.159013097787648,-0.5571922204907009,-2.4182183148660283
46654,-0.4781096241028022,-0.2731303858334411,-0.9627822829954941,-0.3527155012625856
6214,0.9173019564775763,-1.1791417518453253,0.6115866429152923,-0.9418374703697793
50814,0.09680178473244624,-2.031906597417552,-0.16816018207974784,0.28295035697570153
71934,0.4110616821808787,0.9539653881515751,-0.3331306328189578,-0.9417002303746803
64214,1.8305268039902378,-1.1342663156573984,1.2709031673651556,0.9238288595937346
69894,-1.1499129089897562,0.968382814595771,0.35125801666773276,-0.15087625891149442
71614,0.5008270066320488,-0.3710089053858623,1.2207327429306718,0.1550276961075511
7934,-1.4374401137241937,0.7229916275437052,-0.13245103820977933,0.25113989341054493
16654,-0.8623326337403749,2.3621746491616893,0.5747997633359302,1.4797668905466157
15694,-1.4730248726874826,-1.2351601057894812,-1.3123787889717682,-1.385759647225181
32814,0.17148609703393886,-0.6301966245569877,-1.3601020432466724,0.5608265212668586
14614,-0.2273705065165915,-1.1443911439704924,-1.9447425409026275,0.4963329280138604
68614,-0.8081731073203159,1.1569502917826178,0.5888648622489522,1.0084382346154088
72774,2.1418630910100966,0.19681992184379452,-0.056765657074841026,1.455739169990363
63774,-0.8777584351733271,-0.1994773789614227,0.22712068311096767,0.9880241840849594
40654,0.8175057298434812,-0.5979088058815394,-1.855033249925949,1.2177702466903424
4374,1.1878817495234515,-1.2513445594639272,-0.020988942914984914,1.140707198948497
8534,0.42582902229483977,0.8562861734960625,-0.26947978779819765,-0.4335756520980645
47494,2.3914171402842803,0.6822741250168798,0.7338740276707412,1.3741235048840887
61734,2.140998754988333,0.03536458545734272,-0.2997305109151993,-0.890467352640142
16854,-1.13771533300633,-0.8386803499575207,-1.2724354222401206,-0.35467713005029644
59694,-0.06816656955713392,1.1459336561877418,-2.108258635261476,1.0089132758101937
73894,0.17101773847644608,0.6800561489405482,0.7218936415842938,-0.8001969161015599
734,0.4495866782994644,0.8583869205892575,-1.0396296018597448,-0.14062480897905813
47414,0.03767519531860463,0.19521008701413636,-1.6896627189613873,2.207367834974865
35134,0.9453177438732197,-0.32181636380474,-0.1991240606979999,-0.01702935578256891
26334,0.40283310261084315,-0.19824190489178545,0.39268518777487776,-0.3079634363415349
70934,-0.9003262153637425,0.19360176338166243,-0.0831689259273951,0.8185768540171715
75094,-0.009444578524283063,-1.8242463343265907,-0.21364098281438515,-0.3766334542533891
30774,1.1558773106273001,0.3176953643734845,-0.08623542242097644,-1.0354429833516072
33094,0.7892451074939202,0.6850371248411024,-1.1107276201158853,-0.2463824143854955
42974,1.6007829454474964,-0.33275043366744483,-1.554066852641473,0.06132277937488115
61774,1.703563953418245,-1.0010578410666984,0.4022903061101045,0.3146700238595657
60814,-1.3883281018143439,-0.21111465097785484,-1.3032547582888954,-1.1309877014664342
45454,-1.3679389258035901,-1.1289957030614368,-0.5453184201874971,0.4893860344223889
69974,-0.36646420390180956,0.5603132715003625,0.12816340366051865,-0.5048604822936136
39974,-1.3512930217332124,-0.7424297416160468,1.8005683394637337,-0.21857014413781972
47454,0.14811698675620907,0.17145044266928633,0.924214786681879,-0.44926451332846845
7854,-0.9919363504922554,0.4618782182744935,-0.8325009978168169,0.21858666742082916
42134,0.5689554031119404,-0.7964615490979123,-1.279760228327276,0.34647102132692437
56614,1.6261159339111977,-0.37761233833901464,-0.30491533721427455,0.47610145717841107
19174,-1.2141988127197356,-0.09669726740773528,0.43208704296427675,0.5345751097462492
55654,1.2947353697636421,-0.7173730266871899,1.5478108906564292,1.7414274586044616
24494,0.38374862074625754,0.5704935087014338,-0.6023344263569617,-0.11672864026230574
69094,-0.5418364094665726,-0.5219883161373429,1.3400531274965193,0.87066661880085
23454,1.4857409048302501,-1.4428442445825018,0.2664521975876726,-0.2513969064588505
14174,0.26741069221895253,0.3685533460211424,0.4845394435271894,1.484385238329019
13614,1.3459346475645593,0.4681052120636429,0.021790176426106665,1.8597913979513494
33134,-0.20871427110615787,1.4028037753914637,-0.054065617451468144,0.6689091668496286
41134,1.10721686737264,0.05444730266529512,0.4338168906037261,1.3823908272035303
8254,-1.0906853648635246,-0.638837232748089,-0.6691392898252921,-1.0608479737055205
20854,-0.628755356963382,-1.4212054180303761,1.3013344686485069,-0.6346018094693832
57774,0.6559328632578723,-0.6046028469827783,-1.9059340599537369,0.9119191400579124
45734,-0.5578975764172012,-0.48990086183574083,-0.8790461382564299,0.20051911889736407
66094,0.8685118685637087,0.542149932180741,-0.6365316281713207,-0.4140635414034739
36214,1.5202444891572,0.4605056922033666,1.2059078409860837,0.4615694795479044
29054,1.8150650918406863,0.7884022478729509,-0.16952583369484944,1.05771380941815
74414,0.6006841643370028,-0.9804233903179917,-0.7488924447856413,0.726914373930971
48534,2.1112096755438423,0.045206270646145075,-1.5221668967149502,0.38278488579321596
57734,-0.6784407315202272,-0.8280530803462127,-0.14784210357286712,-0.6532457545441472
63094,0.888975939991083,-0.9511512442232863,-1.812172957222719,-1.0280324041334128
14734,-0.5089316382699806,-1.5757568543852405,-2.0678111423756977,0.839531032413074
26814,0.7631321955301773,-1.912277554695764,0.41041991183797455,1.75671482885264
30974,-0.789047926511859,1.790161338852661,-0.18196425387875437,-0.4661658608363049
75574,1.2164335567421127,0.35317597403041845,0.01627219010626089,-0.5707388271191156
39294,-1.3279759407601517,-0.017388553592349244,-0.09296158802746815,-2.2974210120706466
12694,-0.31839898665988214,-0.984233499062263,-0.2822545100808838,-0.25862916214103615
43454,-1.5343734781784897,0.4365015147874784,-2.3576262095036036,-1.538722832294602
67734,0.8482481567499313,-0.024849026915047354,-0.5109105907996647,-0.3004371810044445
55694,-0.20467034906003456,0.0657640121668766,0.23163687352961626,-1.2527670204762527
11334,-0.2537770742016596,-0.9240580865787849,-0.20267904165623463,-0.5075318249901897
55934,0.1479069121757365,0.8446447782348224,0.47450845476741765,-1.1655188239086651
51614,0.21306064512468137,0.32505249280818277,1.0390389400620907,-0.07539286551191082
60094,-1.6718088741894932,0.3150931455708449,-0.693461802004058,1.2372798198900485
76654,-0.8468200105833739,1.310612270052996,0.7591689834542416,0.1805871653129727
67654,1.2414896725426108,-1.5167095220625848,0.4157269322823156,-0.8173366608332605
70054,-1.533679478436914,-2.1555781586178266,-0.3260389391565117,-0.553240830420203
76734,1.1515437671607331,0.6072215664060132,0.12944334299728702,0.8707545974729364
18454,1.0557266288118703,0.22165777387301888,0.23357849506032827,0.25601800564061794
4174,-1.416906035887034,0.08967808581969003,1.0727279385535382,0.33987135431849946
47534,-0.6263122318911097,0.28913783117219055,-1.681780547622133,-0.4643323007736082
20814,-0.607144029979367,-0.6026547170694796,0.09912729012647085,1.5166777850244937
61854,-1.3866673367819489,0.4091943908892715,-0.5295660423074361,-0.545412763490894
45494,-0.7727014689514968,-1.3506532331585095,-0.4851998597552209,0.9205889843711665
33214,0.7785568559697985,-0.4220477056493048,-0.12783742687732114,-1.350717262891513
49574,2.458528298455849,-1.3926167445712732,0.9103336778284783,0.09362936917881429
66294,-0.2863117116648339,0.4799881131386576,-1.4129880698153439,0.7806866196162636
41414,-0.8465606829624241,-0.7050203462975735,-1.2355954475780715,1.084427445867458
26134,1.8643181926271508,0.8000902320592141,-1.198853531271592,-2.064595578754384
70734,0.49837655596029073,-0.08002363376559293,0.7686778239551073,0.9262486263852511
49614,-2.0156328817198017,-0.24205566188472824,2.0542268109152255,0.15670882455045937
6494,-0.7208804604149847,-0.4608911953394018,1.3876207732390233,0.09115835453359543
75854,-1.8399927369348752,-0.3731150130921077,-0.1527708261376122,0.9134222823956398
47574,-0.05266261976481447,0.031505067918998986,0.9374308462223412,-0.27915584962808787
32134,0.9160767485024569,0.7680431196768127,-0.6966300367170217,-0.5803278394131077
55254,-0.9212478594248263,-0.830370119688886,1.6033894129051656,-0.7655309458178577
18974,-0.845052929407196,0.27748019895716663,-0.7362449077681498,-0.5295472006657448
63574,1.7524256335790627,0.756144663976056,1.3314713609942443,-0.19965741446807303
66014,-0.7705175106472365,1.164063380998745,-0.28529190853086916,-0.9927945853402536
71894,-0.19266303800209575,-1.2071398192900427,-2.0162749115169643,-0.1500339121816693
76054,0.533507690125217,0.3719719125640987,1.0424331887884344,0.13991996713407834
39334,-0.8583822086769878,1.2580958591391398,0.5261888953827677,-0.7395188626532533
63974,-2.2780868057890906,0.5831407895935324,0.7317004159946402,0.8648234134755214
52254,-0.9329550747368479,0.29537071386392805,1.9837238527887684,0.7121408838670139
74254,-0.07209754185075277,0.5018750866957402,-2.219110326940179,0.9190566932384477
56414,1.2569219560268408,1.5874638615476595,-0.3604982906891337,-0.9062862543278903
69494,-1.3189682503224789,0.6408342097517485,-1.1942356510930137,0.08769984146350418
72174,0.3673893985368922,-0.7692012866842677,-0.652087565789513,0.563387455758969
20134,1.3391526932385378,-0.8252193270950888,-0.24878494755831113,1.1574723175747132
18334,-0.30377523714127247,-2.1120239665340432,-0.2330253548889633,0.42171420938777204
64254,-0.7234576114473193,1.0749608676518725,1.2895092062229794,-0.9776714362393192
18934,-0.7095659097163101,1.0273422394314358,-0.9556854934159429,-0.7332081152667811
36774,-0.47240299640832883,-0.9787340849479766,1.4291487798251403,-0.5905006811196323
36414,1.0808187138124097,0.021008274971247916,0.9878734715203425,-0.9577138198394807
4654,0.058936406755262266,-1.0786364306526086,-0.4364851815427434,-0.30726589401531207
57854,0.014759497070979963,-0.9983234049226875,-1.0666200017058558,-0.5632811598052188
12974,0.43546981350952696,-0.5764787987838084,-0.9910104837397201,0.03544883573368834
53334,0.928657350622796,0.22707835003644736,1.2618260226057503,1.0431664181834561
45574,1.0739399438274084,-0.044691169488799046,-0.04667327261792032,-0.7326774546118686
15534,0.34072206979869263,0.6484299954368351,-0.6643056619538722,1.7929652638210907
37934,-1.4331570682658334,0.7511250510316825,-0.4808156053784184,-0.4939496541287953
42094,-0.27006513048582764,-1.3374587064425076,-1.501101674090494,0.8095906795841629
53774,0.5212468629979635,-0.3061832007721382,0.7855433102760129,0.7827472879055004
46254,-0.29660306654596397,1.750181315736126,0.906464407259393,0.9303732985754414
50414,-1.3023614578900502,0.7705533711854492,1.0863798101231426,0.7243193967812602
54574,-1.4902533248327736,0.7224196495372529,0.08914000933143369,0.4524195967773345
16814,-0.6272200257977636,0.23552337513763916,-0.044337377803603806,0.5968616235229597
31254,0.7174725129839371,-0.012467409352100021,-0.7880651440018197,-0.3842561606771011
22454,-0.7613507540563595,0.577372215232711,0.6944787024994419,-3.2780228276494694
26614,0.10163316222332419,-0.7075271882252724,-1.419894055254426,-0.9340491451483622
77214,0.8483495492495696,-0.34314423001493727,1.3427640564105277,2.2943343486077263
75374,0.49591622674656066,-0.4403817508628885,0.8438904630347568,-1.3939690248800516
29214,2.361695378063723,0.41643389661949626,-0.5071508782139522,-0.04999475378235313
62214,0.25195863449082456,0.056592986735138635,1.736252620730274,-0.13205517634196817
6694,0.6538024880048571,0.030614940325582266,-0.7143134673814749,1.437530552746683
15294,1.7067085545489968,1.014907889724831,-0.9213304598672852,-0.10988462605836771
22254,2.956723134376079,-1.592584474898292,0.136378062754292,0.11065862699793076
59894,1.681116799201541,0.10321963464307408,0.3398688679648141,0.0835734601012893
64054,0.6583962282458337,0.36555599411227424,-1.015201558188048,0.7180305835867206
44694,-0.05101210175642125,-0.7844744204397092,1.5584613943995007,1.8918493354571828
76334,0.05148140458600628,-0.29590669187254953,1.2191766388342185,0.34752791673020755
31934,-2.0570229751808062,0.4953063645482703,-1.4073514815652985,-2.3660860197082085
76534,-0.6967631526026334,1.9877480095670144,0.43848356221213597,0.05581469051763023
43894,-0.7203328379507984,-0.2203571584373305,0.03448769210111318,-0.7071237434280488
71774,1.6370651849633688,-0.3260353277410305,-0.4504330854226586,1.469002002117264
43574,-0.3210110896231504,-1.4157688825290018,-0.5546775529121512,1.3456731055717193
48574,1.1378667835435232,-0.611570307903939,-2.146258350273398,0.09338099532005098
8134,0.9474494203828601,-0.19148624294742414,-0.9195150358174282,0.963916293712897
52734,0.06675212537380439,-0.5256100930980554,1.0900505839070218,-0.4150874210408775
62014,0.7342836424015818,1.1833449255778394,-0.13725443999967413,-0.32199057835545214
65214,0.16999613352995013,-1.3168126601330836,0.05090416198421058,-0.49660781806341675
26094,0.09259776466426177,0.5474278927185983,0.7502677382973126,-0.8029383776803299
4534,0.9743628299758506,0.6520692989531491,3.2660688950885977,-1.8477258996495396
49734,0.21420370526053212,-1.4614133804606086,-0.7636074728595036,2.4291691356602354
39414,-0.20810364968682327,-1.9646544411507934,0.3160624642495456,1.051091236711653
57934,-0.7665307056225085,-0.7329465077956389,0.2370059311106933,-1.0056220858241682
17614,-1.3784568059830713,0.3924745133513703,0.1151550702730193,-0.969235835417918
5814,0.8853467736807941,-1.4008613882104555,1.2821245724053458,0.28711824440140893
24254,-0.9926303649239548,0.5445646563248548,-0.6007359562527945,-1.2536924732196826
25934,-0.1429035621494098,0.28226160112572474,0.0676262163577749,-0.986930653070039
44814,0.597669281318061,-0.3584750083879981,-1.6526288828259756,-0.027395786468647522
4694,-0.7613787796390621,-0.6550382126392408,0.4415803686428109,0.73789713313919
74694,-1.6768114622216412,0.1658310204291665,-1.060707859571281,-0.05232559055424938
57334,-1.0849373903950832,-1.178702702862169,-0.5648617196509206,0.7105932565090541
38414,-0.6659496114614404,0.2416741148848724,0.8811667017338634,-1.4343746739050915
2134,-1.5082592971132704,0.18152164329262643,0.7363317152527624,0.5557699259752638
74334,1.820487141127448,-0.340642487230154,-0.7519373736795597,0.27276289521588176
63134,0.614712690750077,0.013526121651507732,1.6777940155454394,-0.4955795489553667
18774,1.4796285951035668,-1.5109073263351227,0.8388814789024246,-0.6395126715648126
59494,-0.2375605544875971,-0.08688087470489811,0.02529424725591276,0.9833133845927633
72294,0.6328334697320136,-0.6123538739567481,1.9644322190109964,1.5602649590756332
67534,2.5163595272949713,-0.8247950625995895,0.8108408274195101,0.9196364610750137
71694,-0.314924823507062,0.054407437753065294,1.5410765942393336,1.1514355092121622
60014,-0.5473014519511031,2.303147203562763,-1.395378678084196,1.4249591223929943
53694,-1.697463724613057,0.3946484701066599,1.2082783254419378,0.03770110033357019
68214,-0.4768878146542278,0.6745836871878047,-2.349943586099237,0.8775124904904382
71534,0.3657009207882822,0.24742107365973506,0.02482327082947675,-0.8093927920412821
24094,-0.4385942401337698,-0.10936046865847769,-1.5872354979027796,0.001014381907161847
28254,0.43701867362036617,0.9804079851159619,-0.41432646167334186,-1.1680174709279036
36734,-0.24075278917018242,-0.18441848295067984,-1.7077760952129688,-1.7781421963856658
66174,1.3808139832331294,0.4344269169958636,-1.272576017062727,-0.21197293506010687
77014,0.14182014104800697,0.17971663820365066,-0.9696609638699869,-1.2245162788045512
40734,-0.8490293613512025,1.1431727228032502,-0.8568660453797549,0.9514377540328466
55174,1.405720469324858,-0.4537025434460044,-2.300680305817119,0.5317711139424528
37654,-1.3409375603613165,-1.3553427996340162,-0.882027935717689,1.19159556467108
74374,1.2518689565480727,-0.2651680039990393,0.7606098519619879,-0.8109903904502019
16934,0.3345758280215482,-0.23271671914562023,-0.6037789664007123,-1.931389123219267
31374,-0.5113893407209467,2.2128327343747882,-0.2170033977732271,-1.8498519108105949
12934,-0.810919458869598,-0.5101977538621539,-1.260100547365975,-0.3426375540617641
47214,-1.757601452500355,-0.0046460913131712335,-0.20154878105058893,-0.9172147739197677
60054,-0.23908683406392542,0.5280272757614534,-0.5205458524017774,-0.5282642623572329
68254,0.33322228503603635,0.2780803455810708,0.8270232863460154,-0.34619953728829195
40294,-1.198616202672731,1.736709836192252,-0.5100369409335318,-0.9059396418837287
10694,-0.08130520661868709,-1.5959017142489396,0.6895063481749458,-0.37573291407503373
4774,1.4711446816976412,-0.8785244194288103,0.9464814096255684,1.0121035616337066
38894,-0.004841140750956258,-1.2718988536269893,0.13565967477683438,0.8956808374056208
44614,1.3075077575589191,0.4598656697553892,-1.6071686439682724,-0.29103335317839235
43054,1.1228440172683811,0.6940876674411273,-2.1616994413323463,-0.2664436142459116
64894,0.5947450255029322,-0.13129231302584343,-0.7953312855103463,-1.4160805553197442
6774,0.03168423325491193,-0.80978706096036,-1.0310269601578832,1.151249281067768
23214,-0.0855625583584688,-0.39039927207510217,-0.3992229929514965,-1.2555297733563209
55534,-0.6885240249358435,-0.07290786129182063,1.9819777290089562,1.1118538220350214
16494,0.37140896754075026,-1.9754120626392935,-0.7641263221905474,1.1644011430376804
19254,0.9289748899363991,0.09511868300393614,-0.1296839354760575,1.753149093873437
23414,-0.8840784127428293,-0.9173129646315924,-0.5469469707404427,0.036489110203740655
72374,0.5726166405470079,0.0913383070740833,-0.8315470152855263,-1.8313964693280882
35894,-2.400683315259552,-0.020768671982569792,0.6713784310711515,1.1814292992449216
73614,1.0607391050732333,-2.230339600537553,0.2644145034089732,-1.4959633543006698
49854,0.4364161975558184,-2.558200188271834,1.9126634883372953,1.3902926457403735
48374,-0.36720113398758003,1.2471786731056693,0.18079785955668704,1.0460285229609505
12094,-1.585932059337088,-1.6623162776632505,-0.4801594738469028,0.7275219078306413
24694,1.103157664858296,3.421962282989701,1.4877905529470394,0.31340074789680755
58054,0.20563690184389616,-0.020930296311430813,0.4309391222640307,-0.6136757804467844
24574,-0.24478658874209056,0.4626894857261635,-1.6641137305976417,-0.06764037566011041
69174,-0.6726557537080238,-1.2679461678335309,-2.2474307611472795,-0.054548478427169776
45774,-1.1028537900981836,-0.007340937522212302,0.15934415877283428,-0.30590170616035856
66454,1.4207221336748197,-0.4731676139721533,0.018832480374473028,-1.0496816150393729
24014,-0.12594343913895226,-1.186194942060407,0.777700603116311,0.9991960224381323
33494,-0.6434624948421542,1.0264167704364178,-1.6319533422804848,-1.1203300888372587
56934,-0.05354048308903385,0.03654148184415391,-0.6742315645321263,-0.8903376201940433
21214,0.2155353714155251,0.4937740045355722,-0.4539123897422457,1.679187733752366
23334,0.4287030094277195,-0.10590373896152938,0.8775712421762545,-0.12470816123971855
39654,-0.06377773039855024,-0.7292158339543054,0.21057977117518986,-1.7592127040399363
46534,0.2038192689027117,-2.3727067948443166,0.31298222245473867,-0.302640593784708
54854,0.1985392636112302,0.15682385990560038,0.5398558358719894,-3.284107226212053
58094,0.1286960124738262,-0.01795032673883171,-0.3494292358761941,1.3610371277072326
48774,-0.4143153838164874,-0.2128925494678567,-2.034715831725987,-1.3036272407857463
67334,0.6871861850138699,-0.2016621511940648,-1.1192239605527015,0.10038354110396065
71494,-0.57286347986178,-0.5748961315475123,-1.7199171952684185,0.5055820175167621
43134,-0.18983397429807178,0.2815383924452695,-2.049686509853549,-0.34072635669291246
15094,-2.445216890992738,0.8008871981845568,-1.5732578812664169,0.09844228143419267
43534,2.3912402558863883,0.3583904030899717,-1.1592572294652708,1.288974094197853
7254,0.4766847826012902,-1.1984218294760127,0.0937924358855716,1.0340043534938195
54014,0.25911185591214586,-0.8299452633529648,-0.9505202268196596,-1.3665160227156168
15574,-0.563101763682757,0.7541302927617107,-0.6085940054094391,-1.2441040071186098
19734,-0.36868019930267015,-2.312203653906774,-1.3669694455916719,1.249756472018587
46214,0.15005483262252278,-1.0051344844785735,0.8892982436486203,0.644728362004222
27094,0.849285519547927,0.7854064720617474,-0.8263279011391638,-1.0336990715116021
774,0.6014728779926453,-2.0870670599499213,-0.11099130241035116,0.44665470394243795
32214,0.6853757423505831,0.9546590770041357,-1.0170360761278054,2.3978841710359413
76814,0.4048311374873009,0.1355880064077454,-0.8788357215939213,-1.495344818320656
40534,0.25849705634827264,0.08241822652953024,2.209868027386807,-0.4732018520818609
49934,-0.757333217489956,-1.0977332864014806,1.1992067838322544,1.2580502776757085
8414,-0.2860112212260433,-0.5257739507892858,-1.2121373860933873,0.6152898370190021
73574,-0.9389904126366104,-0.48070727403228897,-0.4718346601663365,-1.667964588922454
3974,-1.2135161875311136,0.23313908696449714,-0.41800019560957496,-0.6109851828073221
25214,0.5691549260953398,0.07869787540444274,0.6717015146827052,-0.4783135833437294
16734,-0.7160343200442544,-1.1468484708491034,0.6589243406149216,0.1425706520783211
62254,-0.4313523459101203,-0.09362808759641059,0.5929650620809567,-1.5618222177280712
58134,-0.724783397032457,0.17661782675824417,-0.03598341720354119,1.394772311451981
59294,-1.7221543269798578,-0.32330687340800285,-0.7293574902886892,-0.8156594846576024
73814,1.1699238352383203,0.3681623686445362,1.829488668264363,-0.1969035653561601
37534,-1.1452876220576083,-0.8100796863536375,-0.3766956723734739,-1.1559736771083295
45854,1.4708522893418818,0.7260164196004228,-2.9168258600724544,-1.3332071786348234
5414,-0.21264792976534908,-0.07428105885976212,0.7425655637111256,1.0227142976399648
71814,0.5232522492319905,0.4527589025096373,2.162775973344015,-0.7862340139852793
2854,-0.01774309021863866,1.191818444720399,-0.3481106664840507,2.298885445757567
17054,-0.6038214136628078,1.1544558425177407,-0.2791006059364163,0.4924287663957668
814,0.41959550579847776,0.23341339108109896,1.3595381510341675,0.48113299753196326
74974,-0.9452991214238502,0.3378944826698582,-0.9703338515089628,-0.12659653111389937
7534,0.9598007212553792,-0.6348250042754171,-0.2560694795813584,-0.4981295738801251
4574,0.6218735332442703,2.7366617026194824,-2.515919855205623,-0.20216051828982548
70454,-0.31973766073735543,0.5877839859341332,-1.1360814608704304,-1.029628194976279
11174,1.4295498293633129,0.039359135622612756,2.363621335180441,-0.28011105169513784
1894,0.1469310694622979,0.5854809618808046,-0.10337786757994419,0.34027585760159074
14894,-1.4580801484009385,-0.1740873881366995,-2.2147472993052744,-1.5555416449584074
8094,0.07371280996435713,1.0560708879128087,-0.7547194784012313,0.5796929779880604
6974,-0.10148138977402103,0.8398429778672092,0.07500756779360851,0.827669182822266
63654,0.174711621191394,-0.4004449845302449,0.026120916346250845,1.8733399981540553
67814,0.8198794262466104,-0.06498809454186052,-1.325046037930557,1.0977580006152905
31534,0.05727507893774595,-0.7870361431550785,0.2018326423483423,0.02836501336577869
3894,-0.4147626376976887,-1.2216664247670228,-0.2603884403038412,-0.0327886682984461
66374,1.3839290714390817,-0.3480910527642832,-0.35905125943833965,1.7757978893189499
39854,-0.5789892915266228,-0.5649293059590659,0.04038071306264129,-0.4886282580569194
51734,-1.0384639629764867,1.6504116835036715,0.08035357119813315,0.20571344903801544
20614,-0.6664589757283969,-0.9883668245765886,0.4106011910491485,-1.5526758242472505
52334,-0.9330693461497119,-0.2536674283778345,0.8971057747152273,0.5245279341428447
2894,0.4052478816273096,0.17402207726438712,1.4482120822596514,0.23762156266313753
57494,0.3052832844090781,0.3264246366600614,1.1240618717024229,-0.002330573794989794
8854,-0.628875932496643,-1.3830862952554435,-1.4241143638188816,-0.3596711839242889
24374,0.38673036785725523,0.0455935618087082,1.280755681630799,-0.7038835359564833
28814,-0.7479357796322401,-0.20000180313702726,1.3584182152108106,-0.07404038413160716
62294,-0.5522779807409005,0.37238741092832656,1.7595467636027116,-0.5999497541076825
73134,1.1913960833682986,0.8644060135972929,1.1295189821609322,0.6743457738635537
77294,-0.689836398708363,-1.4241645988924223,0.28337722880061406,0.3058094700545714
66414,0.05942045327666629,0.9280118564981061,1.0773528594923742,0.006244102676311564
4734,0.8457554744871209,0.1327849604152966,0.021914405003059398,-0.9606839610526057
39774,-1.8205166735801677,0.2484770306582959,0.21729808376390342,-0.5667578849385468
8894,-1.6647708579201559,1.036916888378743,-0.0655351743275312,-0.5681868431883388
53494,-0.8984588142535439,1.6361462832075726,-1.6474420176096118,-0.7164935581659755
17214,-1.7637948535316441,-0.2516149794653013,1.418584874834309,-0.18532881218500583
2534,1.5574147614521596,-0.48770308365611503,0.3316199317665142,-0.6318647214717755
17254,-0.09445227836812717,-0.046511421445785,2.392428996020647,-0.9337863188024327
24174,-1.213291901015603,-0.6532471760438241,0.04048342494577821,0.009310147683684317
42614,-1.9967227917433628,0.2132150250579236,0.1988485504822818,-0.2695273808798524
45934,-0.48272425592804574,-0.5360150774632492,0.18350325516816451,-0.6660720013404321
1734,-0.5863704330134408,-0.10825070405036674,0.6811734925247129,-0.7457818942562359
46334,-0.38122209356872233,1.045652504831458,1.9500776034902374,-0.3073375557689703
5894,0.034870612726450916,1.2026369267208634,0.6146502834025723,0.1780698431747452
1854,-0.529770288256143,-1.88215620282917,-0.7313418675602329,-0.9562430018148356
54134,1.3666650930250355,0.1327848807167244,0.007330756417631902,0.6306823940490816
58814,-0.5561036913930818,1.1934623427933786,-0.7064011285234625,0.03636419492060396
374,-2.6025901941120964,-0.5894107017316225,0.44227512601680363,-0.45071211236646436
26694,-0.7781677092880274,-1.2230260029532054,0.8959973273546789,0.7246249970417853
62334,0.1949234972156065,-1.3052881563076864,0.10368618063599538,-1.1578399765615734
75454,0.32879505942991494,0.9557338092262229,0.8983243074246924,0.5990085472549336
35014,-1.426220257833879,0.3313340608370771,-1.1991057908438947,-0.47053961711021514
37254,-1.5968511841782478,-1.094144590004132,0.21295097986412903,1.2116862901306784
43334,0.4505853777121703,-0.4526261396858794,-3.3752960904797042,0.9038166009374602
47254,0.20675420446720172,-0.05639171556547702,0.24980040082513244,-0.4521208786379094
29574,-0.11962672744369492,0.203522953890043,-1.174387129514884,-1.4015539250063833
74134,2.13783015814315,-0.0755750791959576,0.9612560682263102,-0.3594549046207237
51654,-2.6194281113363247,0.007369335055299602,1.5075719170747193,-0.9646778990596536
47694,-1.6737526277092094,-0.6965452849584206,0.7528051187251948,-0.3079136240348494
59974,-0.4975869223676232,0.5492094398579356,-0.04079522514299692,1.2965854429748283
7054,0.9371229925816873,-0.734157199412536,0.590780745307005,-0.7908515563856205
68294,-0.6179841413987924,0.5606361447217374,1.0984355101213261,0.49071337298372236
75414,-1.4041153871434011,-1.182612548606049,0.4124352573473001,-0.7097769483428116
36174,-0.7634396253936755,0.2828992832092466,-0.05575391592792047,-0.06150138981503305
20974,0.25200220933250944,0.34761454412196696,-1.9900146239644882,-1.6319675077685232
25494,1.2744275464771444,0.9550694795186271,1.2782613328080015,1.3896524376849824
52814,-0.08372223424669016,0.6643620265164679,-0.7999326995839879,1.831320311462446
43934,-0.8945939325617118,-0.013847702509357625,0.8848324825698357,-0.08085728248013603
22374,0.4992681670391076,-0.31265882904070014,-0.2092731644092995,-1.0035113045944113
61134,-0.32747577642761644,-0.465945232558277,1.2010207677375955,0.6012569148588114
40814,0.32282230798321604,-1.011326673730618,0.6557961227215482,0.005715762957942652
65294,0.8237875530047626,2.461606727977656,0.37194276670568055,-0.49879571489131114
59254,-0.954160782164004,1.280825737562176,-0.06504008147462682,0.41060802474017855
36054,-0.6562888996488954,-1.5450748701256836,1.1833505422136457,0.3352172872944022
56134,1.0631560792178993,0.36940228436075667,-0.4167572866300147,0.028748478392746288
41894,0.16505925186026846,-1.1580803332871819,0.4964421867994218,-1.4352501973648193
37334,0.23100870396277515,1.185829084804816,-0.13210484320771265,-1.2256471791002592
41494,-0.061397329044369835,0.4612338556940485,0.5080166489580209,-0.3164685696795412
45654,-1.6686548767315879,-2.0820419073419454,-2.1067881891826876,0.5780983045281536
72934,-1.210515603464752,0.9661957222831569,0.8985711767697753,1.0211155497063489
49814,-0.37910903369943755,-0.4696840278918014,-0.4452607051683989,-1.2867100997506988
68174,-0.23305921104977229,-1.3854373256622663,1.2163434408158602,-0.04618155467274566
21854,-0.724424750499602,1.4858418699556681,-0.19394284502460582,0.5263309414096468
45214,0.40967652470281396,0.13559365151708203,0.7165256523352974,-0.5822097248201652
7094,0.7550046379214307,0.12523373996759432,-1.1344947438772142,0.7416862253341607
30174,-0.6191553550222004,-1.0948300890776252,0.07252654954982174,1.785379549367971
34334,-0.7111131134570475,2.129128845782423,-0.28129052576344443,0.8018107479697861
5054,-2.237967109249145,0.32137579205922384,1.1398721953982531,0.20736121824668682
2214,-1.3408163056963787,-0.19833097236417047,0.42514382727681993,-0.9571411659518823
46814,0.4244703588783063,0.013283176805937116,0.6406053252915528,-0.9662393340020389
6374,0.25741316244297563,-0.3162470115682719,-0.9002320476889792,-0.3633600924256579
50974,-0.07120050097803804,-0.4908183823086589,-1.2762404065911532,0.19315557911770798
55134,0.9337058820687162,0.2286737625865077,0.5914645599511111,-0.2982810765563756
70134,-1.4463386686165898,-1.9150929363974065,-0.5278625182845513,2.208908859805995
13254,0.06932430062411868,0.513837457625443,-0.24149672186709778,-1.4364410323120678
23014,0.05390525237055369,-1.485542800521854,0.2690127528838323,-0.4425986797192717
27174,0.7383042037383705,0.2387996413895171,-0.06592609996211725,-1.3780020348735946
53294,0.1654941109861553,-1.11279344734645,-1.6111713478454013,0.7829275332790098
11214,0.3231041317006314,-0.7954819087876364,-0.23178734145589328,0.4426510747696751
19374,-0.2896051764348682,1.5116038717011309,1.555715560753039,-0.3339777104931432
42574,0.06721177891974375,0.21909837122782172,0.42501150742518073,-0.28712655437813667
65774,-2.003422184964915,0.6839673882991616,-0.2924391198857376,-0.43711191194921917
8014,1.7266866651740294,-0.3220795874333269,0.3447348598173384,0.8521675310529748
50134,-0.09668521640285517,-1.0573826252377685,-1.984743692992548,1.3556805678995538
52134,0.16003658489537415,0.30141018865588826,-1.3156326973135695,1.2109770722758404
70294,-0.8470457548724172,0.3513271692362385,-0.0995972216155974,-1.2814561294645326
60454,1.130695588177998,-0.19231954766726364,0.16975713311586085,1.2189905368317364
74934,-0.05937341280954156,0.1506429474963948,-1.4770651296288337,-0.8107397857680958
64614,0.26167631087396204,1.1107238499587186,1.4872857948491391,-0.5357199942177662
48094,0.6740413644586919,2.309632671967878,0.2807185677445525,-0.8510313942259167
68774,-0.29097207309758616,-0.7083521456454701,0.2727804427754066,0.0415612622740076
32494,1.16726961404779,0.2878125025539675,-1.1703146654774637,0.7854337153003299
71054,-0.23820001154331036,0.07704711605254165,-0.8580270875726717,-1.8130168623137117
48294,-0.6725409167508622,0.3428043688961127,1.7156275725888892,-0.7803499384623254
56294,-0.8840403183696558,1.562720754146073,-1.2970238511885372,0.2942340562768339
8694,-1.5495335473976624,0.727922887613657,-0.32623528863299067,0.2597918409187419
12854,2.33997696087354,-0.3253324277234405,-0.0517471506631449,-0.6540342005105338
57454,0.8668097008823328,-0.11759038638771449,-0.11502177105256557,-0.9198411500530042
74734,0.18801294328027224,-1.2440284296134547,-1.5280470422719432,-0.37425006911943043
21174,0.6798023085968364,-0.8474560081721242,-1.1542972281976813,-0.7826498777675204
25334,0.8023320776217121,0.719991500979268,-0.08296688518767653,0.15367664631537714
70534,-0.9855910943018967,0.9138444569932307,-0.7732747168421377,-0.2174957698472174
24134,-0.43396231178065375,-0.9033114827751461,0.9091216673552581,-1.0199360196364566
47614,0.4356531164059424,-1.2738090722692699,-0.8605136101041984,-1.37982243160501
31734,-1.240818097053573,-1.4625158227506443,0.5358444510856623,-0.6215401029920885
1534,-0.13522326462731196,-0.6800518323199336,0.7197056672623781,-0.9023062729770979
9854,0.9768276752783652,-0.5167279612244806,0.9015449235158545,-0.025591825061792646
70654,1.155709723994535,-1.4286526957650703,-1.1826863697996792,-0.4085197060679705
14014,2.3129721970449775,0.6575599214221599,-0.5535284111046158,-0.3562810405588138
58614,1.5476439070356922,1.4433935302181926,0.2500173072377457,-0.5464541422868382
69934,-0.30271094145079297,-2.027479287644441,0.14566359043217295,-1.5952963379178395
41814,-1.0292513272063215,-1.4384986126873107,-1.7785007534566122,0.02186744835933319
7174,-0.036324692144207145,0.03434177170110788,0.5860549847788015,2.4272787596328946
30654,0.299839871655174,-0.6197308751154569,0.7516522102484947,-0.08912670607396368
75254,-0.43864147790119007,-0.5356751322735491,0.665023181001205,-0.41637054922645045
60774,0.2483392094859702,-0.38284810610481984,0.9728230780994365,0.4611241006901393
5134,-0.05943924629523894,0.5539579613368607,0.5805633556078703,-1.4034912330400695
47294,1.5798926836077796,-0.35030703842073735,0.6023433334607744,-0.4563111153285706
51454,0.3937852435553367,-0.1636091056462316,0.3702472945370258,0.6256474682049309
74094,2.644497149930437,-0.4112898931467354,-0.7527138057249039,-0.09624759287856427
51374,1.6320731427580284,-1.6877825386644776,-2.6267896382287774,0.8495116175762342
3094,-0.0262007549873168,-1.233577093776099,-1.702767574205033,0.39262813036812405
18174,0.7257664101306124,-0.41845294865597765,0.1255611060161259,-1.7954815066085204
23494,-1.1548884670843276,-0.3923633130188277,0.35610791426316424,-0.8901840159493832
27654,-0.03630509805283049,-0.9849853134285644,-0.13160177690836658,0.5742567889956451
76414,0.3964013287252856,-0.46707255701491057,-0.279083107971138,0.03206893011228076
1054,0.0727875723033641,0.6384635008401603,-0.09180577753727405,0.42067154071988794
41974,1.7607063858549894,-0.8679629415097914,0.7969346829004477,0.8865612436449992
17934,-0.11795009010703696,-0.8507785415459925,2.221379384650358,-0.24392893596710694
48454,0.9271037059324022,-0.7420151550477098,-1.0659311537142053,-1.9032146759498352
35334,0.06051152115709054,0.026207596297337092,0.8097639717037477,-0.7637794544168843
29734,0.6639056055342369,-0.010146075698816618,-1.1441792568530327,0.6432540689318013
16334,0.37326457470563607,0.9862074693488714,1.088213910667929,-0.7808002757998079
60934,0.7701968873743326,0.3752074500761454,-0.1739706464592354,-1.0844276432922717
65094,1.3131840578524279,-1.2530821731639534,-0.7088626927044395,1.5056294100409682
23294,-0.14661981107272468,0.1405120928861096,-1.3375334923093178,-1.3175097920110406
48174,-0.04138708052478112,-0.5487347852327987,0.6118235107443462,0.20503143197271928
1334,-1.1372518319834883,0.5196917366816635,-0.44817421374335464,0.3226307944842309
32974,-0.7035256911243699,-0.3405004717407232,-0.17870029121917647,0.16883777813288772
37134,-0.39419249485622865,0.10076712128369171,0.827406515953613,-0.04718329921257117
72894,-0.6023602583231454,0.8052449676214607,-0.9364178105757353,1.1330743855957586
41294,-0.2604152447129341,-0.719574853127623,-0.822659652250094,-0.5103410392235568
50014,-0.9064096865035165,0.7029231676570906,-1.3996425816568003,0.7277698732604393
25654,0.8155895358551771,-0.8735347659843711,-0.3930610771334296,0.46424047949714353
17494,-0.618996773265978,-1.307478328563596,-0.18046760040560156,0.4643412059464236
23614,-0.9306853020458306,-0.5560925523627775,1.119006601996678,-2.1764281183576446
66254,-0.501811493229053,-0.8580764996161284,-1.0650581634415193,0.43195583827174544
70414,-0.14102964786769515,-0.4291042254309734,0.47545469661158446,1.3087874298853548
54454,-2.294832227655087,-0.0031277804306826633,0.8936517529631167,0.1588098416546577
21574,-1.3372700109436393,1.0635794500776283,0.29352550868096733,1.1239908503988931
42454,0.028695837360515716,1.2621036193107331,1.3612729787069338,1.3026420418521174
2694,-1.1978372995562938,-0.920330320357985,-0.21812516019182326,-0.8230793356092306
6174,1.7501713677410038,1.0710462502890965,0.03389649455757999,0.8470828431787512
21134,-0.8642061848110882,-1.1490699149998316,0.938876201245804,1.3512310709752395
39574,0.3350186133324826,-0.5878330009279423,0.16376572630458297,0.45415965764749355
19534,0.4874737474544846,-0.2913307856933887,-0.8520146557183351,0.8179585972700295
58014,2.145330584561979,0.36345478030318706,-0.6549200848943223,-0.010232050775903636
18654,1.2949759087053023,-0.09660594013243003,-0.011132299134758663,-1.467159470571003
63254,-0.63765276970998,-1.6970368945923464,0.2766326835088411,0.3060685515589777
26974,1.1141572775674617,0.4904047291499411,0.016126383360641285,0.08092661281521851
33294,1.6201715457116999,-1.5558383110597924,0.3465944798656481,-0.7828201812978516
68694,-0.6770351687086088,1.0836089435686005,0.5447876323009894,1.8646610025759127
30054,1.5528175711571472,0.20912639218983217,0.2439453561975971,-0.5940836578800727
35294,0.014048737734928601,-0.6534933555533018,-0.22182205608243172,0.2855371591203254
39454,-0.24795829331468955,-0.9057428351858806,0.7131200889514261,1.4831345182762181
43614,0.547973014920879,-1.6130051288893534,-1.4043767324605103,0.27762567921072445
3174,1.1700373264435244,-1.2493057778593366,0.04513353949063734,-0.9381635928410504
5214,0.5269114218558838,-1.9850463553136162,1.9909485646943492,-0.39751497115840406
7334,0.4810195948435227,-0.7247160948587322,1.02272360924284,0.5133725100069723
51934,0.6611916592347589,-0.0008478670618053694,-0.008368972104838952,0.03651976807454335
15654,1.4736036273051507,0.914046099881389,-0.4563231295880246,-0.6127695117654888
60254,1.0221387356078886,-1.034212706157502,0.22785407582803527,0.5154142201309178
27494,0.5743031852319657,0.6207873154600186,0.3633149941433746,0.7318931037972711
54374,-1.3781720098574688,-0.726201417355568,0.19012213811007583,-0.5467724875575838
28134,1.202497299517144,-0.2737655248983787,0.4403333564542489,3.323786971384354
72734,-1.3472179571425646,-0.46951876975432894,0.20313975712425822,0.9028170496316962
76894,-1.0465606993612975,1.3572655906820008,-0.8985605712565049,-0.023580282453231422
36454,-1.0557165604772152,-1.6393096509780336,0.6266635589444308,0.41614703087332455
31854,-0.24732506617451763,0.5893598801676484,1.5832681897506387,-0.43144691582132283
61574,-0.38038455863429366,0.31525977871993666,0.47589098516353556,0.03718191094216851
16574,0.2945839836819224,0.5113961919863812,-0.8298223232966456,0.8477154696611763
29814,-0.3148340817478718,0.5396055221893247,1.8215939002941546,0.05207210077904268
25134,1.1425949571323708,-1.731524009876009,-1.670923403077191,-1.3981283559598887
27774,0.6436400646401921,1.545599372006031,0.15901617726620518,-0.2684905158158596
33454,1.0383090263023453,0.08253053872507503,0.16975318697087297,0.04868094818871676
37614,0.28999995084971675,0.22131770075518,0.7938216446062696,1.266677486132388
41774,0.6714879857653491,-1.0497034305714896,-0.5220450007157188,-0.24180383389973467
72214,0.8237327394292562,-1.728563256644052,0.7254094257174476,-0.7405198653821717
5254,-0.2891657100876044,-0.3215408715909251,-0.2563179174602595,1.1186987205117516
74654,-1.8368375211251273,-0.1839604586694357,-0.43375453365118377,-1.550618088206745
54254,1.1931661473205772,-0.09222029964620557,0.46755853669204245,0.17276462238489856
58414,1.0923272463453866,-0.7198688275171174,0.0906186197909652,-0.8406768412862315
62574,0.15157940392444502,1.1508824039270436,-0.5556808256342812,-1.5452173378255811
13454,0.845416406871822,0.6717251291464751,0.1859697639822864,-0.4935609863191841
66734,-0.32166582437105995,-0.15131907652609314,0.8157598370497967,0.867450592806729
38774,-0.7059033484304053,0.3435652710898827,1.21240295329093,1.0635699430633563
52374,1.101883735921429,-0.8864210865067148,0.14134879349594642,-0.9651692128121447
2494,1.4551279171342495,-2.1918484798331552,-1.8400629028451692,-1.3192156887715323
50534,-0.41263518274440975,-1.1424150427101527,-0.2467799937537966,0.5665910105812555
55414,0.0006602689950968652,0.783984309328758,-0.4729442095803183,0.23855284322648604
4454,0.39871936950576914,0.3029110010224862,0.5124963845398874,-0.4446670703264059
19134,-1.753208518493287,0.1859053453115509,-1.4169878460211751,1.580144419764453
63734,0.14756395583421453,0.8102827913313952,0.2481745342769233,-0.22378980794604644
41334,0.14567066812924134,2.1320214413477863,0.12179887749661877,-0.9779454018150048
67894,1.7366424869728005,-0.5659672910593041,3.2915366084070268,-0.47874941955594424
14534,-2.04067136364372,1.5337612517126957,-0.03515320719103378,-0.5410559069953136
58534,-1.033872544122266,2.394671986584835,0.2977158982500054,1.574799105947811
35774,0.5206112145797445,2.369975049453832,-0.010963225591472212,1.3495134349183178
39934,-0.7118310632360825,-0.44169711907029946,0.3694887591594648,0.7569306224191455
3654,0.5925604888840234,-2.311633106910045,0.5821919455312301,-0.17942001749751257
48254,0.4695112944065818,-0.5847801948221639,-0.3146727609351843,-0.5522779371019798
36014,-0.43594465105476427,-0.9991738091345788,-0.05070443758013367,-1.2403825405866373
13174,1.7580091378312712,-0.3232155436813649,0.681535724200363,-0.3106287424937893
36374,0.25493427841928173,-0.6151775998685728,-1.3274919665723706,0.7049635863224326
56574,-0.14737098538802657,-0.3587175701758532,-0.5949328547072025,0.8724512884760195
60734,-1.0051577446792839,-1.0613313712234584,-1.2704733597473061,1.280604852872748
59934,0.1687940934914282,1.569420875399006,-0.5429174161814947,-1.2026452483820662
23734,0.7328181616783955,0.7070927667286273,-0.405933476945603,-1.6887799024979355
69054,-0.3531243413914967,-0.4694900502766625,-0.34183210170548933,0.9010076929065307
73214,-0.8113569904269285,2.060235347263029,0.8466837789242287,2.1169838955456424
54414,-0.8630752571857949,0.33813514707289777,-0.8272656723955203,-0.6339186573028791
42174,0.27205470584194974,1.0327421667419352,1.1973789634215621,-0.11220542684340008
45254,0.04056933550396962,1.3795755837586465,-1.1554003058909301,-0.4846183111658593
8974,-0.5193487500276386,-0.4218585144931347,0.7495799960687897,-0.2368540021669318
53574,-1.5864486856258941,1.8895683228417433,-1.7927081208635915,0.48231192797451555
64374,0.23211093242132563,-0.04473787998505158,0.8286719286338812,0.9049763725951961
50374,-0.5971818942477792,-0.25376475342886573,0.03846192363766807,-1.483631856723768
63334,-1.9478759258530363,-0.8668556949134154,0.42286162595956417,-0.5508041900994044
21454,0.5896137465604829,-0.5241971963087012,0.614659822064743,0.8135330553268868
70214,-0.6028934608497305,0.2763827622100102,-1.0129130724787583,-0.3385097302539094
27854,0.560986745575271,-0.750347485898675,-1.7407454674559533,0.5241832468583173
38094,-0.11843346262656729,0.43303790789343144,-0.4966007845454211,1.7082998442705928
1814,0.8946391469162729,0.646401874588197,0.7358607405386073,0.27824797336078255
46414,-1.5522825869906953,-0.3271109994727562,-0.04298180551774867,0.9759756241315104
12494,0.926835163556582,-0.07023924885056126,-1.5905411330827788,-0.32905542138329447
56534,0.3827414610877098,-1.1012568680469743,-1.2952895844074186,0.9414770860793373
14294,-0.2303102168629821,-0.11452847123911886,0.12745086451776855,-0.3677003939390483
58894,-0.27049083134990004,-1.5164719602199712,0.06252803845243363,-1.499186848627847
3294,0.35188529699013105,-0.4457352065844385,0.6529507242583562,0.7449532593591441
54694,0.5377426289264919,-0.49477674617846634,1.1787742812542112,-0.5060953911832654
45414,-0.4904567143644693,-2.3538623428322443,-0.8115048538231058,-2.2272797439952
39254,0.3470412119128283,0.3673080129116816,-0.18476021142174098,0.8563223185283809
68134,0.3167506245143678,-2.1261446958577688,-1.176936511962959,-2.14279255364334
62694,0.08807454606903023,0.7454103717497867,-0.7579375556730633,-1.2273931886052385
11294,0.08393922086053349,-0.4075007488344481,-0.6793984796402138,0.542807784362134
34174,-0.523690143787407,-0.7360311953238106,-1.132182449784874,-0.27989199901249756
15454,0.940992310390321,-2.2455345811116123,-0.1962387083099777,-0.7174717197993496
60654,-0.11666687640054071,1.6057775509952092,0.3155227919162453,1.5073354053632024
68374,0.31899235649609176,-0.19986059312436014,1.9126130570241577,0.6965071735994774
32094,1.3371677101547912,-0.19478000813341287,0.6648800036944699,1.7020291832572108
41854,0.05509970374066958,0.6005025523655563,-1.3393315200550995,-0.8240200143266815
38134,0.988567879590593,1.7082782837460486,0.5242832139070814,0.6163846528770408
40414,-0.4133228576133998,0.37413500558103135,1.4157024138907617,-1.820851445959455
48734,-1.207633521397909,1.827232555799855,-0.8236899068678724,-0.20145827344069575
8294,-0.32527222501686476,0.4106756408387142,1.5172546691484985,-1.4755738208476505
36094,-1.1596422385438865,0.10061316209312916,1.4204988993534575,0.5327529547321985
56774,-0.048313174639707704,0.7171574668328201,0.19807729460874424,1.095427716894909
16614,0.32958138047544344,-1.6852377161706913,1.504050548930362,1.38066034648752
61214,-0.8266560424423817,-0.3658241044381587,-0.07162190890452,-0.3562823627628184
65374,-0.08799478866794243,-0.7944750323060997,2.799074856614062,0.46819346851013416
24934,1.2284774630236468,-0.38399704389223027,0.9538119560418892,1.7147294551697694
34054,1.686763843694617,1.9867396831019888,-0.6087076426918445,0.2620018839483415
65694,0.20300535227562524,0.3765867188112773,0.6294309344675241,0.7259722160455893
33254,-0.8749341074663126,-0.8912715659320432,-0.12093146784736468,-0.787983676279022
1134,0.023707766555718313,-2.1475981532998367,0.16220469349604916,-0.05209180026159957
21774,-1.1323823729917815,-1.6351361181714301,-1.9648051737091914,0.8408369593098926
5294,-0.6977029365920394,0.40622699428757264,-1.3402443440605656,0.8213615685636152
56174,0.9708397466994768,0.3777482742430262,0.6477112186594762,-0.7718673228248427
74614,-0.025518027587863704,-1.0400570046693085,0.8691256165458094,0.6998607985541788
54054,1.1523826860341897,-0.40846357609763584,1.017792579199516,1.034620101995131
55854,0.5424604511645693,1.1423645036003425,1.1985034963938452,-0.9673573243747934
60694,-0.6074360832938649,0.2448668594498353,-0.812180078716894,0.43234353577688645
66534,1.3531126814362944,0.2612018445671622,-0.7643193990943332,-0.7696218243710689
74854,0.17969272152884314,0.15775369492658925,-0.9165714685646597,0.4052641200737038
58654,0.6884843175742879,-0.08219141262098296,-0.7472935447190525,0.6505669563127517
42734,-0.599069360864705,0.4897305300530264,-0.6556526980923671,0.37101781162483155
6454,0.5660403972093676,-2.0502928648845193,0.33511193831763175,0.7324660545953606
9094,0.22862248827590673,-2.3384886011020867,-1.4602562281252058,0.5551125158962862
46374,-1.7646035770977782,0.3714425257212947,1.0292781812127982,1.148587504096453
69254,-0.7950262176637272,0.43679502676703696,0.38719066598950985,-0.6418672203952268
23094,-2.3488408385206325,2.466189023666066,0.6952836806345167,0.11134469777486058
67694,1.0614551574977233,-0.10721877909101643,2.719456610942183,0.1502241896138869
64814,0.8847208886022473,0.3793393326440542,-0.747073444444116,0.7194758925765786
71854,0.10739520684855755,1.216856842638107,1.2058256117548596,1.160412171989148
40854,0.6380405635514838,-0.6206186500713861,-1.0461361070324147,0.39590857443383654
39734,0.2981657963856619,1.2551757265666217,-0.4130350708409289,-0.9620552015871416
21614,-0.9415401799256838,0.2521490440914558,0.42234114410079915,1.146859281920903
49374,-0.1675416533465856,-0.2626516071240365,1.3484291852209676,-0.15117268806047357
62774,0.30095002766397216,1.4997692136511336,0.029278548899738743,-1.4749181125512574
7614,-0.037786045139261044,-0.2482692163484776,-1.2820926047275323,-0.6991583847223809
52214,-2.4805895964117486,1.225106371687338,1.0233404035865175,-0.32658560757605337
56374,0.05692372093647973,-1.2864259610863489,-1.1788378055364472,0.2662229673384753
77174,1.0407337435512996,-0.8109256113476839,-1.5277236011487532,1.3421614450520545
63894,-0.15418567591028806,-2.2113033714363395,1.06520598444845,-0.06363508392286565
30014,0.7372408178044804,-0.29820555583945463,-0.40979371403029696,-0.9797667888462078
64694,-0.6056089771852096,0.17067788001000786,-0.7600810009468844,-1.3310373985915027
12734,0.8593863620986768,-0.94844836203905,0.25069280195671073,0.8491216915333148
68854,0.47237140970157016,-0.10771883289187843,-1.423326724270889,-0.01476353367203307
2614,0.1630569626050043,-0.19399887017044629,-0.6317650901643138,1.17054579056352
38214,-0.2298275881390965,0.1709651674492858,-0.4045533416557886,1.4817721931936871
21374,-0.05082799394740221,1.2467478329612416,-1.3463644036039661,0.2659004554480592
454,-0.9820164591143101,1.1855479123144803,-2.030299799640813,-1.310937324368653
45054,-0.5446056074876882,-0.7538583502672684,-0.38684078388291054,-0.19915611847273063
49214,-0.440338167472426,-0.416846567329372,1.1854072439137402,0.06709680300102704
53374,-0.5886466818336696,-0.5346668036508462,-0.9211851721949041,-1.0079133382574426
77134,1.5523167415529164,0.7804596447109251,0.447059239557701,0.41796736228769416
57534,-0.17955106998993045,-0.18006736924355604,-0.1686816103926112,0.7724351687104092
17094,0.3892563054643887,-0.403991936116962,-1.8441006401410847,-1.6793482728616123
61694,-0.6816818926341062,-0.8257496431215788,1.218074946688876,0.31340858463474697
21254,0.7056108686614276,1.070344866793939,0.24698800614183397,-1.5174089710608036
65854,0.21600258461022495,-0.20569973079323525,-0.9805530813978272,-1.1323605151303717
25414,1.0593739811015528,0.12714643462328956,-0.7097680015231268,-0.9859908647123397
12174,-0.21644699632509434,0.6882124607719763,0.32303595994171336,-2.0466668471072444
13654,-0.14709714353867415,-0.4371588052837883,0.20100298670362396,1.9256296344983694
30574,-1.5973911742064246,-0.3840118815418415,0.15527851744894164,0.23945408046952874
33734,0.5135941545396974,-1.5553285176343359,1.1011704403679183,-0.8404596284599605
49014,-0.7338264714719295,-0.11556060651403792,-1.1997892361873197,0.8081077155285634
37894,0.6572415969229474,-0.1481470823297217,-1.1358097089691161,0.2864919389943323
67454,-0.49155807227007786,-0.7101027555596714,0.5627075142466135,0.6042171392541672
42054,-0.34900054289413873,-0.14431274497148663,-0.22493216129465332,0.03165082487924372
1374,-0.7388321640336557,0.5117943363474687,0.0034421405143063087,0.10730183995823361
9934,0.7678286715385683,0.6245381731862605,0.29598646313647387,-0.5565622247166798
14094,-2.0459385664792107,0.8740286520534032,-2.6636297260131467,-0.5128551369559057
58694,0.446735112285508,0.16677432504188996,-0.6719919258017641,-0.20683644136314072
57574,-1.1976775241578186,-0.869089016097805,0.023136026086657456,-0.9089621753069654
62854,-0.5612722701612509,-0.11299081275992306,-0.4879886016333653,1.6096985029895823
67014,-0.7767878516552092,1.6832526483569814,0.43291478945569445,-0.6501826850670801
30734,1.1866190239111551,-0.02579284922557775,-0.1199965262844702,-0.38737918581126524
75334,1.2431568502840737,-0.7839767221704013,1.057222341712741,0.8821496066988652
48494,-1.594058406091059,-0.03707192394546676,-1.0227676529461203,0.7615110858864427
2774,-0.676070493822107,1.558017929436783,-0.2519180189531663,0.2942008012960524
43654,0.85689219333063,0.15239302164579935,0.3841743546256474,-2.564866699776559
47374,0.5172820524093357,-0.7650232563384408,-0.13752909276221328,1.422939826047829
11094,0.45507932467380574,0.09276276551612622,0.6713757730007597,0.970523409660217
574,0.9422802427547381,-0.07512380858435555,-0.866255062660043,-1.211873222141954
5494,-0.6035465915450934,-1.5472879559461896,-0.03169119170668193,0.19881301422272551
19414,1.6179590230317982,-0.06350717572127816,0.2734167599963715,1.0832802194904854
27734,-0.41313723788518913,-1.2788051497766926,-0.8227432292659256,1.7542753342343342
3454,-0.2229521390436171,-1.3193923714086286,-1.9881618228303852,-0.407131993521466
71014,-1.0787768017808281,0.922053511844046,-0.9914482925918049,-0.45462819484515854
1414,-0.20770741446611404,0.5586962980547712,-2.9082068486515036,2.42973736549678
40214,-0.7272145502068539,-0.8695053614147564,-1.2653179318692689,-1.1816905514933032
44374,-0.12894835884027978,-1.3370690703281274,0.5645673296548057,0.3100385029265955
30614,0.47515499782316484,-1.272502838055945,2.811625144624039,-0.32537068601391433
52614,-0.35047875677174745,1.050559990643046,-0.5852246895270905,-0.03019784540034534
52694,0.7721676473480918,-0.6739651340412023,0.5389375456026487,-0.08146282919503783
56854,-0.4333874085096793,-0.4266340818187432,0.24127080356467942,0.44444540970695107
61014,-0.3410953524359253,1.0343051668713612,0.23816547307901142,0.9193209846154721
19854,-0.02043263223380774,-0.6034984824688168,0.43789133120363494,0.6780872137143674
28894,1.6331772878659634,-0.3204176508075915,-0.8546633094692543,1.7000634316250283
14494,0.7183651325711786,0.2906686438774342,1.4078424420167936,-0.36024428623565585
58774,-0.004660947109242374,-0.8255973187596661,-0.42154869269986384,-0.2916474954324681
5094,-0.34449395799741406,-0.39825746801858763,0.43766494419693863,0.23775655026682066
49694,0.8546233095920608,-1.8697549184811195,-0.3911132061933955,0.80769283668011
9254,0.450761794195169,-1.1545158530533808,0.001813029661287045,1.916247386071507
13414,0.7031657624585834,2.528253202294046,0.5895248827412691,0.8284834080079654
56734,-0.4556841828134931,0.5336030528183633,-0.9405406334215851,-1.8633039324126364
17574,-0.54525928544246,1.2358844827250723,0.01013799923483479,1.000283274152253
62174,0.7439656299087458,-0.2531333653887971,-0.4957778035454009,-1.4411075373174653
214,-0.5315196488318699,1.2325672173462814,-0.08761205083279407,-0.6682996171812423
25894,-1.252507981964559,1.1042896236809454,0.2337231556776729,-0.7400335902374902
70494,-0.26156668475633166,-1.6738392831260978,-0.9131112380632668,2.7188284755600316
39494,-0.9580761873225273,-0.28932204131302647,1.1829210380960804,-0.8613623839032307
75174,0.9454134155554045,1.1140870231332987,-1.664222363208814,-0.030393687966696597
38374,0.2380986729729039,0.76900504606219,-0.41380200841389025,0.8089173252962225
2094,-0.31521859544712394,-0.08053005624807746,0.3503437441931685,1.6297590335144323
46694,0.7858252072763966,1.8220967785552218,0.07619282264984005,-0.555283212825838
52654,0.6817760639445758,-0.5513428605867632,0.8045551705256098,-0.3894615492761696
50854,-2.088282238407752,-1.1436368023122248,0.331723277351792,0.8084578407962523
69214,2.638783810736001,0.7270400063642216,-1.4651049473497864,-0.4610148259172439
57894,0.559641452622953,-0.5776260702137705,-0.9847454199248641,-1.3158268374232416
18734,-1.6468837899259918,0.49884860729428343,-1.4631828021380064,-1.79088497127456
28574,1.2978482146284296,0.5241750575800759,-0.14412476021333634,0.28339399234492835
30134,2.9450960465260967,0.2710925891737857,-0.15677783056693004,0.8534986744090025
27054,0.6826619971669626,0.1378792041126145,-1.060402619035955,-0.6344795951645648
18054,0.44630894149887396,-1.0989599040058338,1.0023668076359562,-0.4157565973234646
71654,0.24624562122911076,-0.6748435341666339,1.41936455254155,-1.1874674004609562
36494,1.3992749386798227,1.1967222341266257,0.3162649060141306,-1.0641623682984274
54934,-0.34542521837600904,-0.539423078324403,-0.10194505920752149,0.5564007252031614
39534,1.1979472415221153,1.9126419082373847,-0.22787375399919207,-0.7318884785938418
38334,-0.6245221096753497,-0.29056369160446754,0.021562872348621552,-0.06541041935226052
43694,2.1594147171419023,0.5986377951259549,-0.1636260877206748,0.13826747659015007
11574,-1.0635280367777595,-0.029983300075274943,-0.28693839071292904,1.1389647871874142
2294,0.14166733552671282,0.09427236211041441,0.6498243040151154,0.6877094752203391
26054,0.9801584289373456,0.5985184180947892,-1.496149678739058,0.4038535191392274
64494,0.7611582845660493,-2.4554160509279384,1.1614159033805709,0.8019846489509218
59094,1.0550864972540541,-0.8840351223085346,0.011833423143275422,-0.13012118995940708
28214,-0.5935117411115262,-1.5356833074822882,-0.2571968792226863,-0.1845733858511392
6614,1.5917055911639666,-0.7738242087456862,-0.7070929618890511,-0.21340510936443197
31134,0.1660145786774331,-0.8072423590683265,-0.40981613844266496,2.1123992918870482
54734,0.024220383816658315,-0.9175223341693588,-0.5578611175608472,1.186607355799868
76974,-0.1558035448561908,-0.07360186479948848,-0.9163521792602706,0.3514923098466103
254,0.30596364346524574,-0.8713130669365581,-1.6691832232951198,0.21911527748655069
26374,-0.5603461382559631,0.06470319646406268,-1.1387631924452124,-0.5507750710224723
8574,-0.26921772881522776,-0.8203565611190257,-2.4223570793785387,0.3533251904600643
11734,1.0235425890778713,-0.4937470605156699,-0.7210029656367298,-1.4380918836387848
53174,-0.0803030435501186,-0.4092665157198609,2.407092030234287,0.30215778234855273
16894,-0.7283388729788766,-0.6668590265332845,0.19444028044730186,0.9031462178122739
70854,0.02777370213366251,1.1742751727721161,1.1770454676885105,-0.022584248721158894
65654,1.829580905626599,2.4152041374655884,-1.5786677458931497,-1.0253445734337827
9694,-1.7210847771314077,0.780958681601976,0.7879168853037465,1.61261555769199
76934,0.40609428786441126,0.7751318992282052,0.4813492373280083,-0.7614018625303102
934,-0.7767533642461927,-0.049578743052930266,0.6257439306397798,-0.9901900046332875
17894,-0.7259847501862989,0.5428469665081941,-0.004196917936957664,2.969810391993056
16254,-0.030284012007585685,-0.833091659651553,-0.44966824405755623,0.4151536809676353
54334,0.2756196655739276,-1.521332619335167,-0.14970744100431668,-0.18808495675509934
13894,-0.6654601907611083,0.8003044996596658,-1.952673718361403,0.19616400346948085
58494,1.1527129988900588,-0.9212303058144661,-0.023554110315727326,-2.1639148035869575
5614,1.728611210564015,-0.21671015648780595,1.3121342698248677,0.22693476360624956
62654,-1.463971772750983,-1.498852629174948,-0.5502085162543513,-1.5732530913356608
22214,1.3577859876571545,1.3006572698586871,2.1685958715700444,-0.8780735808939794
53134,-0.24896816152960252,1.486878023750435,1.5091248187638098,0.4270126137661754
70974,0.25530617357468,0.6089291516024545,-0.6562444043197421,-0.8131857919706105
71574,-1.7593939343741298,-1.5927521835505978,0.6095281573128041,0.05423930311631923
41214,0.3809533182807335,1.0529708230126658,-0.185158140562485,-0.2525056584046744
13814,0.5178148740673533,0.23439593296344718,0.8242733281220379,0.518494380609189
38854,0.12784202168771877,1.0259444314582413,-1.036660316586582,0.02256423108905284
2574,-1.4569023659415767,-0.10490040488875625,-0.3721283555156808,0.3492533260746589
62974,0.7692196342974553,1.1730259679471047,-0.5293366618985285,0.7075359429245628
15054,1.3762910974539257,0.7306928588580021,1.310451728477187,-1.5699120987657338
34094,-1.3837000718644163,-0.319947928698999,-0.22857899989177213,0.5695474274563356
75734,0.3483011460201934,0.8617855539790055,-1.1278421137098156,0.6451746015265997
52534,0.021999777773120698,0.6226757842274286,0.31166225936747777,-1.8003798930397183
23374,1.678294193947652,-1.2179824090666658,0.9750225653575881,-0.5066847092067791
55894,0.9941703094955849,0.7953503433733469,0.6622889766475856,-0.2283022609452733
50694,-1.0392640067185615,-1.25178633331936,-0.14027449460729355,0.7093534328419154
1614,-0.09964457498616472,-0.5280765089537701,0.599614496581674,1.0065728877437117
72134,1.7907261783809991,0.0009971726634629063,0.8710781604375791,-1.1997461492070414
57294,-0.30428442012242995,-0.8730514629237215,0.4920776764887832,0.3522562247094191
34974,-0.12164578141518445,0.4614513851832011,1.2163339862985059,-0.7069952944546396
43014,-0.46236642450645304,0.14954040182205572,-0.47535980665612454,0.24270553001029752
28174,0.21629385766267475,-0.49458000215203624,2.4704302354250154,1.713735471845415
38254,0.32839913023356904,1.0431876939760294,1.242288720448631,-0.9025358116165677
61814,-2.2155935025392415,1.1549839514952358,0.2697826886703031,-0.9377800776892901
56694,-1.3995251602341137,0.8890492305579453,-0.8173760500905596,1.2845750512231269
52494,0.018685907865699142,0.008892394667422853,-0.1762863469280997,-0.5927450323704893
75134,-0.11715159381218723,0.35892537553558473,-0.4034149144734069,-0.17132427425033736
56654,1.3793002801605503,-0.7343622245877474,1.7333489589426185,0.8568094473480024
55214,-0.3690796405155776,-2.214236992410198,0.3861497593363174,-0.5346489549891392
15894,-0.9234597259745778,-0.633256985163026,0.9002363493199099,0.5320617883308203
28694,-1.8215556780772022,-1.1018349411371673,-1.9885408368820332,-0.13508255416362017
47774,-0.5744216808162631,-1.697537814888396,-0.9114157185197975,0.02289008434102939
13854,-0.8478728006463881,-0.36170252724880747,0.06512935268731691,1.603845808867847
41174,-0.5606091334250725,-0.21269369472059718,0.14817733636529987,1.5550348096469346
9054,-0.5007731728976428,-0.08910709409161596,0.06396444711448265,-1.010937783834238
28934,0.5251598585664572,-1.7562107155393467,-0.4128014149526373,0.3138694317922432
32294,-0.6339097435418604,-0.6478185929658957,-0.4943439508882302,-1.1618666157666055
51334,2.868762858107774,-0.1034161052298695,0.42008705242306865,0.77522031606111
61974,0.5329864618152446,-1.6934361266526432,0.45957239742876266,-1.0316961536396554
69774,0.5627076741437581,0.4129444228646412,-0.346801268137526,0.871069597689297
25694,1.3739794405809058,0.6351905869359737,-0.3105829836980945,-1.2613974162296877
20014,-0.18771985358281618,-0.4265282336037805,-0.6453439192906705,0.5826346288792154
23134,0.5186293952208862,0.06808441905975404,-0.06965098311641213,-2.1087020851162435
58934,0.4839943991024008,-1.5435895955396444,1.0733885083209382,1.5990935172076997
55494,1.565737560925964,1.0450385239736033,0.007380584779099079,-0.37823551209617906
50654,-0.010883936054178063,-0.24280695475960562,1.2066532746097787,0.7325041661168374
27534,0.10067261363016267,-0.15772742072003398,0.48743240578557295,-1.221820221644382
45974,1.7517409949306932,1.9824631817453942,-1.8589000123092432,-0.09615905665080111
18534,-0.06884618591784698,-0.026210684245578295,-0.09090790173323197,-1.005409015175672
67134,0.17347032512470031,-1.1476692442178,-1.4161684323495582,-1.2181124708707967
67294,-0.7882451535189028,-1.2791168497449983,-0.19051429502870074,-0.46383668950398677
26854,-1.2624638529508752,-0.5825548689331829,1.2617825366792725,-0.6661733347252052
31014,-0.7505677729056488,0.43755685889866003,0.5511174362168443,-0.23399678824951045
75614,-1.3033773200732826,0.6294562481935495,1.3160653750360745,-1.475248969138382
37814,-0.8686234563721236,0.827592027765955,0.39530377590878163,0.4156536871582131
34374,0.05489729652974238,1.154588136364743,-0.33323602224912463,-0.5069469905473295
3054,-1.0355358868722544,-0.5537152488330833,0.31416677149547517,0.00043419881997222034
3734,-0.24034494791322533,-0.1911455989845446,-0.7039918328557881,0.28241367274450924
7214,-0.028174197976153257,0.30221706228316547,1.0056215041850078,-0.25881547796940335
22174,0.3189037009770465,1.4239685443726906,-0.9348314210134773,1.175979474820979
51814,-1.486831997659354,-0.03088078924804534,0.8568937311805199,-1.533699792829665
63054,-0.5978471621792236,0.9285036376148061,0.6912928915907299,1.3455774817037514
55974,-0.14247217664460396,1.0875450681425403,0.39844125611929804,-0.01413511430862733
29334,-0.7271907398547333,-0.6505449228324965,-1.5004624209078667,-0.3077988926648906
64294,1.4018491907176693,-0.921529323141471,0.3081214561427008,0.9041407943687729
26894,-0.9208117894548185,0.9941245998932318,0.5617377964098428,-1.547902705540183
50774,-0.7769166006827706,1.7845254954757193,1.2264784237356197,-0.473198663893861
32174,1.7522205617322302,0.02438064704942905,0.5447571296630448,0.16638875361485497
7894,-0.06345318011551561,0.47765038268534643,0.5676067504826365,-0.4286361254562394
4214,2.1941750355307317,0.5176996067763339,0.6217388289372895,-0.8097235820986631
18014,-0.46763662666249584,-0.8600206685386189,0.615160116292127,1.3589921604253592
48814,0.6121392095124947,0.3843076503206503,0.22365904580275164,0.7129597244057416
22934,-2.3724512866019642,-0.6890648793155429,-0.07161168608301113,-0.5454436216997812
12534,0.3903342896835939,-0.36853776553730794,0.1905630510192323,-0.9378745284604487
63214,1.3623416908991186,-1.080496299410489,-0.6064874881493344,0.6690194352133993
31334,-0.7941093978207896,1.1148150952164484,0.9812226550201518,2.1148951160430185
26214,1.5608937256963096,0.6326224919653073,2.297634837645777,2.083884598057633
29174,-0.13874950010416234,1.1373320693790523,-1.1257494837702842,-0.6998996138311194
37494,0.108149067721327,-0.07615980190297325,-2.951515832404266,-0.21981388170659005
13934,-1.3825387828199092,-0.11958337995155154,0.3894195337783815,-0.19677069955102855
41654,-0.2527053515050592,-0.4471607871274586,-0.11085061179414955,1.038756517987197
45814,-0.20120052974854294,0.055905355885838386,-0.7201282640995411,1.4649615442600576
44174,-0.0851214480139407,-0.6289017975084287,0.9918721544469424,0.36435523810821924
49974,-2.2396089241433508,-0.10477727555491909,0.6822213664675592,-0.38958214993799634
62614,-0.33278941496636644,0.17664977054908026,-1.0050916395982206,-0.6442311835506541
40894,0.5691286678275935,1.1480996062243722,0.46858782422098033,0.3206215754178627
1654,-0.5351474255897193,0.9456568729555301,-0.5360451642788087,0.935896792375999
17854,-0.504675890742588,0.565685342810268,-0.8599660690889167,-0.7476710612588608
22014,0.6711221159088825,1.3209624517954204,0.17238368865925438,0.587266210921966
26174,-0.22555242630827957,0.18558770463445043,-1.6847204765207193,0.5563480054120955
70774,-0.1464513493457232,0.5636680754381559,-1.0756617637942592,1.7884186379337295
71294,1.0539557823226577,0.6743791826192695,-0.95850171340983,-0.2667193491034154
34494,-1.6719843501274887,-0.7334483475878759,-0.5259005751765969,0.0844320636457258
1934,0.3549297173879388,-0.019745075683130817,-0.5010978279360736,0.41185176139819357
66774,0.034930044996996396,-0.8787428471727786,-0.9094572902997006,0.8073444264802876
42814,2.74261674912863,-0.7800075611195542,0.7853049847497006,-0.36583373652616247
38814,-0.05335996627594214,0.998904500689104,-0.22030310514744367,-0.8020624202524254
65814,0.1512717712714168,-0.6305114244495996,-2.8775072509223563,-0.034420586459401444
38534,0.050208929211333984,-1.4238578832571778,-1.683614105518831,0.1662107694797483
42534,1.745478360951902,0.7993355286895459,0.6419198560247578,0.9760003612616303
55294,-0.20085962762411652,0.2283091878392123,2.2721625041502427,0.26249788861569306
14854,-1.1756420975507496,1.3398743096097068,0.7506125707276363,0.15205693019574384
63614,2.129167650417029,2.1647883119516877,-0.05185569357179094,0.7602188942074029
67214,0.25691309668872486,0.7517073515693365,0.09411045784351531,-0.34350470526846255
67774,0.0801525390506498,-0.46957768764599594,-0.07558887171286827,0.12348583552651886
27334,-0.16361409299982105,-0.8358575771971976,-1.2720122550732396,0.4477567224990734
37774,-0.10635785740352105,-0.24525702324268714,0.629626734862786,0.44155713375525807
31494,-1.7847434114799188,0.22959563354067766,0.32801666991086714,-0.057075364766339676
76094,0.4494130773816746,-0.68058295857291,0.5877470135040073,-0.3142109094561244
8814,0.07722999474092403,1.250051082490615,-2.4018378665825044,-1.1901039347323723
65174,0.049074424448411515,2.2622854517177498,0.6485426932962688,-0.14906747202584078
43974,2.288909739974395,-1.5036213872984259,-2.1126990183965995,1.4036940154169102
7694,-0.23622272986803414,-0.4073485689468293,0.18821996119236428,-0.4791834177696714
56214,0.6321672249715194,0.51893295824616,-0.8112298508845653,0.09356883489828959
1694,0.9642982215881997,0.6003184839987323,0.10773263931921886,0.9612721792638845
74774,-0.859905910788947,0.15111737562104108,0.6173248589344137,0.21578046493640504
20174,1.3892662036494636,0.2502134838646767,0.5709371114392217,0.6320349514099115
23934,-1.5997169790914292,0.8066490154465945,0.023203082356889414,-1.1101128044021025
28494,1.1138873290113036,-0.3735682925495604,0.13789560758993652,0.10031134678768168
64454,0.20710929949926865,0.35962634081072437,0.1039140016413156,0.9623726983451762
71334,-0.17119452376406924,1.4721799242640579,-2.812718268479411,-0.19119896572985606
36814,0.7282660596577814,-0.1859338345467423,0.43177119690747395,-0.24290149019686647
51534,1.1683657292007352,-0.06020505301854363,-0.5388149117868908,-0.9861826881978966
59054,-1.167399985134247,0.43606612884234053,-0.08894989732945885,0.6819883218771008
28094,-0.4091127616895145,1.6318780783343743,0.860515032122064,-0.6464325775522792
53454,1.1734911562177235,-0.5242603427568356,1.922120132957396,-0.666200894901483
57614,-2.227011444280129,0.5772226420798808,0.8305717316860047,1.4420570795340402
21334,0.15243063214563,-0.09925655967098518,0.20404177521788583,-0.9206993349722656
33054,-0.0895509465510137,2.0334469893825875,0.25830613683692377,-0.7745333483861081
36534,-0.5731921936624375,2.054701366315577,0.26681860713713024,-0.22489805253673095
33814,-0.5915660674786561,1.5738461387429385,0.6373592872963815,2.15624260458297
37014,-0.7274683695764194,1.2506953134344792,1.0909409310177463,0.31409210521869463
37974,-0.6373299880225891,-0.7964445864600259,0.38976674158709,1.1215217374180413
55454,0.3035735899150668,-0.26594748423272835,1.0826497064009328,0.18419092295588477
54974,-1.2844821245458302,-0.4435478661601427,-0.5993032286876984,-0.8713529487488115
63814,-0.48594959542903404,0.0004798791192983127,-0.08058899478350097,0.8687646871966862
10014,-1.3152098444192493,0.5075481037513919,1.35502841273518,0.009314052321330618
54614,-2.647451365189164,0.07127016395184264,-1.6529789864463955,0.8776120967336327
57974,1.3912922740064226,0.7864674967412961,1.5151637126622315,0.7701038094248569
52934,-0.4200306912571509,0.5076190746726734,-0.6589855315666393,0.7735995701342897
62934,-1.1758110552469212,0.28532107013103153,-0.011761990143095879,0.6095125044161782
13214,0.4455797102247176,0.5002308883980102,0.20344581159752362,0.15872386042312342
71254,-0.7336648036478035,-0.33622763387133164,-1.3330964954986453,-0.7877607593371329
71374,0.42990775755621935,0.4408181170221318,-0.31607039023604805,-0.4100340465427477
68534,-0.16628252840218022,-0.4093893766763205,-0.5500552585034982,-0.8417335613208914
39134,-1.1147135946227424,-0.6103632907619763,0.3461364840005073,0.9228971992117361
43294,1.1291007619784996,-0.8218465797110429,0.23436787058517072,-0.12625769087373248
10214,0.7777517067431527,0.4062403713560285,-0.24011471983797547,0.21523516582684193
26574,1.5085413606394416,1.293369428042095,-0.08541661469224317,-1.0643629209241003
38614,-0.2963209488084765,0.5620050235652236,0.7041158690362159,1.5286018245445074
22134,0.48957227549145466,-1.0437316446899003,0.09970535655733713,1.755770085541798
55774,-0.0836672033091519,0.04345121698765614,-1.263667897428426,0.4409333517463359
4814,1.4269226241966675,-0.5272698741649684,-0.9749335636413654,0.7049568222228733
64094,0.9677635305621605,-1.4930918331475371,1.8621122538711072,-0.884353972509796
23654,0.9271897030335925,-0.1427649569580762,0.43032793483062304,-1.5453398115738926
36574,0.6563038753193182,1.4788474588844296,0.5115244075484667,-1.1561099566732667
27814,-1.2479022813922893,0.4626215523663529,-1.2644525188353606,-0.10416122796057137
72414,-0.6859509935102333,1.5140602224319102,-0.11534587402585392,2.3905110009136536
31974,-0.1870104287623235,-1.637299007626771,0.10558908522500349,-2.0289307174571185
76494,2.835640493120549,0.1952927093749164,0.18105752488925572,-0.49025447699304314
294,-0.7003379945223668,-1.3761105020758988,-0.8999894999235514,-0.5444701239269135
55014,0.4622388140076714,-0.9287709321324064,0.6731047134728867,0.6418350527880685
44454,0.5066889945383697,0.3045439083400361,1.1591969751860756,0.5606385630296535
8174,0.19760842353372335,-0.29387352685347007,-0.3835414031690061,-0.3635300239858605
69534,-0.5172449564363114,-1.4111182147815735,-0.20368557941846105,-0.5571375251090723
1774,-0.21427745239754428,-0.7465399148746091,0.34467652887631034,-0.22371621211753218
74174,-1.425203574074922,-0.45382742236596585,0.49052640652644064,0.5913070271126645
35214,0.5709315061624302,-1.4541422041973602,-0.28418918650014635,-1.2271315548412332
72094,-1.4061929143645393,-1.4509340591795992,0.13264796619858282,-0.21325305275330933
40694,2.772908097687177,0.512913846550391,-0.42709566776640856,-0.09959490226487253
37294,0.7626880412696937,0.7963668757045057,0.543990094180307,0.5118242016206359
41454,0.41629391494946233,1.4588537377305077,0.4773014619433091,1.1784420383060177
69374,0.562633213116953,2.132677733153823,1.1268894299867407,0.7886138607845491
53934,0.6476907681174887,0.26834915815874827,-0.10041865501793047,0.6651330307849646
17654,-0.38090389075552084,-0.17632026892310304,0.6656308993944059,-0.05603746751843713
21814,-1.2478612949616639,-0.19881923748630645,-1.305047035233543,2.3948365836888192
70614,-0.9431232412015833,2.241755400788101,-1.2921803880723253,-0.8738827694761038
57094,-0.720755333459273,-1.0050162834561143,-0.7852640340225776,0.6906148062262878
70574,-0.3628632986447155,-0.7557393164609333,0.8489984932555776,-0.27489322385968873
34294,-1.09539562878925,-0.7164285217003874,0.331596645958677,-0.591148684649383
38454,-1.1287256731984183,-0.32522608709976303,-0.9230558357063223,-0.23641420198325638
20334,2.5837813020248253,-0.2072909625836367,-1.3810613728966994,-0.6819523301555509
55054,1.3365383376594855,2.3336367280975723,1.3012656836334282,-0.7000198986233435
6334,0.8218375596081221,-0.6025234015217349,-0.06531106589921974,0.27185583196041585
50934,0.9937470686885987,-1.6714763654564269,0.516358151652148,0.658420107046175
49454,0.371570847784711,-0.9569483902299035,0.45213000094686645,0.22655223967441793
53014,-0.08643781332622347,-0.34752417529426244,0.009519305594739813,-0.8504285627677698
22974,-0.2703894824202136,0.5158344971717547,1.303782386363822,0.5101032823961338
71734,-0.4357934389955039,0.2563645923364807,1.1883566072444898,0.19684914455597888
35454,1.0511182768369214,-0.24729426318846584,0.6328830561488328,0.9342983061662071
20254,-0.08502482256017217,0.736105587212744,-1.0171372207178124,3.6009872226825377
18254,1.120731204487623,2.339813206889692,0.49345143915924455,0.448691058280785
64654,-0.6674839499918017,-0.2847967090443085,-0.9369147351948383,0.5241923325028679
3334,-0.4388724980238023,-0.08734109458729333,-0.6399840357300195,0.8249394053441287
7494,0.2999380420236606,-1.0831070121141242,0.10000425980677059,1.4293416641952685
59014,-1.3585555602114656,0.39242140052032876,-1.3923004927990343,0.8440929638615522
18214,-0.24110752535477997,-0.06449160324775975,-1.3495120232929585,1.3270569043953053
56254,1.1583192168360077,-0.3301800253848403,-1.0887814620744307,0.2859133637906764
51854,-0.5121371601063849,-0.45678400407813013,1.1064881282380412,0.33213342852783345
19974,0.5162316503509442,0.4205230649146541,0.6441659832892285,-0.4353914161808135
64574,0.6697623019129725,-0.009943723899954071,0.1082468492258365,0.31041078027912783
694,-0.13873655683541775,0.03454603209429474,-0.15075672706673884,0.11795245596711267
68734,-1.0106932546424638,0.0019393706772741152,1.0412441708645384,0.09838099794799861
46894,0.6619054502486617,-0.4002587886292216,-0.533428730974445,0.11017535191020625
57134,-0.7766290267075486,-1.2049151808192085,0.5423941612106673,-0.32392282174901227
36614,-2.3261027655152935,0.6939206777693525,-0.01677282029380798,0.06038746423716939
64414,0.4797567026197761,0.17406159561070728,0.3058328922419418,1.6997825495706413
40774,-1.0091074040390198,0.6260150945381389,0.5386266579987015,0.10160906272954247
7134,-0.5619823133880606,-0.3675391962223763,0.42964393029938247,1.0460828940181173
65334,-0.8317810154195481,0.43044910397355757,0.17471415700062043,-1.4306398877904698
56014,0.9311248561179543,0.4767185400691735,-0.31147111420192414,0.9180031741193461
9614,-0.465867181109384,1.1267944915148895,-1.165882444686751,-1.5070808155022415
28054,-1.0119782813358809,-0.877492900579215,-0.7411040905559821,-0.04989093611049603
46494,-0.7603117596463861,0.1779167094243106,0.5162897731933962,-1.0454374809221725
73534,0.021087516816227732,0.007305489072559544,0.5169892229235957,1.1375051979599002
25294,1.3791881497757479,-0.2907495501101528,0.0829668862941043,-0.32292605548973113
29454,-0.5483427309966019,1.4782588816062097,0.7450980570204874,0.5356804891499283
74054,-0.6500941795891219,-0.740398967812647,-2.3376654562237698,-0.30106955737537694
37174,1.0139608190776692,0.38050714996095214,-0.8203033004290008,-1.4819013280935032
10054,-0.04524480738212787,-0.049867090634494515,-0.20485083364865894,0.37313374952508477
41934,-0.433468226006664,-0.21946592262840234,0.2858711411800045,1.4646266826133927
5654,0.6613904227469792,-0.4355373427251677,-1.5124372959758958,1.7973245283546035
4254,-0.6588615271362697,0.4210249782060385,0.3178929360345814,0.7866662287741684
50254,0.25354616846817085,-1.6207465098861584,0.11298018886438464,-0.5611598632547309
59214,-1.3686329435259414,0.530442433396637,-0.5806791427993786,-0.3811294176954809
18134,0.5202266620128307,0.983117023228362,2.0287660371416942,-0.9101982182648078
62734,1.7387631791732725,0.08838801394419339,-0.42859105913669054,1.0662674213454268
66894,-0.3674881177683791,1.4339013704157202,-1.0869451626088071,0.7064638087689242
41614,-0.18108490439631794,1.1322685112193476,-0.7963375928990851,-0.34729818498379367
16214,-1.190073861936151,0.27022313411633875,0.5062493654065073,-0.11934153791690263
75214,-0.6694048369032439,-0.36235044924789517,0.5345937643146692,-1.5902031870417817
2654,0.6310281009159795,-0.003560496637123354,-1.6820793418271613,-1.2085550497932387
44894,1.119228223904521,-0.8988042259428679,0.3910964883099972,-0.8654740857874459
50054,1.3437069968971853,-0.0684753626301425,-1.053814010540391,-0.6847683670820095
10974,0.6148626466197213,1.4821977077131514,-0.6732358458852327,-0.51880011287796
59734,-0.9178443626012722,-1.2855276973902592,1.7385888677495853,-0.1262905224485445
35814,0.7563221518412139,0.0410609683246024,2.038935856848256,-1.365685025988837
12134,0.08919617097436948,-1.1481428158750493,-1.4469183737308613,-0.2645897450092521
68054,-1.713671060867687,0.6736461321666009,-0.49577144690503305,-0.6338076278680058
40974,1.4234849533227647,-0.6030998668949561,1.8422211545542089,0.48594012981144796
31774,1.10597970868359,0.4164980807108609,-0.37250225995989356,1.0432504487604894
76374,0.9873241585179302,2.819881231766244,-0.5117314499614314,-0.9070713724154897
54214,-0.21734564790605268,-1.4251851750218394,0.6435096421147591,-0.049232443228434696
10094,1.4333190588655622,-0.28301738529425524,0.0023497824174674364,-0.14497083071946537
72654,0.19582380462256935,0.5505782056271107,-0.3713627999169603,-1.2759516270687064
26254,-0.06260031120116138,0.4607279942689838,-1.1657032599774746,-3.369701961642472
48414,-0.754209541511196,1.7083930204821889,-0.8442316174140402,-0.2303369572019194
7974,-0.1163041443596546,-0.778408034002469,-0.5622114812832215,0.7125439656922656
52574,-0.0966110662766287,0.07112527839742766,1.057232043499363,0.9558196930121856
40254,-0.7671795651662444,0.5592981535977907,2.022425268790234,0.7005154744477963
18294,1.2618987307567053,0.7038119023761613,-0.02153341631418994,1.2707401262556892
60894,-0.6713887817238099,0.7807031757072116,1.1648939638589377,0.4117277270293355
72614,-0.9908014483834979,1.590797372942262,0.5414601845653354,-1.0926919710335652
31454,1.0426785088385893,1.760037948958196,1.1058973460960373,-0.6699001804413522
26494,-0.5643202647472723,1.178936198075437,0.007848284065412348,0.23238918915956924
32934,0.11896074405608921,-0.9734716819752771,-1.0240956123355929,0.8132826962912351
72054,0.5529896639903213,1.2903645091584384,0.31968445307274396,-0.6464239599197507
2454,-0.39717978881994803,1.939872995464238,-1.4555133868492875,-0.6773717967852295
41254,1.0040870346138788,0.08194948399545607,0.33771098163199326,1.5103433122593677
34454,0.29274834741196104,0.6817215752515183,0.3076792699643288,-0.6671046317475049
24454,0.9797486763993283,0.3251622505098642,0.8503434177117627,-0.54539518513796
9134,-0.2642614960756409,-0.046188708259445495,0.856231724804938,-0.28567503486439716
13294,-1.019050070612975,1.1504548702716457,-0.987081158266752,0.6130937060636015
17454,0.7368958849398063,1.936630129798299,-0.1258521579019886,1.6815192696141683
62054,-0.7769589076414083,-0.7196378307623102,-0.18045734895353605,-0.1865896681250221
32654,1.5484618280162197,-0.17184797252905018,-0.41561010420425465,0.7429737754143831
25774,0.4005708823902437,2.0949549403690018,1.8051017439507728,1.5806877664399928
74534,-2.0131295801629294,0.793373751481682,-0.5346102627199351,2.06234624732388
59374,-1.2005620758589388,-1.13492480068157,0.6896520398388326,2.1258366335508123
51094,1.701228437565946,1.988415016159356,1.2520893604255658,-0.5238132679904367
43494,-0.7342962725610093,0.6728967734421667,-1.2547303549751874,0.3401504346196495
46574,-0.6374016373674876,-1.3833431968233625,-0.6347920378217965,-1.5751835774794747
10294,-0.3810583791290263,-0.4197983002988022,0.5404481961798916,0.9967120491956865
57174,-0.22585971893744544,0.03986293938743535,0.27157037882773294,0.6501383051257479
54894,0.12477593578511663,0.7643497351995738,-0.5123050883827044,0.3346480545524893
49054,0.12605564530544788,-0.08382165612450979,0.6363514391438528,-0.17890018570155317
52414,0.6468003907800374,0.19576399064054106,-0.3293024103025987,1.2196372673092462
22774,0.6178478255789718,-0.43062366529976687,-1.6971678029094794,1.063511226104047
26934,-0.6122077771614599,2.2078769209800595,0.4739819717041696,1.1294775023111518
22854,-1.160182950834028,0.7767037686809435,0.7529229586837232,1.0359159842976247
57254,1.148864309388825,-0.9874973802644753,-0.6986370403196942,0.6083204724201758
75694,-0.6049361962601209,-1.289703957041665,-1.853476531091429,-1.5253174391988034
42894,0.3828012847505675,0.13707683243872587,-0.3850635366837482,0.12400212395794367
19694,0.13252375386705026,-1.5169825993251453,-2.1455444533695633,0.8395312607558553
3134,-1.1610912729955805,-0.4570974707645372,-0.6653577203847457,1.8888342991782618
14454,1.977191807531494,-1.2581489486542061,-0.9139104561408624,-1.7109990724695454
4014,-0.6430735000156278,-0.7483658028830793,0.21994066352162378,1.4776220129448234
12654,-0.020100015954576046,-0.5070610028737911,0.07133367913556292,1.0894436639509841
56054,0.5320572990122453,-1.2735324859931267,-0.6217644865783567,1.120749640245885
60214,-2.2876513762567745,-0.7525506978009551,-0.7573693490357163,-0.32784610895734534
1014,0.326533991291953,-0.9115695165361253,-0.4624775570963806,-0.7109847083882973
42654,-0.5686195179757696,1.0179190418191553,1.7065383882689527,-1.8140597648008565
42934,0.9712018296473156,0.9762578984521979,-1.6868327073183613,0.5579679123282809
23854,-0.035982522711434435,3.2664301512029947,-2.339941862125625,0.19976665640350336
19094,0.5025604982295576,-0.8441347833361317,0.4208702314800116,-0.36812604947366495
76854,0.2559847860413305,-1.4878889937900044,-0.5023410644462589,0.954138486601548
40574,-1.9220451635859603,0.6603790389104164,-0.8317668001016281,-1.4074326215450472
20414,0.2884883248263529,-1.0507706327865558,-1.0923074626747378,0.23450044620959493
44734,1.6317399510498016,-0.3124869829430086,-0.8662255739098549,0.05379115209390449
4294,2.081462429806437,-0.7913622432649724,1.3948378850831207,-1.4129251099026512
8454,0.81567903574854,0.23772614873708942,0.3736330380618577,1.1498489203147526
62454,0.7999564886208271,-0.9464924137076415,-0.8163211744825559,-0.00873121700769144
69574,0.26242324646145454,2.8552321936574674,0.5082679109146813,1.08204201729895
61374,0.17163598992939536,-0.7193884660907162,0.20271756664459167,-0.5937220015554737
20934,0.10107158603743735,-0.12383374986836096,-0.540296227473677,-1.1502593125557754
65534,-1.6691506095976494,0.3563332647709071,0.9648782705856636,0.5051339383450775
49294,0.6166020341277056,-0.866206909016064,-2.0160501956031003,1.0662066488152246
29254,0.7966567343129651,0.0650777372970432,1.081871679539669,-1.2892104436300544
6094,0.7563864634542631,0.0013272373916575321,-0.8376054063412768,-1.5099930869020801
37574,-0.38251657608363815,-0.0674663080104594,0.7131911186688142,-1.2991791492716422
13734,0.44045273893351544,0.918133801998567,0.984149256536958,-1.082846828645683
41734,-0.9738235718966077,-0.2831383814332085,0.25714252103976026,-0.43125280671559674
5454,-0.24071189770069112,0.20269031896369444,-0.25627057427248656,0.3079301535853416
334,1.2666490946312634,0.14385636459129414,-0.08710025073539898,0.7135177142282237
45014,-1.2102206706406717,0.850426295310283,-1.0520048501387773,0.444466365199496
22654,-0.307276947248882,1.5800561782668314,-0.5400802590910809,-0.9616143134049661
58374,-0.013300180818450026,-1.5172822754249555,-2.877532218190612,0.5929860724343634
2014,-0.5166812775537334,0.20199988184203505,-0.799184102097497,0.5815167560954878
30414,-1.292182437144671,-0.06993967660499541,-0.9260698241177204,-0.5691183959567742
1494,-0.9945496871619006,-0.4661965081817035,-0.9724856422295691,1.9403004350511195
34574,1.3103732558998749,2.2018689886667273,0.7285421158510337,1.4138483927942587
38734,-0.23068582544675567,0.6257210752385624,-0.34799681561161255,0.4507487945254092
15014,-0.7162454902070203,0.46724798708584014,-1.6998351377803609,0.7639181263285028
51174,-1.6586531394393453,1.1332981487029417,-1.5269624737015837,-0.4002761033000322
67974,1.2183513462827238,-0.1437594545805904,-0.5156318967454008,1.5538504491440526
68454,0.616774374363324,-1.055189967788729,0.9143040678214456,2.122042762680167
69614,-1.1565804730200788,-2.1378428976603567,0.6624798649945993,-0.9057902852987096
17294,-0.45996285832579303,-1.0331101532080085,0.8240573077920135,-0.42165164351439016
63694,-0.3095362739823555,-0.5656521409255444,-0.6667181158515811,-0.8103806221564085
35734,0.8148299593751208,1.1976221280415984,0.23048441296540326,-0.04660677673049355
27414,0.6232652985727413,-1.5400147246638782,0.5878935771823214,-0.5730036877913603
54174,0.09499592876184866,0.8118575579215559,1.014527227758008,-1.7824731321316434
72014,2.078021341504419,-0.516437427353383,-1.3358047752543867,0.160952168675406
4094,0.260553150321421,1.2634044132715752,0.08958155613415307,-0.7584444591817989
76174,0.23494314145603742,1.621388609631167,0.8211967025646273,0.06850913901416282
51054,1.1409651231359856,0.4613547823815899,0.5443344639859345,0.6990867675673277
39894,-1.4426137066590088,0.7937849677039138,-0.20245454995512968,0.34640799005426987
44054,-0.5016138089763212,1.579811266469929,-0.24548643291512032,2.8556294712947805
48214,-0.9201999251100641,0.6752110970044871,-0.003588600762400382,-0.8392266927908824
67854,-0.29368622522535215,1.9503514180446873,-2.123966133743475,-0.3204983341596748
14334,0.0011177621660792593,-0.6798676184336061,0.11909978493229968,-0.12561047343133377
