75015,-0.09079223504802869,-1.0162937123809728,-1.0060732448208356,-0.3127159192795631
2455,-1.4868589727319068,0.6705374646415677,-0.1499337637496155,0.23544607970459314
47055,-0.7404628822391021,-1.1735807159489928,0.03800065691133241,1.4246077590664725
22535,-0.21734126891485075,-0.9960635023541227,0.9760824291240936,-0.7375735085678884
21495,1.688611750576118,-0.03481131932920518,1.0061649031839561,-0.18307637137189922
63135,0.008656794915755424,-1.6034304539077027,0.07474004634859695,1.1678603093914433
69975,0.019962012147518686,2.084933626802061,0.7172297484466533,-1.218332069181832
23255,-0.506358172915768,-0.4543237393083708,0.5935199564035382,0.7186730397583636
61455,1.9214051864581372,0.4803765579388424,0.6374682780836256,-0.8002142087085217
28095,-0.20786481923149402,-0.5163079833331545,0.07337207680081854,1.224262304682933
76175,1.404353346199677,-0.1585528439708973,-0.15379104407716843,1.4601572115853232
8215,1.1323645691339914,-0.28408953771426065,-0.4363655981993452,-0.19360277064748124
3175,1.1303617992810877,1.3792363084940118,-0.1210274945859631,1.6095713406813705
23215,1.4443824283461655,0.7333815987519298,1.40783995549509,1.3085255410646326
52375,-0.4839142437363731,-0.25813245242708294,-1.1258518872918257,-0.8439214590048805
16095,-0.07925559166603018,-0.6122994648677496,0.7057977679386449,1.0790580204957205
36895,-1.5132409443495372,-1.1260210307480503,-0.5447163080085097,-0.6545197171858093
60695,1.4822692111376696,0.5249466414333918,-0.1394921288560641,0.37434538093411396
34575,-0.7646646655046663,-0.4337463540678682,-0.25447249823334667,3.4083360919226857
11375,0.7453954703376863,0.5373342910573766,-0.06588396544685043,1.7728325239866347
69015,1.3129997556054709,0.9310156346893304,0.05360581753082701,1.3894476307155335
29815,0.7216954477008866,1.3087625766655702,0.5857332316558354,-1.1275623986743417
73175,0.02502989902202068,1.3535654202083294,-0.2542004021379056,-0.7294133226373963
55335,-0.7781185589192956,2.2174316502695315,-1.6373635487875706,-1.5405949808471822
2055,1.2489898754288558,-0.2554432033188832,1.4656075094570866,1.8946689035362458
4775,0.19759457389645338,2.073925829916028,-1.5435570127397267,-0.047109478947851585
49375,-0.06093693366720891,-0.6677840754796087,0.12384069339691486,0.2640795353966461
22575,-0.18933187460727519,0.7928231290257567,0.13956188609985773,0.4725245772646279
21415,0.09857568771587613,1.5097465209620657,-0.5172836883298628,-1.3696805397501732
77055,0.615693282413394,-0.10465557666711922,-0.23315452221556926,0.4458127163966265
71735,0.3264935207649663,0.6764762393234125,-0.5316048484519158,-1.9244104494158176
16735,-1.3050038405347466,-0.4841852794775445,1.6755404502400744,0.49922441821348146
38055,-1.1309974945092118,2.0654854809251613,2.449173369734515,0.43177879667995067
8255,1.9981882464216798,-1.0888727316408016,-1.241173585849579,2.2665466029543917
46375,0.2665470875806095,-1.084476884285353,0.6224384665396195,-0.16341167563571063
67655,-0.47766198793929454,0.6217813414253222,0.371535898572321,-0.04366715190218916
63015,-0.43584862179738626,-1.6523913956802985,-0.2847495462662581,0.2568345431091576
695,0.02523165459153038,0.09274101803556359,-0.08663499807832395,-0.03366684775556198
23855,-1.4597473990914347,1.2737439814609566,-1.3741562473373634,0.19470481560717895
65615,-1.5547202519379635,1.086908390526194,-0.25609817189621886,0.5852089495109366
14335,-0.07396240462593259,0.4320573498874688,-0.4371022086121726,-0.39402416266085566
2135,-0.5939002432553421,-0.6011915938069877,0.9994369958332584,-0.24848020510100405
15415,0.1504839581208354,-0.04649933222744471,1.6047411998624042,0.02976795799235524
71695,1.9732331308381346,0.3356552015340057,0.45498738664587834,-0.09372466626701206
69655,0.1213634998850721,-0.44233883972192006,-1.7895329733127858,-0.536215479878169
52335,-0.3987084606236094,-0.8569790522159635,1.594171129102694,-0.09926979646460062
51295,1.0534112195390173,-0.40153284986646476,-0.1300228161911324,0.9731942394309262
72495,-2.0767856985416184,-1.2443223457891082,-0.9859212862628481,-0.29452300650445457
67375,-1.6465872188876103,1.0323155788884966,-0.111584856057678,-0.14534554942832326
48975,-3.667027660417154,-1.0171669420530864,-0.48156025820573356,0.8101563306091584
40375,0.5692507598377938,0.29158690122976455,0.1782965812800636,-0.7197462076855136
18535,-0.39331137852918113,-2.000278723272304,-1.218755564879059,2.396013802563947
65895,-1.2272410416756625,-0.6838850928075072,1.4359073164576732,0.5019238249564895
22655,1.5589420687658562,-0.07907779561949982,0.4265520452823207,0.2384458828579077
16495,-0.5497264618466305,-0.22556528769738723,1.2032667854502983,-3.116813968028838
33215,0.11821947802753265,-0.13987889473726878,0.3010183747524189,0.6499874316947998
4215,-0.05523267898964668,-0.4765451228369456,0.03366099681327213,1.2856638816992092
41535,0.37225035556738456,-0.5955625156571283,-0.061355449386588774,-0.186655103264122
43215,0.21780868457908675,-0.229289992551357,-0.24350450444614655,1.080866650306337
60095,-1.8418854798884945,-0.5373579646996713,0.03973656383203034,1.8033837989149486
55895,-1.3981285433650743,-0.2027662655203427,-0.763075534136366,0.35398951886671415
9415,2.072863310166215,-0.47658102636508576,1.5828318145814664,0.34501908801370873
12415,-0.35530928259444433,-0.32722918313442434,0.036034819736666245,0.8685642886819315
58175,1.042389807522743,0.7337257615104311,-2.1120361147544915,-0.2082285949776415
36415,-0.1867223363834072,1.397542504393376,0.11710820733745568,-1.1822356200432322
63695,-0.07205887187099377,-1.3029729847165865,0.4465406657196504,-1.643623870715373
42935,0.929485950713131,-0.8171760588292031,-0.2661659565052257,-0.2706165839363081
20615,0.318427487500081,-1.312827972690595,-1.1648891735338929,0.09536833508617786
12535,-0.3527979632677481,0.6563436879466601,0.641551549054676,-0.35310957366349954
74815,0.7496427682017903,1.613624267843325,0.16501737024784724,0.9495936552695561
34375,0.10758145180290205,1.5816457507490944,0.10029550183293437,-1.1151261683948777
49175,1.0156554722313595,-0.6364836248731264,-2.1314142513211265,-0.8094851402408703
63375,0.10548037220585577,-1.2755972965055546,0.2644585307820278,1.79292054080578
39055,1.0841814888184307,1.8440367384626297,0.13399825426653045,-0.016156817722215992
46855,1.385314820800831,0.4877352953672773,-1.1197243374352812,1.0029596859117949
26215,0.10904392578242736,-0.05501247954474272,1.0412260286583892,1.0971319311862673
51015,0.9053545564717427,-0.2652321024306505,0.3220834659693052,-0.04297261887091177
44655,-0.3239869455117763,-0.006173100406719411,-1.26704385750939,0.5470611081340807
63095,0.3668879805204113,0.3173516959915772,-1.1352469398808231,-0.7433060283532055
37015,1.5570477650377872,-0.5240719408046071,-0.640306658656069,0.5706425276705055
23055,-0.10035704486317881,0.40635608104533266,-0.1619567999595248,1.237579992174555
27215,-1.0056085711895641,1.3631450539994143,1.2284191427990176,-0.783859956008537
43375,-0.559268033970716,0.4428293329585349,-0.538519193244161,-1.1294766144123276
34975,0.0302915196997755,0.3184436161722403,-0.8939328622431422,-0.09775859714645613
48015,1.0452413172487884,0.8914966272213977,0.1256736254136645,-0.5590615573369547
43175,-1.1395815781986214,0.15171317388129085,0.43787934593953454,-0.36138252568254764
15895,1.0213139437910348,-1.1443987011308585,-0.7245466334860443,0.08356810285919028
58055,0.06839806792083519,0.675810364089872,0.5216930800134049,-1.9606129975048057
24215,-1.5704947108006975,-1.2032526620501591,0.7667554473327182,-1.2012788463305322
815,-1.4482649920982005,0.6491895631997057,0.203458315799395,-0.06022053224308048
29935,0.57040584109191,0.3427674608867251,1.821774394139298,0.32509670236731586
41135,-1.3476552529758599,-1.0547033424720842,-1.3591861010993824,0.9169297913750146
36695,0.03127019181317898,0.9197946180382515,0.1357172594339603,0.7192775918599299
4575,-0.38118711695034924,-1.0421590361382025,0.003803318448697762,0.40457902352469177
59575,-0.6540994190884097,-1.2723520919786921,1.2560802221588963,-0.2360066278571922
48375,-1.0374338557511704,-2.2181943395188144,0.6685464721841741,-0.6612902308591404
12895,0.04538800326509907,0.920854711695787,-0.9997117720167487,0.45677126440085686
62495,1.1274273294721442,-0.6028105761338104,-0.5258136444970575,0.01734387869460776
21215,0.9283664881600813,0.16147302076737527,-0.49047008954317806,-0.3625549597901713
16575,-0.006678398709645713,-1.2943956612600342,-1.659903684883161,-1.1460922024565852
65815,1.2872694478193571,0.8108980637627765,0.16154426217558387,-2.78182151893201
24415,-0.4505981454398797,0.623570838304981,0.22094659993686555,0.6059764446254116
74135,0.7879179345493778,0.581786668981939,0.3468255409482138,-1.316462831904076
37855,-1.4288834791563765,1.7803504824423888,0.06770453015183671,-1.0813306075204752
24775,-1.11193759971731,1.4249282505386298,-0.2280801465064376,0.2545894765061736
42855,-0.6359666116596131,0.2035034810024254,0.41923628867928764,1.2219733855201016
19655,0.584161132444214,1.230395321119543,-2.476291084248924,0.004378708326002295
41335,-0.20635569474213403,-0.016262590081448862,0.3479687887001573,-0.3478254850669482
50335,2.9153016273002987,2.128211515508272,0.022781953076933942,1.0877673077474699
32975,-0.6670404386813926,-0.46729246753235126,0.18904147803218668,1.199419200796471
28575,-0.612692161889691,-1.0168673682266898,-0.5411830723313237,1.02071384095761
5375,0.025799377146614483,-0.9461412222736848,-0.685935440011872,0.6662923708067147
71135,-1.0933070775176965,0.7779003068886683,1.6815810404146645,-1.2237400162087173
71895,-0.15823203924828078,0.23460916107545457,-0.40943924560810024,0.9403737523095509
75295,-3.123211225978479,0.2039246709070895,1.2891307944853432,1.6513840313077948
45775,0.3763205039711015,-0.5672009842011729,-1.921869638932722,0.5772266328950109
32735,1.0959829937787038,0.4073165817063359,-0.4344640441939047,-0.9316485649837987
8415,-1.1237153769240966,0.21372234113286623,0.8653240293900872,-0.18714814772681865
57575,-1.1930804894655793,0.41398746543339837,-0.4859625752958791,0.32841115409534755
27695,0.06972878561459282,-0.8504781094251623,0.5254221220052396,-0.7892032174007911
52775,0.372571671597995,1.034967940139203,-0.624662253501282,1.2168761998774495
9255,-1.089403259875746,1.1518613188399387,0.10747845746439645,0.6597393968722773
76455,-1.1905277732630852,1.4283934482841407,0.42292916901695277,-1.7418574765680388
55535,-0.19299238436901894,0.11348985770329519,0.1553227101753283,-1.680655022058258
44335,-1.062809170792794,-0.2003925480809317,-0.5309559354026829,0.3562192557656589
48495,0.1726006550199648,-1.4665568892878873,0.7555077799732511,0.06397526233493814
8935,0.21805480357018986,0.25389893995347734,1.733742132884427,-1.7804842428795837
52655,0.32477521869294873,-1.1355608242875903,0.6186240266370358,-1.5717370750729431
2295,-1.2653013884114008,0.8208945209030435,1.5176297860521684,0.3903608437151838
20535,-0.08104007763195588,0.2249223935415653,-1.0024675910395229,-1.0860030161871428
29055,-0.13389170857425364,0.7751436097336972,-0.12050212113940316,1.4073185264885781
69295,-0.5667845612315898,0.6757009003342416,0.05337587431734579,-1.032347268033587
20735,0.30494097952113725,-0.14836666927427503,-0.566398192310208,-0.20048676984145786
59655,-1.455860586692683,-1.4032919511854813,0.5054265178658852,0.7011360172719183
53815,0.17491059502898046,0.380260850161969,0.6182432987792653,0.09497601406969661
43735,0.11702545291267899,0.36698548462994707,-0.393377355744828,-0.12546149052568753
62135,1.0846122191418666,-0.7635249112539679,0.07487786155692333,1.7625150790116533
67855,0.9889147176829498,-1.9204563108148582,-0.2612779167878912,-1.7170374979632665
70455,0.0763828150629114,-1.0269697232280817,0.02246653149915002,-0.24277359836763157
58895,0.5624979917440277,-0.5709748041748477,0.9598278416122318,0.4123430574546702
38335,1.163245386078009,1.8840586284807674,0.3563111895925043,-0.3352604909004179
76055,-1.1443539518324746,-1.5226632878721151,0.28190229557258456,0.08499902238344587
6215,0.12064408026767666,1.4906982321880289,0.8587791367079278,0.32896279673708245
43055,0.17396428922094592,-1.4994556810406279,-0.5985766102817051,0.2766210509962487
67815,0.9609366403103542,0.45171120273972903,-0.6884276221914883,0.2413729189389977
12575,1.1841543520259854,0.9429189312325228,-0.2640421351304515,1.0604930830989192
27015,-1.157243684181681,-0.622804147990982,-0.9062797122646816,0.49728590805303896
71615,0.7774844046384726,0.405172497211621,-0.9984201100017202,0.5040277688644492
61735,1.605605838285172,0.06622542163367176,0.48656371472324284,0.9906895496841127
6535,-1.0530100060630987,1.146767967612489,0.06745245084148775,0.9330256560402437
66215,-1.4579665255528276,1.2839342198150352,0.3281835645914188,-0.29282666992781625
39215,-0.2917939047526431,0.41428449854323407,-1.4298211586707605,1.51851001026501
37175,-0.37356743433385026,-0.29282610487746763,1.0038941662510417,0.9962202304075002
75375,1.255338370266141,-0.07162478332403427,-0.910333686054911,-0.00012534108032794872
56815,0.4760839913206027,0.5583561938544221,0.6341868875814772,0.2008836148841078
72775,-0.8279778073760512,0.2557822706763581,-0.634339722979229,-0.057068308975685024
735,0.6544588893507385,-1.1873392284281112,-0.17767747195019865,-0.1763419656496722
19695,-2.3929245063618163,-0.5037203922468793,0.5153035560021475,0.5369168992202205
10415,-0.7488683839277946,-1.9751653226308097,0.5456196545075919,0.7675435330643566
215,1.8139810044389715,-1.2172400680066955,0.19276080865535608,-1.4453875007046113
35135,-0.05909228337577379,-1.0264198258454318,-0.9475388202704665,0.4753694620827254
4375,0.15065952468019084,-0.0468459578948986,1.1746622269575226,0.9307225431461038
8535,0.8369816586121037,2.134385941367777,1.1902302838672334,-1.8762805774479225
27615,1.3729401987683574,0.4555570725527733,2.354656572431568,-0.36005608842002057
57295,-1.157870268809416,-1.612268092465951,1.2407857045999227,-1.030579905507726
33095,-0.5645446092575075,-1.1333722192647593,0.11402698924597163,2.2494848816160093
30775,0.5644493312262869,1.293696923859205,1.7245338358840758,1.1834648452262806
73935,-0.11630508017453656,-0.22201242674600763,2.355745815423923,0.0012292339794998405
72015,-0.23384980588523593,0.8987409161955159,0.2023388571256959,-0.21116121767895055
9695,0.3780670906385296,-0.7755446726177329,1.0473266667540948,0.9734620643167632
18775,-0.8255709025445243,-0.10522029634153898,-0.5135121154825608,0.8439871233984619
54295,-0.8144214100790717,0.1475992012099458,-0.706626759302172,-0.6760476003662402
14735,0.408765445975828,1.0857386583402893,-0.28889092726803045,0.4275646084998565
22175,-0.4447160770979541,-1.047979054026496,1.286692925479055,1.4710595755139315
26335,0.22049727538696642,-0.1893747379291013,-0.47954174826856094,-0.5639633420777252
57695,-0.5242155179164477,0.3595454129357134,0.49544810866955963,1.7902943039554011
75095,0.7678714886984366,-0.0005732840044972837,0.04027350881359952,-0.3838377807645934
4455,-0.6622972492855805,-0.191972037796615,-1.0231080709931049,-1.7845696966616538
47135,-0.37298734080084356,-0.2351534062931956,0.32951210781078066,0.3066239663753848
6695,1.6171190380791554,0.33484874513310803,-2.1030319328652887,-1.2303637967388088
64015,0.5533124774059922,0.7038590180516354,1.591008649892194,0.008419787825334419
44775,0.7884464103779916,1.118523695625736,0.5590674770968802,0.6371524889614937
4735,-0.5025856527164986,0.3815359757075543,-0.7610380000985048,0.5722728298142866
2415,0.4157507051620991,0.18941730194888323,0.6187647643608721,-1.3594918461671763
31655,0.07995626015588934,-2.010087524166977,-0.6979339915363875,-0.38166221372342285
56455,0.19470300465272627,1.8734588573271105,0.8885158786701622,0.16520217275962334
51575,-2.111623090623151,-0.047047455713961336,-1.555411414192562,0.3886753764884436
39975,-1.3100529421999618,1.807846994232555,-0.028609293640975586,0.6156910095027784
28735,-0.00045857254970368966,-0.3402012910032605,-1.6961977113882152,2.104602567454925
26935,1.0483279894933297,-1.0557100118617193,0.2721719419583757,-0.8248905092318982
59775,-0.14517237829297233,0.31704874213847956,0.41410545621863226,-0.85244182300909
60775,0.7819047831567564,-0.8874323991753086,-0.9134660409536364,0.269017333526138
64935,-0.10518887076649965,0.5498992839343276,-0.5173801605410437,0.25332288317732077
37255,0.5132475071057776,-1.1044954281063366,-0.41620473623326004,-0.9925436616297266
52935,0.6027741298480804,-0.10320197886811591,2.021837332850879,-0.6564142007813334
36975,1.723292130722037,-0.2392012283698948,-1.994146386510285,-0.2684222287715077
65935,-1.5827829696141926,-0.6261161579028767,0.3107142158703768,0.019033463450425444
49455,1.108791572301606,0.6373821435946679,0.5645619321477123,0.502306159303555
26735,-1.242941326225767,-1.2672170784567554,-1.631406428366201,-1.599126421952896
45175,-0.9778055623291843,-0.7350531145133276,-2.4416895567511,0.30021143009782203
63615,-0.07224257404708936,-2.449005107044373,0.16262959745418415,-0.1547484599253719
22935,-0.2581898105456622,0.3212125678824546,0.46306987641102704,0.4387986080384265
66095,1.300732974965262,0.12425975124319236,0.5428276578674359,0.1567548333852753
17135,1.8679543801148644,0.9910344564856352,1.155413130578943,0.295175864312452
68535,1.8276672115482566,0.2116381895792812,-0.18124790232756027,0.5824654301735221
58855,0.39928412660849466,0.17188372867069135,-0.10546564851306088,-0.09260480109677424
61855,0.052154344332984756,-1.8726554776179434,-0.5857653337262183,1.0644171068258828
26135,-0.27145327475595604,-0.4863801419282307,0.5597899941153099,0.31346265587593347
70055,-0.6285875750904809,2.141618197581565,-0.05086024483710629,-0.6395279718752301
18495,-0.47508950604884564,-0.9391317231988862,0.1983178628103168,2.0139032590472885
16455,0.5827491330923836,2.1250978797204394,-0.1827072098557427,0.4334532332652941
26815,1.951994814691333,1.0361868159648133,-0.9917855563001763,1.3431366883019238
57775,0.1928743758970276,0.5864973753182011,-1.3071337638483544,0.13900777618274962
75575,0.5045105272803687,-0.5005812590738118,0.07654881223361625,-1.0873543217241992
39295,0.2568910923266965,-0.8760140306720152,0.8425680945635297,0.5683984514248247
25015,-2.670012340633535,0.03630772845095406,-0.6705597830071347,0.7034403381332522
67175,0.5042730021776123,-1.397062452453702,0.3139361775311128,-0.09559886489089452
72095,-0.5475091932992276,1.0023023023561126,-0.266240515475814,-0.33484443987682594
28135,1.5638641475721204,0.4855462499212696,-0.257546836717511,-1.676322382379151
11255,1.9189623154071593,-0.18820797621676238,0.4813464919796915,0.8220898314090814
63935,1.045451700005958,0.2710054369806652,1.074525686051272,0.06567681613476438
23815,-0.8479828736886912,0.5951136105259812,1.0474636897460927,-0.9740818478387187
72575,-0.2376318353939106,-0.58515328990649,0.37689844191924665,-1.3491091025269355
65135,1.2255804581052212,-0.6533040853965524,-1.063533202721193,0.9282556357634669
41415,-1.0118661559000444,0.8243499541722197,-0.4964518096314403,-0.17396026383108198
15,0.03183869756688545,-1.1177077521707843,-0.18546020681800204,0.5966139446514216
4175,1.3828076424789422,0.33742124682605795,0.08494063730423825,1.215976077421612
4855,-0.8821730992321181,0.31454498907629286,-0.2327752118222682,1.2162587680838686
8335,0.4466971328870745,1.6852282256925304,-0.4979395924078757,0.12143978309780683
12495,0.6883070945284667,1.3598171125735787,1.2611684484180796,0.14103568755120746
49615,-0.19079856564981015,1.7923831212895158,0.7421866881522815,0.83023437770213
16655,0.06553363533837255,-0.1439549087619679,0.4901894725998565,-0.21240554237717335
61255,0.16766517847547244,1.5545664018245875,-0.40088490973843305,-0.21330267803077269
24975,0.5888315753267807,0.45565099313974405,-1.2994835183748192,-0.7243791967702439
27095,0.11934023605004809,0.5118648806204387,1.3527627365193622,0.2149482676472968
33295,1.007938249884613,0.32762553870238476,0.6846472496807943,-1.1007819052229784
75855,-0.4895971878283792,-0.31756402705236253,-0.6809354852798926,1.4667747571010052
55775,-0.024351891995238486,-0.845095542900397,0.27765672028537447,-0.14872155957311445
13655,-0.44901258394274557,0.09475342062003093,-0.7846364615947946,-1.764023681626927
33255,-2.0739084895167412,-1.3308832542570024,1.7646310745328235,-0.3375888246415208
62415,-0.37158551161934267,0.6235354565379663,0.2175963977178537,-0.34688588804015
43495,-0.664989065897895,2.245750714100022,0.27597661926814143,-0.7892284893744081
66575,1.3396610732926435,-0.5796552749413049,1.2656411001788512,-0.27158017397417183
23735,-2.587115157370633,-0.41358577902770044,1.3604537610089726,-1.2623296102025134
70735,-1.5324595296119576,-0.4032544764531757,1.0576361879852916,-0.7202891925611232
59815,1.3621593310791116,2.3818974406020175,0.4029333552172293,0.600718960004748
61935,-1.880819373044959,-0.1418996360369319,1.2985828165548527,-0.3901875094513318
42775,-0.4034977037941934,0.4679713471761059,-1.293694183066765,0.6401955659186497
46935,1.1249069566066445,1.3307875205172954,1.1351888234170795,0.7203439172149543
55255,1.355208188006104,0.5178145598359869,0.08249713794506859,0.418780793089968
8695,0.9736499975510094,-0.567894269551346,-0.5506148389972583,-0.38075393318787243
18975,0.04517180245693296,-0.6353012245662638,-0.29831151739725803,-0.2630048605479277
63575,0.26785554360109637,1.712709806730166,0.9770531322597895,-0.6527032845705508
64255,-0.03180986007084047,0.6760221944599358,1.561381922498829,-0.07919292671758063
47615,-0.20596625103206997,0.868270512191226,0.46942275152988977,-0.11652373512151243
41575,0.018301723384878565,-1.8576270520149423,-0.4977005977595116,-0.802370789049738
39775,-0.6200169838299807,0.12471832162871284,-1.0947280154133627,0.5715090754692495
66055,-0.0692308718929714,2.0296257441211707,-0.581280596754431,0.12809581649259383
52255,1.6297825554682377,2.2802504067665055,0.3940123097973066,2.4253066539614316
11815,-0.41645755959791075,0.36237498530242407,-1.188418974171013,-1.713887166670454
45015,1.1294746229732024,-0.5720985727049911,-1.2868363696816933,-0.024348822644835302
68695,-0.7984029449574083,-0.41526489997374083,0.288767030417149,0.15496688791629398
60015,-1.191295714943512,2.0949189284103604,-0.4657041458142025,-0.8285288622371425
20135,-0.3972253534569273,-1.0320679294856958,0.5934894039249557,-0.25851028099328055
2575,1.4311790167282448,0.18678601969126257,0.1784318195417368,0.036119622571579774
68895,1.529991353846618,-0.3425559684604337,-0.7026210733180345,-0.5654194430749854
73055,-1.1321139651571228,-0.026281692004795888,0.046942204146538435,1.7197712440072237
31255,-0.1656225931288709,0.5709750515147489,0.7230110613737545,-0.617452392169305
6575,1.4894546333610015,-0.2324824301499425,-0.32148700668003977,-0.59829464833827
70175,0.38121597835949045,0.8850547083832186,0.23629048870373978,-1.100669583602627
54895,0.3244822000442761,0.7749910925696826,-1.2087129783213824,2.067355903789793
50495,0.05282414821298982,-0.14740432666876305,-1.3333106761328177,0.6566813419209494
16935,0.5174438581305139,-0.14603224899769818,-0.33334652582660207,-1.563970632235216
57095,-0.5797625464488326,-1.0199138187407493,1.8858613779171556,-0.30355543167247867
26095,-0.9429903019618813,-0.003327784268532696,0.4490073463586658,0.47353956423254434
4655,0.8390216464752088,1.555113666081555,0.8747876264443719,0.15850073179086258
18295,0.45149705425800885,1.1179554522518431,1.8396288329958659,1.5553395867890563
22455,-0.09413583720723147,0.1923903417317511,-0.1279667157273401,-0.13600987856646513
64055,0.502982678697585,-0.9013699653361248,-0.14179360840153366,-0.4614968347705681
64775,-0.3834628496264979,1.1195428515377315,-0.7371726236661008,3.024239275207998
61535,0.31129281391458474,-0.017014656429380458,0.5085488128809614,1.8472633001382153
51775,-0.8062751673528945,-0.9896981242502175,2.0308054832747438,-0.4917194828200171
73575,-1.541736390480762,0.5508916534984344,0.4235539787184647,0.0672218368446008
39495,0.9332944644735148,1.2178368652440152,0.14731392950773853,0.8688644519472533
17895,-1.8682531903189337,-0.00450923342531446,0.7018146537932795,1.5457660929923234
14775,-0.011268069090542841,0.5066621262828299,0.5224311426513274,-1.0885231838013243
71295,-1.3767092522134972,0.6014980541155666,-0.7618523998899893,0.7143330487713706
47695,-0.351814262909686,-0.5743795534027951,0.23542641727504635,0.299105120886612
40255,-0.19944313137746225,1.2933600957276394,0.5084763560409863,-1.0617952940588387
44415,1.2018865559249796,-1.2690090907711042,0.8902475702324488,0.3403615771690887
14935,0.9637958379709568,-0.6730411029273894,1.2285687602973823,0.08016784313268663
56895,0.37341401530292834,-2.1018216533138667,1.3963824527764126,1.166602015261195
49935,-0.8086586173664672,1.0915598611303032,-0.07476286308696731,-0.6339622231829142
74335,-1.2086118767183456,-0.2879096359699625,-1.043882741133462,0.5153248232121331
73535,-0.4297973509716341,-0.12572000714262413,0.29158540011609574,2.045138149121277
24295,-1.3493106862187492,-0.6833876494923472,0.2978840491908683,-0.017862335250591305
51815,0.7469673235880799,-0.6563290300078983,0.21092978907229767,-1.1208231056301003
73215,0.13499427369635608,-0.4299915030609857,1.3001604581263202,-1.351926508571566
8295,1.0246749881155075,0.6726624615186949,0.11967051560852945,0.00046626009374126434
17535,0.45008256568389216,0.6571422040495499,-1.8320734311422637,-1.4526456206966518
70255,0.20109326638479982,0.41501049960722,1.9629356086839738,0.5626472821836462
21775,0.13457487591445327,2.0325164793735957,0.2788573584615639,-0.1914913076120188
25935,0.984888904097739,0.9239525678092076,0.5239547730239642,-0.1570473266259924
34255,1.5549580231274225,-0.6145880476897614,-0.000769489820633326,0.09864535468743349
37495,-0.7262630027974221,-0.08012891014881998,0.6095275627372693,-0.7750004982759096
37375,-0.6001678774952983,0.49085236182114844,0.3111004238720337,1.2506961563283456
43455,0.002474165369813674,-0.09179164744980955,0.5371762675642652,-0.4044335734388738
46735,0.27384039122200216,0.2628802004515008,0.9186155927730246,-0.03125621987555037
35455,0.054032440021401416,-1.2864821032548062,0.787825173605889,0.14073363869481983
59215,-0.7912084843346399,1.842576369465696,-0.2665251921964447,0.3669930812076142
23095,-0.07478396571669807,-0.9344106979339032,0.1408710564812927,-1.2571418772195213
67535,-0.36224154989686386,0.5858837400567081,-1.4734561094317498,0.3393007256939533
74375,0.7238908788984196,-1.6257080225692515,0.5428330818638478,0.697833835769416
35415,-0.6963187358232943,0.185909161300961,-1.2991054102324897,0.12979574031672345
58135,0.5063781982975691,-1.5236127343062493,-0.5723024312860223,-2.5487481231189104
59975,-0.6557620234031112,-2.5687074063761623,-0.927680528325469,-0.07768896232945384
3295,-0.45091227629091074,-0.463233408322533,-0.10145847904734229,-0.05387153401086103
51855,-0.07222645849506526,-0.6503248629574528,0.33614522591293133,0.39528869820442586
56215,-1.3021027344362675,-0.5477756921212759,-0.7711370874546264,-0.2463439197227993
39575,-0.1282674561538071,1.363939516377461,0.40549602146837593,-0.14267562548583873
67695,1.145666672277881,1.3462928097909368,-0.4237222111971854,-1.3877331468897987
67975,-0.6181924320166909,-1.7378700311848878,0.019246796120100534,-0.4453787256963172
77015,2.697817687220843,0.75321972082054,-0.9499515689142829,-1.7951828916888009
17055,0.30264868852091753,-0.15807152185292597,-0.27226006049487045,0.12752369828222457
54615,0.6487635459558668,-0.4699467455724444,-0.9566784696398364,0.1928952971464538
295,-0.7433537537608034,0.5813552722831895,1.4961633955852662,-0.2563801329301742
49055,-0.375528681489395,-0.13879912490082563,-0.6892270703599281,-1.8241774336768284
8615,1.1758188576495905,0.03674012760378249,-1.3512771384073123,1.1974344213598722
55975,1.6570421604354026,-1.6783723431633772,1.4052192713983167,1.3536870019894274
21095,0.6862086218634075,-0.44373486596367845,0.12799868019798583,0.31735483551539995
65695,0.3784565792360169,-0.18434403927880944,0.7679950717684351,0.5535468825495168
12975,-0.8533486234137257,-0.37207818796135345,0.3492866500715141,0.4548937246128611
41655,-1.7588033115404407,-0.9969367450889456,-0.18436865455825063,0.41121222907709454
45855,-1.2796613300786177,1.8337407624981237,1.0886320603341153,0.32604425209308974
49855,-2.789596466550639,0.7804433831399734,1.1949358788641182,0.23311744730029849
26415,0.5977052621990815,-1.8413921529036088,0.12718464124304077,-1.1299794511211536
30575,-0.4341420922559665,1.6575159777160733,0.3396481946040171,-0.5490251249841008
47815,-1.1641887152452286,-0.7765783218561663,-0.40545661983278053,-1.3434992330781026
14455,-0.25199677161111916,-0.45372100280651834,-0.38089749986168986,1.58271177392691
35535,-0.16879774666842837,-0.12161257541667597,0.504604584926856,-1.2418078861755641
19255,-1.721658156006705,-2.713969880101036,-0.7896313883443481,-0.6921454303299449
76015,-0.6008814114813641,0.3904040164689694,1.839563356486556,1.0456056528413258
33495,1.6510891955769575,-1.3175180331604734,1.2748283750013585,-1.414404301495044
30855,-0.5003297327830017,2.2762599402954122,-0.3508412452790819,-0.9467679037126865
1655,0.14273733727065954,-0.4493212254717206,0.013020412588165373,-0.041184089282517405
66495,0.7821546395922018,0.5426108221782266,-1.3562134565111963,0.1118580526508655
18895,-1.6808591038717968,-0.3961503358141858,0.6581614259819034,0.2396411081896082
31455,-0.19662573465080982,0.04409566865959256,0.7312857784110585,0.8074171065244048
60135,-1.0178779121831072,-0.2594611159889373,0.15061939043124992,0.7481184002746188
69175,0.38845539427393005,-1.1821722843745437,1.983020024733048,0.49934545576998474
48935,0.3011519189246733,-0.21952660205098212,-1.2473634630206245,-0.18233158025531565
37055,-1.5887801515974778,1.506482410524611,0.2080120549090279,0.08660215156804739
68335,-0.8465329403603395,0.3946742773175327,-0.33790124963494383,0.9782942118732314
45815,-1.3300536877608031,1.0321992951899606,1.142919512728753,-2.1807228625203554
17415,-1.5284127607956453,2.433706476332673,0.22764399781079706,2.3854296857109993
21575,2.40034430675793,0.49373193377487895,-1.9078982737621848,0.0723281657582234
32895,1.6184828777409788,1.3446826187277061,-0.9707026822657642,-2.290546807859854
25735,-0.9907060681997394,-1.161805043898841,-0.11903363420831084,1.502608292728691
70335,0.34852518905080376,0.3620044470678919,1.5159504289629213,-0.19011816765854844
33535,-1.051204493941169,0.27048622095629105,-0.23536059197881057,-0.10513029491507803
65295,0.10819904908882533,1.3825110459574395,-0.5618276819802362,-1.0118397423508532
46535,-0.4545750259143062,0.333449254744506,0.3389220346925978,0.18191636479182133
775,0.35797521664360143,-0.23239707807304053,1.4669439974430372,0.22666978986418748
10255,0.5501473395389855,-1.0049155906212965,0.5089772808332098,1.962219187856026
14415,0.5147862224588154,0.17772116958334783,-0.3553587298808604,-0.9220010940616022
6615,-1.5404246715468362,1.6382331755040043,-0.3552364997309991,0.08615355891316757
74215,-0.010545512541130397,0.8752135547295737,-0.0643165021620285,-1.6321708427328308
22735,0.3845648179123342,0.09915999726421365,-0.5899643522048549,1.831913680713425
39695,-0.7494527347825533,-0.7595927378452125,1.0162797742972385,-0.052249967544670255
26895,-1.1712990786771418,-0.056017432734929706,0.13557273844702486,0.28508155766929844
31055,0.13957848876840812,-0.20572328033343396,-1.1363928823980667,-0.9476539897249515
59935,0.7266423308487195,-0.3166388812069071,0.5220014991435719,-1.1028248171527346
35215,-1.256461698548538,1.0440653143653866,0.13377873179888608,0.29605429497205765
39375,-0.6407217978489557,-0.25555054558088214,0.4228354781040964,-0.4511214626721779
27415,1.444376772307073,0.9444457666535175,1.2245959538886046,-0.44000225238978713
43535,-1.5027763307457962,-0.287222262611573,-2.0626467942033475,0.5836123298429874
7255,-1.454873730313962,-0.6052665999054108,1.0668288268420636,0.10483661107114108
52015,-1.4664376133640624,0.2542839399059879,0.6227763713100777,-0.5664071581216477
43975,0.5746842992572141,1.2728783420168996,-1.264007320139632,1.587837731701635
56015,0.37682009425449403,0.1917490694296805,-1.2924999026937143,-0.23156003923757607
76575,0.3942891468339522,-1.7908038074223196,0.9706790943566741,1.9191608296456817
68495,-0.19491684338309379,-1.310487254381057,-0.9799405629852219,-0.6584109928597823
72655,-1.0337783045580438,1.1738064338802945,-0.8625176461532007,-1.65551737641987
43815,-0.08441636208342383,-0.0916773774211388,1.0666042326545362,-0.5198477350751894
76815,0.43029910327272086,0.21495089060521277,-0.6369536612092422,-1.424693127614547
71815,-0.471561756528552,-1.1472122551196373,-0.8114872963030758,-0.34637914011667464
26615,-0.8361280968077021,-1.34258077470169,-0.36771996095412285,-1.1076264725842888
21295,0.7819898143075144,0.26738955443637014,-0.22332283280116075,-0.42716484696881996
34775,0.9534837950602386,0.14747868500657538,0.9654951032797625,-0.23998103895211723
49975,2.3539762703081,1.8144491101186142,1.6889887948651132,0.4927243213253679
29215,-0.648745652106065,-0.9609299904813459,0.9968641446637314,-0.11614140698142089
33375,0.12370702590640695,0.21537987225737915,-1.705511086791879,1.36119194314408
76255,-0.5925582913372109,1.0600680979316786,-0.28946882961469916,-1.2472745888156467
41695,-0.08872577686486824,0.9981959843947007,2.428579810554063,-1.6193946203290261
6975,-0.4223824881935444,-0.8542799338135592,-0.4577284922247749,-1.8586515284985026
5415,-0.5940031434405794,0.8765365371705135,-0.4385709678380303,0.7076228176871302
13735,-0.11881449646337179,0.39178134866070063,-0.2664876499500478,-1.9964481056382066
4935,0.8717806481650197,1.8922807758220221,0.5553555002945295,-1.1117575584590054
55095,0.21859380871661294,-0.3901932683123086,-0.9022381580552207,0.06165696997045139
53375,-0.3573609825592522,0.378121084142114,-0.09510392224147135,0.5736044704289238
30375,-0.1422319828166514,0.22590487719860575,0.6854039631145362,-1.3256430311493974
64335,0.8336612916225011,-0.19890976629230778,-1.132791391849407,-1.9394846282892573
48615,0.0400568951049977,-0.4697186151604236,0.44420401370830526,-0.6376389225284181
47015,0.6441839792987006,0.04080881129375602,-1.3715065630280334,0.1899401188322196
41815,0.0013493685678774847,-0.31364675229371664,-0.30790486205813583,0.4155961395163918
18575,-0.8350075328783291,1.159128022269156,-1.0364017152435803,-0.7855130922491625
27375,0.14399879129646376,0.3387706778200317,-0.2570830970450731,0.2657987965602664
71975,0.6111489855418855,-0.15436557351168637,-0.7272687888672563,0.7711659922051077
6375,-0.10085811338073752,-0.42523896205995454,0.03613894733416605,-0.9892818843837672
47975,0.5496864672496365,0.058128340243379886,0.2544024994371847,-0.693650963906553
61695,0.618471966847905,0.26922490670177324,-0.09194319943012642,-1.9712052065536225
12775,-1.624798662498178,-1.0806800695888834,0.2074083221079596,-0.05686067896088023
16055,0.8919477002341205,0.24553010010625229,0.25020376345661316,-1.0667755020026422
4975,2.4464394807319745,-1.077758240099927,-1.6884249665049724,0.7449220075671279
64815,-1.2456917433957315,-1.047484765462472,-0.41508369091133535,0.009054535380501438
68975,0.149785668775888,1.0367758602529182,-1.3982687178702438,0.7763632724051432
69375,0.006892820190074904,0.2987291452287547,3.2616342275869736,0.9925771918544437
73135,-0.02918919891510477,1.393466658182029,2.031455013217677,-1.2569350095222676
19455,1.464220566440812,-0.07064050329719479,1.0094574384198574,1.1843665218278572
23415,0.39953696021305896,0.18790599269109035,-0.9527486373069292,1.0208783307393774
41015,-2.099394265890872,-0.04763676528089049,0.8362423072092905,1.1259308054430919
43575,1.2055967068644808,-1.0620410201690933,-1.3204658754211358,-0.7200457091831955
12095,-0.25386199982287894,0.6396936575616018,-0.3208308050637219,-0.763212789205291
8895,-0.6545329199794104,-0.9758024990039098,0.19584643623028067,1.808802131264359
53495,0.2916332887352405,-0.03195452798214749,-0.37120215201127404,1.1645799320569674
17215,-1.0326019277844358,0.07293448077470677,-0.24334259223695479,-1.111413001905497
61815,1.754027298951601,-1.4585174883543104,1.5401540361960466,-0.310292002331432
65975,0.152740469389922,1.4578364585365737,0.08094762468254138,-0.17252276351576967
70135,-2.0568297497119445,0.5427900391416755,-0.42368304611189184,-0.4829908305619631
15615,0.1438643649294328,0.628189988237658,-0.07349998174700331,-0.6327142487966931
33855,0.01830436376078648,0.16592634930119182,-0.06757281040495346,2.0442707188329967
67735,-1.1768531489970688,0.7206652577519463,1.0697381855998915,-1.3428534877446872
42175,0.7189037994440963,1.713668276542803,-1.8817805682563433,0.5474740389408623
17295,-0.5085338340398995,1.1231686495838862,-0.8002498597136483,0.23441217717679075
9335,-0.8594301234085554,1.7431080988151084,-0.13096506031588262,1.5229285656648615
27775,-1.3527709426806662,0.790127345050769,0.05852457770441964,-0.47394883914415925
18375,0.4472869101497329,-1.2350963405205566,-0.2955219615528025,0.2085920786747618
45975,-0.0004129996524270794,0.4892845915733655,-0.15358053511141526,-0.10784281172664421
67135,-0.24564609917847804,-0.7026321807594356,0.2085889900130724,0.013085256795465617
23015,1.5444386046732457,0.8949722110262032,-0.5538646336057147,0.8953400746140295
77295,0.5083812560976465,0.14018281660217313,-1.1104163847414712,-1.153891979686252
41455,-1.0395747260186012,-0.6630784004686887,-0.3674785513141238,0.2326701334729651
75455,-1.4921443711236302,-0.6403030516215624,0.9604933504585805,-1.989088975237945
59895,-0.16161584981632646,0.2802743474067924,1.6929479904970837,1.2830507752141571
54175,2.6200296446763205,0.7545500781483487,1.2170685499326228,0.6393276286384155
52615,0.7456131575295665,1.727830295957142,-0.4213790349386997,0.023668659559160563
43335,0.04460327397132635,-0.15398220269402005,-0.6133434207863112,0.36720047912147535
47495,-1.6114148090367768,-1.1900463821248004,0.014933082732809176,0.36325187394517594
41895,0.3461407679895913,0.5825128513650352,1.492874655335164,-0.05131865947153292
15375,-0.29108492963243143,0.038633070952043984,-0.19791417564408073,-0.7368674901671219
19535,-1.0925237106592167,-0.8999047139909294,0.872746148981298,1.509358225750265
56135,-0.5581519012200412,-0.7944627036783358,0.7676366569048877,-0.3095559924048248
64135,0.0885220223511206,-1.6669716078899388,-0.22872236005965685,0.9881985811187866
68295,1.1610172540048416,0.20174318592403243,-1.1780820454521197,-0.08533329373289295
29615,-0.3751152124985018,0.04108313793360189,-1.3709323612429416,1.6901514212168907
76615,0.8256963729836801,1.5984133618335603,-0.6002083477988827,-0.8557753978542003
61775,0.6642250180447288,-0.09316806684402285,1.227997005997775,0.35406496888038536
44495,-0.9334651079020054,0.5471143332540628,0.2804511384022818,-1.2504934570837243
17335,-0.15057694935048965,-1.5877077922166336,-0.25780428475656475,0.818039436646514
12375,0.18128512375418634,-0.9567301939365777,-0.44639390224662534,-0.34757457729744423
55455,-0.8646472418355604,0.47018730787945906,1.55263635309586,-2.134601939134823
56975,-0.699562432650332,1.0647353122437548,-0.2325798579206363,0.6357264757953526
76735,1.629540590577932,0.6692077355679166,-0.1926086937030276,0.32212356997563857
24855,-0.5770816847574968,1.1678272379112473,0.15941976622483534,0.5827523564730622
29175,1.2278484191432761,-0.8315142573710892,-0.8678026373811999,0.550458480162439
29015,0.06920566751353742,0.2568298848645227,-0.525231212157651,0.07570061891753957
73615,-2.3193562272963564,-1.6893432982194694,1.255742434982224,-0.2337594451302418
37335,-1.6002805081451184,1.2273746522315596,-0.30610779422265527,0.061032969798651755
13255,-0.555321209911917,-1.2559478550807106,-0.628744889907809,-0.9146810359840897
41495,-0.41869994438423086,0.6277661390880522,-0.21253031834739708,-1.3430526015622313
5215,0.895919368623941,1.513320018022481,0.2892554964266096,0.6988420872845926
18935,-0.16276774788042248,-1.3385265066390053,-1.4713770907322934,0.2071368361483906
9375,1.2042828439470332,2.838867175533881,1.5185417490841109,0.149731698129936
53975,0.2626815261736836,0.510993451842514,1.2161829035099398,-0.2529513002899067
52175,-1.2238254088495235,-0.49708976572959057,0.9696531470121064,-0.1284760050645093
39655,1.5412415580709695,1.967948986963522,1.2752998701704166,0.7752656377912935
26015,-0.09775362404005644,0.17561957317022933,-0.4945211878856562,1.7115038150728241
70615,-0.9263828338267864,-0.8855876882351743,0.23359213313926497,1.2484158790886768
34335,1.0322478105394308,-0.5071950156850165,-1.533771118290976,-0.05981015011959181
38495,0.03578356282259603,-0.07638060515165762,0.1419867130099324,-0.83812834623836
43855,0.14843777121347487,0.7778092039748576,-1.093914367078789,-0.7445880708293966
42655,-0.546498743304508,-1.756403072034359,0.0973917859985298,-0.41601629743798285
46815,-0.5994556169617608,0.38986323478415463,1.617074407864099,-0.10096937213018448
58335,-2.04220567726362,0.32894172908480473,-1.174295711086825,0.623541061735416
67015,2.2642822132186575,2.7797912969357794,0.49674039448029417,0.03143667867155087
10535,0.2852345227311408,1.9646233721918849,1.3049202226829337,0.8042739577311528
14695,0.25841081051256154,0.3685349015882682,-0.53356667837176,0.24537711313776125
59295,-0.5744163184560644,0.9271501138729092,-0.6780118928832928,0.7909056744980852
18855,-0.6179360542739722,-1.593078557325469,-1.9604494146156806,0.8421822411705411
63455,-0.014185387837735066,-1.4078300276218105,-0.15280614081302885,0.12333554853558064
76775,-0.955164997456526,0.3998261670201411,0.18493785655383482,-2.2010301753967396
67615,0.8561741352076605,-0.9931906542423855,-0.4121346858676319,0.1562990324335197
27175,0.89483271356016,0.06009648515275066,0.48184974689361176,-0.878474887597032
2215,-0.8748776054239827,0.763422681417763,0.3450190542347865,0.9010298341572405
75935,0.24069564480504096,-0.5957531494080468,1.7892894798186956,0.7971969510706381
61415,0.42917236224886357,0.1336585594953845,0.46253266304676427,-0.9256668253116546
3055,0.5777462886055322,0.9415920345132661,1.050144007103851,0.800506680019805
3375,0.9057566908179702,-0.2708343419185393,0.08170492682987088,0.2891670583588106
7535,0.3131846496900446,-0.9720569799868517,-0.9831650461620346,0.06967686357087835
11695,-1.322127090066931,-1.060223623199079,-1.1385379080290645,0.754222694636193
52215,-1.5819196688011465,-0.09181677828148267,-0.7425370104699859,0.6485450238303522
20015,-0.8760489197677683,-0.4212314726685287,-0.11639359513077921,1.3231819523472648
68095,1.4531125411760637,0.5284213275790898,1.9758105745085173,-1.1763932752443274
68775,0.7762405513366659,0.8086341279911903,-1.569353765039392,-0.6132500039065361
24175,-0.2392013711054654,-0.7590842417633289,1.2862487219482466,0.10155547391669602
375,0.9998967441728399,-0.5028275783594153,-1.0978693851131782,0.4504734862717798
61175,-0.3363090825236139,0.25225364219694374,-1.5384520609329635,0.8123439199605942
7175,0.13736673977086597,-0.743744518743296,0.6290427416335242,0.20472741641697748
12855,-0.9199960986028404,-0.24007769304175533,2.0350875771411676,0.08973989314010607
855,1.006990788701122,0.037280254932024005,-0.39195427264209143,0.1815723430003346
21175,-0.6846879941888322,-1.1142068734436414,1.4317006719239613,-0.45076597001210084
56335,0.02704565499275161,-0.46647399364708136,-0.35524902709651773,-0.08772977879108321
69935,0.16042432670057427,-1.7412005565933115,0.9489898901580339,-0.06328377912972574
74095,1.3557739859609845,0.8151012333367679,-0.4429948014527367,0.7485077512133992
66615,0.11192567856979828,-0.6448942619958956,-0.6365338234387307,-0.12782747872140082
37815,0.9490710667577529,-0.8137646023216532,-0.920586200851272,-0.31137034671387287
44055,-0.19236986907813633,-0.881866227318683,-0.5315025374313911,-1.209705361850663
5295,-0.5980834011470137,0.7809268397342183,0.19181499645800232,-1.340726508066049
14015,-1.8124872854131213,1.3502527132442734,-1.8254839984227587,0.23851467763284526
1055,1.3413996860302637,0.04914029363249169,0.6362641593262304,0.9093326060233302
71095,0.4409730142526107,1.3393921358520626,0.8251727586344024,-0.3787496335820971
50215,1.699889481338971,-0.4640592157664141,-0.5179402871823716,0.8020745724962994
38975,1.6345685369232796,0.22909587273005316,0.09464278930063717,0.9080360197103094
35335,1.0363313629375326,1.700019786699479,1.2685738919011909,-0.2922953718142087
47295,0.38246447489696106,-0.24105918650367925,0.09637220652235329,-0.4795668708845341
6855,-1.1343319568909704,0.7742001191106687,-0.2895092488442064,-0.2606185519750776
48175,0.7130463744923383,0.5362328327233599,-1.6733822295049428,-0.3105923158278116
12015,1.5596776599041284,1.5883872919358826,-0.9850285784917582,-1.9604850524309243
23495,1.2995799186236274,0.023005407199277073,1.6202869486960905,0.6231995227065088
35895,-0.8664253484447367,1.842049278990143,0.9557215067911995,-0.7490681225334295
27655,-0.3097525053846226,1.353239962899866,-1.021824657135473,1.0077696302074264
59255,0.5892542747210422,0.632998594948581,-0.837598356132414,0.6174876093227605
31815,-1.3173628470074525,-0.3122387861230477,0.4678072844485114,1.088319494849844
76415,-0.13255501351031512,0.8892335136524334,2.3165862178222456,1.3524110751825706
41735,1.8900310956298219,-0.2379075450553871,-0.7109998654936802,0.7119717588314434
40135,-0.6101330398991125,-0.24000099075831036,0.03701013028833531,-1.1649647136280021
23615,-1.0517736752626476,-0.4767804276869857,0.5873369601006714,0.04544327810120301
3855,-1.090185951255777,1.1893212800515338,-1.9584491645448865,0.4620695154113853
28335,-1.17862695469814,-1.3175015794996865,-1.99352580201489,0.24261448829852605
72935,-0.07242229490005295,-0.8740264149185089,-0.8663610352718851,-0.10045796429226415
12175,0.937189008836292,0.823597490832164,1.7338443648415052,-1.2763800498262112
16335,0.7224138228419402,-2.0640975222190847,-0.5337738652014717,1.6880101341215765
11335,-0.694162474559119,0.7243830174534496,1.7785587117063875,-1.1400488433833331
17015,-1.2991092045991957,0.22637354116234293,-0.014073299456568544,0.2971843051536094
24655,0.5817873130233987,0.9285662768783799,-1.2273055593032338,1.9857380668225688
49335,1.5979330313819076,-0.5243967566103583,-0.39603966508856003,0.04200424265092919
28815,1.3571811866047228,-0.0002753585189662607,0.37248478754074976,1.4242937228930388
9295,-0.12150541729125891,-1.7885899117171769,-0.10323015055629822,0.9935415670855569
45455,0.013101314871349676,0.9372913095004428,-1.043568242305953,0.1892925219937129
67575,-0.49331536166570245,0.8123751387680652,-1.523733246367587,0.6416126659886806
9175,0.1638603250792523,0.10391158092980339,-0.8824112081687373,-1.9723184352896717
48215,0.143317677854741,2.395762490108026,-1.124604723156602,-0.36606650945419633
53775,-0.9433070153995486,0.10888356239358164,-0.5895977235699048,0.37031496400329056
17495,-0.09444937143267154,-0.8145905010965552,-0.503440118419327,0.018340808749767196
38415,1.5016019652182067,-0.012651003391458911,-1.5685336898635063,1.7092467620640754
62095,-0.19022545391647744,1.5048256878224955,0.6598460929826575,0.04656225678845617
255,0.9338766648178712,-0.47063614220371686,0.04930322199707979,0.620236857516029
66255,0.9285688010030225,-0.8955484134327059,0.09361806145208634,0.4867824401479562
46175,-0.9092579480603058,-1.4933774923175214,0.6157081402183395,-1.48578805194004
70415,0.033317819714023714,1.0647253942311252,-1.3627444514336826,0.2910249452450014
6895,1.3257491466342068,0.43151489892257805,-0.10315536497723031,-0.1397762601918845
38295,-0.16572858239617946,-0.792478849261404,1.3255316518090554,-0.8091899825496244
42455,1.3486034316903335,-0.9608815696754437,0.1848977066742829,-0.03514364006368299
54375,-1.1193685480424291,-2.157725093533772,-0.886881392312418,1.044965849085957
10335,0.062377712052333216,1.0634144939185912,-0.6736245460442952,2.142035988423529
22375,-0.2468774789340799,2.65202593256659,-1.2104487060458329,0.9216650127038611
14495,0.7412527792806939,0.26567414038873693,-0.5597926378746124,0.6894586557627654
59095,1.2957282381222375,0.19408818594921387,0.6977690074872717,-0.4230151951343068
42095,0.24113763248691727,0.8256848666017674,-0.2511163818809048,-1.5578145597435797
63255,1.1040925885761186,-1.2718356598014702,-0.31049899234316075,-1.2860342082949676
75895,2.012267809203672,-1.9627253622651473,1.1347808869235627,0.8523558422667125
31135,-0.7547704548955126,-1.1655239707876346,2.117349672239454,1.6029611947426046
35295,0.8387047079532745,1.016944371676498,-0.31537675753774497,-1.648347570439918
19575,0.536608378944738,0.21526887184275031,0.01216955836465599,-1.1936864013256374
43615,-0.46048118147669675,1.8515816242440197,1.099648656022807,1.0366659369434637
21695,0.5876680610888487,-1.341209548054228,-1.2119798442113332,0.6634934510962031
47775,-0.3415882806279055,0.2142549866562395,0.11989148081267514,0.20471366617690792
55815,0.4146581673269501,0.39551718251012175,-0.3967496450407288,1.0384044302274045
61615,0.6494089441576605,-0.6006259332982444,-0.5761754951352305,0.5782633316944449
38015,-0.058547209889497166,-0.8217465540239978,-0.6349993787985719,0.13480828787813434
56095,-1.6464577582988758,1.5508572937982985,2.035955090051816,0.3805211752130922
15655,-0.6183276943548782,0.2697034587112034,0.4676566842838429,0.6952789596352943
60255,0.9077607190849161,1.5562248802904108,-0.23988239355183702,0.5987008483954502
64415,0.7575139838449151,-1.6085281308411667,-2.4004717635833983,1.8449569930872003
23975,0.017805307297165694,0.20585094145255875,1.3314426023197985,0.17878205625471716
68575,1.1447432944784421,0.2438366837669072,-1.8888352985430008,0.22157115214661055
76935,1.1464853546387774,1.1242718388418513,-0.8524773544603963,0.7694186277038093
32495,-1.3567624706258894,-0.3580988397640408,-0.19086209172147256,1.8118425849331772
32295,1.5019370886154035,-0.278216373319705,-1.3602154709107903,-1.1499218334296155
76895,0.17314510033005703,0.8116787439780355,0.5375824794498337,-1.227306477112983
36455,-0.39273019683850907,-0.41198737991964113,-0.2691606740323842,0.7414385800181158
175,-0.30492577901465306,0.5505276874492122,0.689945162812523,-0.00035677426245889383
57415,-0.06489302972953476,-1.1661942864611374,0.3679055873998658,0.3373221263737326
13455,0.9934142740208626,1.3332794931884095,0.40656567475657607,-0.754123909537927
53095,-0.6777825097983611,-0.9909090572677892,-0.01302086956284887,0.041426608084367295
16815,0.4086854387665139,-0.032719624734772176,0.02959819299531178,0.5177867599578443
46295,0.8892041373355066,-0.8227453619871533,0.06532425989751794,0.9318287536627625
72855,0.041054681951327346,-0.156031038557419,0.05825969312517765,0.3068258054309044
28295,-1.3545849527569311,1.3018754431624469,-0.6662665231805468,-0.6647629871162702
65575,-1.230088216641411,1.2293155594689622,0.08389880981242817,1.298982890993764
23535,0.5345645651773929,1.550277648960323,-0.934727507721964,0.38369699244783245
20335,-1.21400302902459,-0.015084236660631235,-0.5565437057285946,0.9312743074046395
41975,1.037814910343723,-0.32492864481558414,0.2764031397801689,-0.44220756168065994
33455,1.2932166302620054,0.08226274353959952,-2.287424619496207,-0.012010678785167962
60415,-1.1326168787444448,-1.194640793269794,0.16064668864329748,-1.3618697192851617
70815,0.6228033306768753,-0.6743327784745897,-0.7692199433304324,-1.4627127193639373
9055,0.263412332140857,-1.0096277727247662,0.8627436095958534,-1.145257594011979
5495,-0.9786920535716019,-0.13187469011522826,-1.900151341822191,0.08459942468573896
58535,0.6262182495211336,2.0370181277256694,-0.8864881593618532,1.2911530577175112
35015,0.5087525331251959,0.4501867306074292,-1.0478010103918804,0.1798703339547741
18175,-0.25757390425370946,-0.5079774095642815,-1.9659455522278886,0.5648482248304054
56495,-0.13367213872148245,0.2315027901105721,0.40780439363185295,2.679344953534327
34615,-0.07451916927177549,-0.21975509821860906,0.5147960419585578,-1.2900101480389699
38775,-1.9603761095914845,0.5244347348331049,-0.7800623055952125,1.1068829571639047
13415,0.5631971986940806,-0.532694677826519,0.7954823962926977,-0.49418800292258463
44215,0.11908755011900245,-0.48276239488352174,-0.2833191496688636,0.933518864092568
50295,-0.6267642055110518,-0.3180617606267998,-0.6082467684571801,-0.7438876644260487
24095,0.40226735977250727,0.5722372031519734,-1.0005063704199462,-1.253274005109635
19135,1.7363589893987783,0.9360896941693221,0.7142464964299411,-0.08186088416104847
31935,0.8180615539319138,0.8063955464066341,-1.2679188191663264,2.126263249471442
63975,-0.6355270397195275,0.9349221867914838,-0.28411789412747696,-0.8324964170792322
72055,0.2694333587716641,-1.2071191543516158,1.1038514119298453,0.43160261899651
50695,1.935723314965228,-0.48845392467462384,0.18258791429002832,0.6252832325007404
35775,2.197482886116305,1.3515200905691034,-0.6048037174802726,0.20503951513207008
29895,-1.544146626391466,0.8245580406703762,-1.2750462897722736,1.2303385777472367
4295,0.4647373256632677,0.0590706162351692,-0.3983520182258399,-1.519291062494221
3655,-1.331255207531878,0.9159596818024647,0.22583677745762532,-0.5113823547137322
48255,-2.247819168975325,0.9169156752787995,2.1147685328239314,-0.7283574514007334
7815,0.512124405496139,0.9310243924444424,1.4646586268784465,-0.7798717116098056
68815,-0.5070500166525969,-0.5931189577004917,-2.0751892612803893,0.5088036488402425
16135,1.03674465183333,-0.20616208144520276,0.0659752941881135,-0.929919358549522
60735,0.9896747033282322,-0.6589703835182391,-0.7690890227346673,0.5191027915027985
20295,-0.627825164704195,1.2709962376117732,0.3594214553970308,-0.9997810458479833
64895,-1.53990893811301,0.41619214533158483,0.08146989375805094,0.24891725895185873
28615,1.6103594756594029,0.08887600878468369,-0.3844764425808788,0.1750343694766409
5335,-0.7339287035133357,0.7185480732894762,0.00219055177735866,2.65017290712728
32775,0.9033354387114233,1.9845478178989473,1.487607194530618,1.017992995252296
36935,0.46336692307267957,-0.30343313959454227,0.6639998142173545,-0.09017032977874892
2255,-0.5609980748318238,-0.33404006688221793,-0.335758016042663,0.9417802712500123
655,-0.6464695630414768,0.5161028202412254,0.2151078611858574,0.2588114850486747
64735,-0.1765527795310476,-2.074998759742218,0.6275028995682188,-0.897652468042315
8975,-1.005546085889762,-0.43328015458377545,0.12457615507313516,1.1296668275387396
53575,-1.3015064098599594,0.3483855053561753,1.6493930238859351,1.2985789011391087
16375,0.13093965160173623,-2.100950280767666,-0.20061562202967742,0.28169466867677606
57735,0.9339201294347492,0.987857423509347,-0.12141721642372054,0.058928004016720645
34815,0.2213781993220405,2.308140205342493,-0.6248053303154087,1.08919850076571
61895,0.04387211488331521,0.29305573237970595,-0.3828020987952602,1.0426772689065178
1255,0.21386204564156916,0.14814793952916303,0.8257742115011762,-0.04604385376346742
29775,-1.3715617902246282,-0.4615549402964261,0.16866228207460612,-0.8550371799951736
68135,0.37468194063903126,-0.6554859004220484,-1.0730958094961072,0.8037758152380055
33935,-1.2189246358547476,-0.10696950185089342,0.5273960252522206,0.14573277045451138
40175,-0.8888940909912575,-0.14308333910074644,0.6343886145753977,0.04918904644680609
46415,1.672204845735645,-0.06209834664719277,0.8696624480800221,2.176779552027901
14295,0.5235863027302395,-2.1705904403841982,-0.25416463563272634,0.21448153180368032
17655,-0.2530406583951077,-0.08715940508793198,2.9850711257868023,1.796243096407664
18455,2.109131796093907,-2.1726534676918963,-0.35446481739626834,-1.7401219513212784
22615,1.4027941194047664,1.494820582823447,-0.2228799484227539,-2.1013715806642845
62335,-1.3420240037552338,-1.039316244597137,-1.1590307035631087,0.22051988105211676
6255,-0.9667810458971732,-0.4750310007199512,0.16742534820603427,-0.6613112370209727
46335,-1.3930120692581736,0.6746870783670804,-0.10312959550508795,-0.8284458990872535
43135,0.3030088614488028,-2.332564000204814,1.2886961978037395,-1.3059571945079784
43415,-0.3644693306784913,-0.987186879389924,0.6024826126628795,-1.254094455302988
7135,0.014344519725584176,-0.03922101956670507,0.1749529368397636,-0.8348372997943169
13575,-0.27400823804423363,-1.4349729434903034,1.0241524356163723,1.7071626902622554
51735,-1.0191171098240859,1.2798178328042955,0.7116863185970241,-0.15064447815290757
61575,1.3454174594055506,-0.00747157299422801,-0.739215294897413,0.815110357571071
15455,-0.6127183787650021,1.4068210487247432,1.588166869856596,1.007297375841351
15575,1.236715156282035,-0.5308219444126233,0.7067945547079009,1.1557254696567372
60055,-0.33317374689611956,-0.8435528570496128,-0.5804185996901082,-0.6827937501989952
75255,0.8616028958202533,0.7412497412348525,0.0609001151213123,1.6897318798407746
5655,-0.3812170703596502,-1.1134314138112626,-1.3875586835477012,-0.994446071837971
72975,1.6954551319864184,0.2360467480804071,-1.2912954531005145,1.5971853379618717
71375,-1.0422623457076987,1.9010220389346555,0.05673206107700333,0.14952870137957758
36255,0.1629869700586994,0.3208231693715575,-0.2545400422393636,-0.5240119385289707
40815,-0.01649969776663242,0.574039380072213,-0.8141526496093411,-1.8671416778423728
40415,-0.900730952082811,0.9430466569599462,-0.1532497718341127,0.9427822385154511
19735,0.7028923142120633,1.176250255843847,-0.861256272539565,0.7495479528636487
60975,-0.23462888001703702,1.4180875379992879,0.0952673467020707,0.9152304805076742
14575,-0.01004871922773449,0.28114352675258414,-0.19939916683610784,-0.7749728339980619
14895,0.832477424233485,-0.9855217893279391,1.1381206810636517,0.8944072743862805
52895,1.0407470778680643,-0.47074145366675313,0.38110624611736277,0.42570815713659704
51455,0.5667332190242858,-0.5451086878029774,-1.0930514314678255,0.5102914704499409
7455,1.9762978654415584,-2.409137390804003,0.15069823655922568,-0.6336216620083406
65375,0.10367072015514481,-0.6792326139780162,0.15513602750684521,-1.704194739228799
69535,-0.9931100455062507,-0.04482007694083812,-0.1565150257548194,-0.6331378703284231
46695,1.425907983682456,0.003767765797564166,0.5588620079575156,0.16944030522357917
73695,-0.7150612865613872,0.7088764372902586,1.7393609412864546,0.6721238842859467
66855,-0.9497865342426927,-0.12151118234901116,0.4687987771636876,-1.7620883042552171
19335,0.15596054150243388,-0.15084370359200128,-0.5104016097909111,-2.425074675811685
9215,0.5658594309657637,1.2617009101965067,0.5821942485657786,-0.43791901900594754
45735,-0.4776956954700084,-1.3065057508641087,0.7164741047855214,0.7466662195229985
49895,0.02142014019673763,-0.049102699524114196,0.08544195590078053,-0.5156865409695921
13615,-0.9609144395800845,1.4118230695787835,1.7675665584227092,0.46608072329422917
21935,1.0006861405949303,-1.3393668715906986,0.3417967320975016,1.0825193665082595
22895,-2.05857512944965,0.152317439779366,-0.12991569061650018,0.4141952061985668
42295,0.456389163726492,-0.8046903769749578,-0.07037730971515394,-0.8927896503331714
70695,-1.0706051324917896,0.13962672608352697,0.05850294607185404,0.648567509813546
54495,-1.8324289563994343,2.1558939012778633,-0.635682119299889,-2.090707371579158
38575,1.4298534653542638,0.5830299532899659,1.3899865353734244,-0.7137602587575497
30015,-0.050762688401551556,-0.8444507622087634,0.21227966660864644,0.49890314783644363
55015,1.9771848113807624,0.6229806042645538,1.7617037655928662,-0.9550008561444803
73455,-0.7797048719475738,-2.686543871288339,0.41094440100378526,0.04557786333843727
55215,1.1685095044874914,-0.37209188908892527,1.1545102138226881,-1.0679737427814657
48455,-0.6467278480497894,0.3875377830297168,1.5151066318735265,-0.7757355110444669
40735,-1.091247414882,-0.7894151254419786,0.1141537719083653,-0.016627888449793998
63535,-0.25279880859499126,-0.4976706862336358,0.8440760316196373,1.0240468711876318
74295,0.5383287631650561,3.4964651811451994,-0.9541837177477207,0.23205818504209716
71855,0.060758670613311985,-0.6044855201907265,-0.24657111008610227,-1.9628020906636412
15695,-0.7200831888191674,-0.9369594098910368,-1.6524308670863668,-0.23610425357820916
59015,-1.1333127745186082,0.9089794628965815,0.1446980468005928,-0.6467007621395816
67335,0.13386744677787346,-1.0046615935303134,-1.661717516709054,0.34085457002768166
43895,0.9896039890055331,0.680450390340171,0.3466218983618047,-0.40353919764044327
64855,0.9013584981079009,-1.1653623120851566,-0.30585153467670523,-0.43144995555101395
15935,-0.1906101526593042,0.04868696710848766,0.6214303490354093,1.2841310868910825
54255,-0.3032220274815358,-0.6834894190126042,0.7606786080826048,1.4093584920935154
1935,-0.5331608151805324,0.49230475376981364,0.3323191270695641,-1.6084262365653825
63335,0.3364113226069268,-0.3824180388508905,0.04431684408579818,-1.1089171590338744
72815,-0.4738994104847597,0.38143855253466113,-0.04418195140351314,-0.4989485953708878
32095,-0.6068172893589481,0.3545480747077656,0.22384226378337282,-1.832642599500948
32575,-0.35733867581574025,0.10739135957690996,-0.023142180849043886,-0.7632558182425481
7415,0.15236613137078325,0.709422151156364,-2.4213094749036608,0.6432408010367341
25855,-0.485828765533244,-0.7350567600676332,0.4056613204624438,0.35392594933139915
71015,0.5967122552008918,0.304146376304856,0.4837251707256485,-1.1179734405606596
49215,-1.9021549024331594,-0.4855133534694854,0.2475079100315765,1.351617788094807
16615,1.765599620785693,-0.2679306047228206,0.04237494043156789,-1.2375278400029084
44295,-1.0639129464337205,-0.016981842261742416,-0.3392383486173784,-0.6820237904437376
57535,-0.08545558009139151,-1.6979304868694474,0.38699645194999777,0.3159992115463395
17095,-0.09630425791264058,0.13860429834793134,-1.221876780934388,0.19519529681584047
58735,0.11732038781354473,-0.9113758929845833,-0.2461281914954023,0.6688637321576263
21255,-0.9168240624349542,1.1520269010438964,-0.9471662752738864,0.6308537154487611
25415,-0.27333876642448524,-0.13706790090025736,0.6474212712043772,-0.5562619704672778
70015,0.6493701155850864,0.350715858689409,-0.023417793208963453,-0.7001988461355702
29575,0.4108172520109075,1.8152367667877591,0.7240125926883417,1.2887575555642647
74175,-1.038159313990294,-0.41224481842502425,0.9156611740693408,-0.8151664818761348
33735,1.8921566688299911,-1.1101826806951174,0.3760433757759235,-0.22361929109272952
25975,-0.0731666463768006,0.8069123720834307,-1.3853644496633553,-0.4646915570381021
37895,0.892150368116561,-1.3320380921790786,0.8280169456166706,-1.5747761126905013
575,-0.22239143389779115,0.783329464695105,-1.0883826687339935,-0.31855765475941566
46215,-0.06642254765071666,-1.2254177844596053,0.1284787108594679,-0.020059962537163682
9935,-1.1003651650610664,0.3943481891965601,0.22363403741194585,-0.5628604842546079
34175,-0.41738640341627437,0.33597308214240834,0.530287506437311,0.059479896322510904
58695,-0.15559427979509882,0.3706353007344555,-0.7694770441394895,0.7402577168393945
62855,-0.5849120598820002,1.4384259946094444,1.3196930332414214,1.0870133512530153
26575,-0.16962339219048977,-2.548765594737997,-0.34378518852749146,1.516146219501017
32135,1.1119114915770794,-1.0296286620420971,0.893519275262679,-0.013625939213782167
30735,0.9692456505747391,-0.485252531072795,-1.0701068465236143,0.506657968891055
34895,-0.05678208959593724,0.8275976736979535,0.6526145428020554,2.5824950363087917
35735,0.23138919257681,0.6157634948986008,0.22094498535767437,-0.07367275776474405
2775,-0.820356430769639,1.4563491148923047,1.0582778493251896,-0.6641088291073528
30095,-1.72076506880288,-0.454238331377395,0.0972402051107202,-0.8217040724992712
55695,-0.6974206514521059,1.894678042909263,-0.9305452062790263,-1.4173123441035365
59855,0.4609498263671809,-1.3950520934846127,-0.13855062725272993,-0.2142585973009257
7575,-0.16544159791622204,-0.2190113095226649,-0.554884303833526,0.23536876615482005
23575,0.1658719054882183,-0.8284105779686571,-1.4722072491933098,1.6526052192116725
65775,-0.4698819524528343,0.5718675441729867,0.6417609985619174,0.601004094299258
31895,1.6257751443168913,1.645766181068413,-1.0462073638741298,0.22582685090850493
77215,-0.7939155591929029,-0.2203297397420787,-0.5262828626611864,-1.1226329478726684
40215,-0.17869609272903844,-0.7597849311698824,0.4897501815427863,-0.22681962897237692
8095,0.19236919706423564,-0.5416512119291029,0.9129958804527898,-0.7054831976589688
14535,0.2414831809583283,-1.346071554901839,0.9104773926287392,1.2356459945872127
52695,0.2834985065012765,-0.005295485697100671,0.13110197701951415,0.8280325170609963
75175,1.7658972033991571,-0.055638515195418084,-0.23208690874563276,0.5277923712474673
56855,-0.9483150079325655,0.4099743107634139,0.32007934871866217,0.05141956163439229
28215,-0.28715724913531215,1.4751571191301993,-0.3508181237114133,0.6772842913180862
20575,-1.6318444461406132,-2.7430501198153374,-0.30444651283784957,2.0820653368387316
44615,0.43969964516632865,-2.0018497277930996,-0.35592056360328606,1.306563257157793
65175,0.15496551665757988,-1.6009878546362704,0.4071704099592854,-0.44470318342984927
28895,-0.0012255420921208648,-1.0062684513610851,-0.5736973492919827,-1.0971830018334932
62895,0.8971972940739759,-1.396167261782842,-0.03498527248695275,1.3636258153320129
33055,0.03176859528700937,0.7096843851502527,0.28776505545603304,0.495419935978878
65095,-0.6859468968499454,0.797174840244052,0.8337499703919437,-1.2327193155625913
41375,-0.5965308827859974,1.9012673693743911,-0.5381915620005668,1.0510806749722774
13935,0.9374053390581779,-0.6107451242171942,-1.9772000800903173,-0.940955623695951
50615,-0.5557228371988314,-0.8053701104350441,-2.094253979524482,0.4638453044028818
49695,-0.7745865831091053,-1.0875204512990484,0.8304819741598906,-0.0013724033349342651
48895,-0.45282915824236863,0.2988881653672444,-0.4681016386040768,1.1590041544839131
33695,-1.3203922275572257,-0.15375775737905778,-0.5003937759107615,1.4474318046103198
17575,0.5498653050333207,0.05265961065611957,0.2789309066113404,0.60991898246632
62175,0.907601650381071,-0.18882989433705444,-0.90504800550562,0.02939571575341531
7615,-0.3540828189456971,1.302719503703771,-1.3128258017457346,0.47610154875021454
46055,-0.9928356024675693,-1.1952567386517534,-0.8220526584370708,-0.5811882424684212
70495,1.785088277921438,0.4036126376223175,1.1000801049573121,-1.4108319783622376
30055,3.1060758644292306,-1.9728757145165556,0.5102661686978373,1.760776237655233
74655,0.28211439310957287,1.3939154469472979,-0.5739645744434513,-0.738567063609772
34215,-0.9650799552825237,-0.4879325228550162,-0.4947037240075359,0.8465711702820949
56775,1.4543719090005276,-1.2712029183699898,-0.4780559615147544,0.5954865441354686
42535,-0.9087265235549458,-1.0686133928924242,0.08480690607101396,-0.20808604106450376
33015,-1.6554751199483662,-0.6638709405040565,1.2560293870543677,-1.1100550470014923
50855,0.3295176551624722,1.2914424547266603,0.10919707918956122,0.9393290198614974
54735,1.07980127393321,-0.012726419344475513,0.3001062157086332,-0.905209289502066
18735,-0.883288449285962,0.34139857742810903,0.9763207163021637,-0.804362005209707
40695,-1.5402980809574047,0.8556603332974382,-1.1127744106795134,-0.6928527199335611
67495,-0.45051350209750707,0.503206108152479,-0.7071468479353664,0.47646288375965473
32215,0.9226560290053335,-0.5863871365266342,1.951500968738129,-1.8392226868658583
75815,0.19452952936529022,0.15666231605019218,1.2450672953709674,-1.1984040884374225
37455,-0.4013329827309511,0.36175727558952714,0.2572910366579348,0.4991106455324566
43695,0.39431629563865955,1.9879474018416619,0.16832231316578025,-0.4967953806739429
19935,0.26823467784312216,-0.638698599510292,-1.0104101703332407,-0.7036575012236069
21655,-0.29585655468389843,-0.06279821137718095,0.12426781327907989,0.30942375263251276
40095,-0.25042338428746086,-1.1290825972402883,-0.49214639317857994,0.1834087354493659
19895,-0.24618476130343706,0.9240108967611282,-1.5686100679153885,-1.4570433294137324
7655,0.4564501170263598,-0.6327840900137134,1.5372022864619237,0.6522585384349924
68655,-0.09525576686356589,-2.3720020212244215,1.1295732512513275,0.11141982074202149
62375,-2.5735921982178107,-1.528558027728429,-1.4966504416825657,-1.0893376151768457
20815,1.6645200310090857,-0.6611193148120875,0.1323882992738027,0.2761036690407053
15855,-0.4161682859213441,-0.03335306393792467,-0.7792846581246206,-0.004917183345178851
8575,-0.30541548292516923,0.7549367326914894,-0.5689028119658284,-1.8335807825736876
12735,0.21926545938710845,-1.0323894899571,0.2654014894430755,1.4571681729460306
54775,0.41454213099204246,-0.16850227110835556,0.6113761600980605,-0.9988470662418223
62695,-0.24216163244351804,0.8480601672559084,1.6221923603454989,1.1782297377557602
30975,-0.4711606873160956,-1.5786715307315884,-1.2081926146246043,0.916580794132903
76375,1.3500554970635985,0.8328655616223641,0.05399625078376904,0.5084761568058294
6775,-0.6165950416973266,-0.22542702623849467,0.3775090561529142,-0.3707523046677729
1535,-0.2077623972340418,0.12763963612806395,-0.30448351588257483,0.284655202865481
2015,1.0112734076657166,-0.4148543522235849,0.17167300935722726,0.20560733777486684
25215,-0.7047660351648065,-1.0898695372136646,-2.6380143581375,-0.7675279043082334
1415,-0.4758281855251507,0.6662485903431988,-1.41942103219184,0.5675448485215173
46015,0.40750127697887323,0.011085284425500531,1.7740465678518826,0.38062852760433835
5575,0.32198407344626984,-1.6326773959406673,0.05539102627920415,-0.3649437290118484
60935,1.2056779798578083,-0.006366868340608308,3.1444209186590943,0.6053331042251329
31735,-1.2588240614496369,0.6472666021636491,-0.12486814823564923,-1.2117857877034244
54335,0.21164186966287732,-1.1254612381801048,-0.8138266044364075,0.18490036674803154
45655,-0.12786837952964653,0.1686324658910184,-0.18211566519990716,0.5069712281260907
62655,-1.2321558866190954,-0.760268034115184,0.7871246943160085,-0.9197138916921804
28175,1.2537451722683652,0.6102203513729156,0.032105357455501755,0.36781121957240337
26375,-2.6030490696812008,1.34473143794785,-0.7486188654469704,-0.6016724258182481
70975,0.9238535837791005,-1.0291231078508831,-0.018278240981778618,-1.1133608850777834
38855,-0.9175892747540797,1.7067670493640255,0.5487799258645204,0.7495499761613477
36375,-0.9721654272548405,0.39062416583844006,0.04339827823180447,0.27413606994720924
15095,0.7061103716540639,-0.27038259467088327,-0.9385700028275525,0.4360322210171137
4015,1.4185447228930081,-0.6825535175739456,0.7906703992611239,0.17845261935228837
51335,-1.564675893626307,-0.2027298946143571,-0.42319528077446483,-0.9372289347921801
61055,0.029397347506845917,0.09062693658912166,2.651565328965607,-1.0609549379628849
15055,-0.27624967373049436,-0.5644415809537299,-0.22630947020984452,-1.2758648695631671
3615,0.22155935730940302,-0.1495017812522449,0.5609009394818766,0.1135300084303049
23375,-0.354191820205604,0.17313762620295622,1.4221450906689168,-1.5400461967121186
27535,-0.015524514689889388,0.9029660548529195,1.052961606527801,-1.040895317828498
72135,1.3071486951842748,1.482861664081608,0.35513467063815735,-0.9026420611745822
1575,0.08452388126103598,0.5679618311202688,-0.12377910775758111,0.7120494425017871
76295,-0.4268476761894332,-0.7784351280470934,-1.254205342883786,-0.5039314430846747
34055,-0.18372511674103106,-0.8177959024792981,1.4077967712611796,-0.8917773002650448
48335,0.5272599946223048,1.0835614613794482,0.1880421302190244,-1.171115758698536
40495,-2.0314890270088055,0.7897756134816212,0.9789043415282758,0.3751364265175645
52495,1.577152537889456,1.3514505454043935,-0.3086073373142296,1.2787394995968338
1775,-0.871259829478762,-0.4369817347545399,-0.5233068450967714,-0.2628895530940584
74575,-0.753277631252544,0.7606016764155573,0.7667170681134603,-0.5167507064451138
60815,-0.3645221466008083,-0.5165234454185734,-0.1787789070039307,0.4906667428914822
24535,1.5095759643139304,-0.014895054331933628,0.1752941578950623,2.593803038054607
48695,-0.16909992013350278,1.1469346165283583,-0.8492726738528151,3.0199921521088395
69135,0.6922693756563291,0.30041403924736815,0.7149032886116701,0.15408847473572157
32855,-0.4243751907465983,-0.5692984568264655,-0.428868288577146,-0.35584146075565937
23135,-0.058848095444582346,-2.323324862956205,1.7836961498872115,0.009539004761131804
20215,-0.39730189429123125,-0.6667608668300667,-0.6320599561307862,-0.9737704232308185
41175,-1.4076941980771367,-0.01636372234384781,-1.7946502407091152,1.762820251583321
46655,0.021787040113767857,-1.192883762098462,-0.0639061595674198,0.6918103336981901
4895,-0.7383080583918181,1.39996501432368,-0.3743486198770812,-1.0764460190988352
49495,-0.2062875613148742,0.9457242551324616,0.6445098033036489,1.0272841625666727
13215,-0.3785230462027647,2.1489611292598734,0.036382655528692825,-0.9708440185306819
17375,0.30742397009086153,-1.7511316779022525,1.0676936722990742,2.0811128805464767
54855,-0.7324513888963605,0.7383708965159166,0.2085328971642531,-0.2035886382891454
61975,0.8030009984307703,0.5834380403423123,-0.11549614822482632,-0.0013900727741910223
25695,-0.1503575004055656,0.27797643275492023,0.24289333302628022,0.9547730112365613
7095,-0.5594938837128065,0.11333367746520108,1.378344665883469,0.4331825250645793
70295,0.691744413500274,0.7198125683121815,0.8510967334691357,1.568884678050991
34015,0.6568862495936664,-1.1759575517943615,-0.16176995869075964,-1.533422564337722
1615,0.87644310518329,0.6815287945974937,-1.2885179803453164,-0.7433732978518156
13295,1.0596678912031128,0.14850639222215806,1.5484494578277563,1.5930946614622352
54935,-0.6292888334695359,0.3240578165391229,-0.05294736778116112,0.2910052180169945
50175,0.4031436346359766,0.228598988480343,-0.3395244500564973,0.3953218264007762
26975,0.25184537599454015,0.6881111432064982,-0.6431728099607111,1.8425487671905292
20055,-1.1100100280418947,-0.6353122352293629,-1.831608229960236,-0.29756676889335204
6415,-0.08614214513758432,-1.8769733923441672,0.8436354150306008,2.053566443650386
68615,0.6682664958023803,0.21260176876906625,-1.0738445707666258,0.7433565535264607
67295,1.7322946616976596,0.4034736690956424,-0.016851655507508334,-2.3262090186003386
58975,1.0171631579105076,0.6422554590239742,1.2886935851630505,0.27780421299223035
31015,0.15076047104075543,-1.018531023123301,-0.023318019276282742,1.1142289802726806
75615,-0.42574845563936947,-1.2006283813502432,-1.5045552365615098,0.7946783503553071
7935,0.8568006943286866,0.18097025162779992,0.2797137334245526,-1.5792772588858124
15975,-0.1700036060199179,0.2703608715331365,-1.648389522989172,-1.5443944103857696
47655,-0.7107045684155558,3.0510634996941923,-0.4491771155353736,-0.9842813969980061
49575,0.3136971896969101,-0.12252984944276923,-0.055174360315237474,-0.9526852224826834
615,-0.2638096995675011,-0.30507808814685056,0.7059823544339984,0.6003127122624561
15535,1.050513558573904,0.6558424484912185,-1.2132870648373433,-0.5962116215944161
34415,-0.030648635090970506,-0.34102549065838367,1.3192962409459992,-0.2529318348698247
58495,0.16771724599456983,0.7499337365589146,-0.7957649882284383,-0.3646693503061164
68455,-0.6610805813361561,0.2871673427682923,-0.20856822339955566,0.9961262336083162
52855,-0.04283163442003572,0.06804026896069415,0.223962304650815,-0.3193655255655291
53735,-1.1378725521750976,3.5001843614838872,-1.0962610944693973,-1.3467320758547696
55,-0.4652017416532314,0.17056921254015756,0.2950999363450219,0.7442968852945969
72175,-1.8324450375001073,0.012140442778859062,0.43981908055217717,-0.4870709644593
15295,-0.8991440601041093,-0.04199405352577803,1.5364906647506866,-1.0386876838573504
8375,-2.7287112651283727,-1.5998003437496997,-1.2333991458328755,0.16344112186166096
50815,0.8143274739977242,1.079290130988112,0.7421229289693286,0.5170202131188892
16695,-1.050567614693919,-0.2757623408319208,-0.3688587748861786,0.22460995308438142
33655,2.396369861220998,-2.0720326527637885,0.13937736785414548,0.5440211741262919
20855,0.20783344243299404,1.4034074089585804,-0.3541205627457149,-0.2565396995224235
5815,-0.9904706136221386,-0.26589041140305975,-0.991973855830162,0.1681735288211611
57895,0.3144424303600329,0.31922163194524006,2.5956570822987146,0.05630587062345743
48775,0.5161307555351696,0.5268937612359396,0.3676426479911317,-0.6492817634436547
76335,-0.8288840559853327,0.025171924019798803,0.43058744478145156,0.9470496650567146
73775,0.7771060211717946,-2.3789705684846596,0.8844333434463606,0.8888874497498584
71575,-0.35333829453482135,0.8349736195740499,0.41745349952883143,0.5725736305450094
14615,1.053316096309829,-0.7150564068059443,-1.5852793856551028,-1.0518248877349847
66815,-0.6021965687463228,0.6579052378445523,-1.95398790368494,1.4204657402550185
67215,-0.43490691722177527,-0.4713734267741443,1.4927317648945087,1.1202347444013028
9535,0.6082921839086213,-0.07351614734133702,0.2605959143678541,-0.45377939086295743
62055,0.1575317498647834,0.15115980307250187,-1.1240637941097602,0.3065161701868568
58295,0.48216942002564805,-1.7735190590620313,-0.6235206509471919,-2.12390379812118
75415,1.171199871245062,-1.2845417471716467,0.6424947295914045,1.2275560687370701
75735,2.156421742940313,-0.35878919443267027,1.6758690656655257,0.4927260257294749
26175,0.10156518945272451,-0.9331406738117131,0.44708701639927934,0.7626017431834959
19055,-0.9672961639522827,0.41949816504939386,-0.12669038815855754,-0.15919655176439992
34495,-0.3719815668741549,0.8521375402598101,0.24234292193774964,0.08834616363286889
73375,0.4519476625023552,1.0132569738766857,-0.6275912419213384,-0.2830259023546329
44535,0.010997281557176244,0.031463315527550585,-0.8902282873190823,1.00919992406781
71335,-0.6676081884171815,0.9371133722831937,-1.465032948041438,-0.5353788212214428
51935,-1.6469639121708064,0.31619189789458635,0.27336253298312574,-0.6648244940194068
74695,-1.6199475909297727,-0.8981311885297405,-1.3649042716372728,0.1512281860604286
67775,1.0681948197495628,-1.5088657497775988,0.09642045333793971,-0.03767278011745846
7855,-0.508025986946745,-1.4548959297867896,0.23835117553277746,0.7652734658527393
70375,1.4586516344339506,1.0985004865754364,0.5217669793027868,-1.6351932983984678
76095,-0.4890615438923374,-0.7517049605871867,-0.35250259145679935,1.7956999685715527
35655,2.980961611023122,0.31955779289532255,0.3053632277080837,0.2498688875821102
935,0.05561817304529474,0.15955441312871926,-0.012813256255121825,0.2812499672510764
47335,-1.2857132349562586,0.5065476526513941,-0.40449529132897183,-0.3115064168350178
20455,1.4236374296272416,0.6904468911280376,-1.4729211607137636,0.7315219884985934
3535,-0.3638027415836385,-0.36962705531389,0.05454727822169868,-0.3895466382378638
57015,-0.09822427446613193,-0.34055505785439905,-0.8973410657452151,0.05419757060126924
7695,-0.7935733027964968,-0.15354029025470556,0.08768416475635203,0.8252982458009367
58655,-0.47111288222297626,-1.5354784038043365,-0.44349887713385466,-1.6689380250218864
16015,-0.09279359410596613,-1.568621693218421,0.5528061665350658,0.21913776192619933
75055,-0.3329941818598374,-0.668993889572417,-0.3635050319894412,-3.178886402081725
54975,-0.3782234933602528,1.5258273894574428,-0.29236578193327856,-0.6334155949919289
47215,-0.041928991360139625,1.792743050811875,-1.6343313860900561,-0.5039184134718747
28495,-1.2061551464733011,0.34682441717759094,1.1440444559686946,1.0484289098141408
65015,0.9914925951384475,-0.7675033319423374,0.377539150973147,-0.11153492228499051
32655,-1.4204060161350598,-0.5079244167440995,0.271435068341869,-0.5942158726466316
13855,1.4661445062620748,-0.4374882072776185,-2.62556807067016,-0.8704827531468439
73415,-0.6653914032949333,0.40557139523562,-0.242348345848433,0.7785556166333518
38895,0.6846213286749849,-0.4270385007749406,-0.7456767467644466,-0.0553377508856028
4695,-0.35566254117676177,1.636196939488764,-0.5507943747190944,-1.0192255961300591
57975,-0.1706345781972994,-0.6848443319156284,0.09279357006752292,0.017793769917762603
49295,0.587036081838677,-0.8552787298162687,-0.26932716775843135,0.750590607355393
55495,1.1050821525115029,-0.43966343019055387,-0.0915047588401946,-0.9375766707594028
53455,-1.0472870452192284,-0.33995051294300166,-0.08474139342375382,0.4430650559141847
61135,-0.27238851565649796,-0.2592846014399038,0.19499612420850848,-0.8067583726716893
4335,-1.8903790108435181,-2.089158319719959,1.9676341013895253,-2.0083811420595925
22775,1.152862094436008,0.6209962035769206,-1.4509547642641718,0.7913808046223635
25495,-0.7251624514598334,-0.7448243563214583,-2.3580143461445093,-0.5628378221525818
70095,0.5543898884769971,-0.2562144051179299,1.5612089882252567,-0.823122796583931
28375,1.732384877369855,-0.298836500939013,0.3211620022986373,-1.1940702761697204
37975,-0.21267798189959483,0.059784990932693814,-1.0171775579267215,0.2537550680860548
21455,-0.1405787441567201,0.3070466273779522,-0.2722226329422913,0.714498359632506
1695,0.4699455675166771,-0.9503674040910106,0.010291094774728464,-0.6479183439619577
31695,0.7229537908196184,0.5964969263148221,1.9155068789703966,-1.1015417136886936
5855,2.439782230421205,0.630115346331745,0.8215444102621073,1.0953247795929653
36575,-0.9465354068488523,1.826089987714097,-0.5047354635048448,0.6112940775400867
50455,0.8485825503961413,-0.5375036467877939,0.7194483260486653,-1.5901866241508014
14175,0.5766844388706637,-0.2146175782991194,-0.004452276427158116,-1.087698808287286
2655,0.42057651112393113,0.23134924163397808,0.5228881363729192,-0.7817256048451319
58775,-0.2677962642424967,-0.26740763480863927,-2.7441553573656887,-1.6804674398490465
62935,0.5813859512961715,0.5377643204514164,1.324909311976567,1.3513248753235334
34535,-0.9999884821919393,-0.3425643099571624,-1.7070158088381286,1.5796072086630082
67095,0.9784621383074534,-0.7883785257370293,-0.6060477781066599,-0.37270889698352067
40615,0.07922325314203144,-1.0613007697120078,-1.123991681690279,1.959787266406471
71255,-0.4839269007454811,0.9932404917798195,1.2462639937002848,-0.6397090431247826
56615,0.28650596019283325,-1.1080847456182101,1.578549625171281,0.4721402557767966
12655,2.0082104111594665,1.8140639634858449,0.780549655931633,0.4528500174266723
7055,-1.5384006690108898,-0.859340747313388,-0.3870946815156567,0.27541958027549546
42735,-0.9883997770844274,0.7263878254654292,-1.7691496271593423,-1.124184530355449
72735,0.3825719689883393,0.3215655652674694,0.4292464054290384,-1.4791164802099575
3135,-0.19594174310948104,-1.0027488770928872,-0.5832818560655628,1.1133748202432927
51615,0.8201942876725242,-0.5182630612423947,-1.4245820484333283,-0.01240149085798165
11175,-1.3408946451735804,-2.270975714190714,0.6454980493197002,-0.38090245731502226
9975,0.4401235719797996,-0.084174622911737,-0.6620449597838303,1.2137799056160274
59175,0.12708572178428895,0.4857869217929268,0.05583761356282726,0.46423526294873935
5095,0.007823674998287053,-0.49595634789107684,0.3475456342104919,1.3373648999730239
64095,0.4424064452197375,-0.08744727341478026,-1.3968922893119526,-0.9868413470704215
45695,0.976675706760382,0.9044077984653338,0.8469446138665986,0.45221544145962195
68255,0.12096426589937977,0.17908534605693158,1.3996626850284501,-0.4992556818957562
72415,-1.3188487325378466,-0.9875228110387851,-0.4375566642024209,-0.012513682960942019
7295,1.124900492345498,0.48038322704925623,-0.9142547481499514,0.14969608776091767
44455,-0.1837894114827366,-0.8164365767881232,-0.672847343092901,0.27632810213703357
2535,0.19524633207459055,1.5292705446352794,1.0615820867178904,-0.5067162322153941
5895,0.19546821800938546,-0.5612319577527923,-0.6926319373315067,0.5860176068564121
20975,1.8321043845123017,0.980845183741383,0.4583832979494403,0.20411350805932746
34295,-0.9970406387806088,0.8436868146429202,0.8041252251154668,-0.6626528114631886
16215,-0.363981459661106,1.000735444878088,0.4160202048745539,0.7492053692706854
65495,0.29490499485315685,0.4517442541517803,-0.8479770728218345,-1.346443324039048
11455,1.3945986588654107,-1.984061188426549,0.7918652967444116,-1.9021013868040493
32695,-0.2956614470761285,0.17130513923643764,-0.2923796619567109,0.14637050773338234
55055,0.3374637495851011,-0.6144120772312266,-0.7249423105176634,0.10240843318917685
69415,0.5535947560765472,0.5002008328482271,-1.3809190977518273,-0.7340709650969129
33135,1.1128886472429376,0.2602498620084988,0.30752571787953453,-0.5732183900910867
37295,-0.03756738720035951,-0.035790213054558144,0.4086879786887686,-0.19429395988031428
25135,-1.1060397869241283,0.5842937405855472,0.8526465339038065,-0.21889334736623609
12055,-0.3647491056667497,-0.18409018851607326,0.29081946219348204,0.38490639985317465
66775,0.14201084739523373,-0.36295769618767415,0.7541498610696491,0.8981504619704928
59695,0.034872021504804895,-0.6182726608475742,0.18498111912291143,-0.13603234274219206
37215,1.2845401476404061,-0.3242272980689764,0.6363575835870497,0.9455369531612432
10015,-0.10551610804254392,-0.3924189903346422,-1.4886717492872643,0.5081321535887484
21815,1.3229189141719115,-0.16573256681035248,-0.31182621080394046,-1.6780288599423738
66415,0.9033171263716033,-1.289512001889492,-0.3166541014638808,-0.5954709293965489
38695,1.965655151040418,-1.2264774326654457,0.16527621357227654,-0.8005690955374652
66175,1.0369811722839135,0.18558484502275926,-0.2729883728352196,-1.182552747666221
38455,1.2761665062127172,-0.13292699492705126,-0.5025504346901939,0.7218062330238472
2695,-0.5213075329900646,-1.7817967136283508,0.25701122525104714,0.4325291469237858
46775,-0.9165303886777167,0.7490119712528127,-1.232585210856484,-0.751431993679422
57135,2.092361200893268,2.445092425523493,0.47352621355768293,0.7578861499463347
18815,1.029525561437435,1.6251847728812912,0.8034457423031992,-0.7053171036406445
24375,-0.5297605072004326,0.7127004157064141,0.41213773545111954,-0.47113004561745897
31295,-0.07742721746924605,-0.022658038580832755,0.03911107277209552,-1.1714983134290096
48095,-0.8156102027045221,-0.4891822277665486,-0.33009790728416816,0.4228605495898608
1855,-0.14568881726119806,0.14600608153262082,0.05629267571273851,0.07185571666625848
3335,-0.3480627588974137,0.7746987869511501,-0.1762164033149447,-1.789439918257086
7495,-0.305021126937962,-0.2858682599072041,-0.6142020673486358,0.18179727896381703
74495,-0.09152953399864479,1.043312088955303,-1.35844203263877,-2.5258833735810127
56255,-0.18914743678707194,-0.282981017770813,1.1846114091131419,1.3293945257868076
15815,0.3662846057329818,-0.45125983455395424,2.0796110536600105,1.7299924332879455
10055,-0.18136839229651772,-2.023101869137311,-0.921276524192937,1.7419047154994889
19975,1.491011837317404,-0.01123623440851818,-0.8028512021700464,0.037576971771331645
24135,1.2163746825969233,1.2677135728451698,-0.0671301472284811,-0.18450295517533014
52535,-0.5141555973669658,0.12049203606703822,0.2801097809625637,-1.3103978683977284
69735,-0.32798158663883287,0.2011960686330796,0.04070320935684274,-0.7487233175884989
32455,0.07351457449397365,-0.38540137359271437,0.36199308681747755,0.40570180013537027
18255,-1.6955768834122154,0.9866036419141851,-0.028425586274926275,1.2834692977321347
36615,1.3789377226928192,0.5770857959127345,0.9330628107606486,-0.3558733425511196
13815,-0.32564364103989235,0.3100083435650848,-0.5542757622546212,0.2636121296608934
40775,0.1703407472511764,0.13026221354062448,0.3962961291074443,0.40171635062229094
32255,0.7692711443930528,0.6447870603336647,-0.38937378908837633,-0.32137688930495956
44935,0.711546247491718,0.7324182830044218,1.1872277324318299,0.05984922371208554
36855,0.06823008032910532,2.965346979761619,0.2215646906370811,0.48972783932477615
50775,0.2681678152918122,-0.5531819370341142,-0.29443600481341753,-0.4756032288442721
5975,-0.2712601637256993,-1.3193703985697658,-0.13684284044106104,0.9518478227491969
12815,0.7857258015742651,0.9124961689630244,-0.49555922984364575,-0.3676467343166389
16975,0.6351147146269526,0.8471386411467778,-1.7532342837866588,-1.1565005543455362
41615,-1.8159132008242376,0.765695334404235,-1.2646553367372853,-1.0637832276891432
21135,1.0337519478861636,0.19604613405644222,0.02045357231024014,0.6450121443021137
65735,-1.8738298536965847,0.02753419342999775,-1.5370412092551256,-0.31688248496601756
44895,1.2072527589149202,0.17750598648278965,-1.819609449537877,-0.40727122930528853
36735,-0.8360344881010814,0.0753218378419073,2.22377331377545,-0.17093414935689108
74055,0.47885751127429765,-0.21729975806100624,1.283033717720003,-1.450448307309485
73855,-1.643667981495498,1.2814895021331731,1.2590436482729916,-1.2784615435449385
13535,0.1588900229825735,0.8817385697916468,0.27846250519227983,-0.5456244385453877
1495,-0.008583561963869618,-0.05172438228646586,1.0577638243908836,0.6006858183101166
1895,-1.5779489319512285,1.3997620423722656,-0.7899491633678564,-0.6434937032225061
46095,-0.41589459003403506,0.8967092402081138,0.13902773606470048,-0.8622481367259427
73295,-2.04538191068969,0.06675006421122667,-1.1636899835447734,1.4853618233533479
25575,0.2983196694690208,-0.3238657186115811,-0.04445323355533728,0.025931700167581784
54415,0.8684590050062624,1.1900432011786402,0.12522038184167666,0.40380857778958557
18135,0.03494823107361291,-1.1687752407156717,-0.5998387547262594,0.10502034072211519
51055,-0.6055529415546812,1.467092212150837,0.993856274720626,0.8409505512036038
62735,1.1231332451258806,-0.8904634140089761,-1.3776755812926043,-0.50875056408537
30615,1.4225126298798554,-0.5270307030075845,-0.5869622525157042,-1.5072859737043043
63735,0.6489435912131256,0.9203198251262492,-0.5419381000082644,0.7294082221729791
75215,0.6013868110797673,1.2389818245341455,1.0424534984799962,1.5449301508370719
8055,0.7728780795875079,-2.180414476967615,-0.714708427425273,-0.4249809261189108
38935,1.4773665497511996,-1.1623985204839287,0.06364034963476595,0.2001060981770935
43095,-0.5410426219358448,0.4953942277078696,-1.2660026462330671,-0.11725905130396769
45375,-0.3345318627640935,-1.5887047808900328,-0.4195053156140527,-2.053483975258808
47255,-0.9789675967278136,-0.7528449795681562,-0.2825499561896425,-0.2809682039510656
51415,-0.7023547012906155,2.1670199201893396,0.5638898724325014,1.1746744039285038
67455,-0.6528833448425998,0.01278213443050375,-0.1447351408590226,1.1585299426159752
55575,0.3505887811326493,0.5127948515138959,0.08295808536335351,1.0096239226403445
59735,-0.7491602873276704,0.28690383401007785,-1.1475266703717628,0.9452657771254783
23455,0.15248916435625678,-0.7373721599918472,1.43040799017067,-0.8473482123458977
69095,0.26136691140997287,0.87399642773605,-0.9319009555290686,0.2776987573894476
24455,1.1865210898101517,-1.089157385435009,0.09058862063242029,-0.521504897022759
31775,-0.3362153994760154,0.08660867340374533,1.370775769039603,-1.0280927092285999
35935,-0.05653057797834519,2.017094422677776,0.18785229555350255,0.11586949829472641
34455,0.46092518007800165,-0.020989066475967936,-1.412049230175821,-0.20743456789862158
2495,-0.7040308999701178,-0.19815595627740795,-1.106775917759516,0.1887509194300272
42895,-2.364927813724776,0.5771564796182551,-0.46977191997798035,0.22356490863179768
48415,-0.6283738777207593,0.28488645401146917,1.6243323321422323,2.8029244066993506
7975,1.194341634692419,1.390149218497057,-0.05544166493306217,-1.2895953814626213
36495,1.2583760486680275,0.5832295960609032,-0.9487343234035821,0.9911059244199887
12135,-1.3860129258205336,-1.416783566155372,-1.3974152290736312,1.6149567762492034
56735,-0.08473819851138076,-0.32803239729202743,0.20650395583515332,1.7577256293877312
62575,-0.015724697885325455,1.0170784509849111,-1.68765642136857,-0.5415068187393333
60895,1.4822028847514614,-1.931771372096275,0.6649781593130917,0.6222260247924001
10135,-1.5576301097485934,-0.8985099695794638,1.5321973228229477,-0.1745496344609006
24615,0.9955186228192223,0.8804159128762772,2.2377335743147238,1.5011052938352532
44015,-0.3026404254041368,0.10294107530533864,-1.3107760550513987,-1.2865634286649457
32935,0.677773548156486,0.4604497241044583,0.28631019890146986,0.5355621536605345
38815,1.2660411646369778,-1.967146518696373,-0.7680712112285119,-0.09108158595118312
41255,0.6854497863126079,0.42851040144744595,-0.6137600866073651,0.1139668058406133
45415,0.08380231521484968,-0.40231546507710664,1.546105024836537,-0.5971253013589324
9135,-0.8022864784665243,1.0972150190681251,1.408951350698889,-1.0290879631487804
57255,1.792913161830258,-0.6975056107637082,-0.5067670975823432,-1.641543919403334
17455,-0.15931419520891235,-1.0777116587812736,1.3854090264966907,0.34823120736869667
68735,1.2918816997300269,1.0312489761988781,0.9336608844092221,-0.14475588420776508
2375,-0.7006034603119518,0.07105055286044447,-0.2835942987074248,-0.716037632916591
25775,0.32262191032909465,-1.9497721088073654,-1.4812407435213546,-0.9049893276068289
14255,0.5819602876530109,0.7519710997623988,0.5151654480899429,0.8845775420348193
74535,0.7681918354648214,-1.7923521420263122,0.8823939582419874,0.7609716464896995
38255,-0.5149060743243968,-0.2163168501508466,-0.059642999513771326,1.3930578924991126
42415,-1.1449415938695062,-0.7462927133251123,0.8527384986830274,-0.07044828215922165
14975,2.344702180053666,-0.04465790801769693,0.012816472947378178,-1.872927190881955
53175,0.386182923418915,0.015048275920826382,0.9203455135885814,-0.23116179025166297
10295,-0.5098141222352268,0.4912452867436242,0.26667473117706714,-0.7500246165520039
6815,-2.233041152432917,-0.6656889689869547,0.68161687890312,-0.42045420793826066
18615,0.042699566505179774,-0.006311397605762446,-1.1832572821185292,-0.7462690963045014
20415,1.0958537507460206,0.3428447145963634,0.42257475473104844,-0.8638219652255791
5455,0.40598076980645875,-0.6258932813981984,-0.3185095315007534,-0.13493360850006308
47095,-0.05020456608768139,0.9225249521888663,-0.5168957823235015,-0.4010856447270444
71535,0.11035776184557394,1.8595221119381902,0.6435558947837667,-2.1493807306411497
75695,0.2555063232656279,1.9836481960594838,-1.0653232559259942,0.7078967465904183
39415,1.320274777816275,-0.17371457164985352,0.6573969612554639,-0.1905294693688186
30255,0.06221012686277593,-0.0916385802163602,0.09800047001512908,-0.18531075506819686
1015,-0.6161968498917562,-1.083214655455769,0.7386804314736819,0.4905067037013704
51895,1.4824416888532341,0.06446763846519232,-1.871078163901416,-0.06456308338904382
36815,0.3089872402328761,1.1335639224533869,-0.3975699847479991,-0.2653039206229158
46495,-0.08857262911047778,0.7705368557999541,-0.6658251359623443,0.15206415931372536
18215,0.16898064395769238,0.5165366870870488,-2.011954202166733,0.5561078247011628
4055,-0.3112389816309551,0.5779320556494687,0.1184864485864014,-0.26739947493931937
8175,-0.9906033525796341,0.4715342411874229,-0.13242466465770272,0.6171167287305204
76855,1.3564463092638839,-0.08674319619613735,0.21832562330684616,-0.432531587639986
77135,0.8786892657012363,-0.61877345515397,-0.923398822248055,0.3636517241952225
135,0.046036208827761244,1.511453175435029,-0.06889086676506712,0.4357996875070065
55415,-1.8302746501917944,1.2175847523917276,0.26316067434076584,-1.2340921808450558
53215,0.11298592299948645,0.5093046987745773,0.4737830158734392,-0.05363489549525341
8455,-1.7551096042522005,0.5368382571562097,0.19500857425505377,-2.571332011307713
57215,0.046931380333175066,-0.7061697966240519,-1.1838856826515314,-0.885400218170913
16775,-0.09249872441024531,-0.008310904522782865,0.34524559849081,0.32011012501577113
61375,0.29989204412507925,-1.5448255114882308,-1.137908016172159,-0.4158905927774942
20935,-0.9823321869858437,0.8103528335902385,-1.5021848130896576,-0.10259535877990787
71655,0.7426898946357018,-0.9217541190397686,-0.004833334984393282,-0.25220723345501367
25095,0.6183879113433228,0.39396514309808317,-0.04796459876568299,1.6129505559445534
29255,1.9799607960878338,0.5130174496396299,1.0373208121489847,-0.7069576276241945
25255,2.150255059796899,-1.4974713253877439,-1.46540944537614,1.0781160927228757
45055,-0.9011417045112374,-0.9570416862861686,-1.0112953186013371,0.6430954760319118
37575,1.429919904776102,-0.33046942972773174,1.406382921940799,-0.18964107358992932
59375,0.27363459051825534,-1.3284641753917001,-0.9485771347659231,0.6073355600444089
1295,0.12581308620512244,0.12999100976550507,-0.6157780606372321,-0.19427197464186174
45895,-0.9356709851278396,0.6827607398332377,-0.24554464917073712,-2.190095735065628
34095,-0.47793909916681837,0.8557300091771192,-0.7851661904978389,0.6329219735494789
9615,2.77652829064076,0.8088195149141002,1.1072329463491632,-0.6772835403480603
50055,-1.1913993669536542,-0.4559534410671276,-1.7066082827138724,-0.2589056260553796
54215,0.8733290755366241,-0.6555550144148,1.2575524510929876,0.11923626062176025
6135,-0.8791308447468079,-0.8517342561157816,-1.039500504553917,-0.3197346103156489
62535,1.142718529774989,-0.2253999260700154,0.5266450376260831,0.29001555625219055
24575,1.000518032074887,-0.5517380653649904,-0.9028839628871524,0.3325245151574152
26255,0.22321521328547875,0.7969421957561271,0.44646047258436666,-0.27931290887187743
70855,-1.8028331184754915,-1.3578491454494683,1.1602138857767381,-0.8199019077899742
65535,0.12672238391324614,0.7467170681768976,0.23469959792234715,-0.6053646805905025
