14389,1.02852588552427,0.7146767137360717,-0.19128712444477236,0.24956957880632208
26869,-0.1908347930234259,-0.13162767548723164,-0.6912778132833849,-0.6379487055679304
6149,-1.588512577752259,1.4354166135966704,-0.14716612954258107,0.00030169489033321506
53389,-0.7466008390440606,-1.0642521058413066,0.2763225980879113,0.1634107676670401
59909,-0.0863814374259012,-1.0545431351959176,0.17822344388766925,-0.6313357823388699
42109,-0.07362537789277074,0.09973686636857662,0.022047866686097786,-0.28005975484605555
109,-0.770591312770364,-0.714608797163834,1.145661562548619,-2.5405650686422216
4109,-0.11388248276204456,-0.04509844586932714,0.7160491096212243,0.08546774172020105
18549,-1.2521961273802973,-0.5029605393307873,0.12698722797483109,0.6193066681704954
52909,-0.5612364221014489,-0.6740088270135616,1.558826127996879,-1.5213774201341779
36989,-1.0499376467883892,1.3260269812310432,-1.2074634560639845,-0.050717218633681165
2069,-0.13805269104611714,0.576156917374083,1.11312983263915,1.1991352965748834
28029,-0.7594435470510346,0.491315687125158,-0.8249481687286985,1.0216065663104203
72629,-1.597514172210422,-0.0517778794608669,0.4839174503445439,-0.9585632810394613
71709,-0.5935023325204135,0.1719721884821388,-0.5149533938105643,-1.0013519290679598
16389,0.7287906592225164,0.3919151947950992,-0.9378929875985529,-1.7027473943605005
52989,-0.1978819921918027,1.0308850577483972,0.04534009786591349,1.5797815183930204
8229,-0.08144257250179321,-1.2010858690713313,-0.7901103173940897,-0.5075854567848578
54829,0.9675006932732699,-1.1940793850592237,-0.5551381833271374,-0.5729402014502748
20869,-1.4377252631184514,1.439779501215672,0.3098174802514472,0.714967632551165
73269,-1.323518156976652,-0.2882792095419702,0.16101043697811424,0.6704024823128969
3669,-0.7189272241655602,0.5000189507374639,1.4401687631842115,1.541417768815521
16429,-1.5299557967339827,-0.40114058193029395,-1.0459937475231513,-0.8840091381704884
33349,-0.27766322028318535,-1.2310414809144847,-1.2451518086957518,0.7490773577762802
349,0.057139240135236004,0.5481175086647524,-2.753587171454774,1.3676680849351575
55349,-0.14142664433223434,-0.8679705105965486,-1.1756399994168671,-0.36054108120578526
41869,0.09965884903503394,-0.6726520485248637,0.7028364583996852,-0.31625701449023647
13709,1.0937173991556788,-0.7068622030629813,1.3323739071359524,-0.6415352118899046
46509,0.04843771753776645,-0.9206332311025226,1.08563053640964,-0.5888255779471704
4749,0.3810645214292187,0.8158185309674759,1.3953999349478672,0.2840490451396218
62469,-0.6284724624061577,-1.8217869552708021,1.165476541619936,0.7049305417748225
73789,0.9217680052896932,1.0556078984520751,-1.1340239504552354,0.9819065229365581
26189,0.23195752258757313,0.7569297937822805,-1.0885851662858241,-0.14988340493831104
9909,-0.8174749618692907,2.2552254349085525,0.04399098412163303,1.4795256459252848
70789,-0.7438324039566836,0.2473755109951437,-0.39726655360118523,-1.3361502772219649
67909,-0.31465492445879356,0.04582322132226414,-0.9668228463443312,-0.807200664705409
34509,0.6947938659967838,-0.8675998901960749,0.4682926229568604,-0.38020573556735
38669,-0.7516823258522765,-1.6111503036417623,-0.3828517046545505,0.545863918104263
69,0.58892213510192,1.4950510327893916,-0.46036467609614906,-0.20148188763728347
42829,0.4934633060434601,0.26860606763902556,1.058260866170737,-0.9748540338577177
51149,0.10001623061536691,0.8134288347596448,0.215507988815453,-1.241319247961038
49229,0.9237803565603139,0.12837006359077402,2.3498309049736243,0.9615400122420892
59469,-1.101334388563793,1.388176104598755,1.1360041932937222,0.5647342923005604
55309,-1.2266455291278116,0.2069270136041555,1.641850426836227,0.12701186390130711
27349,0.049078799266884784,-1.2685964325183985,-0.835420820045223,-0.21284533221645527
71949,-0.41367960679581955,-0.7009790196446065,1.2753006219946725,0.4598136330055309
67669,0.7931229344618391,0.5414196924376117,1.4273622574261342,-0.8757135983419709
45149,-1.3609902927407538,-0.1062906966247031,-0.5259330464585599,0.25354225971910677
11869,0.2426539018917753,-0.17478277766010977,-1.2601016234125464,0.3707640410334584
64869,0.4650134803954933,-0.9716699108915442,-1.3807732293768373,1.3823603408834122
62429,0.1640597438452488,1.2178807489092363,0.7648809795021273,0.9873000738810915
12389,-0.5774354988877952,0.5625656172904315,1.0691812372234593,0.9581203322082779
73109,-0.12165322137651613,-0.7026245632268237,0.23187691904016716,0.15529394465983323
10349,-1.4466631530998666,0.33800370663994833,-0.7285856739607527,1.8282695352851763
52429,0.013888345076272556,-0.7437279522267586,2.1444727160301547,-0.08970377932149269
2749,-1.3340185615041162,-1.228715249787853,0.9761300112004244,0.9830428828292154
8869,0.7402752188214657,0.33722897266375146,-0.3884515910220649,-0.051897424205793075
27589,-0.945211083857403,0.5405714371440421,-1.1751051397238466,2.1981963024360947
13029,1.146017415294462,0.5967223768097453,0.2644554803784842,-3.00170136198997
49269,0.2817010295254664,1.5064274994891202,-1.1496087087370312,0.46319644380823394
29669,-0.7276654155037942,1.2694214812798417,-0.1879972409083291,-1.1468565767861338
67709,-0.07421491167260132,1.2225885491841477,-0.586374889288462,-0.8798890284088532
53269,-0.2510787212494988,1.6644755881678952,1.3867793257235397,-0.6818334298566423
1709,0.39711132762262064,0.9972796711036443,0.31375227719215343,-0.19891237474756363
75909,-1.6680150990203693,1.3149079947777886,-0.11250597096348865,-0.018165351392719263
18349,-0.1896627713248314,-1.2702284694360038,1.5796699578765823,0.6271752425039923
60749,0.06596953734193671,0.6264697010488893,0.6259157448667907,0.17040025175265455
14349,1.2073441704950365,-1.5655764340507365,-0.3916050184551622,-0.33270600520239346
63629,1.4407117558010936,-1.340205690857072,0.13955400901636908,0.10097257502748234
15149,1.2772457290662642,1.708321744187826,1.432133425757081,-2.078593084238497
67949,-0.7168148625103157,-0.5445261944819748,0.34174109716725654,1.8350728421634397
75429,0.6129108183432445,1.3296423989866644,-0.7293044511876694,-0.09622153791715868
41109,-0.5561625033653573,-0.6403307982755533,2.0960765732079087,-0.5270395380566105
7029,-0.6202243314991124,-1.1592921231782596,1.485263409057824,-0.4486615883252558
52269,-0.6169515161752896,0.12865046256684337,0.15678730871180827,-1.2308415998212854
55789,0.5366955337755681,-2.223432219925728,-0.4647597920178229,1.660924241226454
49309,-0.33511889366527536,0.44009840833079106,-0.3874590064987979,-1.8674159873100236
72389,-0.15041350557962643,1.2975678704750395,0.3765941017331183,-0.19778726973859057
72429,-0.45801561761913934,0.6913879697762929,-0.45725846989158686,-0.15212612886436505
27429,0.5984312234594922,0.4608364809238889,-1.4947214838687266,-1.4452517097329014
57509,-2.0229916316053282,-0.27589235561822256,0.5657624882599736,-1.6568875140864663
22669,-0.9089391686018065,-0.7971465561811188,-0.002659200940150386,1.3778398418859799
64309,0.5360006169093008,-0.8046259999149374,-0.6647647647334383,0.3718849714147739
17909,-1.2681672762680851,1.946795222801396,-1.3487686013909508,1.4857748454449267
48629,-1.34977654431186,-0.5065557220533103,0.9130767653592152,0.16824414992452458
34989,-2.0246668913575516,-0.3405711191723792,0.7808650963272866,0.5802537786825087
29,1.5602026681184145,1.9385567723084218,-0.178591423090894,-0.12989559337009937
61109,1.548251524404156,0.13620974020013366,-1.7871229590621192,-0.25248834460070096
43189,-0.3504253833740058,-1.2080925358657473,0.5131144594558453,-0.11129821992428116
73589,-1.3694869343191742,-0.0630676554184793,0.5920127279932461,-0.20893840650775716
13149,1.4185003427476892,1.289946348207832,-0.36305811348312683,0.05456202001771817
41469,1.9239649265024705,-0.22925591573064844,0.9677731157919837,-0.36136490075441347
51389,0.0026956905624663232,-1.416768729818864,2.000017985688211,-0.48599407064140304
55669,-0.09571013035205608,0.8751213694355825,0.2800280010837994,0.9128161605480314
42869,1.1956356886156414,0.8399908473894483,0.3684797126369502,-1.5702103767653
13509,-1.4666681146902052,0.1011514731325615,-0.9235644386015901,0.04603046646319156
7789,0.6719207087100152,0.10066639480858512,-1.1532647931807578,0.15753464408825762
17669,-0.13442095384848846,-0.8754171083638037,0.3897647292645578,0.7120561961024948
8389,0.2913803337283683,0.5601112900615882,-0.12390648848535639,-0.18981247939206264
72589,-0.10578209862655158,-1.4087761890833865,-1.1547742502879847,-0.3727366126521874
57829,0.9885998699250481,-2.3505628450847595,1.7572213635546534,-0.9688872101935586
16589,-2.07999522666256,0.5382484703317395,-0.6261078927122504,0.30760735313117166
38469,0.2529063168613813,-0.07853891054700732,-0.07659329180623205,-1.1084857755677144
39629,1.7652139431058502,0.08911721297063066,-0.9825158241762367,-0.5522635940785631
50949,0.5857387927550554,1.2166844042776412,-0.04166955459123709,-0.3038149245890665
65749,2.004321893778573,0.010661666238437846,-0.7580379837099895,0.9224747270240449
55109,0.08066387174206165,-0.417028729861943,-0.9421684186406003,0.5778011602530897
59269,0.9159750108923304,1.06827538434796,0.25417961403504014,0.33237209855982586
49949,-0.48932943969371945,1.0155952486338535,0.8369978919080603,0.4001979394557053
67589,-0.6939840678881095,1.1022279538922943,1.11061390936597,-0.8514853012274364
2269,0.9924441938002734,1.3017366140862947,0.8733933179587793,-0.13864964549077502
31309,0.5137296614830955,1.4058020708555146,-1.2365697266625428,-0.7134031555701642
69669,1.8276094852496576,1.1710277779704699,-0.27405700037884523,0.46106952267326945
46629,-2.37319680863228,1.0088520036017345,-0.7191150654161323,0.05491306077577614
3349,0.017006924852700864,-0.07722090636716947,-0.633675616521935,-0.06996673695679562
229,0.0118798241531686,0.3036590986660037,0.07846986021982838,0.20862254446702988
11669,-0.6357368639580933,-0.7659136299947638,0.49788889666780584,-0.36283096361324974
48229,-0.8961867292240375,-3.0156196642590363,-0.6682820696357322,-0.11041899399207046
60429,1.4184946726981906,-0.04310238779355126,-0.0901999315571369,-0.06816229082764534
18669,2.1381645000098937,-0.9428374263446995,-0.29712713565352294,0.19944694938394122
64589,0.04535207350369455,-0.30363703760016847,1.0667829625091934,1.3018591191858668
33149,-1.0797527015377655,-0.11257471036243001,0.9769576719901878,-0.15533720945681878
68749,-1.1977884536765753,-0.6876562006636242,-0.2646029284034132,0.7926443833820516
72909,-2.3404616480723104,-0.6156700834535572,0.43006631302639264,0.0065342281550268
36629,0.6503761911781859,-0.6755576274303392,0.4701811401614841,-0.2601607063774165
16629,-2.1618007965319608,-0.05661929480453172,0.7415601881996076,0.009088221800383506
44949,2.065934479862158,0.46801719108899154,-0.27625837580039564,0.882081086677261
52389,-0.950455510636847,1.0401423048601062,0.1494674126893692,-0.1992575561076381
6789,1.432103972801854,0.09696301723643479,-0.8110765619520429,-1.5945108268036845
45309,-0.9700109588048493,0.2629403883413639,-1.1676272595954165,0.21915983140725853
57429,-0.1031197718092211,-0.04939096377602141,1.6484738731287747,-0.08532027473726311
47829,0.17138120845501292,0.4370127955752311,-1.445008998735447,0.4410629043448211
14909,0.8324090727248581,-0.5521280812091164,0.15535984988996995,0.40367537676562176
12549,0.06767111150675198,0.829438837266075,-0.533918067599706,0.9883650096083652
49829,1.756887363242387,-0.23261972135130501,-0.3183166413061924,0.22003180177376744
56549,-0.23294737239401783,-0.5245386146108354,1.3077439339771277,0.16381771718022184
37789,-0.3713398305405953,-0.8070607565516074,-0.19358612083782104,-1.6734639740932518
67189,2.9264139500706823,0.8582464797413435,0.04708053245160693,-0.8518205048241784
1509,0.05381126842281417,2.2438547622026745,-0.48267170379746194,-0.4617760180618097
20749,-0.628492549568714,0.2460762663559346,-0.8583608755005966,-0.5529623371395569
26669,1.917361405186058,0.957322757250429,0.14833520538080988,-0.35905062507543867
2869,-1.5102878707075718,0.7187412221076178,0.4485304884434343,0.551194559027769
62749,0.3668726760782635,1.0241037089567233,-0.34715833077863495,0.20889618721135467
28949,0.8164919468008753,-1.333676494203692,-0.5384222996195683,0.8778339471110823
26389,-0.08275757412994846,0.2737800093512099,-1.079175385117202,1.5226417434106967
71069,2.746430703269325,0.18551244072976925,-0.3663832127330616,0.3136328061104958
23309,0.3631637735807633,0.1351784095791639,-0.4140230759788448,-0.10025409568122778
75229,-0.3396071347284797,0.6142243810640103,-1.085071538667701,-0.8322883439935839
34789,-1.0277560800253291,0.05629696309791661,-0.6070978089865249,-0.4292792911014735
6429,-1.0016193921634642,-1.1570390305082394,0.748881138393904,-0.1726215657938536
10629,-0.6090141807516911,-0.7127475089190604,-0.5986279229018407,1.3386904944061429
47269,-0.38116415125746883,1.7621434832960385,0.9826975025283288,0.8103444140258805
16989,0.3387232061267574,0.8289411258312432,-0.42985059943473736,-0.5729787028372153
4389,-0.9436345743446117,0.9174922008133228,-2.0892733752223913,-0.6443671422145913
68069,0.1469358631248597,0.041590456810847734,0.6710740553650513,2.0771628329551564
12589,1.0637491681730893,0.07822352640712062,2.032353686817671,2.4153148380293175
40669,0.6903427914238928,-1.705682817214183,0.27312772347359404,0.2981514248854268
44269,-1.4082238500738564,0.8069322592080734,-0.8028093095973403,-0.9141505852902796
71989,-0.47681963818664264,-0.9974833679677183,1.3264908610379733,-0.6682374181002197
59509,1.220956012308296,-0.056316039440709904,-0.5137523611491694,-0.5786784324119358
8349,0.16084747515086958,2.8431853603123085,0.6912541908824849,-0.5369387959382967
60909,1.172790435719255,0.1870440273798572,-1.5526625891538994,0.7423968485683341
59709,1.0066365207803978,0.7406479151646063,1.6434207689411227,0.2834781301395707
45109,-0.7871718426255504,-0.2647501924134027,-0.35000333066453015,-1.1618000707462532
73389,-0.04712057163493741,1.4579068426188813,-0.09344419654697163,0.49358136977522366
22029,1.3406470984750865,1.1585910456375157,1.1201727294074102,-0.5459875324746267
37109,-1.3751797740080354,-0.38747003465647034,0.9039222277863386,-2.484504019863434
63669,0.08081234463371115,-0.4564572456161887,1.2583641315139045,-0.3601475147634771
57669,-1.6854390466123734,-0.35414262287581166,-0.8306810739526204,-1.8432710432928565
35709,-1.50526539017449,-0.5337453288380211,-0.5914273133699425,0.8303807412791794
9149,2.1673627406500575,-1.3814562408000155,0.4107928751088291,0.4791843170848189
13309,-1.8498314941180483,-1.269983285331872,-0.29586129743871137,-1.902856027440678
76109,1.2017558835634585,0.3914306557915692,0.6474948232378166,-1.4724582103808017
3469,1.288760942357433,0.9438070272170661,0.18886007674009891,0.5567632802200861
30669,0.605508606658648,0.39068990882525906,-0.32329322607650335,-2.3119282313041456
2389,0.13715679983896875,-1.0797135247371004,-0.029693468673277795,-0.1852201306219869
38269,-0.09078910218930197,0.5227298452291185,0.46647509569902235,1.3912616136138813
42429,-0.13718544289602866,0.8064672951913393,0.07032362427346836,-2.437018199074539
46589,1.600957114757921,-2.2424133616391506,0.12917594125373572,-0.20628899983807636
35109,0.6680748491428775,0.9031778394384579,-1.412327008275401,-1.4758849725412273
61789,0.12179273266082677,-0.990656836794025,0.14270294123595803,-0.5362257696015473
10309,-0.5838479997148943,1.7974021043153678,-0.6039965459465103,1.7633322234324489
23269,-0.822448129922464,-0.17295524542568388,1.0535224919029078,-0.37536860636299685
25589,-0.5902041207202255,0.1359280213147617,-1.1342388401232806,0.974951905081998
18629,-1.1114945828502807,-0.06737460265787897,-1.3867456064986818,1.1639222242511524
22789,0.771730486343922,0.09824329621367617,1.1397729605992155,0.2579569299636588
39269,0.2569212687375902,0.3526455021697168,-0.26676571317256353,0.40855160365296855
75709,-0.5387471807005302,-0.6753628015493003,1.2977981008407469,1.2020262409414189
21149,-0.6974403467358526,-0.03296400782197375,-0.5199176350494163,-0.29524024453278425
2589,-0.6548519695711206,1.260011686268854,0.7331227625751631,0.19361303758963228
47469,-1.322897416569601,2.208213058082133,0.580582446266966,0.5916650051157747
3149,0.4724788978286223,-1.2033118147476272,-0.016481076594158657,-0.5281736311742816
2109,0.25147615077470375,0.9166046736299976,-0.9308326226277414,0.04520174531970951
11469,-0.23727126816941194,-0.4914735184200787,0.9299550454271401,0.62456141757157
56069,0.7194916802083746,0.7067306100461074,1.6972555887056429,-0.4466808646123828
35189,0.9329418936775056,0.024206984452086695,1.0114979748221746,1.0938445050281491
23949,-1.6195075448981833,0.40751804352150955,-0.32967920270322687,-1.0049115315890413
15469,0.92063237298517,-0.4933977743236961,-0.8520969832804596,-0.6419697012325223
32269,0.7557760722176219,-0.43321970778683927,-1.320548154822179,-0.4323395681264214
63869,-0.1443455707731337,-1.074356164858015,-1.9730472932849668,-0.6385651439810447
76869,0.9136592679401768,-0.5363543503285315,-2.0468046243720397,-1.3228825990838142
27029,-0.49611131075483944,0.7729039519177076,0.5864864607801833,-0.97089286727133
44749,0.9433333209791129,-0.34383424943445956,-1.6003338058788534,-1.8009325554097302
41349,0.11510734392730693,0.8584965483792555,1.1878024777534002,-0.1903528190599965
12629,1.6007538663539314,-0.1417816731802975,-0.5977213302893916,-0.14990714953186882
16789,-1.0567984177153047,1.9051817762313403,-0.9062040761685954,-0.023520971279162032
61269,0.6445780104263965,0.49711211736042704,-0.6651038251727925,-0.048072713405901794
67429,-0.006237126540914102,1.1206122701423187,-0.2606230049220989,0.3880453855849418
18829,-0.8306213201688177,-0.6114114784356344,-0.7509100091097101,-0.5649287707456475
69709,-0.20998397450889625,1.3158201564308545,1.5930263660327997,1.0070202120397547
5869,-0.4828591789011122,0.41506602942092596,0.653639568930395,0.569245086041802
37589,-3.157144198189635,2.0906194042079704,0.33503535276287255,-0.05198400509129384
41749,-1.7142136645369985,0.4556608342317367,-0.5416739748072024,-0.11243693104441281
6549,0.37664121894399605,0.2113522826763116,0.2640254877868298,0.3456954125170222
70189,1.517747836131348,0.012750611893095442,-0.6640616654127904,1.1329067197986828
9629,-1.3126478850432164,-0.09773557335264924,-0.07082037997915235,0.3109185243770617
7069,-1.4693278507276895,0.6666833922583212,1.0957422899093177,0.7325888986693605
14749,0.38716635751359846,0.6541393555949745,0.014457297269215616,-0.7723982074055779
62549,1.1634327158608477,0.1829706712818026,-2.149296270515665,0.3039002849412092
51269,0.4877071254580288,0.80765786090627,0.45844590287162235,0.7121560887104221
66709,-0.11409856215341094,1.596449772734722,1.3288596481449597,-0.48403251390983737
30429,-0.8722364572460758,-1.0630655713566415,1.1137807391442092,0.5804283687891189
75029,-2.711886222907453,0.4136897927992861,-0.05120472678114973,-1.21202833037201
2469,0.8525890534956713,0.7134191804550691,-0.8218753571410409,0.11164717186193739
38749,2.1419164013474274,1.820438034021944,-1.0166938541344335,1.8925405891862912
42909,-0.7649492476541045,0.2682699386471839,1.2837175734178143,0.8851445550178036
64829,0.3999689760371115,-0.5437051789385672,0.9995159242663423,-0.1080070926945227
429,0.0017569372914230611,-0.03013946430625716,0.16549649102701167,-0.12367151733480479
55389,0.8930831680258391,-0.304528398545082,0.5165892818523685,-0.19113246269154854
24989,0.276611319481873,-0.25183139167492397,1.0971796956467748,1.162536627245636
59549,1.1567957428637676,0.2030294512308181,-0.4224504489006348,0.8486398224156907
63709,-2.1319819814472787,-0.3634683525336229,2.302112421627942,0.33065913797180313
59829,-0.7431181972615168,-1.6179457219709323,-0.19629596515996936,1.1903913237424781
72029,0.1485852302731904,-0.16394737302672963,-0.9329384306698966,0.1444292318911798
22589,1.1526458046500598,0.21789841354937936,-0.8786503581645737,-1.1052096914860365
35749,1.949312187158334,0.5770832919750767,0.021830317798296348,1.2189559249132509
57789,0.8229172632939028,0.5610799105687554,0.5842709741849833,-1.0490693827902888
3829,-1.2756225163447559,0.05230188039565395,0.3486098282386978,0.7605817431325209
11949,0.9956812843053666,0.08247077746501427,0.5533693172495111,0.08607702331049887
16109,0.5024676175010248,0.754003702992074,1.8134113888091763,-0.7317056408286613
45509,-1.0248374333378065,0.9204018345306365,0.11163748313543209,-0.2539995638640448
24429,-0.05306036448420984,0.6088500502577546,0.3704568240662915,-0.41182731787669746
28589,0.5310184518600989,0.8677352675129306,-0.11595732709020648,-1.916182113543111
73189,2.2836018734519175,0.944354002910766,-0.2616562306393142,0.30576349663714364
2509,-1.3387022301298555,0.04611767386507073,-1.184222766176035,0.29695553987511014
44109,-1.2664372245588185,-0.05612215394420744,-0.8949600039709594,0.09285098022416594
45229,0.5806187194946695,0.3604774149102297,-0.16176986654024386,1.0946718271485412
71589,-0.5080340269913046,-1.3455749705721043,-0.03887809819021169,0.5222127604159924
51669,0.8346434507429666,-1.2997273340623288,0.6324994289670768,0.372707323376157
59189,0.018643170911505046,-0.1402138021319147,0.043158379073534814,-0.7239097280387646
57709,0.061233561958765094,-0.34503117414736945,1.3607436980862413,-0.3166282547876272
61869,2.09289595781386,-1.255517436084758,-1.770882999267659,-0.7833402039304238
66029,0.4773827969218916,-0.6981215085652981,0.1647572043251182,-0.6989108992526338
70109,-1.203106746486971,0.07393754498608791,-0.04781607108009212,1.2970420110875547
71469,2.484467343332482,1.0513216148538669,-1.7919724351744293,0.5424008425945432
53669,-1.2300165588100405,0.5509025288744452,0.39428309910568843,-0.07862963804223294
31349,0.5978520287115805,-0.34026404833540247,-0.6184425300742611,0.3996533835504812
47589,0.5241978790203253,-0.5940462029049459,0.4270763520281786,0.2675832554383687
50549,0.1899687388343186,-0.8352332828262744,0.10548391215754024,-0.054649306015342576
6269,0.5417243689610284,0.17540741083564318,-0.37866977111629585,1.389516901565491
54709,0.8215799506962971,-1.555667108272016,0.862400264059874,-1.357929256419922
4589,0.539113240973204,-0.061971429797624655,-0.35037610405200054,0.635522546873162
20789,-1.141977817631464,-0.7806604277549316,-0.6095409942357057,0.642160548272026
27389,0.7245458129411659,-0.22003025103477775,0.8305255854772428,-1.9273435920351871
35069,0.01641188870084026,0.9037589195738945,-0.7475003057195374,0.4528344290780087
63989,-1.3135065208469408,0.7193028721534563,-0.7867379807146466,0.357308022819835
43389,-1.5571404847649901,0.2748543353198688,-0.4199506386708628,-0.5204867165540997
51709,0.364949882324249,-0.6154490640596477,0.046884005907443155,-0.5734388651248619
61949,1.3727178833008782,-0.17668964668223194,-0.06491244199104072,0.31421666093734113
36949,-0.20508101701692366,2.008710926969167,-0.9532966825895054,1.0769204233543728
64189,0.5887799750721198,-0.2746795666821428,1.8120946354459608,0.37686153083496743
39429,-0.269704291406871,1.5775731458288267,-1.2325952173943544,-0.5233510719559488
36229,0.0656054836211383,-0.7024216810354714,0.4241428863056016,-2.2111002804124933
75509,0.36464417204259925,0.3438086981545561,0.10777382163103136,-0.17426490856520416
44549,-0.2322859907059405,-1.1362401085066027,-0.7892757909524618,0.22221329382519558
37389,-1.6279379262360332,2.016967459418087,-0.2200275944677824,-0.029393741350965237
48709,-0.23929645042909287,0.7959224605905386,0.14574790217880956,1.9453561082945856
51629,0.6162658581416914,1.4598374189680565,0.11284613308383733,2.456600056212487
42789,-1.397491577264479,0.0795776017897665,-0.9727012196245036,0.9223507642770132
14869,-2.02852255205535,-0.13345997062660486,0.3998586879885281,-0.8337561810320989
65349,0.7531520891456445,1.5900768754724572,-0.21689438518289353,-0.9178763470929269
69509,0.4006827133279845,0.8193284265892389,1.2021754008198493,1.5399453836700567
73669,1.4647574151282166,0.8012278713192723,-0.014138112302631428,0.46460131805884536
71109,0.7467732473370011,0.23083826877450245,0.16594181835066826,0.16856251597874122
12829,0.867229563463139,-0.8072183534362153,0.3389786424623776,1.120883668299343
4869,-1.8175168669384127,1.1461228314077014,0.7981805039698069,0.5893822798031187
46949,-0.5422264160687493,-0.32536033668196473,1.6273281529635213,0.00834986252222575
549,-1.055582008113182,0.19148913354108474,-0.30924465446907323,-0.5635280174641372
13589,-0.8616853242158763,0.331961770277723,-1.2160397068098006,-1.4774569079155961
10789,-0.3922585830561403,-0.19029231014012762,-0.795221540160012,0.33819800256268634
62349,1.564493085021166,0.8679707179862546,-0.779165542257076,-1.5457807080791441
66509,-0.32192263949210786,1.569948596231691,0.2146641697929772,0.38992657588195245
59949,1.7460311084177778,0.42341023355883667,0.21761171038647842,-1.5660369177632234
34909,0.07603572272692857,0.3377269679361115,0.99511411935957,-0.4576740272154382
42709,-2.0601930251666642,-0.7746486464344285,0.8694742308264938,-1.301792280123803
37429,0.04220612570431887,-1.5602175201025088,-0.32602431113916586,0.11487648559162225
10589,-0.9418259078590887,-0.3041757902067173,-0.6245951821726902,-0.7134965304585899
4669,-1.3352501163463186,-1.4784760318657157,-1.2396370660127893,-2.7741417626943226
8629,0.5752382155856839,-0.10127620085337752,1.6541484428878956,-1.1020903655155965
50789,1.246421628601909,1.2167210998509097,-0.23039387604110773,1.140421763039532
33909,0.3367377851624947,-1.0786427579409126,1.582777978594602,0.12113566836085278
75989,0.5592115187507922,0.6811057709826873,0.8886795370975279,-1.04061018827484
33069,-0.6729505869514201,1.5046986276756544,-0.8096998649853381,0.9300535173555624
2629,-1.9524073909815107,0.43082973750612824,1.7799254064905656,-0.5899643264544038
3429,-1.102447106588381,0.8756410586144537,1.1184189712667933,1.4936845445049534
41549,-1.3649510854501021,0.4375084672106277,-0.09197474704329031,0.4488387311643231
54669,1.2037127798892755,-1.3635748217026682,1.5798451321739824,-0.792454649989581
2829,1.1062969566700316,-0.2882026921263218,1.299700186451991,-0.28741823182479176
64669,-0.13775672464965902,0.6714587315936686,1.0425082678060946,1.5089465832583795
68829,-0.5837814437487582,-0.608807956748231,-1.2820176717858116,-0.705843669342895
28389,1.6294822502332764,-0.2735189278597855,1.6636353440311582,-1.1516449290960695
70229,0.33083241242659406,0.4078328404143119,-0.34700532705196385,-0.12143879260123619
27229,-1.3137454626693368,-0.7957192039207651,1.240925447034773,-0.38876432483036283
73829,0.01736356749042312,1.7675229276103666,-0.19861794061529803,0.2921074180665509
45669,0.07916109622749644,-0.00570110264198897,0.46190864622757283,0.3625724323571563
2709,0.36059345089210576,-0.4106327430000906,-1.3773827265772451,-0.2961005945090858
23149,1.0300242618738376,-1.5738199594492577,-0.3255601343861646,-0.03833763925004879
47549,0.5278448400519229,-1.1295304477430512,-0.1911756934829725,1.6019269900053912
50349,0.6057270472917389,-2.173622379851295,0.4049597548489185,1.2826380707762233
41589,0.5049479973799997,1.4154542356094368,-0.6080959682789496,-0.497934304421434
22389,-1.2783418523208232,0.6345032800231138,1.2582651084089702,-0.3550227166486092
67149,0.9343983965495413,-0.8838184806565395,0.12708707904403233,0.33614294187842364
66989,-0.8152096878890218,-0.576497641508962,2.024665073321615,1.355884413197372
50669,-1.9840595860530368,0.8829740742678622,0.2824982880316375,2.028451848789441
60029,0.20556189940345157,0.25906101594580094,0.08561627559245273,-1.7600536926973671
789,-0.20337476647102498,0.07620754330586425,0.26478439197953807,1.338665938921815
60989,1.8170439760520865,1.0999621630291112,-0.560717023256544,0.8305137563736292
37509,0.47481454368211984,2.8497636832336295,-0.2857681936679272,-0.15395233789172277
65629,0.12536129630641946,-0.12021271000220696,0.5863292163312038,0.5927455173139261
23549,1.2010701862231878,0.2438288280482574,-0.6502449250086718,-0.9829722430917377
35469,-0.516724785125967,-1.4374804491571966,-0.3982279458926774,0.3355795460614006
41069,0.793200300972318,0.1276265562084449,-0.8226574016005984,-0.7966868654334488
36029,-0.11763887060945143,-0.48969955237630003,-0.9516084497361919,-0.06229105678726497
43669,0.9984842512709827,0.6675988546231991,0.7385409229223951,-1.3175405727067926
70709,0.6535548256948682,1.4127735319188477,-0.12296126280229011,0.333275113885576
31389,-0.1275737719325899,-1.6730861301663833,-1.5688704222709553,-2.1010434950469143
20549,0.8575336636207489,0.6715130558333945,-1.8143319920063792,0.14556721222104332
35269,-1.3688177390417708,-0.5981336917146597,1.329773522874388,-0.6856620028517305
73469,1.2056792060873631,-0.16813748905216996,-0.3301765595197064,-1.4798788125366888
19109,1.8698695140581665,0.14013684687653916,-0.43987659730523837,-1.0898125157092797
37189,-0.8481519402260546,0.30536168169613176,-0.518400801342774,0.9738370889843135
46909,-0.3671671232051491,1.1422477850226194,1.138163228640186,-0.5939380298119025
909,0.21883068729845612,-0.06656013301321646,-0.4475366095387695,0.4367074186101362
49669,-0.11127928003221016,-0.6021159217382586,-0.994381709185503,0.33543919006645107
68269,0.5102836883552981,0.5044915469896023,-0.011276320198481172,-0.7635952507752315
44829,0.29532107649179706,-1.9931866896220463,-0.2610543172991968,1.001066888210776
21709,-0.8159520466098739,-0.024616007840245348,-1.7327129517408721,-0.6140014975650446
66309,-1.4010913598712738,-0.9966230475773824,-1.2615773828588022,1.5649334122083431
66229,-0.8012359075472292,-1.4619230245288888,-0.9633970297786913,1.0917235701906847
30029,0.3710288607961042,1.9834770137545508,0.0324417807672761,-2.58888190058523
74629,-0.5962236311620323,0.288988419158898,-0.9910072707965166,-1.1421175559172703
38349,0.7418229481394351,0.8895825082090254,0.8000188342582172,-0.5700775390686942
12989,-0.30385401169584947,-0.2537747568624596,-1.172933623782692,1.9982847321999437
6229,-0.21268897364686823,0.7295311753722465,1.2196564472613862,1.8948555960157143
39029,0.04495122079785056,0.10050942110907479,0.9135302113926992,-0.46160740529889044
50829,-0.469772178097446,-2.0232272218299157,-0.2033395668299153,1.1442842800126005
59989,-0.7068942413786625,0.5951241844936,-1.1262554595036514,-0.8479128307673401
9589,1.4707708747043058,-1.145772648411887,1.7068126635118377,-0.7723054885747525
8829,-1.0577424086161284,-0.0635751823388143,2.0357593598770722,-0.6835139688097595
709,0.05613802662310074,-0.2697907389824565,0.6438151715549805,0.0888478008407995
63309,0.21406348047177265,-0.505051623330708,0.9464374712770618,0.762704063093642
18229,-0.997481475510652,0.0359576258664298,-0.241130723465348,0.1484509092155237
75789,-0.0004436128101709087,0.9336286907399538,0.908729308617831,-0.9100093257870598
49869,0.9067595172802411,-0.1497456571389732,2.327623969049381,-1.2300003588606305
63949,0.4545007796719984,2.2834076430911368,-0.7741982319423744,-1.3625569459441256
36189,0.249174792332754,-0.20483546584654694,-0.6808094950064519,-0.5525589459314625
51989,0.40167807546814005,-1.0185438584258102,-0.1954266697501772,-0.6114514216871711
68309,-0.00787088567274414,0.005245261142829166,-0.07276058445192368,-0.8307079081130372
31429,1.697121926549618,-1.296441599835648,1.2880260060758806,0.6452097123820496
64469,1.846213118065601,2.4932354366128533,0.3642251105154737,-0.8605995262153677
68629,1.275644679348707,-1.0192158048711273,-0.6514205017184806,0.663784223193664
25309,-0.1618841636824482,-0.053988709464876605,1.0088340501488022,-1.749347008526836
72789,-2.183528898484794,-0.5610468952407053,1.4063891270589763,0.457876780069115
32549,-1.741930798039139,0.6992784013409569,0.6689931188496258,-0.1094233754563418
63549,0.11969122135774239,-0.08570255648656523,0.03315327147468352,1.0325841985851159
74869,2.7558934770620307,-0.9202245778528857,0.46881306973543974,0.917374146004667
74469,-1.239050538034506,0.34052731858549184,1.7744551175870245,-0.5157932390940033
16869,0.5869007159411349,-0.014225026223288448,0.9042924250828352,0.7040602001699493
61469,-0.7999650193009266,-0.838625475378293,-0.1209491596142538,-1.1083899932746197
21229,1.1330341161841042,-2.144170441591502,0.8862229751312318,0.34170180563715497
74309,-0.3261603267621304,-1.0261699375469924,1.3030910775183298,-0.8164009712778381
26749,1.037250153522808,-0.6827456806568555,-0.9936436785028631,0.1873351106111555
33509,-0.5576719937235012,1.370697131828881,0.3575652891306903,-1.2388705290877562
8949,0.2930360017774436,-0.9338601189746446,-0.14584451671858886,1.479376275602091
1389,-0.23133156660438345,0.08023924657814173,0.1247988235644277,-0.6606902006927786
38709,-0.089574967356584,0.5155682447160239,0.8106175221833911,-0.1864334819361504
71869,0.8870136851123541,0.20192184997188226,-0.6867808829159776,-0.26398862141732493
13869,1.691058557128913,0.19983576818419382,-1.254815726091974,-0.13498454566414592
10709,0.40736747664107964,0.5249974313696367,-0.8136770466632111,-0.5311076843786118
22189,0.1806324987186642,-0.8264004630720118,0.9266572257947006,0.02130045603251797
67109,1.1697095842672955,0.4414463989705766,2.124474133685808,0.047823150612723464
69429,-1.0528799466523893,0.3502146350759476,0.48337341158920255,1.4403787206943215
45829,0.4028917404803571,1.6588453266780658,0.616021235389814,0.13651801803749308
75109,-0.8299869256831165,0.37089567935257167,-0.20056148935089596,1.0891654491885288
42989,1.9102318948442416,1.1927095404679389,-2.429397974073094,1.3098294876141598
54029,1.5483044474152279,-2.0614761797419483,-0.9621701603681457,0.08457772949728916
35629,-0.3172654728519824,2.0385905646794655,0.3176959728132327,-1.8715688307546627
71269,-0.19924257342352533,-1.6871189155514548,-0.9496432881689789,-0.2329038380751269
31509,0.49330947346583265,0.7384050946088828,-0.030111505277502826,0.042495155673253564
76269,0.5568323670098192,-0.5620864539662394,0.2971033631318447,-1.2721555969252787
49509,-0.7799939299547638,-0.03609878745966712,1.3527687760606726,0.003133412910075556
39709,0.6062569118572161,-0.374702221730294,-1.9046460634134013,1.6225908125837671
3709,0.23818830801465826,-0.9441576698296988,1.5287134502383168,1.1633646569224636
48309,0.4705932431783711,-1.3215566771825171,0.1870395062225218,0.3405537062546883
52469,0.7730998939819272,1.4496544794727237,0.25713260214450956,0.5715734053565871
47909,-0.07274889249872518,-1.4040978377676274,0.05352451565327736,-0.01927370142231138
20349,0.14292935008294236,0.34184496750139637,0.7148031328580677,-1.6809904727403304
24509,-0.17810563770868493,0.02058110510808946,0.1485448112812324,0.029536239078264234
31629,1.17266558349209,1.9890458119821075,0.23495726488784882,-1.2938284138735037
69109,0.7840754674927872,0.5599759949162457,1.4139362862389426,-0.2388446731862427
45869,-1.1370233847246756,-0.5356046545682717,-0.17486980604059438,-0.531192684820305
59869,1.2333220253964212,-2.1451668064655505,-0.37057941038342124,0.7333953693122715
23669,-0.9369020482630389,0.4242802391709445,0.7390394449525668,0.8700534071643226
13109,1.0011194219003705,-0.585510195317764,-0.41143200376649824,1.4160919220048762
50629,-0.5012430412440605,-0.06756314550131308,0.3188178889886759,1.3031785468427468
21309,1.1265198449089189,-2.154375879413396,-0.24066281193062264,0.17214657441892367
25669,-1.4193947522297705,1.1057750458468187,0.8845071502313477,-0.07733403288560022
54069,0.6166159642802687,-0.3316883874328507,0.08883039798575745,-1.4078111265738198
4629,0.4064799325296524,0.1197793519552195,0.8504268739737486,-0.8321765976539377
33989,-0.39473768326870284,0.1261494560479332,0.21074810898939528,-0.10962017491867476
9029,-1.1104672591278772,-1.6934461817698827,-0.5254079376334893,-1.112516027978978
46469,0.1932097258087758,-1.0442155756813625,0.32751678666810663,0.27314723623181286
41509,-1.7350562061686567,1.1138283583252193,-0.37817973100946206,-1.3499276860301894
54789,1.871387514961461,-1.0398505292951987,-1.0590869119213104,0.19696697168881974
47949,0.8555657619783718,-0.1702961379582064,-0.9504543902167147,1.0891229365205424
2189,0.12770871089127273,-0.8877049130579735,1.16381477852314,-0.7098229533047737
63109,-1.236141627579302,0.0067945437176502015,0.17916832918317271,0.16078021142829932
67269,-0.7730824868382948,-0.3490044790802207,-0.8449223747590107,1.1080636221901645
45909,-0.5171121201294528,0.6238929010433565,-0.6814672436715695,-1.1862364478211571
39309,0.5589340000904273,-2.7513114413821067,0.6894165043310457,1.1507814070448399
64109,-1.4281482009430093,0.7947298356307495,0.6361538730486068,1.4610171993549113
17709,1.6137664819730737,-1.3687105595355789,-1.2181963371218856,-1.1710109768179342
47629,1.3084993590421607,-0.4295463797663845,0.3984210132969536,-0.8199479312034346
43869,-0.09489618272798617,1.3234354638991634,-1.12694661930072,-0.08607700968317446
6629,-0.8535146402753837,0.4338260333099371,0.5956278105135929,-1.6521355839869254
60109,-0.9955455907106215,-0.16467749297533207,-0.30996093835607647,1.1567602889533353
23829,-0.0735175730102845,-0.39960169219104674,1.1554331575779673,0.0716266861492923
31589,1.8757030561770958,-0.6058507099699783,0.5948318500358856,0.25840244030041565
27989,0.13302697193310994,0.10196069295687482,2.247177216438458,-0.5504892106152889
32149,0.6000076401771012,0.5450047041214618,-0.007335522504254389,0.6518356114520165
76749,2.079033970195163,0.6304453633114063,-0.5526321911691587,-0.16449918850624454
19309,0.7149056392669901,0.04157178667533937,-0.6789270819452491,0.3880538637125697
31549,0.407003445621141,0.8462696889697107,-0.13333539748300913,-0.9346445305738027
48789,-1.1789435000929036,-0.8817430871997284,1.3467327602581174,-0.04126305158844575
52949,0.09788131726140543,1.9136543176592875,0.6423364917129682,-0.24543502746817084
16669,-1.3244944799999192,0.11713935756710588,-2.119913045418682,1.099257042316856
68469,0.2989945810378694,-0.8771190223133392,0.8636830038582549,0.5527988002287121
20829,-0.31783223835096663,1.4798218809035082,-0.6992884572559923,-0.5295043707244267
65429,-0.09855090650793806,-2.284029851366657,0.2567495973655715,-1.1682180365774772
29149,-0.02733077940227779,-0.09531899623932853,2.2537572868587867,-0.8170608957614535
16509,-0.40351921896061543,-0.20440903416801637,-0.07805327225673647,0.22164482947339464
66429,0.6715003345413553,-1.181295420206043,-0.46895955990955607,-0.2657432837166177
37469,-1.3994772782374756,1.6459999041977134,0.12892123749768578,-1.240467035431702
149,-1.734448838885708,0.871558392375407,-0.9233165360175073,-0.933580756382073
41629,-0.6370427685917618,-0.9581387818989567,-0.5973823303709284,0.46381628600781133
5349,0.5658825316701898,2.128887642761249,0.27521472054117585,-1.2690568927096584
76589,0.26627290585756513,-0.9675161843022432,0.6810817774166974,-0.14395724994203424
64389,0.7622194217925209,-2.6477902543121488,0.25326537239380215,-1.950851627920418
54109,-1.0324160191370026,-1.0145206041891928,-0.33008313430099634,1.5610539311878764
13669,1.4395905140249097,0.12984166680081355,-1.4257569240415897,-1.9928165240111755
36109,-0.5506314979627667,-1.0653575927551275,-0.008774435824604672,1.0904284038016
52109,0.9301163391640057,-0.5643084819774652,-0.1970243054833012,0.2139241810749121
70749,1.3905749020358438,2.4485171981492453,-0.08344552405765596,-1.0162531699235258
14829,-0.046993503713617615,-0.14878803982766836,0.26928241351237514,-1.2477818735247734
60469,0.6972472322685528,-1.7139390878575411,-0.04546559945886216,1.1289622009992153
15909,-1.227710349158094,-0.831613730625461,0.013057232816359857,-0.48161613336871545
34349,-0.0858791642426849,1.1691634049091955,0.6494392033034522,-0.9274720317705579
39829,0.009377301691743606,-0.4618313534530587,-0.3391080194358229,-0.5077610562098732
6509,1.1972260840916562,-0.886874518913893,-1.6126537160306813,0.47123643680088034
48029,1.2025548446241194,0.28765585880181976,-0.3893647268699062,0.6076040472790359
49989,0.07816607621398038,1.555903353527493,0.43134828117035945,0.02867852889153001
6669,-0.8480898232927818,-0.8636961286994184,-0.832269775094816,0.4172925622358777
76709,-2.0367144970318587,0.5158753616922302,0.7399330897045984,0.24133446626435442
74669,-0.4819363806597643,-0.73742769073199,1.1773954123228014,1.1211926211266903
28829,0.3367409751741604,-1.973401813773086,1.6786567142527147,-1.3144631371405915
24309,0.11821513783612575,0.6579811686191313,-1.386201528170819,1.454419447089731
31669,1.160479189760688,-0.7559224995919545,0.5404623759317002,0.5736845653189172
73069,1.3643384351162495,-1.294995372061269,0.8598820059521101,0.37513818963829776
509,1.5168005655364112,-0.7354475537413686,-0.6532907739004046,0.9004093702220007
19389,-0.7890115459669017,1.1996232076640352,1.1344945962332493,-0.32478396732273196
53749,0.43746903539111187,0.24266454145862534,0.9249560825214044,-0.6252365783672169
57589,1.7304339716936192,-0.604367708783188,-0.4183451447041927,-0.6308317294616553
7109,-1.117652925577322,0.6376522866675831,-0.8772514371686382,-0.03838017786649638
65909,-1.1211140849992434,0.49263154928868436,0.5851918585606019,-0.7259096177282123
70069,-0.4016315382578441,-1.2402851389736926,-1.2066314968341993,-0.5435393528774587
74229,1.495756888371096,-0.317248381870478,1.060111004934597,1.329240880802363
5069,1.8595621284568014,-1.9474649362764633,-0.734137705403035,1.0675021029822611
46229,-0.5401294104465089,0.2443801281151375,0.5482389995182999,-0.030205420857727483
68429,-0.44719417023951,0.19875595011174885,-0.39928709730639944,1.2931922670807183
1669,0.64368774137186,-1.5747236306068995,0.20139287817260762,-1.4821874277214537
43989,-0.024239416447546416,0.039753548282890634,-0.9058621731762071,-0.6173917605086555
14149,0.10289524907956549,-0.45568867260091117,-1.179240754833906,0.21672846611983668
58749,0.4309988365726187,0.7026123449506597,-1.3222195731049868,0.634927028093419
8749,-0.7064990167556839,-1.1371089274525863,-0.7840572611468671,-1.6673984429140507
71229,-0.07584482824338769,-0.3756475408301909,0.6187715732616222,0.5791830211606805
30789,0.8130756982114288,0.31541594563536124,1.0123592009447486,0.6752306537724695
67749,0.09630905727707313,-1.6358886294854316,0.22191012983536207,0.15095658498833625
34949,-1.3355042791429783,0.19187999761616142,0.11313035927130662,-2.3653957875171496
39109,1.5892427502530566,-0.27764049207673036,-0.5219866571006908,-0.4802244813373269
43269,1.456242846682137,-1.1310373638539364,1.4840672244012045,1.5198758936536294
39909,-1.6721342157392904,1.3962888319289803,-1.0309109716541531,-0.00563246871054229
51589,-0.6151002327253766,1.1042492336111356,0.5653615793386095,0.33537871367704697
55749,0.4572791345671632,-0.7150209155544032,-0.8305272125570928,-0.16597899280512027
19469,1.5170999844084618,-0.04720092605356646,0.8744820007176064,0.6418155353071123
58349,1.3818222422885051,-0.05561981380307628,-0.5484479423106561,-1.0402043685615807
31229,-1.1010782056924824,0.9793026292684844,-0.11578009654189422,0.34479622472938426
68229,-0.8675126184441209,-1.5634835111021241,-1.410824578529623,-0.7762998870640905
31949,0.5849352590550279,-0.7612060792285932,-0.6564200253212507,1.4961148068350016
76549,0.8687312942011003,-0.23146703118731482,-0.5258924008819943,-0.3082514599202084
15349,-0.28937563779552894,0.8253340599939366,1.1637640009400192,-0.18162139954864287
44429,1.0991144935369765,0.24907210268380742,0.303762910654595,1.0901122545278834
48589,1.8832980571514162,0.531043024798402,1.3055719872139422,1.5725888941193147
12309,-0.25738813915727987,-0.5073194708928006,-0.5381228939024587,0.1381215890754639
3069,1.8347125052961293,0.4957281779791397,-0.8407798542757832,-0.6005800272104771
56149,-1.235063218150071,0.06159533114403283,-0.33914278126301406,1.5192517703629767
20629,0.8345753973660871,1.4141407733395885,-0.447208940335128,-0.7114779954560888
49189,1.281855083248553,0.970059546629465,-1.6807476586124583,-0.8500427254711513
67629,0.11290922764259202,0.22439456222595675,-0.03421190640146591,0.9476996553743239
72709,0.7821359932491893,0.7813702674491285,-1.3469100455233403,-1.1952644203501392
15269,1.4747770707724577,-2.0516677975490256,-0.4724312432478966,-0.012359235499932737
37269,0.14655935149199611,2.1644772970822883,0.5526734477144828,0.5639162420466038
41429,0.6812628559142887,-0.42579760625476054,0.22547679186397213,-1.1664950383821682
70669,0.12295525934763508,0.7644333948817185,-0.08658497303369223,-0.867461792534723
55469,0.9667286751754045,0.3247753415325434,-0.210043463886115,1.1444547471217097
53909,-0.6199466975533416,0.3743443732699641,-0.021158463581336263,-1.4773571000920296
62229,-0.10982672430035237,-0.11924228160318216,0.6370611550209224,0.8349214511238526
17429,-1.7321709260270288,-0.7006455515761998,1.001619758145926,0.8767667508597041
66389,0.23796340523143775,-1.5640745262643794,-0.5237620516102859,-0.5703928753844039
46109,-0.3204199005793405,-0.7130262249711798,-1.212399613825467,0.032104117628829136
65029,-0.40492523394822943,0.16509958884556322,0.08633590061616615,-0.8263230739536056
52749,1.5310711368485717,0.8017153315326627,-1.5055621780486694,0.1819625456610246
6309,0.40426882690290805,-0.46872371960507964,-2.1391618250027356,-1.2518078140932907
50909,1.466205962930587,-0.595355985232588,1.4251448418350008,0.675524374864891
1589,-0.25365783027899746,0.8639793122100813,0.2475362951511168,0.6872728644794345
14269,-1.4164294522115952,0.45279771585226425,1.282257810522102,0.08224257582705911
33829,-0.6970373984807301,-0.17052301448915141,-1.136063741092676,0.3575295440485877
22949,0.3571151038286881,1.774091436298067,-0.6836753576075483,0.7607345355859012
27109,0.09815500625504003,-0.9173551004368086,0.6707201158254428,-1.0864448657828458
30269,-2.6019517590708143,0.7331870822328007,-1.5335630511432905,-0.986064966450585
1069,0.9558934137622156,-1.3310087218066782,-0.7443695048349871,-0.4981103839356712
33629,-0.2707465707778963,0.15123614811849093,0.0007137323717674345,-0.8852732180346926
5749,0.24994711416529136,1.2682302837025214,1.3939804799230786,0.46288757955617765
43749,0.4410856351954751,0.26995288531642975,-0.43313765527449816,1.3627705885317778
9269,1.0260453655442245,1.5269676350515942,0.5745739319726733,1.1798335931377693
56229,-0.2137747003019845,0.8575430356678387,-0.7932880681962254,-1.6307210186454766
19949,-0.6741616821855909,0.6252873709575665,0.21674875938900018,-1.3795812155197373
48189,0.21467249347277692,0.6104693432014814,-0.08395797032233566,-1.1673843530099797
56309,-0.5101730630151975,-0.6541702954980906,1.0748731221389791,-0.6408230025940683
53429,0.18303383475397503,1.2314711812149293,-0.05529695627490238,1.4257729675792405
32429,-0.0880088385443701,1.3669117554063046,0.3732621000500183,-2.2761550334442022
36589,-1.1342175375281496,0.619101705143148,-0.14064111138673913,-0.5221121375514786
66629,0.9155230282834081,-0.7616422587647962,-1.3696305158875053,-1.6846468043585046
44909,1.7311532473240279,-0.1274109602944349,1.2402994378788477,0.2336006693488652
49069,0.969454910243762,1.4168602753092199,-0.5363908429404438,0.8799847300109833
65229,0.5530492772877292,-1.1313557776050533,-0.26191501191522476,-0.2846747100342385
42029,-1.8267366516038592,0.662777916807814,0.35753497464693434,-0.6045153065159109
74829,1.8959037716096863,1.439526777870385,0.9390143995954018,0.14394577800228756
27149,-2.2348817252922863,1.2725683087068722,1.3120790990399167,-0.6706290183051167
1109,-1.2767466477090452,0.3388523047924688,-0.04220654344441686,1.1757029283701008
27749,1.6548612781322503,-0.3632058868527328,0.44756461837950823,-0.46411599875865617
69389,1.932448532368766,1.2278726387263839,1.459420131497299,-0.22014003444481975
41909,0.5854426277073391,2.025174496006286,-0.1522563107940303,-0.5286475873890789
46069,0.5015965379604099,-1.3252346416204888,0.07288266027848372,0.19060456589405717
50269,0.5209946732984088,1.3129205649255271,1.316902569286678,-1.6957012343691882
21349,-0.4001053651118455,1.5470312190066373,0.12428711800562689,0.40078682745721533
62709,-0.2845392987516547,0.169029339794734,-0.147980686709718,0.8743712318193992
71669,1.088801487533971,0.4902440391513648,-0.3164456931490483,1.5299750288871004
37989,0.6090594689053479,1.464899293945893,-0.48148323637683615,0.34303058592348384
43829,1.266691443918295,-0.2579476430319002,-0.3288265728243982,0.1911313991902309
30589,-1.45638867853622,2.109783537077582,-1.4153778469024267,1.8246263802519596
75189,0.797064322215216,-0.23555427796547174,2.360852824851207,-1.6747162008669088
5229,-0.12801752306217937,0.4177675536321096,-0.16160966386251321,-0.4358834453947385
10429,-1.0037887326373922,-0.3068989620737843,-0.9726490235542461,0.38780368341208094
62269,2.4240580585231952,-0.7906684460243149,-1.5747915280900397,0.8978932883656582
10949,1.1796878491298868,-0.5533026383825493,-0.022984450817338943,-1.5332102516700479
25149,-0.09376092667260598,-0.8848470762220838,-0.6260654837723285,-1.9390124577332395
64629,-0.019776850920178855,0.09643177816566335,-0.25933033309260844,-2.652493264346559
26549,-0.24507381918530932,1.0119868829247118,-2.0121148268167044,-0.048058088663902855
23429,-1.6886211172463645,0.24195784403192536,0.3805989746525809,-0.04735732504076011
21789,0.4765461392731215,-0.6326952710794201,1.1999179632864712,-0.4912694447680043
1149,-0.6508415902842855,-1.3108823491189279,0.0856968473394086,0.7681708521305449
76309,0.05988383671358102,-0.3885869778502831,0.9012426017079792,0.8948068503768523
40069,0.031220648389511736,-0.5251678395452811,-0.36426103463246107,1.7118230487855417
3789,-0.09914040562112478,0.235448717090011,-0.15611346993247446,-1.138271840631615
48389,-0.8831485414076206,-0.81473108691489,0.7408334870249077,-0.870187389188462
19589,0.083396822902967,0.8601280144654609,0.10580722369167385,-0.480448553352212
52549,0.9737815433348637,0.8612140977557623,-0.18421691934489934,0.7809155735216854
16269,1.0524503204721523,-1.1944443183830336,0.8441803555516436,0.4135859427711696
24589,1.4820832192031408,-0.9323644686032064,1.341344645732298,1.3436425047836174
27789,0.8080530284363179,-0.21052530680427547,-1.3594999116975675,-0.36153523725725045
39789,0.7970696746634862,1.2427810296969661,-0.6251036510131064,-1.396972746610511
73349,0.6929043111671817,1.9635883067050701,0.12928242924992395,-0.3272616591226445
56469,-1.2985530036123458,0.17863997608397922,0.6159833471810614,0.23282219789622075
53309,-1.4628295466212513,-0.19517206769634168,-0.18161287872211643,-0.43674614409979545
53709,-1.1477596340445881,-0.16144216650740015,1.7004520690436806,-0.8598055708958059
57869,-1.1426026424427271,-0.09309859351042149,1.6667588964568252,-0.6610997008144343
74909,0.2085755180082508,-1.0565230139609127,1.8933346567784646,-0.00024053895694737097
62029,0.07973060198923876,0.2530132731105735,0.8707740708199183,0.8551367972320781
28869,-0.5534717112199515,-0.6244937113572073,0.5574526838569056,0.5071870925180851
66189,-0.6982421229077586,0.4399915422835684,-0.8384974509242592,0.4309171085763921
72149,0.29636471198967723,-0.48546701171238704,0.9704415720388895,-0.8100468694733622
70349,-1.9693316294572154,-0.4290585278408946,0.8949644386522531,-1.0811861201113355
34069,0.2511110233789864,-0.49828654472702644,0.3293950945222943,-0.8958889853134223
1189,-1.5325273288272852,0.5315779932550715,-0.16749659019856555,-0.11257449663336033
42389,-0.2725983970467765,1.7823897441339551,0.4364366344197045,-0.29263909408081723
44309,1.3470122890094873,-0.757112195201222,-0.6670159367698435,2.2567509594718906
10269,-0.6402385559947238,-0.3947606802058958,0.32909066214536786,1.3264084771645304
60589,-1.7948649860100152,0.19868366094232975,1.5877035180735215,0.15127882615521887
14429,-1.1178807802446042,-0.31905247479866117,0.29803963785400156,-0.08166801706179673
38429,1.5521183052431862,0.5458392213661157,-0.4964118575475377,-0.5070412209645504
59029,-2.160549129559734,0.16002175754426184,-1.5554780898533431,1.038507957409294
22749,-0.8506610353633572,-0.400290994553138,0.10706335446567604,1.1042101064833474
26909,0.6943582037430329,0.30055777094661223,0.17849964071709912,1.1649503944820003
38069,-0.00520084854201062,-0.756029674858982,0.10324336128869138,0.5708559185367228
31069,-0.2715931525429455,-0.4849266378607661,-0.4820191469412045,0.18602132283038372
53229,0.8262774588920607,0.2661610742575016,0.1824550644419681,-0.9783268123526938
75669,-0.8906143760671289,1.2481345451459107,-0.36934476658877496,-0.3692812404955528
39389,-0.3590573314767693,0.6053020744126257,0.45560213912067243,-0.8856585775964069
75309,-1.502258722467922,0.6585272966306716,-0.2471259723682836,-0.20813893785547263
3109,0.6413525065040044,-0.34200361856872197,1.5133852138078332,1.0571808020941875
47709,-0.21981628264207909,-0.24202119246850648,0.08539327072348335,0.28442614167325003
27509,-0.09146682175024645,-1.2622716880476377,0.610850864431344,0.6733612014393272
51869,-1.6225714322565346,0.5935103006405157,-0.10805509975721803,-2.290672151171885
11429,0.6955617510429551,-1.3454066955065902,-1.1559445435604145,0.44434036805943505
56029,0.7751753653942817,-1.8585642969955571,0.6189313286349103,0.3950784007986848
15589,0.10270598018091345,-0.5991583809727987,0.8448586452403144,0.9321701521794654
74949,0.5852400852718196,-0.3608324905451624,-0.8254857800584305,0.3649313609909555
23909,0.7947656384014972,1.4253182852708133,0.3968847882937598,-1.1656932708481291
68509,1.1802350885408397,0.7088083686746451,1.6313824716744543,1.1149651583520275
72669,-1.4810116768968384,0.6603641573740267,-2.057170264634254,-1.179688625403246
76829,0.5628474129903913,1.0481210471251456,0.609537331088857,-0.8405955788279456
1229,-1.0293653350462533,-0.19077436280109947,-0.21184229077322297,-0.04158106610811868
46749,-0.3941533291722316,0.604376989039638,0.6988605184132664,-0.47945180226352335
67789,-0.005087495173654677,0.9718290646424325,-0.69720033025227,-1.1754390959230974
60629,-1.1884175889290118,-1.4142669826454919,0.0884209471065236,1.6702900796472273
41989,-0.38390506339789227,1.2634796165541045,0.9718546762215331,0.19751841703387565
61349,-0.27343358366536874,-0.32543891153153026,0.7881987618203584,0.24709513775907183
25069,0.9793691397094307,-1.1911682557324677,-1.0032070229698726,-0.7361715416609146
17629,2.04663149230786,0.3134126150640569,-1.3735095987848007,0.2390366008980601
51749,0.02014149633365272,0.7531829373431105,0.4184745158280254,0.13342407835890516
37549,-0.7624019853279174,0.3542524593952227,0.4379918109972109,-1.4149047007954652
41709,-0.6564554880102214,2.4531635236962352,0.4185347773544021,1.177761172194779
66789,-0.812753780812429,0.8486026711874772,-1.286989464897919,1.2563607787411326
50029,-1.5895014277016293,0.8107735710018036,0.7652212201924119,1.1024097692037818
54189,-0.022178189661661987,1.5003927485456081,-0.8400505463931957,-0.06651057033765742
31869,1.7695395767901856,-1.324054644745541,0.13597507086909116,-0.34375330832629636
74989,0.2533495752367207,-0.9777566820159899,-1.248019134585249,1.443858110587923
76669,-0.7898213081593822,-1.1035699262566356,-0.29317624552467886,-0.6015441914930469
34549,0.7348875300341061,-0.6897818573703592,0.5751639079085864,1.1816410660145606
21749,0.2991926749093009,-1.1457288891676705,-1.3366012013844641,0.6240716754397038
2429,0.5910331055053251,0.57505641523758,1.5970781105332656,-0.656604975016649
51189,-0.4868904861831944,-0.05770819932644877,-1.6295585075368701,-1.1420444532728085
50429,0.13768257426473157,-1.84168481386912,0.6007585740348007,0.5228304226591423
4309,-0.1556364345460188,0.5000602677029196,-0.767246594539318,0.539370981812051
12069,-0.3252536531110138,-1.8615669949539813,0.4225001817297395,-0.15715261291004098
23229,0.7727487981071642,-0.9824103566548931,0.14351137180501794,0.22715140031793768
3309,-0.4866853505494502,3.334411315005523,2.1381912964695546,-0.2502539946657348
68149,0.003031669259391088,-0.777023082293264,-0.39297807615677577,-0.19810662415558083
38149,0.2650386461796538,1.7093856325275043,0.2875535327493525,1.3860488803598021
76149,2.03489066767837,1.792036999886647,-0.8242226395568983,-1.1715159919767242
39869,1.2433333801583624,0.7002407219975013,0.2283791282997138,1.3832773274253078
44029,0.5895669094796073,-1.1645990448473833,-0.6324142456260978,0.3968018844305409
77069,1.2733652290196413,1.1359111823977637,-0.17373094402970077,0.5178026417993322
18989,-1.6165984993274658,-1.7403507295737466,0.7405185762898286,0.38583219486695447
11909,0.28678255648422474,-1.2121724212634053,1.1714694939922605,0.5935600129982119
56509,0.0126899961636256,0.41206781825665445,-1.302367780074962,-0.17974761420397248
72309,-0.5735055368123015,-1.057332607310234,-0.5317214280866059,1.6190682825226532
25909,1.1021753499614464,0.10749666921590546,1.5879160005598738,-0.23995740057131557
64789,0.06079183630605067,0.5452846637325677,0.4337785262784441,0.2804328285341186
24389,0.3574473750677735,1.3698335176920198,0.4898495184953896,0.32322579174021837
68989,-0.9639757385652145,0.8824279455751097,-0.6747267572413351,0.31375737262357206
28549,-1.0508300344120005,0.018439271756764325,0.38887284449405213,-0.6714339125929994
77309,0.19737969072076564,-2.2154253662093732,-0.9696210055841341,-0.5041694317505827
72989,0.04175124168897647,0.1803826391150505,1.034050667006871,0.30945347902647197
589,1.2433880389309404,1.1935996015578016,1.7375754410213686,0.055760269597137424
54149,-1.2198680040618353,0.04771809412917206,-2.1125867915645,1.1302028298695603
45189,1.203771137074185,-0.0005110356857140742,-0.19120180851440519,-1.215010319610716
8909,-1.0274224892182273,0.41813207658746565,-0.1769927788861472,0.386863938442111
51909,-2.8323488776585295,0.9367027528067605,0.7670506356207448,-0.5331145333519076
53509,-0.2849757816327511,-0.27244766648871044,0.10619994225997778,-0.6163374164900235
60709,1.3397890800124557,-1.2227738406186432,0.6994841362505178,-0.005684603553963175
21389,0.7426554384171784,0.8460754117826235,0.8211968467215908,-1.1508352562021325
66949,1.1932156594246761,-0.12706167990759187,-0.6060916300564779,-1.7716346668745533
70149,1.199761595335766,1.6975730395405657,-0.858215845762468,0.8270993451118929
58669,-0.7384613735711005,-0.652984677815397,1.0916799729309983,-0.9824576393266301
33869,2.7207704301394307,-0.3611444012184442,-0.051982123766570104,-0.46713131174272104
73949,-0.5798273251892213,-0.2002171092562727,2.2501715028571585,-0.25183878110119673
42189,0.4461824278636495,0.31962053599801854,0.33068574069706314,0.5363946523112644
5909,0.8166356147223464,-0.5379090735614591,0.7136197264553313,-0.4504315321767329
36149,-0.7553799280714688,0.6359411954853694,-0.6735040032312283,0.1026853181948247
14229,0.4997850290771494,0.5572362604255316,0.8586451753551417,-0.06487117307390786
66349,-1.1820449845274623,0.23858965716772332,-0.046421693304933835,-1.466451096523304
62989,0.8629424025979373,0.6458189884976323,-0.14028008044080476,0.25819388930070686
44349,0.2070637814111741,-0.352865979114136,0.7031267072839675,0.061321869401952014
26709,-0.3105325425473842,2.3618862074935403,0.6902697654682575,0.6349109426085544
27189,0.20606059566474486,-0.13281662406500092,-2.014897027926561,-1.783402763890918
71309,1.5423196155665255,-1.2948363090914212,0.3251539820238376,1.225676189157311
35029,0.1900435146068317,-1.4679834452762408,0.86979256559873,-0.24770273883553506
39189,-0.5402470010479219,-1.4733530789317202,0.2664869939957573,-1.7137687945925602
32069,0.46155624321941735,-0.2140050644070095,0.4907555157327392,-2.014684479674551
43349,-0.08496809482174819,0.8634546876598657,1.227298414224625,0.48992796101136993
47509,0.3652173116308971,-0.4451896270247131,-0.17812367598834364,0.8010556754945009
42549,1.2568532541841815,0.08821593585722041,-1.1147833807686156,-0.38887563949069015
40269,1.651723984381933,0.3261271541002038,-0.17125644178159188,2.080154335702752
14589,-0.4257809343781536,0.18459687073209488,0.9337700464939804,1.8153337838090289
6029,1.8934321232523224,1.6240029414541568,2.3055215331820995,-0.3416617336136156
64149,0.18550273953984894,-2.1676648811187524,0.8260787446207842,-0.8958782731598952
27869,-0.2202579663967453,2.8637087056535853,0.9095878666801457,2.0680941976001836
68949,0.4084077232557022,-0.031231105434099425,0.8897774871275033,1.386835184911297
76629,1.1545461372678074,1.019272463600021,0.8120849332086728,0.12568162112367057
28269,0.5109189131919236,-0.27052743916417105,0.14928930164973156,1.0030655490376923
40349,-0.11796400989135983,1.0367990081602623,-0.5491462254851136,-0.48018669108738116
309,-2.1373335288221935,1.2080825269056013,0.40328389645024265,-0.5902549168701637
65149,0.010148915579725729,-0.34168760315139596,-0.3187476483582343,-0.8201858781790192
15709,-1.4787244576341418,-3.4739524018650645,1.2513061464705364,0.8119023441373858
52829,-0.12521587348037072,-0.7395641998079354,-0.0039123479935611475,-0.29686307562079256
71909,0.3265051673310693,-0.45123205329310556,0.7542710348822429,0.4213237058793837
61149,-0.5295515271722558,-0.347107628385586,-0.6635288687212154,0.8724266393953263
65309,0.5666792788100232,-0.05623969399898128,-0.36595343373716877,-1.1656211228504756
44389,1.5373414420958007,-0.29951791805303524,-0.3886249033461038,0.033841827008110746
62829,-0.8585855853447029,-0.5587540913473716,0.8987763844251034,-0.9090056665947016
45629,-0.7365492835631646,0.35355694171707164,0.3570517725332821,0.38627735651293654
64549,-0.6107526609229927,-0.7835900782430678,1.3576999196084525,-1.797180381869096
53989,-0.08217979862556495,-0.4591010328352462,-0.33171154681652393,0.9345924229899102
71029,-0.6825274487806161,0.5090307769554918,0.18715794946898706,-0.020248371537813024
3869,0.12424349103965282,-1.3620551252019906,1.5316883663254859,-0.5580908232108417
66469,0.04482551704166541,-0.044354004676298686,0.3798727739410306,0.717304139074647
48509,1.6935967371438037,1.5869217252945884,0.3869948142808554,0.8042114582720705
3989,0.3378438039236983,0.5347984900912323,-0.38018284976145184,-0.7780211271120994
42669,-0.9267778278948051,0.6568575011348003,1.3830606980617373,0.8213227063459249
46829,1.1824867789645064,0.2943796700475593,0.3880629027844135,-0.39968127000891185
25989,-0.6986594153962793,0.7596705898297613,-0.04389519411512726,0.5428971675936668
14709,0.3177807126686209,1.0312953965716714,-0.5692902398237382,0.1131165212841777
18869,-1.4913233490481852,1.0449613886401945,-1.339021736208841,-0.14621250973933966
32509,1.863933904666489,-0.5671679330003693,-0.7513435420677348,0.10502817192914302
34189,0.1066911774143015,0.47773735381588645,0.09587406137635877,-0.19295025580559827
69869,0.7475928696509379,0.21248277110864044,3.0732924688059207,0.007294222834668655
75949,1.1201144001613395,0.2399444562393698,2.115431568509402,-1.655622864266589
16949,-1.5480782371984754,0.1997008681286301,1.0974938283182827,-0.5586336051534321
39669,-0.7835873033969094,-0.7264626179001842,0.6556319835643324,0.15344015461830868
12189,1.1512119782443717,-0.4988764047183364,-0.38626266604766873,-0.9380279871075239
21909,-0.6695066442269804,-0.5774616994904964,0.5759550772314862,1.383301591481892
47989,-1.1401533031637954,0.09259040862993874,-0.631105707361737,0.4502134707362148
11709,-0.08471266836433848,0.48624731992769493,0.8483596341351601,-0.37590476968784653
15869,1.0961372624605272,0.1724122053773466,-1.6908186480519485,0.1341343034916369
19869,0.8233831375320091,0.6449751860420857,1.8615737472760885,0.09347205032073529
2669,-0.598951793355616,0.28038997118711856,0.15125811464779518,1.7982775756428886
53829,-0.2676945676421465,-0.3388160590953707,-0.5431403520465131,-0.8084423868834278
21109,0.1337197072378525,-0.7838004802413225,0.7833595629295628,-0.93289525894198
39549,-0.70056300999115,-0.6612358103198177,0.27222253556307735,2.0899905432192196
72949,-0.9383520362650549,0.09847903184015055,-1.9467218521476686,0.16333719316181405
28069,-0.4421239764035786,1.0250940308235348,1.5900962409611352,0.3908067571631171
389,-0.22023860441800003,-0.3010710377290066,-0.0005306289799206238,0.26958373715735595
4549,0.013306205054163746,-0.49715080430456215,0.839493639271244,-0.5004982363669759
49149,1.576900495983597,0.8862739874915139,0.006862786576321327,-0.03388027889202142
5549,0.02620629334675917,-1.1713782069155079,0.2345656632892093,-0.8898627941554844
48469,2.425010817629481,-0.6711754790237248,1.1201937913716613,-0.5082507761826093
58269,0.18610147316181502,0.5560030315500303,-1.42323339915959,0.6477787106123251
17029,1.954465030022751,1.7034948727034158,0.08668562212929519,-1.415244969389758
61629,-0.4000027372578269,0.08753897169946495,-0.07417409680814588,0.2986966565374215
3509,-0.599089927118772,1.1398641794984952,-1.5334398480813485,1.1270889119772696
29509,-0.17670210422420943,1.3792416461210528,-1.0592917044526347,0.7603044479297186
74109,0.38569620688280315,0.002182557448780019,0.8436738445959214,0.8179656952781383
33669,1.624716869338065,0.8289615406216432,-0.4572816475918519,-0.2877117984492354
57389,0.9213774816240288,-0.767765850244243,-1.9757772272788423,-0.8999743193341897
1549,-0.628676655235493,-0.09943053965831535,-1.6193956624216197,0.6720925354506496
1469,-1.3390082193272927,-0.692712705658713,-1.5283599600638027,-1.067194114185534
5709,-1.3505657173281016,0.19274671799991833,0.07872071840936495,1.1143466036398009
67829,-0.0964311223500174,-0.08667702427487535,0.20668278534327916,-0.49984840526712704
50309,-0.8788789166998255,-2.121925516460291,-0.37978228363109007,-1.0431971139353844
14029,0.7712848009594714,-0.16209448314337366,-0.30493995130858903,-0.8138521338531068
18189,-0.3341442369421675,0.18745385434304904,-1.3775502980396044,0.3689880623783425
30149,0.9768779008396933,-0.057708155125895326,-0.8565642385448088,0.29502338528437216
22349,0.5867184952029945,1.0091402800811295,-0.790903171796482,-0.4801764026710417
61549,-1.9695485710970893,-1.3276579516642044,0.6012645917535919,1.3147494654626837
33589,0.06687513031314371,0.0915580729911173,-0.2866507213632831,0.9369593405601683
34829,-0.5444799377914611,1.1372070025571737,0.2695629234266653,-0.6726789744589002
69069,0.6955686156729571,-2.2625778934182255,0.600719813576966,1.4676046210466003
51789,0.8134499449418067,-0.6507320236315062,-0.8969478727340348,0.9076522978624226
43149,-1.4885568322301868,-0.9270566973647423,-0.05949887035617672,-0.07447998721603795
62509,-1.1380799610928631,-0.14507302785118312,0.7449898887160877,1.549367882537461
36669,0.3922789433343997,-0.32062956376445406,0.16890106211350675,-0.6480372415776857
51469,-2.479540717293416,1.574047141316964,-1.6447740497681504,0.4234477171459853
15829,-0.39135914440498637,-1.1956696821591664,1.7165662852493762,1.1874680409016056
15189,-0.11996839828430035,2.1982482027014862,0.7522672035063117,0.2473230648568377
59789,-0.6646779341900588,-0.9585389925290596,-1.7620607842083535,1.0355834813722677
23509,-0.07334346178866806,-0.46674124744956574,-0.556915328697447,1.229315211733589
3549,1.075172749749705,1.5270044113339847,2.7003414427919896,0.20991396793437267
72269,-0.3544160888259623,-2.447746525761615,-1.21760643834507,-0.3709811312076001
51109,-0.2469004681133415,-0.14911834583951816,1.0252805477237767,-1.0678862457874163
35989,-0.2620095062335784,-0.549810418341642,1.3607361505303899,-0.3571577819807531
40149,0.04968084448874893,0.3719283583534606,-0.290587926518497,0.05602760451846041
46669,0.5387269625737376,1.8741468919762936,0.025224622787227917,0.4391923392566622
52709,-0.8036778814104922,-0.4733812869508324,-0.8285735256453863,-1.5420470370252632
8029,-0.20522387537144737,-2.00065180968304,-1.2852883099160277,1.4360877382956088
52629,0.6028016553917173,0.20830802488838288,0.057913102523144924,1.0789380205399337
9709,-1.4206344069032868,0.7940726281333165,-1.5765732220022826,1.0641168092533273
24669,0.7333891418779451,-1.130324706674449,-0.4703744445195883,-0.4028955856501946
55549,0.6810437440138788,0.45243029782429683,-0.9580720497129295,0.8399828344868128
55589,2.1009141576132837,-0.5131318463155726,-1.2130324160754196,-0.734204049544334
4829,1.8080422085520442,-0.02579572845487072,0.353254170254939,-0.3547370705234159
69269,-0.08678953992553226,1.5025523553408298,-1.3679059814383936,-0.7978651184919595
58869,-1.0745466992936417,-0.26072980407012697,1.4755773185629306,-1.3806325668102273
41309,0.3963853588287347,-0.25272863836803927,-0.26285783845368105,-1.1312249975517856
869,-0.6938898337777822,-1.091828098688779,0.8148115733299488,1.120679070786702
45469,-1.4488865156347124,-0.22871971418149037,-0.07934472951775727,0.7877624549971066
72829,-0.33230588310030995,0.4507779802737109,-0.04607850059752385,-0.5211897383191686
49629,-0.7646726099444598,1.7460382309460725,0.5011230598701926,0.8719236630640045
9189,0.6829151231443067,1.1823673758200468,-0.23507757525171685,-0.7974000937505304
13349,0.30620864581928453,-0.8974392920143668,-0.6558737031436037,1.0940991852207842
5629,-1.0220701483645478,-0.9065772202442189,2.4970961270015013,0.1521270167899164
39509,0.7345611010151903,-0.1287492115151551,0.1938177507627148,0.1868001594460039
62109,0.5262478396693739,-0.36217052394746196,1.40446773734216,0.8878464631491683
31789,1.2765717533198515,-0.2008105975644481,0.9895514529878987,-1.6587385805727142
66269,1.392404509847511,0.1548857157217893,-0.12760339736519288,-0.7993878389913553
50229,0.404440293042432,0.1089424524503749,-1.0526831915413595,0.734609273129685
70429,0.5210660994780454,-1.5642646020156812,1.0514218107203666,-0.7404722268555187
34309,-0.5073663525465288,1.586174764352629,0.3494296437223547,0.0001354032057494462
34149,-0.622702024462534,0.7648647550303072,0.7966552178748573,0.7446080278962057
38309,1.0857391266063232,-0.10260135446915712,1.3240261935426658,0.5044755162845208
42509,-0.31348830480076006,0.43239219369311094,-0.7301275086597113,0.1033127255946484
2989,1.5739844226706807,-1.464875115503711,-1.144926612488216,1.318460344714549
14509,-0.27881511147438287,-0.20089233368854942,1.276583752248973,0.18960739930331166
59109,0.8262584938503718,-0.5994459955315451,-0.007676337038789849,1.7168380987112266
30229,-1.0934238481705252,0.3902621751646183,-1.9778815368879272,-0.08975344638674887
26989,1.0170528339912133,0.06893550277284846,-0.3037494635842551,0.009815554280793759
31149,-0.502607883099573,-0.7905133269297453,-1.0425417113192224,0.6540930965505347
75749,0.9586054163803851,0.1326502827701638,-0.4010525076294321,0.7555433480637007
7709,-0.42987291393453386,1.3113151644551146,-0.2140689359676667,-1.0980064132568932
33029,-0.5814898999784822,-0.6053720210688128,-0.4340658165623251,-0.12889623042475465
7349,-0.2654602449350756,0.4420408394109021,-0.7396746710227261,-0.7863148374801933
7389,0.26185049633161994,0.11193110767518108,0.3515947172728783,0.3958334292785479
36389,-0.4171116697139479,-0.8676945542839688,-0.26236733950700464,-0.9379966085530482
60269,-0.5289799980949348,0.16655990826702474,0.2628952379888025,-0.30888736935025424
49029,-2.068842481422017,-0.10863076940437032,0.6644676533374542,-0.26602660131939265
23989,-1.2010951024633292,0.393377002694704,0.9127078922273228,1.2993240900025484
28149,1.6482344254459793,1.0978611501434328,0.27754900537650135,-1.0474118117188733
24109,1.046207672661185,-0.06551706388453796,-1.0116158864821974,-1.1840468084555356
6749,0.12744358582958196,-0.6864763538923073,0.9153014597461039,1.7720715868729153
4349,-1.0553051889497707,-0.5014594888614183,-0.9202986003513205,0.8050842449941057
52789,0.8441678844996138,0.847716420263956,0.2931019297155566,0.450793591680351
12669,-0.4250301457257985,-0.17129209861158365,-1.1614698581331668,0.04816755236337537
57269,0.04800857996492788,-0.06226115828220506,0.19858292812751743,-0.6555430472546083
66869,0.4894147171028803,0.3618756464003848,-0.14392399305409276,1.5726199827011909
40509,-0.33668315115745845,-0.27895891800664735,-0.2579265962751358,1.2592132487104195
52149,-0.790780097233788,0.02098592376237561,-0.031272130734391876,0.814373809874843
73909,-1.0603323135156058,-0.636476709560575,-2.8694096024199673,0.8396556460168871
17509,-0.006761752486768797,-0.40149156780948136,-0.7325067782354935,-0.07267985457683501
69189,-0.9675322715701969,-0.5881566144810602,-1.0514858223821966,-0.32330872408400774
24629,0.172046915345938,-1.0420939332601717,0.24869466135172974,-2.44990543180759
54269,0.018507460675195854,0.2599541159068869,0.5918471724670008,-0.7558986367425957
13829,0.883912354929072,-0.4213633010386019,0.05759598553760947,0.5486839612024679
36429,0.24448682547272313,0.5183431695820189,-1.341018415306711,0.8619964736819874
41229,1.23195207594299,0.46361562042156523,-1.3997113698917194,1.3079377946353523
66749,-0.570936533383978,0.2467002851056233,0.8434508106159111,0.018439831456782303
70909,0.6149669334093792,0.7513582850068616,-0.0721547828904317,0.9774184005449928
30469,1.9299138449542503,-0.6207736851564422,0.8448840850869253,0.18037796051209284
65109,-0.4232396449592893,2.076393195956794,-0.6394104980635051,0.4593756976910709
7989,0.2167450695568058,2.1125904950249246,-0.4740209703842859,-0.4041100515032924
54389,-0.8691432167574916,-0.5971666088453669,1.1155176514081095,0.6942542878649014
38789,-1.9150734722743303,-0.9552299878840316,0.14295864086068863,-0.48620815153102653
829,-0.25056452339247826,0.3589180964990166,0.03401920580644985,0.29516159808095865
47109,-1.452259782893688,0.6508321116469161,-0.7682056871453271,1.4432376173641595
1629,-0.39376361176072305,-0.5558935182006485,2.018776079055294,1.8847997395847582
10829,0.19762284443342165,-0.5971501289648359,0.4237820270046081,-0.6561631138514444
9829,0.04359920005122135,-2.6436233591005744,-0.16454896978106703,-1.3139723122128248
14989,0.10012356467059158,-1.4807265905033418,1.724896381704674,1.4017189150025526
59589,1.6152693684054313,-0.3771639613071412,-0.5261922325964946,-0.2748926999710592
63749,1.708623091382833,0.657811395963598,1.089012205394621,-1.5582914628162097
30309,-1.7917135913284572,1.016548766104011,-0.3920992918041724,-0.3689421217722317
32949,0.7592175804504223,0.03868599661802174,-1.135216113839103,-0.17488295067601767
28189,0.6293048076941182,-1.113325362038211,-1.468089104067991,1.7554529720142125
68909,-1.8215465745606871,0.2731408091742343,-1.5983675496180965,-0.5302414724481016
39949,-0.7952453642808333,0.44482597787998973,0.286781058535218,-0.7826892892499941
38509,-0.35031142012790467,0.39167360954736874,0.1645565118414955,-0.39678667140437246
49349,0.8671399595709255,-0.3747820302382822,-0.5798041567434536,0.31525176556129114
4029,-0.09653992967831188,0.23651954393570784,0.5738916065353942,0.43976089403166196
65069,-0.8607381544055079,0.7322700835034013,-1.0853709898528034,-0.5126882796750829
11989,-0.7090232528507273,1.1646275462603037,0.2007282153766303,0.3588536977818735
56589,0.8723072403323969,2.222060588886828,1.3237124642114444,-1.7910729993152468
36469,-0.21075451825567662,-0.4838263975383912,1.4281823432388878,2.2591216714841797
32349,0.8340766025075269,-0.9325678230396123,1.131683744460304,-1.0979351787168532
64909,0.562329602269326,-0.1246604437876879,-0.6810845505655599,-1.156794836983721
73229,-1.0097830986723542,2.162688261573195,-0.03728056802928608,-0.2804639430095595
75389,0.05989456270120536,2.2307089255887833,1.5405027378505516,-1.936537331907811
73309,-0.17259711554905233,0.023556205149991717,0.846523772382598,0.3772485576574418
69909,0.6675579586552306,-0.8857135964878371,1.6118268949026602,-0.1735400066279688
669,-0.042857298015117805,-0.5266511879463437,0.5343004339978998,0.4813538444595289
45269,-0.23018473285732377,0.7924847180096014,-1.52583577067762,0.013744594711046249
49429,-0.48237753108135945,0.4787878693404845,0.9614606962742239,0.4821022712383431
52869,-1.632476324022797,-1.4543796931506863,0.2567368825587075,2.03277557202614
53589,1.1452213916724314,-0.7845718603069459,1.593185409196714,0.7522807913517056
61909,1.4478425915640496,-0.1323440856802912,-0.4595901809798153,-0.3031909355384181
66069,-3.5489883267692868,-1.1875556691179447,0.07890062381950035,0.282702096818548
61069,-1.7925290348414724,-0.3067704667812037,0.9675232095724481,0.012008035717124544
29789,0.28214118784913655,0.665761118099228,0.05256505529335426,-0.47072861312132486
53869,0.5420002404892489,1.057006329480195,-0.1388482154950994,0.1942057743267716
74389,-1.8383248045912601,0.4200719008235474,0.26437003135184234,-1.0280352111756934
38109,-0.6828076861106672,-0.41697456194693067,0.4708736677801425,0.6340497304974247
17469,0.8816661740050982,-1.9606337504201978,0.272552538614301,-0.5162548192737036
28309,1.2531787748156749,-0.3740828568137683,0.9583474507912998,0.9873278950534745
46429,0.5373264559306591,0.8857524683878826,0.6802379780578507,0.4209313272189839
5989,-0.47025564018931226,0.523621615470606,0.5398322604490243,0.4507677371677881
50589,-1.1705484598830531,0.4556430680456029,-1.114274696472453,-1.255614366854651
10149,1.1129115777621927,0.9363016052812158,1.8135342823402494,0.06481564198641626
54749,0.23259263726835033,0.39659498860157183,-2.243918497361765,-0.866208533421236
14309,-0.4173906844977179,0.1936571217226539,-0.07684990007426382,0.3579285547517758
77109,-1.8495545250482477,-0.1788871512178541,-2.011365314027132,-0.7404569488817908
18469,0.20013974460078043,1.6412729705757478,0.9365968347502012,0.8245828655275796
63069,0.27916695295911026,-0.686666038553,-0.1404355870888443,1.6439061255206486
22629,-0.2037420751839796,-0.3181648576718279,1.5178703556270106,-1.3909347128506382
21629,0.6411860832746332,0.5017298039244702,0.8552203207797267,-0.22227484696385486
30949,0.6748295384485645,0.797515290793335,0.20212707460210705,-0.32265370315507114
75549,-0.7698613660916235,1.7486502129402717,0.9399538896466975,0.9730223575285575
24229,0.26796777997684496,0.7144398294972928,-0.459881231805029,0.011487805833158636
63269,-0.65498714221386,1.2341350406095848,-0.118587162141367,-0.7981378476796349
12029,-0.2552798510309319,-1.173990185660261,0.35946301655528123,-1.8060550797134525
43429,-0.7488330387985294,0.9263249895619498,0.8072549883250647,1.2933332469713528
35309,-1.3096330408415078,0.8158607450724326,-1.6860403679171485,1.8337607174370139
63149,1.401907578109222,-1.3026813518626796,1.1104569547149752,-0.791817188742111
67869,1.8499918105998945,-0.7303909272717437,-1.2816088879821603,-1.833549742401918
64229,0.2124703608533886,0.2756958687929061,0.5123193608350674,-0.9518802729129042
71349,0.3453300507351693,-0.8902517496555862,-0.6835243168686164,-0.12307756647720398
21029,0.4508839068791892,-0.03235938054580973,-1.7570655091272065,-0.4986100714914933
72549,0.6467544774878922,-0.3185519303818927,-0.5091524673227716,0.3184676202755013
36269,0.2517103992247675,0.5787363426455758,-0.02131296628271247,-0.45669143755568614
57909,-1.2915056000715746,-0.9711651904739329,0.5211431998810624,0.3280544742076003
76349,0.0921383672566369,-0.5348980575344597,0.9606245029078395,-0.7873191964669735
44589,-0.09076248349167672,-0.9807599612744444,-0.09063854264135385,1.1768536423954077
15989,0.2529512406252076,-1.0112922938343862,0.10581946275418867,0.4582317653308284
12469,0.8284094157687352,-0.2835862875262906,0.289326658433629,-1.0076294199334745
57069,0.10012773154900122,0.4673439047995329,-1.625866220208378,-0.6978415807768118
46789,-0.49615083466073173,-1.644972431498276,-0.516761332412538,-0.3213436393015021
62069,-0.2100142374901668,0.933208217268793,1.2784127465961757,-0.7657403073226089
69549,0.34858519027990986,0.26841776029805353,1.2650066085198715,0.3400880611436805
34109,0.40394915203342646,-0.39469552201758007,-0.5155621422839173,-0.9921819999863082
54989,0.5258979707175514,-1.2606212416846239,1.3104329379204427,-0.7112395505555059
61389,-0.5251325091612394,1.1860215769724463,0.6870028253089323,2.1032363119806887
63029,0.0583598757589468,-0.37278249778949535,1.9938737097369754,-0.5734089370484187
49909,0.49036468076378953,-0.31989855171150744,0.5126522157032308,-0.0025341548069539033
32469,-2.2421895407130883,-0.6807589160660457,-1.4775023964395138,-0.5554676833738826
58229,0.9052702308060466,-0.7785450684506754,-0.7170427885963138,-0.9639027956967889
21949,0.3922574890155204,-0.05521351935298282,-0.923461057928136,0.04496727556332037
25709,0.016207840751868464,-0.5978476680573391,1.258589562030231,-0.550389242796181
26109,0.848170785288405,-0.09042595846779113,0.4987055933232614,1.7705600564246369
20189,-1.2629124356221288,0.7118959151604094,0.008640797877105547,-0.9294829305626459
65829,0.032864434417156765,-0.15152012214765337,-1.3825430669998549,-1.5866276286252416
56709,0.20773278769988487,0.9082594819103698,0.7074526302402027,-0.3142775066570238
38589,1.3000373834976247,1.2074440588020063,0.19643452619921306,0.4572321703799673
72069,-0.8297899030840906,1.6172810241094593,0.4670046821542305,-0.65348400094781
38629,-2.4282606308025003,0.7610479701397198,-0.9804337466802634,-1.3700644746440789
51069,-0.867205436409911,0.5527034777828739,0.7747362364568052,1.6467758068793368
55229,-0.6148689506559424,-0.49039435888622085,0.28747612869242006,-1.7148130747892159
62149,0.08332400982239163,0.33108332635456394,1.7704941088772692,-0.23462072593502623
59389,-0.10461265583488055,-0.3633799040603648,-0.12019253846776763,0.9399789477404107
18949,0.698318969063653,-0.5708663762154707,0.3769395541063759,0.22919951626650903
67309,0.5656790616025359,-0.09841251564148021,0.15767950757004265,-0.9663846224085341
16189,0.1252618422175269,-0.9708817305014579,1.046794841264836,0.22744774536110995
49789,0.04674925902608176,-0.2717749513930741,-0.1178701475458506,-0.13381794494036892
32909,0.5363421174554303,-1.2277151183031276,0.5511617748010141,0.019106762361925548
74549,-0.8412300748003888,-1.4049944972496773,0.5110367593010002,2.2951491611144434
14069,2.286742238633209,0.42767086270196075,-1.5315583486921924,-0.6487551271675338
39749,-0.6859733916670413,0.3187078101524731,0.17843313474161376,0.41384300552474
43909,-0.5047080081152342,-0.6628337076865223,0.7895779575509383,0.9065720491144122
7629,1.3002531525717071,-1.6318797961096785,-0.27856757451502817,0.1354552352229485
11789,-0.6466405804011393,0.5988197711676062,1.0940091460817511,1.2285551217034547
1789,-0.325572034897314,0.44060745059382067,-0.5039579422898766,1.714073725761431
15949,-2.0410883264263804,-0.19350909342082415,1.1839769351388272,1.146625428470407
3029,-0.5103786815555081,0.6076746534740984,-1.2467762938058198,0.8055357636960517
60549,-0.5918028474682203,1.4062103750588955,-0.7630757332705869,0.19129663502988364
71429,0.8029216606773849,0.0018623878194343265,-0.6681304127703728,0.5823214348561409
73029,2.1594945889773727,0.5872891226211333,1.6803172617699866,-1.7303897963481223
40909,-0.005516817946204727,-0.3180301798325995,1.5447009211547336,0.47030000757782203
45069,0.015243965734803244,0.3395636776907585,0.8167754406960244,1.580919126017104
48909,-0.529485714688361,0.7254854146575771,0.9679152052939574,0.5614925438276862
8789,-0.24840059473492826,-0.32821305236671583,0.9694857117740286,1.862994821612334
7469,-1.2638643235058387,0.7735280094781124,1.0236354839279276,-0.005033398330353028
12949,0.5453213426935223,1.9367570156415883,0.30891174674040583,-1.145657481416086
17109,0.5246471301023693,-0.09381077792952479,-0.8896476386757963,0.4667980651174635
48549,-0.9508489713809589,-0.4137080224153019,0.001354105578564714,0.10361751778568849
29989,1.0184291108712291,0.5708919581405879,-0.9623654498963191,-2.116910715539838
67349,0.5037502879640375,-0.8511156948108578,-1.2880267650158446,-1.4589536348909469
65869,0.8212952259277049,-0.3208831040414818,0.1303619199038797,0.036625944692932885
70029,0.4416196466881213,0.5367467078004068,2.20740338038346,2.9525471377881307
33749,-1.2549509294407228,0.2594113211050101,-0.16620964620021628,-0.3655968034682172
45389,0.19474399516286192,-1.2701427318983995,1.4151126026736165,1.0678512834761755
24349,-0.5164761142542186,-0.6307452245797119,0.6515247835322916,0.12114698179489417
42069,1.0705185831350341,2.1174518576261896,1.5115929961282957,1.253184668712242
42629,1.570255400383921,1.6203230726589837,0.40596772153109423,0.6870743892839791
5789,2.3507906823973275,-1.0141325290120855,0.601476187351923,-0.8511820673077837
50389,2.7308604151029354,-0.7962075667269017,0.02269359291575307,-0.0807980373387674
54549,-0.15760384473554348,-0.799114700652748,0.007855907730654258,-1.410125991312249
53029,-0.9778249488867693,1.4509542169702296,0.7409407645556494,0.9441186982767285
62869,0.22294997277873846,0.525078334471221,0.015038846312761147,-1.6045087491233798
26349,-0.8048508349963536,-1.6143596606745272,-0.874814541428095,-0.35564006811022014
67029,-0.6665584249922316,-0.4364713077246507,-1.247938946862571,-0.48098119790026383
20269,0.49250666060272785,0.8895763940305849,0.8690295476389246,0.046937177068236045
30749,0.6617069449351383,0.02641550274270669,-0.045083849524656404,0.0037248428646240927
10029,0.456958142527091,-0.2261115957257815,-0.5314565805056926,-1.0921390856840356
21469,-1.1708151808154525,-0.630768174472474,-1.2712297389582847,-1.1152364060553694
2789,-0.14559160240066782,0.019373445559016822,-0.3164419021949306,-0.08682012343667783
47389,-0.04954503725566146,-0.9583322545101668,-1.8063495108634142,-2.2610282953302328
28469,0.44588574960921284,-0.6404266571632637,-0.4250177668627287,-1.0504423045302234
57469,0.18827992073404692,-0.6384184644196272,0.9602713041201935,-3.561031914126045e-05
76909,0.26099384165630524,-0.8546823354455997,0.4062836046804231,0.15156771438625127
48949,-0.4990602297686004,0.38094150122343395,-0.3685365533754421,-0.9351922626194235
2549,0.34623723526075323,0.06621628399655256,1.9323900865548511,-0.8550134962982178
19429,-0.4004351616999242,-0.33481068609441283,-0.42062022153125633,-0.18875678374693267
64029,-2.2567271034220586,-0.046959470716751585,1.1463960713456518,-0.21650400247015775
67389,-1.004466833781478,0.9983111169476252,0.8450690874989335,1.0090762943382465
46389,-0.8724408879840669,0.6639470353948402,-1.5545124616312826,0.09483964616332989
75589,-0.8754996571569006,0.42189940049309127,1.65783131562877,-0.7253691806130055
3949,-0.3510486744721341,1.36380033660217,-0.12452724692220189,-0.7729434970652358
6709,-1.6895651688172453,0.33540773738056334,-1.9536594406389014,-0.8152665621537839
8109,-0.1814249259903688,1.6984494784181294,0.7733171320301455,0.17612106489896293
1949,-1.26023374719009,-1.5262638989539492,1.184537327080633,-0.39111570704563053
73429,1.7365687670529621,-0.7370030411031717,-0.1001961571366059,1.7126626573117998
73549,-0.1404583818096502,-1.4521031707430814,0.007475587083356421,-1.859183694381155
55949,0.2071043084426519,0.5322758566658146,0.8827348168728388,-0.182184771356763
43589,0.321346571062433,-1.0357761319079237,0.5435199004888684,-0.8086893886304055
15629,0.5138942619566743,-0.10954657658333904,0.21940487072790363,-0.9634202680232005
51029,1.525908092154842,1.4436665158293576,1.6122991939269695,1.058467498827798
17789,-1.3281788900313463,-1.163144687484965,1.5108571674537852,0.8682465169465008
48069,-0.21478185301411948,-0.1187887689281726,0.1610529656861186,-1.3019342234449252
29309,0.4622569003084971,-0.7417746746219349,0.8370015007725987,0.06063203158555336
949,0.6052616778205319,0.20841844604724227,-1.0923324130289953,-0.0363012717276436
45549,-0.380268522753368,0.5006976066527816,-0.9022072019038725,0.5613525231118619
48989,1.194435807018996,-1.4509809725149998,-0.8816502690965315,-1.1195344169691295
4069,0.3321156990512895,0.7354006618119326,0.4041928723424869,-0.175293821635592
58029,2.1563845338164596,-0.7347509768607609,-0.5344062066443421,-0.36099741363945137
71189,0.3645559190299187,1.7363435778112275,0.7876039652562412,-1.2796601048645309
62189,1.0941498970478492,1.1548364041437345,2.250147079804199,0.2970402672108153
15029,0.4695266612321821,0.17056027105399593,0.43697405640079057,0.5785122514040578
36709,-0.6265614067062106,-0.4272820343144567,-1.5933457444472878,-0.25603921940263175
33469,0.03789906750188494,-1.0095893850758018,-0.6056022015844142,1.1247241875961698
30069,-0.8653947638421313,0.5987152586526445,1.1782065954138807,0.23605891075069907
34229,-0.9892510560152341,-1.1723060939173475,0.015506035566493763,-0.19438204034276568
10869,-0.6265590339123228,0.4226484124822658,1.4801318162065151,0.44727433104519504
75629,1.5214314551863464,-0.10421859924374442,-2.6845031166940148,-0.44248780787125186
57109,-1.0026720129721556,0.6435777752904351,0.8307827889552667,-2.0382364337528722
28989,-1.7872552087931293,-0.6157805936273771,0.9025458571833467,1.8322196247040796
47149,-0.871784941702123,0.8202960848374932,0.1860558538006714,-0.3159028074309015
50869,-1.2691869419759503,-1.4182134706846423,-0.3511310826638594,-0.27879030744778843
65589,-0.6704041078405565,-1.9763901355500746,2.654886425875158,0.8763640291588197
55029,-0.2696487544673177,-0.08518415839100345,1.218938482342239,-0.2576053629093821
1909,1.202419562968987,-0.7023663009065828,-1.1671181712484313,0.38137224042589934
67509,0.40141368754311957,-0.4645424777270876,2.613318321109702,1.0278250255085073
61029,-1.0930367600105435,2.4468877674441813,0.16888585233047965,1.6948210806338653
74029,0.4256993944831903,0.0975747591300351,0.18753591246931609,0.0999216488379226
52349,0.33736314306192977,-0.8370252184635399,-0.11595158007548356,0.18620738988620295
23189,-0.10634555597464837,1.566441773860425,-0.830126937643065,-0.19098586142814294
23349,-0.6803721443639625,-0.6395142106877506,-1.475623724846634,-0.29936908044660276
43709,-0.20151514575351806,-1.3284986466621151,-0.7916180211570247,0.8120236156543366
41789,-0.04851069642728813,-0.5299252548264844,-0.6780313867389611,0.17627195405340537
7429,-1.2279147523394114,-1.2987365880871478,0.7527692743919245,0.5993335962130419
18309,-0.3532185425043883,-0.5130021313252762,0.5717742527535528,0.5014988967397719
56189,-0.6102030005254749,2.304210437375405,-0.1521322082293396,1.396254669709169
26509,0.18444578980833712,2.44824261169705,0.21725592331048535,0.4672847661602177
50709,1.7439687887904411,-0.9814024439844993,-0.23150888237520256,0.42438040367606883
63469,-0.08622883627318723,0.09010609717946201,-0.5300881658942802,0.8830796901946497
76989,-0.5423274422715401,0.9421809484581624,0.7272394456146335,0.6190457317397307
55189,-1.1957419432887548,-0.07198399855222468,-0.17072139653289042,0.28766410011379734
44869,0.12316043112677932,1.5063090427313446,-1.2648845698546085,-0.4623813206969506
8589,1.483611468392075,0.0027832708566155745,0.3986560451358071,1.0406298449508553
12749,-0.1982825600435668,-1.8233298990351716,-1.4720674303742538,0.40791570412005723
16909,0.2688388672875185,0.26658545681088136,-0.6209758898032648,0.012828215832407626
73629,1.0665536872503463,2.085715718471735,0.09397488507397947,-0.7592950093054586
21069,2.2110564043218237,-0.9186664376707284,0.4397281645694072,-0.2169281063296167
42309,-0.877492600238523,0.5448250087128731,0.27354536495561554,-0.7027995247255392
61509,0.42059889711625414,-0.17413313886094853,0.4312695052215728,-0.04356361193266993
69829,1.5616052444762374,0.6848975918607332,-2.150693049095693,-1.772517191160956
17589,0.4439132308760651,-0.3088040623896242,-0.368073388726174,0.8865338364687199
30629,1.4020759417739106,0.6616512610936386,0.250265181187216,-0.45753172970531986
10749,1.9609816981432981,-1.3735154030649441,-0.03076761353687169,0.9177720843929787
46029,-1.4181950866188457,-0.12073020238881492,-0.7259723968134624,0.5593684180690961
9749,-0.5202447970797229,0.6510790179370186,0.38483802041694687,-0.8563198704370762
38829,-0.044569656594440864,-1.2704480163450789,0.04378911948783181,0.14972598571012896
10909,-0.2642498375618001,-0.17511079925706424,-0.5333785472543726,0.750095705137954
58509,-0.429774392102392,1.5839123797623824,0.5983187425312714,0.033416121401119214
22229,-0.5759715588881439,-1.0372316339775869,0.6265528435410227,-0.9299631333987219
66829,-1.732222368509405,-1.0549939986883456,0.28265994280315415,-0.0005642151273752083
47029,1.3926021231339214,-1.1757756839054827,-0.3961380490342297,3.0239213452507014
21549,0.5787822246020442,1.2575064244913525,-0.06578342995943096,-1.361420226475256
63189,0.5233326060427435,-1.6973400671002776,0.9111581159295403,2.1854459727345215
39989,1.5305149733318022,-0.06962691121771497,-0.712441930551925,1.3060679112212334
58429,-0.5948048478086909,0.38055954199175257,0.65810160712036,0.5489086989463147
43029,1.225146558288473,-0.7366894930483103,0.32467386186705377,-0.5693838603920928
65469,-1.0322563148235249,2.0184505914597115,0.24733070926507492,-0.8345820847305806
47189,0.8267709328530811,-0.6367325811334407,-1.2452872946657627,2.2524228721184056
30709,-0.09806251432884408,-0.13661664392176093,-0.673252071343585,0.9836973241555832
55509,-0.08754730459617746,-0.6301084438689029,-0.6928848730614046,0.9862912918113081
7269,-0.6784334225131861,-0.9099519130684239,1.1641618836473027,-2.293662982819156
1989,0.6147565512857337,-1.8421590399414072,-0.9572731191572226,0.2372456666622378
63829,0.3287719184873056,1.3676373085819864,1.372058672201688,-0.5917548710519848
44149,-1.1825929607726442,-0.10926581686706562,-2.7341865504452625,-0.028383176912434832
27549,-0.23251821707528464,-0.08779585419869528,1.84772782464024,-0.3009105147259844
62589,0.5453976859124421,1.218370544385252,0.033928776909279694,-1.1433330857786235
31709,1.0760868428176433,1.8294354404692712,1.6888958732764894,0.07937100961457849
35869,1.4764836121227336,-1.1594658770318107,0.6347984798015138,-0.2800984863448871
71629,-0.9145754645722801,-0.29075768690712195,-0.8312043852296874,0.48241130547793126
40029,0.22791557578710395,0.21132057210672417,-0.763213724080246,-1.2173768564851744
50509,-1.0433171733872217,-1.2113615026562343,-0.9919387858485825,-0.6156568889645538
44189,0.5699613552196446,-0.6910090403295441,2.0729857478597036,-0.47501050203135864
48349,-1.6315879961623578,1.450861251318378,0.170464294369018,0.2716423649320849
7909,0.7962602841987818,-0.6949809458695351,-0.865757636271852,-0.7670798336479296
69589,0.6863154675883733,-0.48956315405616274,-0.1244872839195052,0.5720629615335711
56669,-0.5541000339268093,0.2825438544204089,0.9361382424364172,1.7661708370333917
60829,1.0399318816788545,-0.2563164469444009,0.6499287019388752,-1.2451290339610837
20389,-0.23039978950684165,0.8812558309232666,0.21819914074497582,0.5573857988434786
64989,-1.1454142786321082,-0.27616747097636857,-1.053077070635215,0.31036172074658125
28709,1.742264721311919,-1.1864816819651964,-0.2768873301362207,0.02573558204932902
61989,-0.3837892437842745,-0.13005736182580163,1.433118225880056,0.5816397307369424
65189,0.014114838645958402,1.5431070530291136,0.4422825959751831,-0.7986108169180717
57229,0.20277014644272154,-1.39926028063588,-2.175976232709397,0.10156738874749599
34029,-0.3507080242349493,-0.12810378710451464,0.44096410162714345,-0.18577707515672404
41189,0.03619770173451657,-0.9035878106805378,-0.19435276663274995,-1.5347142805854825
45029,0.6637647350265432,-1.220447519939091,-0.781037532021342,-0.8657439812728467
1309,0.6228895183265806,-0.2704841681970259,-0.1673123320207721,0.14435407387796279
9069,1.078709820833079,0.28712167210826656,-0.6385208292482684,0.6000026188221899
13229,-0.40997341401417103,0.157797980482989,0.39899191927492134,0.2773215192631218
38189,-0.027598933610152483,-0.7197448572835854,-0.46818994772242684,-1.4195871729686722
42949,0.5532338629751303,-0.3207637849115041,0.29768357952603103,1.0208313905772635
73709,0.7862984740726648,1.0633865918146381,1.2126675438614458,-1.6554203592294672
18429,-0.19141931618558533,-1.7155020350791697,-1.6008898111495362,-0.010468295756344042
70309,1.8504262390861486,1.9113840260132053,-0.46227022765886794,-0.14385528808704845
19149,0.2549587428289284,2.0024320156943265,-0.26430353740550344,-0.8460418942666186
9869,0.054537785273146906,2.0044010002328605,1.1372139592407875,0.5478488652122993
5469,0.049153400909530943,-0.9750182574044407,-0.7163746995496206,0.9291708613686418
20469,-0.3225719946593332,0.5789934478387787,0.3876423694556308,-0.07751046979551011
42349,0.7448312629895096,0.28023490166125936,-1.2487648265844202,-1.8560432248504943
6069,-0.18886136855882177,0.8357176476512156,-0.7152089665125183,0.14023767034470266
10229,-0.06186321432097083,0.8203021912997622,0.40236055130405335,0.8569598914686597
28669,-0.2717491300328684,1.4804769862897211,-0.4628083957535,-0.20464401119370662
22869,-0.5364229728932016,-0.42024134887666303,1.2220784802290598,0.27773844005475257
