43986,0.07375709556164403,0.931017512182202,-0.563596239748631,-0.6507143231105628
57346,0.040608838691115035,0.5515196502068471,0.04964335176275591,0.7971137315493505
49946,0.6993374756121292,0.4501241059938466,1.009669294960259,-0.07398341301277202
16026,-0.09521047524168995,0.5057690965878964,0.829991666664783,-0.5329694085235065
4106,-0.1699656881469277,-1.2651436702677374,0.09673143504734942,0.6277430830376485
68946,0.3248738759584088,-0.14841010384480774,-0.7013769869658318,1.6850413231320376
47106,1.1472520068603862,1.395423987487151,-0.696824543964788,-0.7265823919147075
73106,0.8563548537510763,0.8864916175156382,0.6483731053608183,-0.1547882875522874
53266,-1.101850439075085,-0.33873376127402954,1.0546039004624281,0.7205039513187934
49306,0.06689183780493255,-0.011327185041493897,1.6381643472791927,0.5634842063561017
40986,-1.005630360113686,-0.007908622853915763,-0.9709249968218537,0.21578209836634207
72026,-0.8207511169808621,-0.61206710381497,0.4133813494071331,0.1377730821664066
49186,1.4447871360194586,-1.3353135115287946,-0.08498929190237377,-0.7452926789220613
1706,0.20345564156684015,-2.1594168300194805,0.447756401039171,1.919691664986362
5866,-1.1171592992731119,0.46773036317559663,-0.2999622800570361,0.41494139926684726
67626,-0.6363225499975024,0.407385487840191,0.2609062441174312,2.5982307062963255
50466,1.6667143436205918,0.501789548976896,0.4462999337246393,0.8937426907649488
15026,-0.564913632013872,1.0839931463185144,-1.510889669949076,0.7467393021535493
18346,-0.6935299688164781,-0.7730983356489992,-0.5022957560630792,0.26798847214530935
62946,-1.257757539025334,-0.5153293114985296,1.2690236952729375,0.3232393793540126
24626,-0.6750916487593756,0.939455872175184,0.09682379270722836,1.8481946947388164
71266,-1.6426946341064033,-2.071165349784097,-0.26720913307925737,-0.12015926320264399
75426,-1.0353252288396666,0.6873629597217727,0.27099354275522886,1.9329143270823035
2106,-1.1483502064205768,0.46833475764422206,-0.5884168201913301,0.45448338590848175
2866,-0.31611710708554724,0.9261452411318529,-0.377251244891117,-0.6335407254310148
43386,0.12096621901649536,-1.9359937400530023,1.1089771063209046,-1.0313261306461496
75786,0.7351848434986289,2.134059191018431,1.3895446703524585,-0.427779721995493
55786,-0.3401013988745037,0.4218726170825021,-1.0620804518573468,-0.25101523169375706
20546,0.4648457831113251,-0.6674153130911563,0.08179765515414002,-0.0780955157937052
21866,0.9168582525083884,1.2959536009752555,-0.5279116127388978,-1.8083539723350464
23666,-0.40653093174427474,-0.8008533719646705,0.7764281404913631,0.6502824917120595
5906,1.2592215406135472,-0.28250542689985464,-0.5370769262986044,0.433397953011999
31986,-0.06363350874864293,1.3009926750065863,-1.8865708549684221,-1.7617183836570725
59466,1.0398374951140863,-0.04803333630014318,0.3566976764485008,-2.1793950101681014
76586,-0.2370799906689948,-1.030819410458866,0.8813997746851936,0.9767876016063636
18786,1.8531928916917222,1.802484365669017,0.6199488215340002,1.5440324493452602
21746,-1.2784694231313418,-2.8109656601571773,1.3971523522433824,0.8645478595213688
48626,-0.7538122283376073,-0.5771803730416147,-0.3923876378874306,-0.2999802060067978
57426,-1.3781839701070873,0.3801544374186033,1.3056621725975472,-0.39964377841322724
12346,-0.5025336215670674,0.9381805518123687,-0.2746171236097851,0.6587521692269078
61106,-1.376278603498088,-1.6547756693820512,1.3268897747303972,1.8416908339143845
45146,-0.5936785047319837,2.192347455493232,-0.42097647644160013,-1.3671326947185067
23226,0.017853357982762365,0.2253652463348162,-0.021975802707428913,-1.3124151456401174
46946,0.4384363884426136,-0.19101105534823398,0.028716669702605887,1.2149375899447912
41466,0.389178460179583,-0.3341848102750001,-1.0566873570004431,0.6306459554703943
53346,-0.04576863615759822,-3.0549420976614194,-0.7277723074163766,2.057313354288768
106,-0.8861316130305016,-0.05948150864931882,-0.05494852139276911,0.5734970465524278
2066,1.8538498967053372,-2.0881763857857107,0.70884797258153,-0.5853019284879728
27906,1.0240369404169978,-1.008374285379444,-2.1204287997090208,-1.8698123615640663
46346,0.5212181878433798,0.42895708012109196,1.5592826737336827,0.8669437590258618
8306,-0.8601544084773427,-0.043085600887397234,0.3391975312204768,0.6004519772516408
60026,0.6091584066646641,0.7549115553209751,0.20180387795234425,-1.420634534094474
42626,-0.5489246409021135,0.9487101242695396,1.083107851669962,0.4653156606988892
46786,-0.5362803143272752,0.18376054937218234,0.12486640813380455,-0.24651304568361374
26746,1.0019167474477009,-0.19706569910962907,-1.513223185032883,-1.9712860957804632
47466,0.09340522417957482,-2.1629875002410195,0.19049802963196985,-2.1124199801138275
63426,-1.1282685092710194,0.8327156662286551,-0.5843230383625697,-0.20017610027649366
34946,1.370486458247084,0.519405000884853,-0.4582850239891642,-1.452450027671158
71746,-0.3713029674738047,-0.9038796444655592,-1.4500696341673576,-0.26678393994041316
2186,0.35888156121632514,-1.1122093147318923,1.4393372883963862,-0.18386771673434596
51906,0.8696951532963453,-0.8681912516490167,0.743776248453187,1.2856276187850066
52106,-0.6238621426116058,0.10942354150726252,0.06695163473850407,-0.15203502541880642
146,-0.10094173633967865,0.36066062329480875,-0.32798593698794554,0.2965725284788534
63026,-0.10120668541064988,1.7139664191289206,-0.856883510819198,0.013821155625232635
64586,-0.7170558125802589,0.08250140196791794,-2.539971949168805,-1.163940205428588
28306,0.6342943764511201,-0.19950708659165867,0.0864047502591803,0.6067315243990824
59546,2.723807288797716,0.31680864650998747,0.4987555531073106,-0.7542248998726605
51226,-1.4500870676121025,-0.6468277042870515,-1.7473219194110468,-0.058426961423165245
6306,-1.2088857970445237,0.21358127852988903,0.3618588703907453,0.2913203216566179
16986,-1.547062021742068,-0.816576023771016,0.6672567633705959,-0.2961962542520897
44546,1.0731295225232422,-0.38262063566252075,-0.16388012108056838,1.4560667432285797
62986,0.6061046176567089,-0.031371997729018206,0.33864937074744295,-0.43864330078565605
45226,-0.7124598442919405,1.0643247659173893,-0.4596812344236058,0.7931379239805177
74066,1.6310778973631133,2.041297037788487,0.09806327177013166,-1.5623654208590527
4466,0.9303634675120614,-1.17722293493413,-0.7748539563819077,0.5453608944031477
1506,-0.8208168436390043,-0.5815907804355407,0.585661857608364,-0.4979804393084141
43186,-0.17469777239421028,0.22609229025934366,-0.6192415869575212,-0.18017321842228173
2306,-0.024281308002240626,1.0972029081854637,0.4116123227244974,1.001270844270415
20666,0.9455096236651427,2.585654076997735,-0.031209778425518583,-1.8649248907841147
57626,0.5739030279791429,-0.34264348824741925,0.09685081629669566,-0.5148997689942785
49866,0.7816043809202636,0.6867363903997938,2.222470698241121,-0.17446986812845947
75226,-0.06824252035013406,0.21982458139745148,0.7994937068189704,1.4176297104974278
28866,0.21561189808896497,-0.2825583227499871,1.2319996422072905,0.500719128572998
43106,-1.6717306853217366,-0.33382083133984813,0.2401608658953873,0.6837838886732492
67786,0.4332119538340126,-1.951538314392361,1.0010938972344396,-0.4077964408009124
15146,-0.042632970616304916,-0.5462440633955288,-0.5688447728654333,-0.1572139707476468
38946,-0.5713912704847309,0.5719847228093528,-0.4296441386842051,0.43905482248689465
27626,1.085786877416274,0.8292236942961148,-1.1681782700083576,0.3141039688905396
14546,-1.461429890025223,-0.09279555071944315,-2.8888980581593584,-0.8694618944989307
72226,-0.2869636788017399,-0.2693422696797728,-0.7953745022332364,-1.9811084114393946
3826,0.1764476084131201,-0.7295418780351915,-1.3063322591213358,0.22470905203230587
43226,0.8370097526305549,-0.668481676879904,0.0006499315258551147,0.23682835633643623
58746,1.3576642942595258,-0.4073416566768781,-0.29349636193534984,-0.957039557523076
61186,-2.378341749431197,-0.50683534315686,1.763605094557466,0.35666035567139803
20466,-1.4826243666013599,0.9066268589227243,-0.19253564562540315,-0.70373980879948
226,-0.0884274424024642,0.28623882157180625,0.4061019562735348,0.3313369686076848
69226,0.669742465214537,0.729965925897626,-0.24531324461778647,0.6810383962561225
32946,-1.6798445408741902,0.6404758819835399,0.7879735845836746,-0.028116419718731005
59626,0.8637401704665846,-2.2102908156814007,0.6666726824918544,1.387224510142402
32466,-0.06233360311478249,0.206104948728376,-0.5437652844177678,2.364451697450422
60586,0.4347832978503019,-0.05855565240860315,-0.7022697758094898,-0.9724774928425957
53746,-0.8373905951110767,0.4793835931844789,0.5923890511702833,-2.326337496231351
37106,0.7218305016352146,0.8651918948644702,1.0396494693031395,1.5204775120921286
57906,-0.8419897117467954,0.7578055964150308,1.2435558201851387,1.0646918664335432
66226,0.4629228321574843,-0.6518171893587122,-0.644968643339247,0.5870162728313145
24826,-0.26605481596326314,-1.6750258887476808,1.3338662985867846,-0.2587810532796599
36906,-0.817338380493659,0.4497653029417181,-0.757778075473376,1.181133040092836
42426,-0.45386266243429396,-0.5473081913748397,-0.3217358749114226,-0.3448224204781243
43266,-2.3118648969576463,1.448376999184841,0.5314503684531436,0.4300966389557298
10306,-0.4722736296467534,0.14399505892578907,-1.35303101026492,0.5765368119730425
71586,-0.3590427173093875,-0.8615966043966965,-0.8124440761141115,0.3749685221839849
18626,0.18096180766614217,0.9797680704410452,0.21524510589153567,1.1996703208074229
63226,0.29741568362366905,0.6575166953379931,0.746249400840109,-0.18015282525761492
266,0.20095111639521743,-0.2775377129569229,0.28591437999804287,-0.43666481300588317
68906,0.019915121852079904,-0.12247571062420401,-1.2711603025311131,-0.76271410514447
31106,0.05679957910743069,0.6036643688811483,-1.4260042802536546,0.1446301598635238
75706,1.6988576732774103,0.9197468132382015,-1.4570826281166942,0.4261982222214684
59666,-0.7530660434200447,-0.33616335799189645,1.234606850406429,0.7760398675341894
73026,-0.06619134298313961,-0.7068459268423348,1.0564415232519644,-1.3360133085601562
7306,1.8099901878006677,0.3359180365485107,-1.498395342337096,0.6220463343074909
26906,-0.7610100128397109,0.16011717455731203,-0.7627741810184983,0.2873647969753912
60226,1.408741765072463,1.277676013065465,-1.36639133986864,0.0861337809575272
30426,1.475653571710433,-1.3737196708470591,0.6701830277988506,-1.907816202362982
65826,0.23985863529631055,-1.5068904803459375,-0.9380368343618506,0.7984930826339777
76866,-0.5619319790459082,0.8887889006797858,-0.5346596480599085,0.2249673035647566
40586,0.19626472382211108,2.0869129674098996,-0.0735413956512265,0.02789783209016182
43306,-0.40867187398513033,-0.253253290270827,-0.7174601021003091,1.5817808419075678
65586,0.7534227764618785,0.25732925859043565,0.6427725732470786,-2.4469210478973253
16786,0.4717587934287058,0.14462475168630531,1.0283049541980491,-0.8506509072189173
51506,0.40220973905910107,0.33461384506980246,-1.5124441963485087,0.7755500900658924
33426,1.9156616708373193,-0.8294553280825679,0.12180614473885763,0.9712209277212135
37586,-0.30711108437422874,-0.02956918891065725,0.410715519505326,-0.059342058237498246
28986,0.7250023936982597,2.03464219236997,-1.4276312575519743,0.20817140995916042
23946,0.38564160228328437,0.9142609499660916,0.21240596893197797,0.7145233023294805
54226,0.43470153917102394,-0.7534771922061404,0.2399647485872625,0.6120669641091204
37186,-0.34145257382858135,0.9217014569329497,-0.8049852635215843,0.03252618658272473
62346,-0.2808960452037844,0.3140754256373831,0.4637005388217659,-1.8534415049026198
22106,0.6093378691817739,-0.6763960947722142,-0.9290424328396039,0.17842658225226388
66706,-0.8973801395693654,0.05693889077062914,-2.9056622420287033,1.2395218644481483
14666,-0.1261636668459981,-0.26388239170021854,-0.1667333647401912,-0.5710619398302111
38746,0.3333087697967134,-0.36986579252831325,0.5178462258752013,1.7381374810513133
23266,-0.5231089243052809,-0.01698742718280851,-0.19896968156567293,1.0835610764761805
22866,0.4182385334349542,1.702761074204114,-0.8383903945253682,-1.0913880598405525
55386,1.8597326306883302,0.1141616447099238,-0.27812772180026674,-0.06829587062360502
14946,0.5001750789276853,1.3140499867069506,-1.1938572794559275,-0.37049283184516923
346,0.19814630318923546,-1.0744919276853342,-1.5383411983679156,-0.13369111096859584
15306,-0.3377487937303533,0.1662955676434956,0.2396714467266532,0.222551669538589
17466,0.1527196657843065,0.40235266352947807,-0.9809250662531224,-0.9358353415556994
52226,1.0024206166161784,-2.254570603219239,-0.33988188121869967,1.4846449105649075
59746,0.579379915944779,0.5704241273998832,-0.5754357778421353,-0.8420531059871064
44066,0.2809230205923645,0.6498322646862134,1.1642335612637145,0.012102931462638794
48226,-0.6085021782194302,-2.0733395021850924,0.21643943171084418,0.21315717043422322
16106,-0.01644894137446597,-0.25319754464687794,0.00869383745809917,0.5939416186917529
26986,-0.915148772797743,-0.318428651969019,0.205543476989112,-0.04341158076357041
60706,-0.20119496190235084,1.68508277616997,-0.45775142566483673,0.8116809500079886
56386,-2.134423902701446,0.17333805755576345,0.9502808362557864,-0.38814468886453607
27026,-0.017751202052862666,-1.1054703368057128,0.7040445610153828,-0.42506757139367385
69026,-1.111039281648475,0.08547986758327425,-1.406699655724719,-0.11387909930729445
73186,0.06359663077166244,-1.3006917821143857,-0.5075617585040213,-0.09684994559213134
76146,0.7548883509459703,1.8788688650723648,0.28406289492795217,1.077650936742648
33626,1.0714462422073845,0.3576075584641252,0.7598559429240154,0.5885670696466421
41066,0.0402309958644879,0.6271948624725477,0.7640046479323626,-0.9708516658575338
4786,0.49418884251024936,-1.2215566839955856,0.5476246934418095,0.6272720359530475
8946,-0.30203886233609933,-1.2369317458058473,-0.801171075954108,-1.1292055271799888
33146,0.40292120495269196,-0.01364352233693354,1.4274495568706247,-0.7784378065258358
72426,0.5106866890179351,-1.2005062820700698,0.40360446745712725,-1.7336556424617808
23066,-0.455758908572159,1.192208206580583,-0.8726751842735189,-0.5937337868108729
386,-0.18811965542377823,-0.048619717119254155,-0.07203764313890204,-0.4056576636096126
70186,-0.7711564384876859,-0.9725297103958637,1.0855275925091292,0.4076278686951091
59786,-1.8760887819275363,1.3294084049113442,0.6542968038877477,-1.439875421332531
46386,0.7919623561592438,-0.2288678187338653,1.4496822882581333,-0.24252718289732195
55186,-1.0502665566791227,0.5040210173710946,-0.7811933813641363,-0.35158713028825217
25666,0.7287284634056403,-0.037913282079057316,-0.4815293485438535,-1.3478114797465819
57746,-1.7143812027992567,-0.2709235942869101,-0.32807111353120433,0.22246523549833672
22586,-0.48418536799969564,0.8679531500920122,-1.0497443201501477,0.8353930302825315
76546,-0.1798150259049824,1.1519836118278775,0.283492334575408,-0.6257143952338745
68866,0.6360684728681782,-0.14452340584629791,2.476551958552126,1.0927785169946156
64106,-0.7997458031818641,1.624023619700359,-0.6561839531264633,-0.24765119717602288
4506,0.8170492732674464,-0.4603175905030113,0.32258158354965677,-1.6355844347153663
39226,-2.2875510000154113,0.07581543754362667,-0.6315381355752415,-1.4968473443750763
76186,1.657811086763052,-0.10478281045822709,0.6506746301984101,-1.3846940878829295
47546,-0.16277928689186696,1.7355193429511793,-0.45094996007395083,0.2508440619630191
51706,1.3748033298652065,-0.970243125721763,0.005199372400610718,-1.234787470250719
53666,-0.31182474578157443,-0.004716841885441985,0.7695281199331535,-1.489600339346836
56586,0.9500976235689403,0.9955355698877661,-0.48935605564301365,0.9668152980519776
3426,-0.8571259717915727,-0.33352989577679165,0.024355108824341058,0.3598062221673192
45066,-0.4219474143175008,0.7365845041152249,0.42452101522922825,0.7427729388758434
40306,-0.4480765530066325,0.03278453880488877,1.130077167221617,-0.8680299815930312
51626,1.489616982599156,0.930629714891652,-0.012386725812380449,-0.750694201611297
72506,-0.37381768980695723,0.45603557752822094,-0.16490751898828807,-0.43446459767850937
65266,0.6492737156800092,0.021383810670346018,-0.4433085861888354,1.5248710664795826
36226,1.9105439533204136,-0.20032627345741158,0.9046403987269153,-0.5105155676341846
59826,1.9262672580475055,0.20033480766157297,0.39524919458241903,1.7398099766482722
48706,1.061606374195885,-0.7398756085347502,1.228519772082708,0.4582345041823913
68026,-0.46158219516392857,-0.4259057265491141,1.95778884918758,-0.8084525621218211
56346,-0.11234879071960457,1.6719874895071725,-0.5783671037585748,-0.04181057284852829
23626,0.14031227639813976,-0.24751508258172444,-0.5359801172764841,0.14718118431366123
29066,-1.6389007681750793,1.251633726798231,0.7225348377202993,-1.0653697479207211
4546,-0.04429356394664386,0.3083084758471299,0.21991994888178748,1.56679355934436
53706,-1.5747015771579356,-0.2626508937334895,0.6616823601964026,0.007406299302050528
17746,-0.8485266985043673,0.6841541435619156,-0.9035067439745862,0.7168357644208
2466,-1.518048154568882,-1.3897988047351786,-0.09366904430901413,-0.3693660345943967
62306,-0.06462160165992073,-1.3683061310965525,0.44545455845893556,-0.6101483798999425
26066,0.5555983873434098,0.09931038656296252,-0.914077731302748,-0.8625409320043013
76426,-1.6481135711116184,0.24693047325346176,1.0697775654340305,0.32180039307628805
72146,-1.123376021589182,-1.1007230969343302,-1.2191912539765803,0.658251618147581
52786,0.3479593382293173,-0.06065353514226192,0.3523254437153238,1.439238952407948
2266,-0.7132548224988358,-0.5115482783307863,0.16784184409970088,0.8571094649743191
46866,-0.10646880746443647,1.236763075984306,1.2563873347956276,-0.717778117879808
68346,-0.796956023591869,1.198457722637363,1.1386938193015397,-0.7043499638473433
14746,-0.3240125889216155,-0.3601600614783223,-0.38278782781338877,1.467029043432651
61706,0.3012147139947198,-0.24813566190559144,-1.279733161015035,0.10865210134496775
47586,2.11147561220603,0.5919147483571592,0.07825456689840754,-0.37957279812234906
5786,-0.9490883613797984,0.6335229090439648,-1.216132884938568,1.2328663477784885
71826,0.4985213684700598,-0.22250395674447726,-1.334399745904712,-0.686278870100952
65386,0.6405545304581264,-0.3904385815766353,-0.6898213967773824,-0.4739244880714285
75986,0.3331273712922268,-1.580248786672825,-0.06139080359631112,1.8811558244492899
4586,-0.6797726726539929,0.180337050437166,-1.8409108851945906,-0.10892344652051748
47426,0.17344007138011938,1.4315211327112287,0.7324460489988739,-0.03622299961172425
43866,0.17898246756986896,-0.8416048377223846,-0.15753909777011377,-1.3889802941233524
67666,-1.6613828688287986,0.21980150329843232,0.4705958491252292,-2.087510856392311
19466,0.6731278718965543,-0.6074978203440669,1.0217929911693306,-0.2803008699090952
14706,0.3393748073247909,-0.20401418655667178,-1.2031163527381412,-1.0049787326355675
63986,-1.4448015108449384,-0.7751740600122065,1.1192613035224397,1.5949904785354307
15906,-0.1515096477055595,1.7397470168743592,-0.9219117771526457,-0.8445875317883795
60506,0.504844551611543,1.3546153514417187,0.48001267400609365,-0.9957384633018957
46706,0.7824763021515087,1.171071027400629,0.9692476341435523,0.4328698588790525
64666,-0.4130845285441695,-0.6590008547061735,-0.3955052737540072,-1.2682515797254363
68826,0.0009725837182039583,-2.213572685816981,-0.8166805118302194,0.5881811797993007
28386,1.4869209333766715,-0.65143697066598,0.43051498641951774,0.9481231879703242
61946,1.316727646138292,1.168069464597207,-0.4505210148434216,1.276799775621909
77146,0.554762317939111,1.3236351792834105,1.2164284008325212,1.084622525061748
66986,-0.07170627563144104,0.8496257318671845,0.19447821629654055,-0.17792205857200624
14106,-0.7977014747667238,0.3102894849770317,0.1336253063686957,0.7759541199783656
70146,-2.02743893536533,-1.0677496488016052,-1.8246326115918017,0.5909777060290335
16906,1.1888672326311895,0.32301352078429196,0.08742420862632322,0.36104274917205575
28026,0.19841577367181432,-0.01618415241289952,0.48196505087168345,0.36043144541097993
23026,-0.12411970099026802,1.609884268805011,-0.5343985085187931,0.7128549395289678
56066,1.6254706884005123,0.8809095710410562,2.5092661914002554,1.3788758402280046
18266,-0.27114061077819007,0.6968958572019517,-1.186562726891641,-0.31604895304470326
37866,-0.09883533774233684,-1.5332097255514672,0.7207522628116596,1.7917623337184263
4626,1.638435081889674,-0.6546673713643775,-1.6767278982888774,1.0362142154107454
5746,-0.013707794350591666,-1.003070076660281,0.7244601136034635,0.45743028572926764
9906,-1.5061369841074606,1.011616083265293,-0.07823239823117649,1.1000930037089132
54506,1.4235736380284643,-1.8086210330043557,-0.3973339753490748,0.5333087898592012
64026,-1.8145559034200722,0.0696434213423459,0.9091355322656545,0.49671319763695937
18226,-1.3924047496599519,0.8091078755035936,2.6370220778641342,-2.224650039765908
24666,-1.7081850029727126,-0.8761997244258802,-0.7173318161003438,-0.8997997219594072
26546,-1.074600919341603,0.26672051221773885,0.41099995471357925,2.0629068692278953
71146,0.4775313333532532,-0.016723136870232663,0.055721201476724096,-0.6259479523621909
10786,0.5669665034938366,0.5228997170084855,2.0414336638074966,0.41328311616902325
65026,0.5988141309208028,-0.224065543864447,0.07325344560734116,-0.06921501185432459
59306,0.4232041780737775,-0.1942005500093897,0.7286559623646832,1.668931432611415
36106,2.194533322803752,1.3090008314088568,0.5194753932260752,-0.15557510092667168
9386,1.5665342851503714,-0.4394534546185489,-0.7117416017308352,1.4531686076168517
6906,0.5612245301148365,1.197095540424702,0.25509748961496925,-0.6287307162416199
8746,-0.5744922474970552,-1.235980993744518,-0.809762021656466,1.1257928681150164
3386,-0.6148937797370209,-1.0604243365273174,0.8529483510503738,0.06722004504626956
49586,-0.5093292490523846,-0.49915981333414133,-0.06403251444697357,-1.0520049070292525
19386,0.8249046476855979,-2.865340748591439,2.511503549583611,1.626039619545569
68226,1.2262631793502217,-1.5176721788096659,-0.05890986725826288,0.30960539279235316
27186,-0.7644292313546649,0.0681566869678366,1.128793502811484,-1.0374189052279246
27706,-0.17018794396582826,0.8508177526330335,0.06895327152577549,-0.5031846445807765
36026,-1.1599909853746015,-1.0715215098835422,1.655922931948187,-0.2532578907266431
45626,1.884931183414242,-1.1422813572347346,-1.1722198400795667,-0.4123511595567988
25226,-0.7527704801188191,0.3361989765375763,-0.14887080015004167,-1.9298846752114458
64786,-1.6540607497440722,-0.014935490777499002,1.1723569734320067,0.04517221672524223
13066,-0.6850952707872496,0.5289164655839176,-0.3026922342798123,0.6896010906690365
23106,3.081889430233007,0.5827690894942652,2.7034250942875997,-0.6358711185998303
60986,1.3258334247655092,-0.8719672937400931,-0.5911802405821373,2.1218979794724566
65146,-1.2488051645583012,0.7079434783941378,-0.997547072794433,0.9608435503724149
31306,0.606116147727926,1.5780265143991508,-1.3170395604474598,-0.23159648343499628
63586,-0.11855149104635279,-0.4581187750039194,0.5106383001927942,1.019605956432463
30146,-1.2352084353354216,-1.8456256376338485,1.5542166875888705,-0.3316708172233697
49666,1.1977410629883267,1.596453650591631,-0.2744964500542026,-0.8754578484481935
53826,-1.1849013366666628,0.7963247156785316,-1.2551965379199743,-0.8246964181021168
21706,0.0453272101352685,-0.9386828412720708,-0.3587148884362798,-0.5434602772498198
27226,-2.1948671420173174,-1.7616478224481529,-2.258181590898634,0.21584419984040926
67026,0.5794275339651273,1.8370160333482415,-0.008689160577951861,-0.09753411084433977
30026,0.74277302921078,0.9474135396437988,-0.9163634578172303,0.2550821474048745
57786,0.25991896108423795,-1.0769979386488513,-0.6317410783786784,0.36166929311694407
52746,-0.46587595185356306,0.7758260877007044,0.22381461440162992,0.7382759884319331
47986,-1.9186358738894398,-0.34952355763937026,-1.1973709848815777,-0.5577511667490154
4706,0.9053758412948323,1.8148524094175396,0.14402647731197007,0.5348351109735948
69506,-0.23954639945170658,0.651378532257278,-0.3526910932633691,-1.6336988758815023
10386,-0.07133381539734303,0.2390112475788897,1.4568547029751977,-0.4899362704525571
12906,-1.01574142079475,0.6279395924053952,-0.13454448695557758,1.7842197642192161
14986,0.5190035934313475,-1.6071194824908077,-0.8050346229739699,-1.0749621553575637
63306,0.2765027398557175,0.47518062469920846,1.360915398779842,1.2628553941459018
57106,0.6224077117416829,0.2884603738754727,-1.7397533524061337,-0.6827687109484701
71626,-0.5257851038889234,1.5202981011748629,1.0933202335103527,0.8288121642242892
47386,0.6252270087181911,-0.8846371988009087,-0.9457567966231225,-0.307820059533397
626,0.6323018722522665,0.19402358015082363,-0.6335578437475179,-0.7841819282701417
49786,-1.049416486097847,2.339137659743839,2.23834649452799,-0.06554230392690703
51306,-0.35455751144910014,-0.11999002274021395,1.3116676991540495,0.5092809560427812
28346,-1.1074652596407453,0.18472094406623407,1.241333670597001,0.1647687983681395
17026,-0.6477222665222848,-0.31325030327734493,-1.5615743731346488,1.9660543280923533
36466,1.4667103268480852,0.12283212281930571,-0.2764600741152167,0.11235482874566102
72786,1.305879358483649,0.06669109328361378,0.5908174622785908,0.02202571393321789
45706,0.6732670303119505,-1.2503371883239451,0.26236629608496326,0.08909076333762488
35266,0.7635741295040279,1.240512650944424,-0.49330003303610276,2.1492902683970394
57306,0.7688530709976773,-1.6892139758670282,-2.189744976969919,0.17654584507182297
64146,-0.3724042699518195,-0.037949369642436837,1.0329733399062817,0.14933773418398308
25186,-2.3981070639616213,0.9101153288084184,2.0148566736296476,0.9164784855557658
64626,0.2695353384766753,-0.4826541655153555,-0.7446100402990603,-1.3601872635376981
21146,0.5324742258953276,-0.4444096709091561,-0.30844278025447147,-0.39592679299585576
39706,-1.5760611682085652,-1.4117073093702566,-0.7451208583436612,0.7139012058286456
5546,0.6638816968353736,0.386981855195254,-0.23206977660441205,0.13518336977021986
70306,-0.24453442662988964,-0.12064815232353258,-0.7851088573330334,0.7463717097065257
54306,0.5444038003415554,-1.177146371151173,-0.5234750158989705,0.41843856522594197
18026,-0.8525525517903634,1.7747185139189234,0.47061179891193955,-0.2877324949678816
62626,-0.3405635839583804,0.5095518186719067,0.6983520893185372,0.9845022045508482
40826,0.22297136783658916,1.4366173703286964,0.29150942591420476,1.5610867231340158
17066,-0.31096420153526133,-0.4934359982115079,-0.416448649838581,0.6508502972728173
3186,0.1827319836746933,-0.5487455461218789,-0.46618585698893067,0.22300361569639401
2546,-0.020346030344444856,0.44044699185959396,0.11609798557758765,0.02097710825320295
76466,-0.9007595650128106,0.751817618299394,-0.49393731675241603,-1.8690801666725856
8386,0.34809446868031235,-1.0550340420608233,0.041732708337829265,0.12408847593719309
19186,-0.5758400920506078,0.790529082337566,-0.22325590120599434,-0.9767188739671604
53946,0.42996337789810557,0.0006220971669446458,-0.18027659310326427,0.3877491841967779
68586,-0.7645027808616399,-0.87680124995047,1.1386149898819387,-0.5758693057283287
22986,0.5738011103208589,0.5738256887099339,-0.9325303499653121,0.4742940989797361
35826,1.9907196586445524,1.1494068602783216,0.35417668966879307,-0.39931979530568035
706,0.03201646984351787,0.03382629055203609,-0.5241220100506931,-0.3917869829023389
39986,0.1281535875633091,0.5998896158015786,-0.9925511825331045,-0.32053338255200925
8146,-1.0031762746765736,-0.3070804051021885,-0.021707270164714562,-0.616944590054299
8906,-0.2057653682968535,-0.7477033907032712,-0.22674230492242636,0.3681912100604608
16186,1.3484764617705745,1.2521392913947242,-1.5945074437771434,0.2752774634759792
27426,-0.08554325648937722,-0.22380486092916807,-0.48137671723499353,-1.515473627268808
64946,-0.06550404265138239,0.27085680502454956,1.377678746938856,2.0095106634769366
28666,0.6558385256982255,0.33937887123098043,1.9517179893767966,-1.5552435031819358
47826,1.7943394193363797,1.474104401768947,-0.8663303606293886,-0.5570442645776904
36986,-0.5557628452713224,1.5276839914493618,0.7313301242089197,0.06200732830131572
25306,1.721379453381545,-1.8502619648935568,-2.3508604914764257,0.09102109468580724
16506,0.30622696895326296,0.2711954666920485,-0.17805919867760234,-0.2206626214413616
33506,-0.8898150901467751,-0.5889743772806002,-0.6352382031442889,0.8358667115582719
31466,0.5347058902906375,1.3307240475124433,-0.06283292145274265,0.5258205554071048
1546,-1.7203822214102584,1.7289591172796295,-0.2729101444109367,-1.9349066715323007
15826,0.8311744043276311,-0.1863090366529222,-0.4709230983673058,0.9926705127852545
19986,0.9662021989813587,-0.7294374575011537,-0.8910275109949174,0.6698048722086455
49906,0.23123408095892825,-1.1305975535427912,-0.46440385775087667,0.4455121615826519
67266,-1.1820416112519374,-0.8934069905531917,-1.8419277371402536,-1.1235082490179398
58106,-0.8690175406322314,0.4949964981301666,0.8068074869947885,-0.47836085798376604
10026,-0.5493130748596282,-0.006284228167439288,1.0588827105645935,-0.014635564729579692
39306,-0.9149653202108599,2.236425826168375,0.011955388124262762,-0.07155542095727933
43466,1.088056918182936,-0.27920766221876836,-1.1337527304997281,0.7006612105840739
35586,0.020952081673388072,0.4521088634545819,0.09500431669214711,0.9886004026922339
68106,-0.1609293291240416,-0.2716633831835779,-0.5196984107033736,-1.186590981436235
60106,-0.049223475593524024,1.5087122913041284,-0.38267479693299594,0.3563138822880569
72706,0.35854744705885006,0.5870659787034168,1.6259487199940552,-0.4107485931487722
54026,-0.06428690788165004,-1.664324149409571,-0.3046410877803921,-0.8283153967217556
75906,0.14309598960639947,-0.4680726350469557,-1.2794543376857894,-1.6729604904724324
32146,1.5877496746389694,-0.14945356865591108,0.4186845623007195,0.6474210975412353
36306,-0.1250441163715152,-1.5302510969481793,1.0410370167281346,-1.1220586636844831
49426,-1.5350680189638835,1.748262380070993,-1.0783916794995265,0.332855097684807
31506,0.5465628355373034,-1.17608114510754,0.38597249571238684,-0.9462379018311365
65186,1.807125810868701,-0.5653744384807069,-0.5233155658273609,0.27388152182507686
60426,-0.7005485693328598,-0.5396791941286786,1.2434071476929447,0.6924928542909179
52946,0.38359267849393014,0.5251924699300057,0.36196812571196746,0.36890495335357426
29466,-0.7998421215692721,0.6149561872510114,-1.2625164034749705,0.5161652473977787
29306,1.010197847562736,0.33442393094501627,0.05178611534103616,0.3831629920739612
20826,0.5432832888789915,-0.15792296904580985,1.4900736240711745,0.056677895902507006
49626,0.2836894299469451,-1.1173256632771753,-1.0863273031874758,0.9229031362916387
29146,0.69296464945867,-1.10265186481994,1.3512493459056205,-0.43356728570346403
37666,-1.61938997462033,-0.4506290305098053,2.0066277457704356,0.12423109634888141
36626,-0.9887172425551222,-0.1938384226854917,1.5521409694988042,-0.939495260631532
1186,-0.8275273424752202,0.36435446864529974,-0.12792308978936487,0.974215953714806
25386,0.768553662909859,0.666303374700558,-0.16719140526127782,0.19339500631540774
9506,-0.10728076181610005,0.2844773053694507,0.6253649322171981,1.156166206406893
54106,0.8967661813692861,1.0497665450715987,1.2032613115138637,0.36819262692569027
7986,0.5276501404710731,1.4714996194220293,-1.5745079886893592,-0.033857858465701274
58266,1.8366456852583317,-1.637264193934226,0.010511817500399817,-0.9378968522377833
14386,-0.2203704054203149,-1.0308777440918646,-1.1815782634430627,2.145883376297672
23346,-1.2989789793309217,0.6197290424424013,-0.7035176532788584,-1.5081706436919953
70746,-0.7442497419609059,-0.41665675228109816,0.9863520765864203,-1.9986593447483973
17586,0.37532718794564135,0.12113964633534693,-0.9257350928120707,-0.46618698222900573
12826,1.1313839024783077,-1.4803497758613164,-1.0236581667305276,0.7800728682399791
826,-1.7452159598167494,-0.14187734728419696,-0.36603314456240293,-0.9262605330403612
42786,0.8962345693053172,0.20434330210993745,-0.23557177212671054,-0.036248437183912685
58506,1.0360323246898882,1.6604683607736657,0.4161190942614622,-0.9856762317263641
49706,2.167533239810684,-0.5297233425471303,0.7888213535980586,-1.9426497149828739
55266,1.639132269622968,0.6339790364587433,0.0635915923652117,-0.0708862181321815
49986,0.9262595649745252,0.4796201437516674,0.16143424890727126,-0.18058990598004154
18986,1.2697687709892624,-0.5409482180683904,1.2625677845692613,0.6193016507401463
63386,0.7228716181538649,1.7141066011837363,-0.5620137707904934,-1.3352782155694394
23146,1.758952441550916,-0.5174430837331014,-1.1630434136684362,1.2425152941560926
27306,0.8767324566773311,0.1599671083872568,0.32879914673301514,0.7764509441592481
49066,-0.3284139678078336,1.1745669092608733,0.16013936377893945,0.40990102033199005
68426,3.0355931043670985,1.6228764694090552,1.1603184867759775,0.7635830881825744
35626,-0.42177749978034557,1.3078549311208865,-0.04875482316367955,-0.7853673520923583
11746,-0.8811268924193241,3.101421409071514,1.2918908159200715,-1.6888662441002578
31586,-0.11313848171384613,-0.7754744161612396,1.3369539789614109,-1.6192252142881993
7666,-2.7376540495328707,-1.1752783419838753,-0.6952201746519466,0.9182277636527515
56146,-0.5416031407934154,0.41365481981416613,0.7388845700769566,-1.1926240306400728
20146,-1.685680014608185,-0.1293661299389872,0.6697672558522827,2.472576116260051
64746,-0.37317252854869093,0.7126778045108763,0.164250629509932,-0.6887232757727121
2906,-0.10441369841747976,-0.1465010720258353,0.39981038831824217,-0.16184749816836366
16386,-0.45481634303217294,0.6810767114453243,-0.5464930633723203,0.38092358967145773
62266,0.811319784034755,-0.9473389186876285,1.3910423851805955,0.6746002450378522
76666,-1.3410091494174232,-1.6219943559865768,-0.6613117531708181,-0.3597474699023694
506,-2.918644387069425,-1.8675424300556476,-1.925780930450507,0.31426584551114495
52066,0.9290007526176933,0.0441177500169538,0.6111161503715555,-0.6879138814800785
45106,-1.7462956823421512,-0.8392406699055809,-0.4249444990494933,-0.9370129826321226
8826,-1.2420629670177699,-0.06824564189572278,0.3264226980570997,-0.479325420980752
53426,1.2398911578339882,-1.3548268813094522,1.0482940798495362,-1.1520458187023446
17146,0.24400872049275868,-0.8119448029896003,0.07279570803133342,-0.4137398372736989
39786,0.32653099174738065,0.6217527849585907,0.13319817335320647,0.8267227549622332
61746,0.06944764630713876,-0.30350997633952953,1.4823751379256742,-0.7265464691640245
56466,-1.4837666275458317,1.0802944656410416,0.0062221265281888795,0.1331142565006407
70066,-0.2942370464801945,1.4005377033730428,0.6006367691904828,-0.42192832757369936
74226,-1.9655118456440912,1.13155073827452,-0.8537548351818743,-1.7242913480757733
7026,-1.1900396837445848,-0.8876885736538184,0.4974760316848614,1.7290863070587958
37946,-0.1620031193590208,-0.3682582776584894,0.2759185964373034,1.9016755915713583
46266,1.225528328767497,1.1808479738038875,0.4155580897129583,0.6742259286790643
45946,-1.5194664435599496,-0.6317177785420455,0.6385530644638642,-0.11624720367604564
61586,-0.3861435769928181,1.4463672472054685,0.6432304921913384,2.0975124092934685
66026,1.5182893654589915,0.5262056478449318,0.8985803721467034,-0.06900830591990705
67066,-0.25357177393925523,-0.08704893714852979,-0.9660348060417884,0.6226692418649242
64386,-0.05769550190124883,1.079065935318684,-1.4430186028385916,1.4986739024236266
71226,1.496426123535469,-0.06930042439230796,-0.41229378003681494,1.740044333748141
30786,0.21359429442026298,0.429500700879538,-0.15428845911818334,-1.0259989988324525
75386,0.059237197912489103,-0.4788835102237785,1.5680563831965495,-1.0333376183945424
16226,0.8456736651555397,-1.4013114475988335,-0.2944135499015796,-0.10083444717729889
906,-0.6469801825573812,-0.49765862709518766,-0.64421992252373,0.05673547483377178
6986,-0.18733950951153217,-0.44044860166431793,-1.049076584364863,0.9165715308198659
9026,-0.488948510867131,0.0025356362245062478,0.45914707143987316,1.0881666620993624
55746,-0.44165405638540844,-0.6093687906744152,1.6249958464368621,-1.1897412496194515
60306,-2.1384088998436392,0.7761178358437234,-0.7893912739645583,0.20839995525260097
9826,-1.5147021185648446,-0.0817668287782118,0.2509113203845708,-0.9682486056849982
51466,1.70289642027043,-1.0712384016173555,0.9520775108313316,0.1398001289121832
27786,-0.0966367177236936,-0.7751997202269751,-0.4733183789694885,0.670096354634541
69906,1.0636347914814526,1.133182689460605,-0.3577791768550998,-1.329337606430176
48026,0.3691420600208443,0.016821931016869972,-0.4798734901964025,0.702710670065756
74906,-0.712654551116799,1.1527804285735306,-0.3962203234312481,-0.4053617954695971
60386,0.17347355240082335,-1.5573743046607529,0.5900252304159157,0.44819608283803286
35746,-0.07083761561648741,-1.2257443391894893,-0.277976307390183,-1.609606922188735
27666,1.6592562887820006,-1.2068225800201444,-0.10900580477562298,-0.08662759386020288
65226,0.20685919840106604,-0.8524168807535225,-0.9529240949636292,0.5375974511154591
33706,0.8159519875854707,0.7050480958115496,-0.699332256779426,0.9456691193063975
33106,-0.02324130325893133,0.6621295086035144,-0.7190064387204049,-1.5188610832659564
33266,0.86649506918267,-1.1289419912352596,-0.33417259367922125,1.2549800678242058
986,-0.3125876466516833,0.07217231705032902,0.5191923789019057,-1.81309524997133
11186,-0.9487869468046439,0.4058588237286715,-1.2761644413943036,0.22054728177892954
55026,0.28427264244106537,1.3610415665814755,-0.3987876390010361,2.460421782536329
9306,-0.7407173394176623,-1.4635915847266148,-0.11818890353710464,0.032696533169711654
3866,0.3872126218697247,-0.9517804788458949,-0.8540423396491206,1.825478427593847
17626,-1.1099579013189156,-0.11287759903494334,0.3348632166657239,0.556441477682151
9146,-0.028262448461574975,-1.034114133513222,0.40650208282949923,-1.950954233968652
25946,-0.3189385867232943,0.1716378501872179,0.4020129438945548,-1.1600581013786475
73546,-0.1918098241780511,-0.4840771180395509,0.11605286218668803,-2.810005723770528
34266,-0.33434547840269885,0.3258520538869831,-1.8609392178208057,2.0767830724335137
17346,-2.043626293920281,0.05968153341894551,-0.802919794706601,0.412075891729001
50906,0.3178114337727078,0.10009481312882738,0.37464087939640695,-0.08919557501336037
10466,-0.09283531477128787,-0.8004965072600113,0.1441250587486296,-1.0343971090141304
55066,-0.6645751932506524,0.2584218240786288,-1.4644839753746188,1.0125952396256945
14626,-0.9359304565119761,-0.9040706907314157,-0.8220129013401632,-0.29086323413206716
67746,0.23852614001986447,-1.037471507864045,1.427306004516322,1.0810772782691285
1826,-0.49061181496183437,0.7749984679387932,-1.297468442551813,0.026774479918388255
22946,-1.0215307902033208,0.40697221476245615,-1.2876759740964798,-1.8021387592813591
27106,-0.12626083970455418,-0.8854733386339912,-1.826488605541642,-0.12767868419927153
23506,-0.09078532217579549,-0.40403077452160846,0.7466300987597342,-0.07184963517278836
75866,0.32807443713426376,-1.4800347377406236,1.6217262264566095,0.4558065757428459
35426,1.2305076471017886,0.12968417835078627,0.9265005048980735,0.4345068782880577
14506,-0.7856379744843148,0.9406531361938005,0.08530920554350993,-0.09608840533531428
43746,-1.028674067696475,-0.05972430965538187,0.6194111196363001,-2.4335694604985765
41946,-1.0931609753668698,-1.8885068463900145,-0.04024901177248652,0.12562685010963853
47906,-0.017663277873550813,1.9957621462097923,1.7494469013606635,-0.8917920732737262
25866,0.6177180521214527,-0.12084831753918865,-0.03416544911903006,-0.5897199050979679
31226,0.46882683374523676,-0.23632135025362153,-0.8803509894900942,0.956235370647379
44306,1.549728311305109,0.6366264881785006,-1.0466593932872905,-1.8649640725431773
62746,-1.4854821451469238,-2.041742048402714,0.2743048874681721,0.2921384667070626
19946,-0.19902493697911808,-0.5508724456065756,-1.7117974929159279,-1.2105348813165888
29666,0.1467475697411716,-0.6023758887937682,-0.47621024300553577,1.1288998252798204
68706,-1.7587321034714003,-0.8592442967113402,1.0817246375383291,1.2351070955343513
77026,0.8157764831370622,-0.017671139075997683,0.7475935650801185,-0.5234761217153252
48106,0.4642184887701938,0.40765605450812353,-1.1770870267557447,0.9010137550489422
40746,0.45535149601856845,-0.0700205175395448,0.4650095143500132,2.2260864644366194
48466,-1.1220626648022338,0.41278753611944874,1.4479395143964964,1.1977807473158835
30546,-0.6946084320439674,0.41733192270846575,-0.997447069405878,0.4120043228684341
8626,-0.807648546471372,-0.23683778772490474,-1.9433894937722191,-1.3381932439990203
56306,-0.20558399428543228,-1.9016467843982712,-0.7983517797753698,-0.24810139259515376
16946,-0.6720098729436402,0.7520668802857983,-0.008412349363245173,1.108760824051808
61546,-0.012973456998562533,-0.5350909640935346,0.08458346715663434,0.41339176435866093
25266,0.42962926179336414,0.6727347670421059,-0.4184583928811014,-1.2658221205418625
69866,-0.18371268578035457,-1.2957517023434748,0.11406902767082502,-1.5648088379625886
29426,1.357292042749205,-0.013597152969159173,1.0173415916869606,1.8386822938016962
55466,-0.13701890878115777,0.029921074564381075,0.4627584630516546,-0.1873796315705436
1466,0.09169518962811672,-0.9797671292515794,0.06602436648105596,0.8274812827220195
60786,0.7006209706979759,0.13170146282407907,1.6333181157951373,0.6227819406012849
11266,-2.5311818957664496,-2.266591164083431,-0.7365726670409019,0.28616043682551284
9786,0.24990712254126476,0.26959702693134857,1.6644744731824506,-0.06752105078976255
38346,-1.447370813977006,1.1190472905123325,1.300376658015652,-0.3314255312186852
70666,2.167157680510118,-0.28983676166578215,0.4863235053553364,0.35626507563355836
66866,1.3036112412747904,-0.6206554565150847,-0.47191580742969946,-0.057982904876170964
8706,0.91406494983006,0.21926603025202812,0.7757641552867669,1.8887693324172463
38906,-1.1121114000206125,0.009283595845088947,0.4035059702770273,1.6716858390381553
48146,0.20253172749668114,0.12042455436915203,1.142025465120911,1.4707789723511504
19306,0.4713833018547827,-1.43646470470062,-0.4495570897951329,0.015082267537624877
47226,0.9978137354120169,0.40567281159298646,1.8176138662997852,-0.598231302173865
51386,0.1385273163176992,0.8662703848647322,0.733979991265052,0.5233594240828191
10946,0.24869130377662277,1.1531380909552242,-0.9958974462932045,-2.024961837920498
55546,0.6662332726108677,-1.256343755360191,-1.7998849820655114,1.315738147472093
46106,0.489572275885849,-0.22809271609706958,1.7495906794158986,0.7115960585358568
19266,-0.7273019655234911,0.16019882089185328,1.076040884832139,0.47359787566611455
48986,-1.0097662230355906,1.082435541404819,0.547663538824477,-1.2321199915255214
23426,-0.6349512120909896,1.8631143874196652,2.0807615969830775,-1.090784926508683
74626,1.7299104970375025,-0.6823172708137408,1.369782788042236,1.476811640056136
27586,-1.0975437009695526,1.0326623271997937,0.7798592401759622,1.032985857995548
72186,-0.2251712390813186,0.07922753419167707,-0.9491411835024584,-0.7436259840365176
33826,0.004504141204977229,-2.0517913114341795,0.792981462623337,-1.0198181077479966
52266,0.25159235072516506,-0.9623419851354886,1.1225548824216067,2.7131282426844794
2226,1.3990841083491559,-0.45692028903682996,-0.5549774431489299,-1.618530629275762
20426,1.8317676619249814,-0.16086904034021626,0.5970598972361619,-0.686534611844523
24586,-1.1038479872046494,-0.06771076647567069,1.6846955587064967,-0.348539791424486
69186,-0.03337739347901769,0.48311956384094434,-0.8488347079139447,0.653136386359176
32906,0.2702953896790077,0.4234424320208129,-1.3316733244108656,0.2084851393741907
48186,-0.6848529822163688,-1.6288302236108432,1.5467467318086048,-1.0456454676880655
22026,-3.1772642818990584,2.3602351424739414,-0.27435013358699756,-0.19223088612179073
13266,-1.3343363856155972,-0.7649988912723218,-1.215494341058967,4.140762956741751
66626,-1.0337316674810253,-0.27674229394437777,-1.0215965741592872,-1.180057205363269
21586,-2.097220020708906,-0.8486461764864967,-1.7668740003904924,-0.34321686747720215
66186,-0.10676916180063743,-0.24445790973619552,-0.3716447358039078,0.21186005974823816
54346,-1.663161110907243,-0.23099744539413036,1.0351376836722546,-0.9353368494465059
72626,0.8439645791881054,-0.6632057410729836,-1.8166843414827514,0.9194039632986435
38226,-2.1602317936341904,-1.2742254110088431,0.9751975002725876,1.0716143292941713
21346,0.44700573637936913,1.713359819811286,-0.5638912637328092,-1.0070935307349171
42386,-0.4816934236553453,-0.4664981795066882,1.081830758699023,-0.6319830294790957
11346,-0.717890136198274,1.0536480853057997,2.3721406312012303,-0.9484614183694086
14426,1.031952048792924,-1.1407726566295424,0.005471839678233558,0.039278740628538575
22746,-2.3599039660341488,-0.8178268546638702,-2.4227150016949746,0.5023440473376327
50266,-1.4259055599179022,0.9747143373313987,0.08975711478523338,0.39885387932015615
24066,-1.6495200582392584,-1.056102188692735,0.4901311142590307,1.0043564498531867
71506,1.002214433669657,-0.3841974629642539,-0.8946110805839715,1.1733800296683015
41146,1.3531497607318832,0.8055123922625471,0.47667115745228755,2.3413394508538374
35226,-1.6995643201856874,-0.6917609161172882,-0.5186345670491894,1.787592939962648
76986,-1.0154241323780873,-2.391620390339046,0.41377277704779897,0.26149245588495273
39386,-0.32444408903195826,0.041800586788475216,0.3212400408405603,-0.1836867347105417
58466,-0.3804992480097691,1.470211550636493,0.41014223449841963,-1.84096856965769
47706,0.5397315191511071,0.05900131972296254,-0.22399036102971384,0.5337315227789955
7266,-0.19463309168342827,-2.1794038715827555,0.4279374386473244,-0.9928058502235775
42506,0.5851709031579381,-1.811420006595497,-0.28321957274736437,-0.6786368267683422
11426,0.0007425394469523575,-1.2707828006615152,-0.9378689122669723,-0.2480199314153734
56026,-0.36325209361388483,-0.9422557872260237,1.6355798515778748,1.4241522084035594
15586,0.0025760274476543023,0.06253697615278125,-0.925624564657889,1.0418609189911072
5226,-0.7835398653074587,-0.08135184634600819,-0.49784061194565304,-0.020120223380192807
9746,-0.09841947272188954,0.14377621440113672,2.3424431923800966,0.29584323117339495
28066,0.023582852231297927,-0.2091117348419374,0.19465059395726197,-1.2038058965763019
33906,-1.294317770932168,0.41054915873170233,-1.024095072947196,0.8085363813509842
36386,-0.6776600993632099,0.5911504845512532,0.3315967243756485,-2.1497696933584254
40546,-0.6868255991512172,-0.8314574656793583,0.5903445752780547,-0.7594254661262502
4266,-0.04704695145911229,0.0824453862072438,0.561338800364571,-1.9866506606433034
36706,1.1699203041828088,-0.5918109172226602,-1.964973177397987,-1.5141313160564898
21626,0.06169970753465576,1.950558559551116,-0.5515049133669107,-0.6001809697091229
73226,0.12490731157927772,1.0213218717070678,0.026765783625877098,1.0479333727181206
60826,-1.444233915768605,0.5623271178189763,-0.35186019880917857,2.3474555737719904
34666,0.8962858796765382,0.15379761522596286,-0.4126805716565359,1.623114775455506
61346,0.3201075163697826,-0.5060040993020626,-1.7782014536762096,-0.2618395111969873
25066,-0.1805929074278357,0.10672107328457463,0.858808183410403,-2.4861513228910135
60546,-0.05469273322952718,-0.5020474161674515,0.43408617439627784,-0.862176958349033
69666,-0.0028281472603525594,1.5924867735951342,-1.1707042344561007,1.398373310962877
33386,1.0178901994926604,1.8814759452865097,-0.10708547677614336,0.46884449945875944
71026,1.2246398257234197,-0.5493226240284383,0.41913326048314015,2.7153628464894504
68746,0.2569964598635803,-0.7087836227572241,-0.37056248033111416,0.6903451431883573
5426,0.003704838723985037,-0.18638954023430762,0.5216340810015555,-0.11905691849085455
59586,-0.7042636015592524,-1.1374790896147096,-1.2128342397287009,-0.7934281068803029
54186,0.644796411632447,0.5131036620286337,0.3895591945720422,-0.860976125083376
58346,-0.08155410008635919,-0.00011843544096953873,-0.7966854918611626,-0.720612539691816
76946,1.3267049464075713,-0.11109323562328992,-0.8411734952990253,2.5560649287693953
62506,-0.8467883348402261,0.8273886232696934,-0.22569770592676933,-0.20418235355330175
10346,1.2021446381686123,-0.8468577933347119,-0.5710051217168879,-1.6278361874758966
50386,-0.07680308207879138,-0.7699283389400939,0.33358626212957504,0.33868495372344626
30386,-0.9828313059916256,0.640912950312158,0.5001902729794241,-1.0082741702932214
74986,0.3644565548497111,1.4800505457157263,0.18650610814062527,-0.18076055394714036
54426,0.6630987821768937,-2.0549867183067434,-1.2463933730684007,-1.721781785292828
2586,0.4209639272054323,-0.4635200453865516,-0.24023934952969073,1.2399024202453781
6586,1.5578410626571162,0.3414395988568364,1.842948207484581,0.23013403732128146
10746,0.1883555475725642,0.013083613811571165,-0.25422061218032493,0.17158270221850866
42146,0.04693710768808251,-1.073215360655364,0.5905675526374352,-0.4877007632745574
55346,0.6167640089709879,-1.1744245881783717,-0.0972325720789736,-0.871517086104696
19066,-1.0177274574133326,-0.6313238532562365,-0.8183700981109079,0.010960988896928101
4986,-0.1399081832206698,-0.43331017103878466,-0.7030324557329951,-0.5187323289274721
63666,0.24265560450568552,0.20257839813710973,0.6545336760725159,1.5705967063652062
27386,1.0444357864809735,0.7230947392910126,-0.8749336198522453,-0.4796757425165278
40106,0.17695535971775186,-1.6410510327496106,-0.09090570346652715,-0.870734885092407
31546,-0.1743157151713762,-0.34704217987533126,0.47555939091073307,0.3341412704340123
22386,1.0644612224455865,-0.7181124136830892,-0.7721564216197564,-0.1313161331681356
39866,1.6572602468343591,0.05909844078385621,-0.35219818232815137,-0.888001290467274
44026,-2.017894405099958,0.06510727018110614,0.38343725370758536,-1.0830452322230526
27826,-0.4259795164594579,-0.1348486267156845,-0.6446708565870363,0.42808486341600843
11906,-2.051946783988199,1.4782762894628783,-0.366150290997534,0.6060597280496002
55826,-0.050304697793710336,0.9037009966760141,1.7117293216173648,-0.9774532640359672
25786,-1.2543360494645643,0.7502378581567342,1.4082735476171009,0.06331656948269612
36786,0.0778302012759762,0.9072106492109003,-1.678742829967826,0.36580091444607576
16586,-0.21626318503873498,0.493500042182077,-0.6417414139328995,-0.05928578777665455
73146,0.30173617240339273,-0.39320352424103794,0.9693296316207733,-0.18149433021461472
51066,0.353004896039804,-0.2888682580056652,0.2465899634832386,0.5649147030057609
23746,0.6402509803447277,-0.4790747304662303,-1.037392099859841,-0.14686436510421602
45186,1.0035729136440101,0.21848379328752512,0.19893161959216726,-1.1648204789287535
49346,0.6886758657593894,-0.6005613193414058,0.570468710771065,0.633473676514486
31946,0.03984660537237098,0.9169034880312293,0.21405579014678577,-1.0181016141529622
67866,-0.3215381264569051,-0.11598311150213182,1.057791110281224,-0.9593407522461393
17226,0.06249330809792115,-1.4860734908932383,0.7937603178337874,0.21939194321810163
31266,-1.7325933067225041,-0.7478770785370862,-1.1672442992073773,-0.4203841041172927
68626,0.8700984668275082,0.0037718956948042067,-0.7508158783626405,1.5334040766727295
63866,-1.063961335786619,-0.9101322351106819,0.20839969612110343,1.546058506168187
19666,0.9561305232140742,0.9145314116887062,-0.46992089608979715,0.11497180960892739
66066,-1.4751003952209434,1.1672360035168852,-2.271660784606294,2.3490600360761404
42186,0.7571757836435979,-0.10807213458786266,0.13719216959020278,-0.33449773802271016
7386,-0.8579216286420666,1.1098334310201607,0.6818980109304452,0.13770898405394436
26386,-0.2138308600121261,0.7370181407994554,1.4105323540881758,1.3522207768942724
66426,0.3653080331760037,-1.0265629015560966,0.9481289944921033,-0.3839747982100302
54666,-0.638529496905192,2.915023594973695,1.0550739691742903,-0.3767600379387068
18386,-1.2517642637095696,0.7009965663129522,-0.05784345173551679,-1.9696148161700173
66786,-0.6305314166902498,0.29832178323182906,-0.9897106029955867,0.6144825387411281
63266,-1.3411117349684127,1.3107047698060486,1.5726984235298676,0.841651558111827
75466,0.11371842435773277,0.7440816987137218,1.4970531594111347,0.12439465342664875
44266,1.3606053871986439,1.4776725570629259,1.010371022713913,-0.34950667084514125
43346,0.4626652050217521,0.25408743083169144,-1.7203231781282877,-1.9895703467342578
65746,-0.6238064040761614,-1.720597900077656,-0.1494133088755006,-0.6483570808936285
47506,1.2474655901487248,0.6548379258108918,-1.4180020252063563,-0.9193482038887881
51666,0.09547851687098734,-1.3643142700661508,0.5014048503224473,1.2088728660637835
72946,-0.47273867429593114,0.9652426463001456,0.0854104513102312,-1.2990073872390573
21066,0.300761614134633,1.5696963530027874,-0.26677884675257313,-0.3641224293217515
72466,1.1108464053618685,-0.9877928681247388,-0.27024973066654795,-1.0244568777182106
36186,0.2474558368949638,-0.6789152923598596,-0.9459619594344743,1.0716560559183552
59946,0.4121756265290636,-0.5861679399558094,-1.2580504148374747,0.7649781130660489
4066,0.6664101055448789,-0.19874427753950188,0.37613281192000064,-0.27543808249611934
58626,-0.07009768540039678,-1.2485699378787547,-2.144247111947136,-0.9991845159812369
8226,-0.08610684166814471,-0.19362078957719678,0.6481361520824771,-0.21652862044042026
56986,-0.10922012803932285,-0.5504032684555111,0.4522389029548034,0.7056333876856938
61146,0.6288503094291032,-0.27125155439066395,-0.8326050874156697,0.3054976988370007
66826,0.016450705981516194,1.8679168541828794,1.4951393218218672,0.6613499313011425
24866,0.524403563504214,0.28428882863089383,-0.4680792614027716,-0.134656269223322
69466,-0.8200915247943227,-0.5242438822424323,-0.370528807394055,1.243721912096782
18306,0.19689201124351313,0.034151718840502596,0.12865360100755785,-0.9788663710907873
33186,-0.7121174448353365,1.1687964399948993,-0.07195622250989836,-0.6219573144061986
54546,-0.49060107360762034,0.3597144973667341,-0.21732819900362085,-1.2543785140921233
1066,0.709611547331904,-0.706658727954796,0.5102235006630547,-0.5430969510880017
61466,-0.4143989949029777,-0.622717997873862,0.46414073774351194,-0.8486612736117243
53986,0.0450674039046865,-0.15982123841681994,0.8291190490959223,-0.7711357797216476
21786,0.5843285570953696,2.0315180315524852,-0.013567460085721164,-0.06611492761103846
53466,0.17635007108250483,0.8940637929698936,-0.8026326628112112,-1.4298955139292788
26026,0.42825014264394207,-0.3425059666016285,0.39141918272801957,0.8927211269302548
30186,1.0835671814486454,1.1815482318361556,-1.4253886158415556,0.1455744644808109
19746,1.0839942072214677,0.49575897170533834,1.7126234848799164,0.8216532821122943
19226,0.4230564674159004,0.5345646304935212,-0.8204245781217344,-0.10804303560708109
42666,-0.8790623420061834,-1.6469299500825731,-1.5875680591222214,-0.06897037396369086
46826,0.36209180242902067,0.7788765197016579,-0.2072025449588249,0.5493886554400298
7466,-0.878457617500841,-1.0374060579896676,2.2935100913620174,-0.5970153440553138
10546,0.09556217072094374,0.6826827991640559,-0.43256258365882017,-0.9805792141888702
14026,0.19623006709218954,-1.507205587278994,-1.4994791264894376,-0.9840583453686336
6706,0.2603290135532823,0.07385793681715436,-0.4189046319520917,-0.7847315950482568
18866,-0.4604862292600582,-1.6561600062170307,2.470405168440524,-0.2542606021868319
63466,0.7560614266681163,0.6765286495430101,0.1640409382912799,0.6605019461821409
56626,-0.25852270480646483,0.3302288210630185,0.4673569087530751,0.0957460156080533
76226,0.4660374757535992,-0.7540026127827059,-0.14651332065745537,0.08646888791457115
75946,-2.0449351647651794,-0.22529308021036537,-0.8089818636884382,-0.8327462588410228
34106,-0.8610784757567657,-1.0363655045158813,3.133253097913397,-1.4066222097735392
43826,0.46576041282182545,-0.9388788683398173,0.33441574840042354,-0.8883070463616505
60266,-1.177629128829149,-1.3666042163855403,-1.8809537350582097,1.1167266511566154
41866,-2.009112695876378,1.8788690942008106,0.844043425569067,-0.2867473117113878
11706,-0.1469446740284924,0.940149430363818,0.7839359514772161,-0.8800327247238887
15866,-0.33129317305064276,0.9190656157400426,-0.8875775899084689,-0.8647813723216053
21826,0.4729045308440016,-0.0813209061470256,-0.9786387820774889,-1.8983134172402412
20026,1.3867083651731322,-0.6939467674206631,0.17360789662841086,-2.078437788092948
24186,-0.9756156356117396,-0.7081119636290267,-1.7100859423370378,-0.06947327001489637
68786,0.4917171173111375,0.1339349040457708,-1.0331033464439954,0.3106867090090279
22786,0.08374487055288884,0.04299901140712358,-0.37367592961402074,-0.322063003492427
40266,-0.21632578783992687,-1.3405057106162312,1.0604145227370803,2.1343444349088703
36666,0.02726593640593488,0.9726531500909064,-0.08758825638302693,1.1007828856404538
5346,0.7554625198777398,-1.6901506011657041,1.1673376899815775,-0.8584945697332865
7506,-0.6243160468421941,-0.4494561840212912,-1.24322744477815,-1.3167466343169159
53306,-0.19908309390277387,2.21115438628192,-0.6448978940460193,-0.061546751260352854
12866,-0.9748271247316018,-1.8408631693958386,-0.3792678684124795,-0.24142075870893295
57466,-0.8168393131704564,0.20617785231899563,-0.5372160370325401,-0.11157636808525459
73346,-0.00867293033373338,-1.4676278824032531,-1.4039086452411136,-0.6032797363513044
21186,1.664742252100248,-0.8510052417154539,-0.5404388657826656,-0.23538399296080736
22186,-0.5908033756006501,-3.201027632599091,-0.06605416048256581,0.9850023526503594
66906,-1.2453512350767013,-1.0169258154810332,-0.4238531396079322,0.6715027284996293
69946,0.003007090894525202,0.6765359151995901,0.4056294264869435,-0.6322512532837601
29506,1.8501394282660533,-1.6971953823935981,0.6048293265031733,0.8596494713167552
66106,-1.3881637092898171,0.4404247964072978,-0.16752686674626333,-1.1004806488935457
12666,0.7397103480142434,-0.6449065426513663,-0.38569748677695026,1.5555143348312384
54626,-0.5130565923732686,0.5009487991819714,1.4225110241995587,-1.182064401527542
46146,-0.09298410728384379,0.5960300976475376,-0.5689826246251273,0.770728505462668
50306,-1.1761766082901215,-0.5035866743003773,0.28595354900208725,-0.6024712339689028
54466,0.6292154411800356,-1.809322747573219,-0.6546082294526874,-0.524445768094312
52586,1.4622879093719183,1.2812490811510848,0.13308384505270648,0.5693379364301665
22346,-0.6800189895570198,-2.150430050699834,-0.16671223343944924,0.232349753956231
65426,0.8943384936636687,0.6156718932286405,0.3160180824023094,-1.4014799191247211
71106,-1.1232367214697827,0.12673286544357884,0.29043634021889214,1.5835519348627283
9586,0.31485641454085833,0.6413796001860428,-0.5774549764482805,-0.8709229986390579
38986,0.34268230990666915,-1.074031226481718,0.09222206455040163,0.06543779442534023
43146,0.155316905676996,0.6312897242410681,1.3744581217810454,-2.0033127214500595
48946,-1.4257937712007414,0.15512019042633418,1.3069031492467058,1.3816691699913992
38266,-1.748797156094474,-1.1776512811481832,-1.8212641230265991,1.3680242138759362
15186,0.6071435648837299,-0.4447622568362302,0.19918056708066112,0.020971267230042848
49386,1.0667753536142448,-0.4703282426436277,1.0065146187579515,-0.5599082977909364
19346,0.43158786874029853,-0.48385416863289865,0.08006656893946425,-0.2882879440991872
63946,1.7359889582906114,0.03217083687672359,0.22776414070375392,-0.6132173123890923
39426,0.3972526557898551,0.5931156246561062,1.2942776694962972,0.36726006451784665
46466,0.9641867856960851,-0.3809238151657084,0.8399582167902481,-0.1297738950297301
57866,0.6683892023332377,-0.8470341262983023,2.1069868166927024,0.24705065999308323
31826,-0.1939157414127101,-0.7204394476018929,1.1362093282760948,0.47466115017573784
35986,0.04487496699380776,1.2695775062634636,0.24701951865982405,-0.13317556410676631
71546,0.7076171513837749,1.4284010812134942,-0.3436329709594791,0.4246551601433585
34186,-0.5243116798332834,-0.02818781227546564,-1.5981810760163764,-0.666952029314319
17266,-0.35994027430624354,0.5210715779284958,1.392291358804662,0.3659100796372722
8026,-1.4773867412526276,-1.8038057187652214,1.7310034636945688,-0.5000442175220833
43586,1.1943075454143073,-0.47090979661670657,-0.5791287169848581,-1.2905965579809648
12186,0.42796563671013854,1.072119455033462,0.8793865705342593,1.2956183825389753
21906,0.04300519659824436,-0.7352539888644962,-0.33342635378711893,-0.51567018107297
34066,0.9524597923335714,-0.007657164254160606,0.7355982119537124,-0.20029092835140533
69266,-0.5527733621918007,0.632493565112083,0.47687640376477686,0.1427265762197405
73426,-0.22987476662614226,0.37911815392952203,-1.5455894175152318,0.6564378531553674
30106,0.7634675347487092,-0.8187986409090415,1.0006759896391508,0.16402632056679825
41306,0.47506606807908347,0.14159350987183875,0.08582027612192984,-1.2776210368784209
1946,-0.0772404204312156,0.08227762283894924,0.015757029839290365,0.0875363974711185
45466,2.035605476570853,-0.7073472879708943,0.487059156832514,-0.9057831298963537
5026,2.2037797817068436,2.112174283985864,-1.0764698597226263,0.06964458672112306
19786,1.0003055958585243,0.06750972708386133,-1.8517360184861085,-0.2911800528419265
9186,-1.7575221933093945,-0.9329234828017611,-0.4359857509632631,-1.5029084575511624
58786,-1.128421677134179,1.31002053877523,0.6399001827833193,1.2724559085976732
57946,-0.537111558908303,-0.268624576510109,-0.7642092783775462,0.27581801280993956
10266,-0.3304331508709813,-0.15749596854216444,-0.8971684028495994,-0.9420788838014135
66266,0.08523561086722235,1.7936031766148186,-2.9741864789251236,1.2561907314562537
46506,-1.510655194751855,0.5382633793399025,0.07907607053355273,0.2576877485099029
75106,-0.8296374339570953,-0.38214804155894744,-0.5114169080920395,0.04039239923476245
74586,-0.8910394250092224,0.9610849709876065,-1.3242287438228755,2.251956596182967
62706,0.6674502289458786,1.3212814162619628,-0.9573023459238076,-0.4391579719127191
2026,0.9457432872230865,1.5128965561942864,-0.32518288658577665,-0.2803583726385048
75186,0.7906661431457515,0.923777705438208,-0.09065944728031318,-0.9034514702001
6186,-0.49893969863027504,1.984406238839693,0.2669092142434412,-0.1907137892304288
50786,-0.006548546704596931,0.6843794472376126,-0.7045808008497738,1.2327192761141674
54946,2.356479827935791,0.2607899386480668,-1.8226491997133616,-0.0897511309194388
18666,1.086385363714889,0.72118959514638,0.05468008910566378,1.6489307776101774
52666,-1.2221429963481114,0.5000951701432379,1.6801299973724704,-0.5343523592512489
22826,-0.17051740302831064,-1.0649065399809685,-1.0118616741360105,-1.1266560268887695
49506,1.4111102076669968,0.239304409559003,-0.6704695071669182,-2.4288777000955384
72266,0.128749224757739,-0.356152022259744,-0.9066571198546438,-0.5682329173094315
31146,-1.8037033046212627,-0.8034404357416284,0.690183229821662,-0.020166045998600956
75746,0.01237540486154191,2.0763447507753177,0.23503074307681063,-0.2275764540672853
60866,-0.5465859866758987,1.5001945129034036,0.7533361088722264,0.5903456145563641
43626,0.7188312063817344,0.24889216408825426,2.9060783602797224,-1.111294453663353
67946,-0.2368145417997804,-0.6163878455385239,-0.3192946372912679,-0.814423597589342
13826,0.4084721811923419,0.27508763050124463,0.8500508831112358,1.2877039236685788
28106,-1.1719479177482857,-0.5263673253122847,1.27694430582842,0.25416531677746934
56106,-0.16150600857762604,-0.7627854267328368,-0.0025430182665034337,0.6730499997159239
27506,-1.710180733562133,0.3385040328867798,0.807140718954923,-0.413280318448728
19826,-0.7976622176139346,-0.06477851275959597,-1.3054216775916783,0.11297558868816739
69146,-1.788671894360209,0.6121021621670688,-0.023473087781591875,-0.6410120432751445
23986,0.8353356760097792,2.3929464986602107,-0.6606982530436343,-0.6811830222476343
30706,-1.467884557428048,0.7109188629171299,0.4909913011945125,-1.5928711234685773
28146,-0.23081335174819168,0.9984554755140164,-0.6209284894379535,0.6094339063454192
56786,0.6958229853213149,0.4720340601372084,1.7499723363106183,-2.0101837368205198
32306,0.15092498063485973,-0.1346721180535535,-0.2951739854113198,-1.7395637213198942
49266,0.08824107726542518,-0.209248938231917,-1.542959091042134,-0.12605335248430738
76906,-0.19171877690107353,0.7195452838468345,-1.884520953537431,-0.22396253731015853
186,-0.35488459172843345,-0.18141265777491294,1.2744508531207568,-0.287689771740422
13226,-1.012017939142933,-1.166621553310782,1.9993533181775327,0.04491775110247198
44506,1.9090025004580724,1.5246326777470665,0.4939381939299068,0.21722506585676565
8466,-0.5176740001495623,-0.571753125244922,0.24315124801753568,-0.9861593039747695
35066,0.08559251845004637,0.5625161830409565,2.3708582764329935,-0.7103397507526729
16826,1.3021569994897704,-0.48655778711152464,-0.3630216370487442,1.005782743542579
61426,-1.4941305553373168,0.9980573790513686,0.19859537686277545,1.471884661576573
42466,-0.1692787945687576,0.15484186820327872,2.002354017928297,0.6405729622493838
25146,0.8279829602987185,1.1702483430636843,-0.2511343970656039,-0.8407054279500469
69746,0.34277148709905725,-0.15227125760221646,0.9748347207396096,-1.0493664013802186
63786,1.0546130260191697,1.0225481153919838,0.782418935248541,-0.3687665196688779
9706,-0.6569888715142298,2.741335198657727,-1.5981783762795645,-0.6145161653464442
41786,-0.20041681181481955,0.8051282813343099,-0.45425414633469796,1.0425719948393617
1346,-0.14107423040905098,-0.013297779054417355,-0.09093605509754923,-0.008484211201640307
49746,1.332249552473179,1.1461811628557192,-0.5860709400928699,0.8430058101421205
54266,-0.08379802682803046,0.005660112022535598,-0.9127128023345998,0.6077578409536806
69106,0.42578762605733556,0.04404336860007406,-0.5269286199140132,-0.27590593872616576
58426,2.0801738082753913,-0.6761974421657939,-1.2081727780545473,0.47533491563915453
17986,0.9024250262828988,-0.7134392381432422,0.4838743028111347,0.6022650610990439
66746,0.29896785096506817,-0.38910004391656133,0.4261460825519409,0.41991285682361035
46586,-0.19212144028875214,-0.20231476735429033,0.7466542592479375,-0.13420113266809003
75066,-0.6546584244750853,0.20188760470685962,0.038885197857151374,-1.245341634914007
8106,0.6975031843180898,-0.23150195612403698,1.2086035919571312,0.27914186312181827
30466,1.0181756595894624,-0.29894117661711506,-0.8594589285107826,0.6626031725845469
34306,0.10587749453481918,-0.11272316045802161,-0.2796778435259317,0.7192832199154564
65706,-0.9656068495711452,-0.8491876328440364,-0.5467875311671584,-1.0425081175794348
55426,-0.6212097638129697,0.9757886085660019,-2.4731558512814424,-1.310902761366127
11786,-1.1047603572813094,0.6760479891699229,-0.8343534237804718,1.3128344125678046
67906,-0.46022041251291734,1.535463365991427,-0.1800938144031743,1.359169855509637
33026,-0.2990219733892612,0.1391038876721149,-0.49449186762005437,-0.8405365925048356
72066,-0.9782098008999368,-0.5365569325489429,-0.5656410819525142,1.5076918287298609
35786,0.22703649369053316,-1.1936455749243295,0.6551176827655137,-0.14682081479454462
6666,-0.21807011175919738,-2.631354784666773,-0.8352900481144807,-0.49116114727529653
40466,-1.6965376692436773,0.8789943497721322,-0.2197293563446341,-1.6728533449703853
20346,0.22027896112700066,-0.830929841276885,-1.0941852696327974,-1.5984682974728501
7826,1.5268604569118989,0.5351795020447543,-1.6973735757938953,0.6658933056067112
11986,-1.3646779663678261,0.005026737736483315,0.8143848962549697,-0.13324442754512678
30226,0.6961160177911154,0.486258793189939,-1.012454027040122,-0.33816073859062945
38426,-0.31750372986116604,0.8393485467883656,-0.7611600912256669,0.6688727511160195
60746,0.0065540493073011855,-1.5670243282556637,-0.9744076092234063,1.6050718420330017
37466,-0.4873928459720439,-1.4193401584433942,-0.052291329782107016,0.9595344766850791
64906,-0.4841510949392755,0.9779383269996896,2.3471320887519775,0.3358535964110234
10826,0.34943223310155325,1.4334283909308385,0.15098287777944702,-0.15248258137925147
69066,-0.5091189885634684,-0.14784014097433196,-0.08848990396440157,-1.675442559203584
67106,-0.1604817441847518,0.4850378290956774,0.19407826075908935,0.14587864039339132
25466,2.4381982311743937,-0.6566930232299254,-2.946852727929559,-0.7487480940556986
1306,1.1978857063528159,-0.019303321126223173,0.7981353132845675,0.31709459126557765
41106,1.7378355677478445,-0.1722994553398799,-1.1155088498267562,0.9936170246361178
75306,2.052323689188041,1.009126223191859,-0.42607945666700725,0.4002811757870163
13146,-0.4878968177083417,0.5904546420104777,1.1566233472329837,1.2656798809759786
57266,-0.18199336341743483,-0.7108599229220787,1.8225296953796328,0.4090684413705998
61906,0.5501791260000302,-0.8611556416940203,2.1547978241052097,-0.404143399663788
51866,0.7453323898356773,0.17120546714129836,-0.7478877533352143,0.10124043503321757
73266,-0.49647160656859124,0.10194991779341109,-0.9101873734687341,-2.4939805594610283
29786,-1.3471959224853316,-0.313174196153776,-0.8512680342649679,-0.5972694743050541
23906,1.1717881115198898,0.6928279802217364,0.7729297139866302,-0.5698509027728301
40506,-0.8976184483053483,-0.542111487438517,-1.0683403952244148,-0.6089491134650393
65546,0.5341199403466947,-2.54989710862632,1.2703245559957657,-1.368665218961649
46426,0.7278991154694384,2.080823815493653,-0.33794424322945343,1.6976540423324475
20746,0.6858878907853082,0.4510540681063511,0.10951259908137083,0.19441727219094096
50586,-2.173166730866295,-0.7396068873971333,1.9241763688653315,1.9125975859442306
54746,1.1376797558304468,0.3129904806807058,1.2880525045986,-0.9839463490778873
58946,1.5211817311473477,-1.324319686600571,-0.9466169941539931,-0.6189773602470052
63066,-0.4440662476935532,0.16895599254892735,0.6556118471116336,-1.1261880689090247
22626,-0.29082226573423253,1.4310901887428267,-1.121589234655913,-1.3726008871684072
4866,-2.1153340244164434,1.1051656859979837,1.7817490023599494,-0.4869864409776467
71386,-1.5647307583639776,0.050331148974954,1.9784017219145036,0.14061116125735956
30946,0.4647009711795454,0.07380440603652497,0.5243428559155765,0.9573247484072429
56906,-0.5446504959414994,-1.4302209785712368,1.1001943054823287,0.5520904683077646
76386,0.7261991646175251,-1.4199283815493862,-0.023565284032690488,1.3527643261879088
2986,-0.6930536205832252,-0.5600165538285883,-0.4594107219757716,1.1801509151962006
7146,-0.4049972981390635,-0.1002196893814592,-0.7513215300894077,1.1285126328665542
65106,-0.8362318494912312,1.275879002838427,1.9642450096596948,0.2644834580154101
57706,-0.014933756571611976,0.2276035225552829,0.26769952737564523,1.6096902020395225
19626,1.4100270184636001,-0.5619539211746195,0.5351029349107138,0.8457373784728731
64226,0.24259761527107762,-0.4269481357792395,0.5552221587595076,-0.39667267534124656
32346,-0.20735187307541472,1.365605583926491,0.5660961032743527,0.42531796340906125
68386,-0.16558513558172558,0.9462019239375348,0.8692362555323009,-2.4706596951728153
70586,-0.4090033158468822,-1.654497841940325,0.3393458549674484,-0.21704940121413763
76706,-0.26323179362219407,1.1142756919564902,0.8213258316086448,0.1465909221370662
57586,-0.2661774653804816,0.39869164543993574,1.417168892025687,-0.7822093589092413
40426,-0.5495460105635698,0.9225715005954397,-1.0393578559397287,-0.2560815566250072
29746,0.8304787866472274,-0.017246728619344422,0.7412530938140688,0.15892750054673574
44586,-0.11721330599217669,-1.109737160376891,0.3388732713003235,0.5827450969985148
48746,0.6467597614982685,-0.2817279369077186,-1.1056399842395954,0.6898108765169215
16626,0.5290512689233852,-0.6691219489088496,0.35262519288146943,-0.05981540898284853
38506,-0.30565834172749046,-0.46200180321601597,-1.1531775924398342,1.4838937179223948
20786,0.7623043805218654,0.6567316000417642,-1.083751133406902,-0.43702030184365526
39186,-0.5954361607081464,1.7015320800803473,0.08798530458188801,-2.4198507089972026
73706,-1.361309589922469,0.3574330312141699,-0.4620224324406336,1.8460585591693945
67186,-2.698946454166623,-2.0203038420058927,0.6991235355967697,-0.7316293138219596
58986,0.8246735652668752,-0.39680096562829864,-0.9119064102126158,-0.20117844695918785
12586,-2.082117533018171,-1.4075099107551792,-0.18914310294529446,0.9154054422417296
41586,-0.3804691653689092,-0.447933361313192,-0.2767145539573286,1.351326571277951
31026,-0.7640825442716187,-0.6144598848696907,-0.2793517588876744,-2.2092875470965843
45746,-1.5729516280579585,1.9811776222467303,1.7473482160408869,-0.0017619664050534112
26266,0.7675599026065152,-0.975190593221516,0.5303981337005935,1.63332943840059
9466,-1.8673308430688804,-1.5708842944899981,-0.5201446791933981,0.4200252720762895
3706,0.12130041792007094,0.1703400860148548,1.1623090918370595,-0.6409523854707888
54066,0.6855389341587363,-1.1673704424801312,-0.9513519584549178,0.05059159833489407
2666,-0.5561594476383965,1.2996449429482766,-1.2844653246637865,-0.24813892268977614
21946,0.3883810969462543,1.8403100310826452,-0.39065259789192625,-0.03840753156635057
26106,-0.3304136857354939,-0.0844392722423249,-0.4967132680219973,0.2689825729169227
1666,0.26010605366477846,0.6334103741203441,0.31006213517778003,-0.6887089647901196
30266,1.4692702345643134,0.7988891075954551,1.7526346895287217,0.17439676556154987
58386,-1.3375604334934978,1.6443250045735314,1.2710160761002982,-0.24640520950313527
74866,-2.076239530915685,-0.9143371504020861,-0.06669587552078922,-0.16863483212187014
38586,2.034744356466091,-0.02767284877445061,1.0536377555492669,0.5684742984927249
42746,0.22954947884192548,-0.6986147330498567,1.4147657728873482,-0.5710662940551082
50826,0.01726569226063266,1.8679557911632334,0.12357149177991014,-1.128887035446902
46906,0.03833682754958006,-0.2447583726355741,1.194227507926842,-1.0040916856053341
68546,-0.8805992911278124,0.4240462400571322,-0.7559190101759057,0.37736553818535
34146,0.12297858100253294,0.09030291872701106,0.2941045429264212,0.2289596593677612
18946,-0.9968539236607825,-0.21705454322463613,1.1892284929699923,-0.07432678559683804
63546,-0.5107022381695226,-0.4691812605341371,-1.2214325945928022,-2.1022820085381486
34586,-0.05526244357512203,-0.4387574370768563,-2.404700881016538,-0.3104269701232138
27266,-0.2624001901114416,1.654086833570044,-0.08589044783229711,0.37039531166684925
71866,0.8436539369032907,1.4922437383075504,1.3078935803682128,1.1790027754657164
31426,-0.49105164411193825,-2.7905346011839525,0.028006863807542588,-0.5198170183534904
76026,-0.3111878197462416,-0.16633427642124232,-0.18657250716305526,0.7446902593123408
46746,-0.921753614201965,0.3068058577737689,0.7270706128138805,0.34920959657604694
53026,-0.38571097042400276,-0.2651412900784203,-1.868802298974939,0.038093304852225035
6426,0.07688760037064007,1.388963308801824,-1.6076637688199282,-0.4161768077494828
48266,0.8122688504360519,0.033482562359875304,-0.3100589027709631,-1.1070619776948025
20306,-0.42888374430680565,-0.12423815483713337,-0.8546755954049348,-0.49372164765596044
34466,-0.7007842294688071,0.7290960100820306,1.8694294564427945,-0.4701816289097884
75666,-0.5377367889568049,-0.42973710149351135,0.9818513684143887,2.0248673767048486
66386,-0.07865066693476905,-1.123578144701032,-0.9776762032607418,-1.0603718589443383
24266,0.4753204134484826,-1.0180711723327354,-1.1535780588308782,1.0507700768433275
57186,-1.453357769425842,0.19575415859642026,1.1083381048648289,1.163176949091594
11946,-2.033205455575285,0.16825876330523815,-0.5908956231498249,-0.052490195055828005
29226,0.030404560431311577,1.9496736132112458,-0.7480325126815713,1.2562032118452746
21106,0.16249908559287185,-0.7602580456828321,-0.3591032174151278,-1.133341787764417
24466,-0.3635219111031896,-0.562059859815719,0.13888427106433365,-0.07946065474965344
40906,0.35562999605456846,-0.22621534760626114,1.2676893899329293,1.6934247633980062
71346,0.7969697887704134,-0.9913342270712592,0.6631860717396902,-1.5231229889294025
48666,1.0439549041527236,-0.012173752246375909,0.35701015657967644,0.8312771989510548
53386,0.2767336401845151,-0.3764836883585648,-1.8032234353442005,1.6109436355312803
17106,-0.30254740291597965,-1.8841973137043582,-0.034429905763355716,-0.8388387719704672
7866,0.20981101958400014,-1.3171270780390976,2.6293612883172366,-1.5584916412561245
75026,-0.9381223105373692,0.6398619380628259,0.22737764826368878,-0.10288490406480963
56266,0.26710853862231854,1.2352859615793608,-0.8256626927824833,1.8536727951568084
70026,-0.35983371717858187,0.9246290454882405,-0.8157736338435937,-0.07746533425294369
666,-1.1679003737256939,-0.2794705261834564,-0.7533070244152319,-1.47051969164876
57026,1.1062347283697596,1.1296945544772954,1.4281050165586469,0.6210337814774095
42066,-1.0887400572611579,-0.8813235432354951,0.16671582708955668,0.39644996102037655
46226,0.15766385629080287,-0.09697967202901622,-0.4294844153472871,-0.8660144103280377
9946,0.4979804651075412,-1.8029784388762031,0.6875887651561151,-0.9828747666340667
3786,0.48864594123765404,-0.4571187337327007,-0.8236526589676161,0.787294756225955
58706,-0.6012680881004316,0.24896426995449703,0.4817465509096161,-1.0245270804681539
55586,-0.219809204825607,1.7544938053793726,-0.019986110170617837,0.34351744926543193
62866,0.11801072658610945,-0.6820078089402265,-0.4840748120649007,0.5878250945650993
26586,1.0906445874633206,-1.0925134350231966,-2.159551732919982,1.626895799267664
1746,-1.1354682742853675,-0.9080164423790748,-1.4940718084867097,-0.6981055649745174
72986,-1.5291833625042688,-1.0594690345401478,0.0733640644201772,-0.5507745890530101
75346,-0.35372840917116544,1.165661286207595,-1.3718989385001894,-0.09573190405853904
26466,-1.384996733473952,0.39445456533545536,-2.60360477859874,0.013154927937344841
40666,-0.6576275404953206,0.6234743454026619,-1.4943449121983472,-0.23753739332300455
42986,-1.5421395918762875,-0.5235652503598068,0.41523864538375427,-0.7557604275725123
51546,-1.8195850460833778,1.4851433504859877,-0.8975219867428541,1.0789994837005628
70266,0.04076542076125815,0.33577111984653973,-1.1736302946488923,0.05483792181747554
55706,-0.8856314304201565,0.7830159985444013,0.14928480552537696,-0.44406253491434694
59866,1.0173620215673544,0.2452472582017152,-0.12924474869349592,0.16332469444633563
19426,0.21158221990769316,1.0421163359762304,-0.05211644396294356,0.7579975195026805
38626,0.6238424993363229,-0.105292245693405,-0.16382006952415085,1.671042392251595
23586,-1.506049165911451,-1.2547061580446244,1.5367294660553972,-1.8304275911590668
68186,0.7403480819636535,0.3041685650754563,-0.03789400935908343,-1.8568578067350707
27746,1.7996301358775053,1.2711467427070682,0.5288953023088625,-1.647993247378087
72346,-0.39980742114674966,0.03868492312305198,-0.5509191316574095,0.13555974139853247
76506,0.34577065457776435,-0.4803925204173635,1.015016237811179,0.25542922993038314
57066,-0.6284908010981912,-0.10328911738931454,0.11868591576671333,-0.4978603488365608
40226,0.9215844428595492,-0.8038649663747509,0.35930669584931896,-0.2627658834680059
42706,-0.6193421846120225,-0.26596261392491755,0.9689151884517165,0.66488734374469
74706,-1.1457413090242616,0.5014221503434775,0.9440190758333291,-1.2365993172281262
48546,-3.4058185391127367,-1.2194966656139903,0.41592286144578144,-0.8669015090889349
54786,-1.2686384760872071,0.45114156891281826,0.7795912542393654,0.0022683124911591955
52706,0.781450908210684,0.0024715381957050356,2.773436968844695,0.21977949074664352
14066,-0.08001052875892725,-0.4739372429786839,-1.14999229322072,-0.6902827552497813
3626,-0.8203399862445208,1.7107397416368055,0.587956591691241,-0.39498548504444475
61026,0.2783458901849992,2.1072452557920087,1.555523959132384,0.30926197248770176
70426,0.6273642639630312,0.129072955021913,0.26228597626861494,0.6161381253900045
24746,0.9772924502879194,0.7899164660247637,-0.24300365551824252,1.4090746328261565
69346,1.3985841935152674,0.2734073969011877,-1.3743176009000382,0.0670622906897665
1786,1.1633350662475612,2.6447293821094373,-0.5039963734903852,-0.36827284863423604
33066,-0.062120847676021954,0.43091411070189334,1.6039704831156263,-1.002058267817749
17706,-1.5874698437200216,0.5965483463014545,-0.3106512057077379,2.049362307429946
41386,0.5186899148301205,1.352573504195484,-0.16379058083474263,-0.9907693571604975
9986,-0.31650575490522664,1.135902879433678,-0.5799661318922356,-0.08041632713683908
9266,1.6194774200694517,-0.1786320006308877,1.0910210686508413,-0.4033688012768751
21466,-0.6694992941675033,0.46267899076242724,-0.30418668096432644,-0.5531140690403894
58026,0.348700628361418,-1.467807820778119,-0.7000839686376074,-0.4724718123655773
62186,0.3188793044860491,0.995316673539227,0.1888706554413131,-0.045065240549096594
48906,-0.8848352004825417,-0.24015592827544932,0.17144136389070555,0.7182558102089521
66346,-0.26525543870582236,-0.10742984364058104,1.9803533523461574,-0.9925992359979411
70506,0.16714869610209193,-0.598358160518387,0.5039010467705682,0.3685681373049346
74666,-0.9221870887701448,0.7572848344101435,-0.3085138155006671,0.4945911874400517
53586,0.6298106639575212,-1.4864677226556886,-0.5712810573756266,-0.9199031573238426
16146,-1.3138831690991035,-0.622404072849093,-0.1894526250857866,0.25182206437387367
42546,-0.1942546244832169,-0.28015149583116855,0.17889436587093416,-0.570350042520679
2426,-0.3868122883742524,-0.723816316183139,0.6102733379977631,0.32174410731033576
6266,1.1860785189451057,0.45281781268029114,-1.1264097257711807,1.241838012081017
50866,0.9999122095469879,1.1451117241797935,-0.05972670079756765,-1.243939474354305
14586,-1.4961863971193794,1.9754185832178126,-0.8597860941043924,-1.425759264225748
44826,-0.940087199988878,0.18460525948967202,-1.0897031320827055,0.654652199293066
59186,-1.3345468297633987,-1.7001525758327487,1.1816578420767958,-0.9768286239713776
67546,0.20533978667981276,0.12325518236241079,0.25574135344808324,0.06780554620960451
27066,0.172845924135493,1.7729677660276382,-0.5589451479606389,0.8663650502677605
32546,-0.8244503068713219,-2.7588066759217527,-1.0609446855809566,0.8284951219626261
35386,-1.0537206306622935,-0.6359446666338214,-1.2993379665127338,-0.5167030755626154
2346,-0.8400860917950459,-1.3740564661536268,0.9996858932867587,-1.4247665191769807
43706,-0.6129195182111643,1.6232940684153765,-0.5427617363578793,-0.23003621942213098
42346,0.6172335575060417,0.6862325268106012,0.9044559069306722,-1.144243634490831
30506,-0.3244471593901357,1.6640290596421496,0.053469327948834786,-0.5703699379956652
52026,0.5351415200700388,-0.9308605056661684,0.9009114024353586,0.40606292903731894
25906,-0.49556939258805766,0.040367021900036076,0.7747672402994131,0.5213026556291186
15746,0.27566942340208234,-0.751811334221161,0.4436389217854358,-0.1994056089380169
44866,-0.9158596913240893,-0.2879169908700796,0.5750881416730185,0.5114186111323265
28466,0.5208433886953477,0.681363785673248,-0.6371279234395918,-0.05383713829765796
68666,1.5331101555009605,-0.03011291086028451,0.5440267732112486,0.6710237096732892
72826,0.10723826654262346,-0.25851491307998126,-0.9533937287895257,-1.4895976096919732
5986,0.046006322596310927,1.1828732173436431,1.078922920727426,1.6635567823941613
36546,-0.7675259027524988,-1.3622777523811374,1.5385348053951342,0.23204388806394802
24426,-0.19246118309966118,-0.6872585382733828,0.21009511842208167,1.2338621740570828
67386,0.24847989748494645,-0.7670082158305223,0.33454500095306317,-1.2006257647168448
42866,0.317590091532432,0.8439585954862652,-0.2835327789356827,2.0791760685970866
65306,0.3353281290906226,-0.9178117172075351,0.6283945220492259,0.7665726724091886
55946,1.4435853492394974,-1.6452268984723095,-0.7327290267080286,0.7545895821418422
49026,0.45147817004264656,-0.21255600288231863,0.20283456927429303,0.838939855086545
28186,0.4139769983806072,1.7957865900019379,0.6128551721773589,-0.5016700980039522
3906,0.08300849851010769,-0.4087635448732459,-1.095398886992809,1.3260688485910295
61506,-0.6372875411285494,-2.1970659527604868,0.7966265468743678,-0.8430660140471758
65666,-2.5286783798712484,1.3480588077182125,1.4671737063996966,0.5091367361888116
69826,0.028679876175493918,0.24814698467186197,-0.3698412805523343,1.0894898659941537
47026,-1.2272316312724743,1.4483443706984334,-0.48971307405138553,0.2727840777278558
32586,-0.24480128957974043,-0.23055523266705577,0.8805602798768821,0.9215798795901308
37706,0.11181150705025958,-0.07599199464498577,-1.3969612979053354,0.03836545812596251
65506,-0.03705822331470656,-1.7250828972277084,1.172572763440328,0.05528669701094294
1426,-0.2688261031314386,-0.8682909033451005,-0.33396044919695106,-0.2480679775364243
5586,-0.372292542192853,-1.040724034096587,1.164821056748353,1.4971471353353276
3026,0.21271065327517127,-0.767602934394766,1.3650798343250217,-0.19833912196033157
10066,-0.08011327116593514,0.45029114894833966,-0.647218681536071,-1.2416925628451752
74506,-1.1676887391262472,-0.5453833589415159,-0.6493426841257129,0.8374374661313966
13906,-0.9159533543938562,-0.5928450195269254,-0.12351539404045789,-0.022276049984197244
32746,0.4814023953447425,-1.604587172817434,-0.6956235123193442,0.37849035833765216
51186,0.08507518866412278,0.22349898779329624,2.4401758169980377,-0.4142498114313557
62666,-0.16122079545514456,0.09748897081869412,0.28341496050224446,-0.9890494328497158
28506,-2.5218951667306113,1.7675915208068993,1.72789825560309,0.9441196086557936
26,-0.5294517156510294,-1.7715962822523381,-0.3146371462281402,-0.9521310295433408
70986,0.3556606919312679,0.5506787994644777,1.290139002974519,0.1586933636780356
54586,0.28943409613667603,1.8767407179440638,0.4001879220962763,-0.6065770107741684
34706,1.1816332915176067,-2.18473168663428,0.16519418849020873,-2.228208970481249
38866,3.5504497831496153,-0.12558458370589096,1.2384462455718683,1.718600929749381
64866,0.3136699645478866,1.0531314445563673,-0.06362168898056794,-0.18532744846404545
43026,-2.2548300596789894,0.18744395408238093,-1.4502404786834875,0.48413688001580935
6746,-0.8977358885265756,-0.41934830631860637,0.6671768888176972,1.060624055950815
51346,-0.19175473150784145,0.5108084346530243,-0.8068420422993907,0.9508110342893057
55506,-1.0446203135333427,-0.13778685397452836,-1.4389831506762616,-1.2901965750444586
55146,0.4239135906521753,-0.5351534149749644,0.09833667188172827,-0.6634225932152973
23386,-0.020964060907390985,-0.5360863166532047,-0.2895177377541125,2.1030193851213412
53906,-0.7719432433927076,0.9764887560441733,0.9561073405661157,-1.3279885397205355
45826,0.02354406353327976,2.2827781711948725,-1.6947206495728602,0.8016279355541047
31706,0.40973338511093915,-2.3096322851907924,-0.007524930498136063,0.35480219521827655
73586,0.18621999496136613,0.047061809717825726,-0.6117311203358751,-0.4225771035697463
40026,-1.6817319794739265,-1.6654674577961075,-0.2865503811049091,-0.5566003299846267
48346,-1.0234458484602305,-0.46543725560383814,1.2311409439305776,-0.5451421165506383
61306,-1.3532458545678254,-0.1872567401586058,1.3735262483480728,-1.0284902231408888
12066,-0.44395492419218335,1.2733994644123547,1.6904225903074033,-0.5694368056805834
12266,-1.5538411100516063,-0.3237959150997568,-0.4671623618962556,-1.1012181725396948
3586,-0.12751120916630668,-0.17273751032916668,0.8894270866772382,2.3086290802355234
64986,-1.2488830351476745,-0.3033208506795208,0.18670842608906968,-0.5760055251132086
24546,0.31215296752514743,0.45549391074105033,-0.8340685197204865,-1.022409975339231
8066,-0.9819315240823245,1.3303997022984406,-0.9927905207601119,-0.5514805361937045
35706,-0.9796426425464089,-1.193245987878552,0.25258681800379107,-1.1095615597487796
74106,0.3315384500930599,-0.7266513193889063,0.9202018027154547,0.04945602811052122
37026,-0.5047826094768437,0.5301870267075258,-1.3889913832141694,-0.3498021284248752
41186,-1.6156923420999814,-1.1968138787320848,-1.7133705080441721,3.368813722388666
67466,2.1419889020810237,1.58526694079262,-0.020981508455347703,-1.2038974878841315
4906,0.9555815616256853,-0.8141034684383406,0.13788903049660634,-0.8450799129741925
57666,0.9767337426951392,-0.948918534466732,-0.1862315129174619,0.1866057533729901
26186,0.12326736155753937,-0.04824889784142103,0.6621497484139885,0.9564614924139601
32626,0.16172952919061842,-0.19220201644788484,-0.7922632097762402,0.0792872196337839
67826,0.06581907189163187,-2.2580616336702755,-0.6388483783213819,-0.19298148392227144
17386,1.983158300305427,-1.163189814399775,-0.5622528869563608,-0.6912446611661676
44946,1.4079980857186263,1.199660538172921,-0.5554005925543842,-0.029737916562205074
66146,-0.6112810625973574,-1.6824264516199359,-0.9390509931532557,0.20972484214974443
29866,-0.2255139748095907,-0.21236090264165344,-0.6020864268950392,0.1508621731977206
34026,1.2073875700975665,0.07549828673514422,-0.9546865615374437,-0.21229699393497165
53146,-0.5376208252940765,-0.967443573539456,-0.8148543089041871,0.6562604681775644
76746,0.7504794958220189,-1.1392526578137887,1.4076143399478318,1.5442548747750768
41626,0.5280751784683506,-0.055436890629975026,-1.203410259441084,0.20742294943218348
48786,1.870695705066685,0.07179872476156905,0.2946994756552269,-0.3715899607486564
6066,-0.962530333755495,0.6832280796343772,0.07803927057441766,-0.7513005967291536
10226,-1.0639403675906847,0.3464763014470528,-0.5183274671379238,-0.01581938970331849
40866,2.145306464027223,-0.4130843327030125,0.2661850479011111,-0.9268301390054582
54826,0.1099337413404925,-0.6710813501909478,-1.773005978244146,1.1074434333047691
18546,-0.5817200719324264,1.9259198722895547,-1.3674955473796397,-0.820056104805496
63146,-1.0594357710297955,-1.2934868808358206,-0.23497065579446708,-0.5817853667709761
62466,0.7808157340214256,0.8850875861237832,-1.3688224346245434,0.8432617784362406
38826,-0.1298342262687222,-0.04828778506052313,0.47473226219581716,-0.34752634140619804
71466,-1.3245393118847604,-0.3172707837833205,0.27401938111049456,-0.5333999207530677
46066,-1.1497512518455544,-0.6989559422814596,-0.05791272358868679,0.7136286380180378
39346,1.3212403801413568,0.36616758536968613,1.1193087479143007,-0.16771409348262126
43506,0.6723668591953412,-0.630872330651857,0.7001017425749085,-0.12289311242692529
67506,1.0875550571394594,0.35023624164604233,-0.26689165298820294,-0.6371419093034915
7226,-0.9841116310439474,-1.651729942687119,0.17554069972295097,-0.01355899154400265
11386,1.461957774279164,1.259607173404307,-0.827762562666055,-0.1536585552737117
43426,-1.7673779119914932,1.0712026192197124,-0.8665226362634889,-0.46446210489916256
55986,-0.7821452560545726,-1.8307844300422251,-1.1094764197988285,-0.6161014284153805
38666,-0.38109067355438564,1.6332093066626523,-0.8025863884570867,2.090517904714897
14266,-2.513317590778654,-0.24772050885316968,-3.5734826365250063,0.18390604131725838
64306,1.3830711343678062,-0.07190853763313028,-0.33753809962885234,0.7462751352486796
75546,0.31435670720117587,-0.9402193609065292,-2.7928488674779524,0.6086475500442359
45386,1.2657931075625548,0.44836826845525635,-0.5104130655849228,-1.3524421541214524
32186,-0.07804019031059406,-0.16008644295320532,0.27585609081749307,-1.120298395284993
31746,0.7255806368136795,-0.24223308878622354,-2.408061293169572,0.509702567679171
36346,-0.6515930705576676,0.2859791087295538,0.3192774198322899,-2.0326520309002776
32706,0.009778509679854698,-0.06167298937087329,1.408759671012348,-0.08020581185399095
22706,-1.07060332122556,-0.196397248129109,0.6289042249137028,1.1414753891610476
66,-0.2827123785931565,-0.9081151517564986,-1.2141986567837193,0.2968715154192325
44666,-1.180759898971577,-0.4313673744031894,-2.0621416991773533,0.1569681259597214
48826,1.224066605356716,2.4976920815041748,1.0733689073065116,-1.3794525301963125
61266,-1.4740166834911186,0.4005766447950518,-0.2691140101654384,0.37027221914057373
52986,-2.1277229045138615,0.17046352893497113,0.8272761685972051,0.49735042220163467
61386,0.40311457052609845,-0.700595205633186,1.6506968113573728,0.4120254682501782
74266,-0.5175702720249405,-1.6241989993355168,-0.35921405676373314,0.005309426410484213
44706,-0.6946012182542579,0.23331089991167542,0.49372706374538367,-0.9581510047830033
20866,0.9727123974461952,-0.6215165502082206,0.14088032794198518,-0.2730923743209527
65466,-1.9021309776621917,-0.46203724167320637,0.8722269610638042,-0.27500772224277753
25026,-0.41446795990216445,-0.2865701165042273,-0.11106801321799611,-0.30164413464703177
69626,-1.258197815264002,-1.3695693740508634,-2.4293712855919205,-0.5645307218526529
29186,0.7147050714382448,-0.3741104916747727,0.013232630953837015,1.4876248305198538
73786,-0.04475195875212256,1.34569418347284,0.03346730572247506,0.9651990287782906
46986,-1.3377503799817052,-0.439604976140663,1.8660886742132177,1.2006626224575405
23786,1.1908898320436803,-1.7668818270853321,-1.5453273822326075,-0.6675887746617221
37506,0.5771130870815605,-0.13564209790082787,1.1518398123532747,1.2232451640915254
47066,0.3002990516359474,0.11885222378815985,-1.3435588087621946,-0.14126079178706477
51146,0.3645947757748664,-2.162490088917674,1.5279183313835052,-1.6387690110722812
9546,-0.7222427056195979,0.1538573392526761,-1.084453965697969,-0.034937032156350876
33786,-0.8482552012254989,-0.9049263862423459,-1.7206761457122872,-0.38995468059687644
13706,-0.7215551503990388,-1.0112330704412422,0.3167387342097327,-0.4183094555921425
34786,0.20288050335399244,-1.8654071307845066,-0.40498398563995175,1.6878088800195268
73386,0.7425799681935088,1.0461241247781181,-0.1916910620106684,-1.0023785128739562
69586,0.23713241169805965,-0.10711647665463203,-0.044826745186914534,-1.2256876273970796
74946,-0.01808467688299181,-1.3881120504259774,1.3760609259912333,-0.0576156668488994
22506,-1.082011241789944,0.2637690353583666,-0.18487728115360583,0.09324814574029631
2386,-0.6392122099587242,-0.4121941968890443,1.4284908795244258,-0.369192486838662
63826,0.8528073366161425,-1.2547357281189373,0.8213389503281961,-0.43166722791515383
6546,1.6230582200707275,0.495951684606847,-0.49721652641600894,0.6956578622618617
10706,-1.7682848589729196,1.0740708706434732,-1.4475719773160247,-0.849841113687716
55306,-0.22262372581430107,-0.11090013568949482,-1.0915537067027457,-0.37582146621403484
8546,1.4872141680169126,-1.8054328869685938,-1.5938422021899559,0.7057162585351783
63626,0.3913803281715433,1.9854760805169065,-0.8582595746362698,0.5543210429689086
27346,-0.23777645638126405,0.9877564469653348,-0.3940169852197614,-0.07585288592561112
59386,0.8077559588584506,0.7955469805329503,-0.26285765260295596,-0.11447767475843634
76106,0.7130790506134824,-0.7769636992461694,-0.06760904715875371,-0.16783343518702049
6826,0.9411712363610689,-1.1668969005517258,0.2666039678463655,-0.10488628460351693
39826,0.5207480062976289,-0.0063211354027371165,0.6981672205975578,0.1946165724958031
