40961,-1.3460595776893176,-0.18431776079756704,-0.37508231135406656,2.2004018790208932
70841,-0.21869899427784417,-0.9249982306580165,0.7681353829709116,-1.016393898015103
57041,-0.26551393207565854,-0.9391383877067553,0.019225231550569804,1.2048670813045264
61441,-0.4602848696027799,0.05504974304302096,-3.3218493897758434,0.8542427802688142
8201,-0.11287135790115436,0.5865375844624131,0.26503252350727813,1.8282799932021643
71401,0.409724849230696,0.3311265228946401,0.3652786391014215,1.2136799442812456
56561,0.32192004182703565,0.5953686796692541,-0.5483005420661012,-0.11107802278304921
57361,-0.2802327762129144,-2.314128110925406,0.041389652274305216,-0.27831977671450725
47601,1.9040057644038044,0.03289655081593548,-0.3555648440901617,0.3114142475135525
51761,0.04333207867087514,-0.8793514293536302,1.6910517930090339,0.13190527698971952
76121,-0.9677576818351146,-0.8492034209913237,1.0168244956590395,1.1834055625982907
55321,0.9008512643223595,-0.98451175014398,1.6845747159639632,0.7262651109266947
64241,-0.11908072981493309,0.8891661912922868,-1.396216893152423,0.2562594081650113
68401,-0.41088691782886033,1.8531136594604583,1.065573050457163,0.5558433431966714
2081,-0.45914783166344086,-0.31003358098583217,0.40844190392077134,-0.5165686437608534
44601,0.08754924328036003,-0.20764335468982542,-0.2514920474847682,0.34697525085072706
8881,0.45192324022403474,-0.9879484398932692,0.19596157658827193,3.175252003124616
10281,0.48569468655989173,0.19635970383367185,0.4085305932932466,0.16721538846034545
28521,0.256021158514311,-0.8593987120692516,-0.7128480323668591,2.1255436855443675
57081,0.7595003752476738,-1.6265480959470653,-0.64601806584999,0.5109827364031736
61241,-0.49497280223950074,-0.14500797567178636,0.4568900058549198,0.3004274014368546
18481,1.5795468547835065,0.8105003304282711,1.3212806704426572,-0.16678126504109791
29121,0.9797079643366751,-2.0395402609646434,0.8926775888184045,-0.3092201375907778
73721,0.8113198172556191,0.5529977592166263,-1.016901183740338,0.1523564625920446
69641,-0.06430415375486467,0.8885075274195233,-1.1775545106793424,-0.7254792216977447
16441,-0.1503492955279112,0.14570366319019315,0.020558286646411524,-0.4505159983179593
4161,-0.6678927767495472,1.5228484773106132,-0.06379493701727665,0.37674065601004875
21961,0.07187751691105936,-1.2530888427105362,-1.225313074721452,0.3783413883109201
26121,0.4205739181391472,-1.279482078952043,-1.9904568732701735,-0.29920745635957974
54761,-1.985186168566273,1.4797772829730527,0.16639519705588807,0.1585469913034536
30281,0.3265755883509493,-0.178762355396072,-0.13055586291857638,0.924231452901054
74081,-1.2703508743146368,-0.901905473998072,0.9505630695718206,-0.11954703525940029
26801,-1.0485183890365757,2.2891288498386513,1.5041943465538135,0.4889510156462734
73801,-0.9839925666458519,0.21603796050948534,-0.17408442426643686,-2.460246749782474
46921,-0.798090701288473,-2.489057546038316,-1.0411836881177996,-0.8283210203050777
51081,-0.9670013246787134,-1.365681194121111,0.021184337535965925,-0.05493415735983219
71761,2.081553500022042,0.6903466918340538,-1.6310018375959217,-1.4337412378958134
55241,1.4864427032603704,1.5647924490387184,-0.13106820239114075,1.481392870562381
59401,1.1798497924970468,1.5104289376125888,0.6809860825900728,0.029795565479146944
23121,0.7124644688687741,0.07396019755661065,0.2516104624885481,0.7511319347825963
52921,-1.2556829648933368,0.942561705274325,0.09820280587551158,-1.2824431285516977
28761,-1.43348418890645,0.15312173480364866,1.841913689247756,-0.30541933237294094
71881,-1.0230826205713752,-0.4659886878377727,-2.546435784892541,-1.3346824315066048
35601,0.45652255893714516,-0.19720037437679588,-1.1154516266557817,-0.5054549656882827
44641,-1.356056036917049,0.3812476236166269,0.3114822440203146,-1.1688882072980784
3481,-0.5442613971796144,-1.3266232530081536,0.7297327048996183,0.053639212899801184
26721,-1.5985288773147965,0.7670550067871147,0.8064713068083924,0.6905946535217395
7161,-1.5118738781748409,-0.2617994930849852,-0.8697282792996767,-1.5956508020152644
11281,-1.6140177329863583,1.2613955268625245,0.08155803347197566,0.5963368372983097
60561,-0.5874919562222463,-0.40536018650179056,1.5919506775593693,-0.2882801535224741
14441,0.26900408485814187,-1.5621463959023747,-0.042201959535454366,-0.5614673484653828
24281,-0.3978562399231309,0.6224046392145984,-0.11187591663956509,-0.3007120808895635
68881,0.5613867607547202,-0.18316415256795207,1.2349241280696908,-0.48192190226803977
48801,1.1573826973987553,-0.5512135755809802,2.2762660949275926,0.5764111342713882
43121,0.894573170884922,-0.5190356808234651,-0.3694783073383665,0.15382113354416743
40921,1.467227906172464,-0.6294890677061692,0.14295015314325427,1.8467294708001012
11321,1.0263845712051003,-0.6352168319102964,0.7212248324600452,-2.7667889509978676
51561,1.6160198308155995,1.7854937638823933,-0.02691437575814406,0.30722795935898783
61561,0.5002413760296712,1.2827485818158266,-0.44254295217548756,-1.7499803829614933
43441,0.17851334939086952,-0.6667749015161591,0.17214841041301351,1.6646256714038086
8321,-0.5720379461103084,-0.6182479950888143,0.5150690161829068,-1.394034030279212
61881,1.5540874951066375,-0.21121215431563164,-0.7884025986824109,0.02683926229801792
45761,-0.04544118831121115,0.049274184578286626,-0.14029047219781374,-2.111273552284387
47241,1.8067017211488992,1.4048694448521537,0.49837392861877666,-0.1064060803043394
54561,-1.0349050145536307,0.6789306203893956,-0.5060725369136655,-1.1704379880219813
18281,0.753911738112862,-0.11546562107836875,-1.103021476305423,1.0663814437799777
75921,-0.19800661724535368,-0.814739331227534,2.5982241872663487,-0.2701089207665992
14321,-0.16908419308855313,1.6907728960123878,-0.48506779016832297,1.3564086050747224
26601,0.15945562348293285,0.36896143701445294,-0.21586748664302643,0.5142012402793247
42161,2.1731721493655933,1.0665117151893513,0.5648693301708775,-0.27940724803958744
45081,-0.8826722803786733,0.7208605908884312,-0.4772952787787927,0.3229713366305806
53401,1.9722224085994138,1.9224203451381248,0.20474124592994167,-0.3950844060720771
37401,-0.45259150754851707,1.1723415111734452,-0.6322626046744987,0.3679209966023978
61601,-0.49047224146350515,0.2451373013559687,-0.14819444436123827,-1.191279532846485
19041,1.6588853389852678,-0.5861390164912699,0.17703526034232187,-1.294530588872876
49521,-0.7404594780694265,-1.5399859026777374,0.9520871714548192,1.5639507790487142
39081,0.38868515420251487,0.8868757011569012,0.6211761321648097,1.6897786853456707
53161,-0.386143780553031,-0.23372947058118854,-1.251790025920198,-0.32549990495164777
44401,-0.9343641722143474,0.12578056219834247,-1.0523011404333225,-0.8531138454699916
47281,-0.21931385209770277,0.16811435265325228,2.924153223186609,0.9767817414707277
56881,0.0888984765759096,-0.44998039468349327,-1.0224825514395612,-0.3101869854778997
34601,-0.27029001796528757,-0.7449618249855766,-0.9395886667675751,-1.3230087223053342
43721,0.905406374524666,1.2015961482076756,-0.302968146655675,0.33283709369850084
14521,-0.32858510150832954,2.3466672417286705,0.09235785010174624,-0.4239212997092724
8921,0.39416257271755584,1.0071529940270016,1.1500992407077095,0.7859920307815453
73521,-1.0063982505459,-1.145505467832348,-0.12575120933698722,-1.9908288619094465
37241,0.5457488357677255,-0.6307561666952652,0.3649264558007745,0.5097165634684264
71721,0.9475345270675437,-0.27115530209945315,1.583710652528626,-1.5959552956528076
12481,0.6140055668797098,-0.06338189396014937,1.7907647892497127,-1.1203546514012155
73761,-0.7575373586812074,0.8969651343382575,-1.8056841642415555,-0.34004071734465247
45561,-1.0346674258465522,-0.064870967211323,0.8266515891200643,-1.3809321944763124
33961,0.15722096767498558,-2.06422839824465,-0.21945950011413495,-0.002693351270230905
49721,2.01150209484759,0.3659471694406945,0.7511751195317946,-0.21231170799670449
53281,0.913298179797357,-1.4314021809374815,0.07830818641179348,0.2280977780080429
13441,-0.696021181915901,0.4254661827842793,0.13718805267179293,0.5677233403704384
20681,0.5663007969409117,0.38095426829774387,-0.19824846907497462,0.4491007524493128
62201,-0.39738057386849635,-0.1300774899193377,1.3980252157451896,-1.1895038071305257
21761,0.5889687172749655,-1.8094770185243902,0.7086083971113144,0.45368006759797
66361,1.262045258296103,-0.2270919203268158,1.485661788161659,-0.17281291869774035
30081,0.2697102365282164,1.2186106312161136,-0.9838187172175394,-1.8735497765967932
28881,-1.126221771915856,-0.9277370407813317,-0.16352419223243375,2.037856693482969
42561,-1.0356334200747586,-1.1406782290655137,0.29756664419033346,-0.03420634737252057
42361,0.7757920415574495,0.955872031234745,-0.7521879688150418,-1.2062534359126669
46721,0.4201906839537296,1.2604145334875312,1.2485235178265028,1.1478122430189943
26841,1.2925379851418335,0.06228869585667625,-0.2752928141523707,-0.18347232947588119
58881,-0.1173485200084413,-0.18394037468476382,-1.471145412477191,-1.034941604580424
54121,0.8982583052628342,0.888769427930783,0.5420703333283365,0.6924191169696047
65761,-0.11347805989769455,0.4374513079586178,-1.6552455409311355,1.057244354234261
31441,1.0913808670637988,1.205298561039688,1.5226157406129404,1.3351834422752142
33001,-0.8311124806632698,0.43862950869649386,0.05809106365815506,0.17330154576398168
15761,0.7323850463455014,-0.3529484621029368,1.0723121134235478,0.4419111509074533
30961,-0.8132721239911821,-0.18437868114982725,-0.4124758115933295,1.5710936780709484
64521,0.03128745782409257,0.3173220844547239,-0.29369010948395113,-0.24426281730821617
28241,1.2535727005232777,0.04898603378535939,-0.2623418238338618,0.5469961902033668
30761,1.9259934863374737,-0.3856741164397468,0.034938241331538875,-0.6752403446226687
72841,0.3509510695156043,1.0415266567514827,-0.5330567672371544,-0.3681785609517188
69881,0.10283530744247892,-0.5836328146393424,-0.8533353747323317,-0.8165262548247616
36561,-0.49378027932662416,-0.20788678286491818,0.5100027102960134,0.40787816027740886
281,-0.19926140230626838,-0.3891232290927893,-1.126617699208838,-0.5201220523806371
44881,-0.06524967974283238,0.33329925414973777,-0.38363438859214655,-0.23887145043025504
8601,-0.8141504176756352,0.863976829724263,-0.757463198258351,-0.1323071998015743
26881,0.047165380958561806,-0.7443169384565771,0.8583869346237324,0.22037470708151982
74921,-2.3366482241710047,-0.1077067792800761,0.07792214082735392,1.4718855579001369
21081,1.3502506067382245,0.771470193610521,1.0174709485796036,0.5770249722334734
35201,0.8399268839568196,-0.21438592121056949,1.1511179162985343,-1.0469521062671472
65681,-0.14568419687624243,-0.2096627455302889,-0.05662318027835188,0.9099619919157239
24841,0.42024951313857895,-0.3480562411997007,-1.8552720655993424,-2.551916051552967
74001,0.2614728716045663,-0.046218450943928846,1.3476381337039112,-0.8221803637722805
2321,0.17856197006602692,0.28294408097295154,0.597836430748641,-0.8736825782485479
5601,0.4336091597270823,0.3825102506561847,0.40447612187802934,0.4231473891627948
9761,-0.651804504012753,0.16374240295054096,1.540020450951238,-0.4767000719903611
29401,0.010937507045897393,-0.5593611278424131,-0.7598603381370014,1.8252774465572421
61721,0.14667368846362563,0.6812294250015227,-0.15260981636357437,-0.4431480645746832
26401,-0.042063539327130826,-0.7604941974663156,-0.9503271685068361,1.0157603636654615
69921,-0.0028700911928950575,-1.1341149449850305,-0.8066985888113966,-0.09066753338889802
38881,0.5641285686957095,-0.5862741556993073,-0.8492183004555117,0.8761414242419662
8241,0.3421502920929838,-0.37191424686297436,-0.4004906818241316,0.6210915897153524
6441,-0.4600928249540967,-1.223879579883144,0.45958709422955013,-0.23718415720999717
561,-0.13758974061657786,0.09193595408013225,-1.9840170366148857,-0.3118429673089247
55521,1.0453079345777625,-0.658427530825758,-0.1035357804466928,-0.3089413487320855
59681,0.3659134527090712,-0.25635413583803324,1.3728564790504276,0.7172424974198449
55601,1.71186527171712,1.3201932599029376,0.11285343752294005,-0.7157053850274757
72161,1.3804107157883168,-0.5640927780527477,-0.33308936609485285,0.009418391739777031
35881,0.4011373405897431,0.35902850551825927,-0.4444297152480332,-1.0363962524482166
43401,-0.6242278862671141,-1.9090120322625594,-0.16673148535295057,-0.6286618750405137
2361,-0.5450905414805232,-0.509427064206668,-0.5974964399989917,-0.2896868986206613
7921,-0.4169378143622262,-1.3011577821321874,-2.2332351802716888,-0.6538400131432855
52521,0.9173040884888771,-0.25267197565733307,-1.7879118787145358,0.2509406125685917
31041,-1.6350460630518173,-1.1100636443972403,0.030197032351224805,2.0760715686588473
24561,1.3168106252208753,-2.0338684096108697,-0.41016515514655805,-0.28941506895628855
28721,2.2123626424596776,-0.21685393116653964,-0.5648267287343766,0.06380718116930342
27361,0.35683933349327474,-2.394851409839699,0.4961732449933211,0.47023524819987655
29001,-0.18637533446617616,-0.3044558618290243,0.9432347770532247,0.5590026435675327
41201,0.6173245939247279,-0.8480497425735093,-0.4294635534313843,-0.23080367586515843
54881,1.5509971122373754,0.5684493314644055,1.4465347995822244,0.7215734136909365
37201,1.2874121641420475,0.11767142176460925,0.25821974382443397,-0.9074050503283022
57841,1.361321785366961,0.9225904059410962,1.6987563323988306,-0.0969494637894234
62001,0.2212560355914928,-0.5724564730998838,0.7372910899951932,0.855636530463719
26681,-0.3595490079377803,-0.1617709680599287,1.5393275366852617,0.036002810904643134
55641,-1.742068008435779,-0.22218417111590527,0.05677547687648716,-1.241084967403482
38201,-0.38046873792730396,0.5142547820137661,1.967371924902091,-1.836901172077668
63841,1.0098018515236902,-0.16001063401605206,0.377692919994573,-0.060263688777920016
10641,2.1357494529235037,0.05503420365040624,0.10817551364670426,0.060749277842687306
361,-0.08697451864369979,-0.4922567234886839,0.20198619314973457,0.046533989641873996
63961,0.0719638775792222,-0.7656961625248918,-0.9129432007181676,0.11031974739575957
75641,-0.27299204516181097,-0.23304601930807137,-0.06970399592923208,0.2139438121940582
59761,2.0012888995853393,1.262355002753398,-0.9039291082609137,-0.26093353817804427
31321,0.06172438151468384,0.14161314349894624,0.4645992156015718,-1.7629692153997998
3081,0.5651795673968976,-0.5076600537578846,-0.6580258736677395,-2.00887655616563
47681,0.40070413811584743,-2.2217747041298757,0.26348609290287667,0.5970574322514421
45801,-0.08367871640651936,0.17150820676135323,1.0504733799368549,0.5073180728988156
6521,-0.9513018497105924,-1.7562184382691342,1.0215056726020584,-1.5410141982681809
56001,1.0309051962774258,0.17322467313330742,0.6733876778545214,0.7784894175105412
71921,-0.39856367938735887,1.0883809301572855,0.45554220616347985,-0.1003971168859361
28041,-0.4232268630856983,0.015023312283156245,2.0438687642902638,-0.3956472927641471
24961,0.7575702513589612,0.953034328291315,0.4757202108252467,-0.9640187844440888
76801,0.5811222085326748,1.0893798574475424,-1.439388470769211,2.3788199465445543
81,-0.5446234098875788,0.14094804319567333,-0.5668894607153951,-0.6081251059634423
24641,1.4255219876643428,1.8079466325848512,-0.18616675420869322,0.5365541536006165
4241,-0.48000329116686613,1.9140452768882124,-0.32958067702148336,0.3532681239367493
33161,-0.5711067415875366,-0.5622011916736056,-0.34675874461934325,-1.0353169418040669
48841,-1.649714676695042,-0.5596958171904038,-0.7216480480543874,1.4448202152383285
12561,0.4532902497919216,-0.351155955484926,-0.4825694255381711,-0.8185837440143864
20881,-1.3257559866876212,-1.9476965645260516,-0.6701604357497268,-1.7005322127139915
31121,0.20967584615716672,0.8495720358348167,-0.13248255769848855,-0.3141591206513277
25041,2.400576923509436,0.3749095775708145,0.13441022359614305,0.3033630854031301
59041,0.12132072620630734,-1.3842978907327765,-0.44639974582780534,-0.968398872071382
33361,0.4257613972871965,0.23908115286538217,0.00956431127767771,1.3687632300721357
70041,-0.8771070887881603,0.7804901873920884,0.06912419102094357,0.2199197718842612
37521,1.4530039809068662,-0.9411649162691232,-0.7192575827155951,-0.8238183132038781
18841,-0.4253600280088209,0.018604739893028886,0.7100702351336496,-1.4103818466440656
41681,1.0794563600118683,-0.14117470604347754,-1.6196273969745598,1.4472979775911556
13721,-2.1223208101943967,-0.911378908410346,0.3371235866164837,-1.360821154088233
6561,-0.3572238695107455,-1.2723097467637996,-0.18274766985539317,1.5215577115175087
17881,0.7149653615358987,-1.1938994060762467,0.6242180181313763,1.2214460379622478
15001,0.7157075013467726,-0.44878235064965033,1.146550989020223,-0.8954272708974401
12521,-0.3110766151798364,0.3117407163532299,1.329805426291287,-2.72601088989682
3241,1.35064300142875,-0.39804281490129895,0.25408688375240546,-0.7313335534746479
43761,-0.39795590770448447,0.7465144800362759,-0.49034351545048493,-0.17033172485289086
30361,-0.6860540369714259,-0.12958127606961248,-0.17396711391659941,1.115686517252058
55721,-1.959974780715462,-0.3647011257130706,0.09774604447081993,0.3460204080747763
2401,-0.0037320316596010875,-0.2039434653805176,1.5147527655821826,0.4963080036788614
47001,-0.05614399245915266,0.036726102609443714,-1.2782688384954157,-0.8945114199788479
33201,1.5288875756364686,0.6661820701516136,0.5607853580838943,-0.6822881775825769
51161,-0.2621746658399549,-1.2406060386916355,-0.2826303406455694,1.0267738554514292
23721,-0.7577930903663761,1.0032360826395907,-0.029837246425059142,0.8536863236073026
59481,-0.6668158814098718,0.7424888847137293,0.20820063397571056,0.0246853775516851
2121,-0.9294992238968299,1.4939530612149823,1.4652670282748632,0.46064922823978965
51641,-0.16778021616098368,-0.23453713542831894,-0.9948918971433722,0.3748966789690785
70081,-0.17692790571628272,0.6866958654761304,-1.0297200222861156,0.06359358496526242
44001,0.30452878358418406,0.7402038873681825,0.5753292457643505,-0.7999737097470243
73121,-0.49638811610346656,-1.4566903313258115,1.5494827475863615,-0.9441303070760251
37321,0.07690000017134097,0.9939847013334996,0.6960841486096281,-0.6132220900363308
60641,0.12911537589962996,0.9825166688065302,-1.083113426920329,-1.0387093304390622
57801,0.39238749345753576,0.21515454715781285,-0.8853467706028422,-0.09882762535504688
64801,0.58205240721208,-1.3408218485693948,-2.0739057192373527,1.5735231709321704
69281,0.023609936884751874,-0.44705268703509043,-0.6272620176254526,-1.3790645017238363
68961,1.1049756009296103,0.15735518142246416,-0.48397149652854365,-0.42157408084548637
35281,1.7815461788452307,-0.6382584995281089,-0.6098101577558822,-0.39357151592285494
41001,-0.5928448395026963,0.7218539030179726,-0.5163093370887577,-0.47928670504024773
11001,1.8105304121696506,0.6028619251919131,-0.33542530379728297,0.14116713530137615
12761,0.20367073908144534,-0.16783689656715248,-0.10893616233120415,-0.9637751571994048
64161,-1.3750883493315247,1.4022597466505011,0.12098769513159076,-0.2415185197102231
44201,1.362257935582306,-0.22926643717435746,1.7542078407589698,-1.500143625623659
61801,-1.506940418721937,0.8656331826127619,-1.2861926954769394,-0.6461506985678616
20961,1.331988241546545,-0.43107324243125106,1.2375246002111282,-0.6199433851164292
20561,-1.1415635841815472,-0.14420520050342397,0.41930072658070167,-0.48804286485094867
29161,-1.3619859028342547,0.9452973374124616,0.5902201118898672,1.2141718010513707
46321,0.22012797261325764,0.3547710965319632,-1.154755134623927,-0.5285109089274642
58801,-0.2608514097574146,-0.8843361497333404,1.1768563388564441,0.11858540379206128
16881,1.0521473801533612,-0.12020771588779218,-0.9457347310712603,-0.29943443271316483
49041,1.446892086389841,0.5179767938386147,0.7071342789824213,0.32787658767244077
62961,-1.2994759175784565,1.7096276415524474,0.11087425176751683,-0.003534588186638669
25001,-1.0179880375334203,0.15242758517182498,-0.3169237477634337,0.4230188072488379
55801,-0.724933297037133,-1.1990167787452835,1.1645407236946543,-0.816934608569201
16561,1.2198194348656106,0.9807554435305708,1.4530836777136262,-0.19383103188146553
47481,0.8739203394229367,-1.176547908249526,-0.18738505065863528,0.26745291668590565
74241,-0.417795981248067,-1.043481765543537,0.034148508455674194,-0.07422269824422748
70401,0.11237980995412894,0.07974365900914838,1.0416932158934318,-0.6868833847966599
41481,0.733968994219123,1.9949635818567582,-0.2636215821341492,-0.028098367553736993
27841,0.17756809514406743,-0.9523572044133858,0.3245414589220065,0.03851727670158831
72441,-2.199419310915851,-1.6619151100234693,-1.3554856215881734,0.3630743181638661
76601,-1.8137163198857198,-1.0494710860085938,-1.3681865417979755,-1.0702524544183518
15961,-0.8219212424791186,1.289591997892715,-0.6204170107599551,-0.8377795991078844
29201,-0.14021743783797175,1.443530598204851,1.7242836515677464,-1.1692209459188965
4041,0.8009421165394044,-0.9431987160722479,0.2975754503356125,-0.6714535957002733
55161,-0.6384571336840761,0.013424442827655517,0.5672884704509378,0.8521750705489916
49241,0.49988536100366426,-0.6796156573448686,-1.1071013623841266,-1.0221008085456031
16521,-0.4627825616938541,0.8879831054103082,-1.3988030767664874,1.0799757842710256
27161,0.6311074297818201,0.9685530838391475,-0.7013215812368718,0.9687299412117323
28601,0.7727281473856953,0.4353168039673778,-0.015560877314043962,-1.021467258276205
73601,0.3178397700981088,0.726306214861399,-1.44282362341915,0.34797415678108445
45601,-0.9979469313333186,-0.2577843323806326,0.984211165297454,-0.17754685288860445
11681,-0.8917148557943226,0.8193644534488684,0.4102660206609394,0.2636837918218143
2481,-0.6253809068512939,0.11623772726499151,-1.3453487025097055,-0.027920009154355798
74281,-0.9472378835854046,-0.016215476855903313,-0.06477925711422418,0.7028938136241938
53961,0.3115443375502067,1.1677157839702872,1.5304489492755458,0.4676565197299567
72241,0.49602900616979106,-0.15305199085034166,1.8724388110648171,-0.288571773407905
70601,-0.7235083181833886,-1.1406161328477533,-0.5335380056729516,1.4544005359828516
34321,-1.0609177100526197,-1.1096924268077293,-1.6516937446524316,-0.8403315657368375
68361,1.6089695065919227,-0.6322928290071848,1.2280039238022475,-0.6070643413388629
28441,-1.0203465623531438,-0.8862794172958742,-0.4811520356253813,-1.5758455484061147
59961,0.3170208681863707,1.015414533200186,-0.867987072288001,-0.417863020482063
59281,1.6574117254815053,0.5056666936219709,0.898408249808228,0.30096236227637424
37441,0.5057766709008861,-0.24151777157769483,-1.4202400051552586,-0.8099278823032368
63441,0.5627204713975866,-0.7931253295614327,-0.33704894064529856,2.2788518548351497
67601,1.0697821938169556,1.477688143778283,-0.9982803381262874,1.080604042210151
67001,-1.1104228727044276,0.9522015477279044,-0.08802910008702824,0.8118208822153811
21601,-0.9618918395371533,-0.35375852290937687,-0.13849678351288952,-1.7449012687730494
35481,-2.15402983529105,1.0003221375878328,-0.8327569176768854,-0.047850890445187
35401,-0.8273614241279145,0.4458122749197351,-1.3243613784876895,-0.8466808633197375
74321,-0.7064493362684856,-0.6788693581545354,1.2899205049494968,0.09621940013325024
56281,2.1214056049364567,1.1421388159063868,1.578353013752406,-0.6247140694487441
60441,0.9805761261204653,0.17531761407196322,-0.23500648340226366,-0.6114960041709745
64601,-0.10419485725756736,0.7085454074842028,1.477693147972001,-1.0324530892790336
10681,-1.9181578471444103,0.2597960034030796,0.34322845190080986,1.3061785040489393
601,0.4125261771683894,0.4389263009299447,0.3919312663381378,0.38168586971151736
77081,-0.40836735361926474,0.09486550278617356,-0.3515547896480021,-1.5986116388235516
73641,0.9888259217152602,0.7253610203724077,0.6385113729000006,0.6202193991873945
50441,0.735378022012255,1.6273554184051688,0.07499131100935934,-0.3240944714676803
22481,-0.7030871078315161,-1.082431738370289,1.0636988136440437,-0.02020645174759391
70241,1.5066425211015555,-0.8295576753970232,0.869745456093795,0.7446541043015482
56081,-0.5883320554122043,0.8083738954344627,0.6025259464417595,0.829555385931076
37481,-1.0770618653089994,0.12317092038108067,0.9068522777019397,0.22841879331850343
66881,0.044892895905383506,1.1079078250488597,-0.8861338575450087,-1.9469128309218011
54601,-1.7996169978765841,2.4247161917345217,1.9267049562535683,0.3221563104896216
26641,-0.16616223050670362,-0.815464769960035,0.8609314184545853,-0.9230291959065343
45681,-0.5557608163392277,1.3042712641228067,0.2689701348865832,-0.5028354492263539
41961,0.2530301546349996,1.084471700232813,-1.1007388749661549,-0.5531199179171343
4201,1.2718890961979732,0.43247264250104694,0.6178616105277981,2.697744467847149
64121,1.039495603335781,2.1105791220554977,0.12938250384733377,0.36045660281326597
62761,-0.13139652434668408,-0.12803120241583013,-0.004845298462227213,0.25025299939814677
2841,-1.0206706091379552,0.9681785480763038,-1.4193115872038502,-0.31843439456158673
71281,1.7251975771942427,0.16136754787134477,0.5816853960129931,0.3390650610624537
41601,-1.5207758231574324,-2.535566775114181,1.4403266615750863,-0.6779025194564796
66641,1.0649362852167727,1.6677447922808197,1.1992893634016117,2.3559008691413723
67681,0.9257942997591649,-0.37829892370860496,-1.5723662063511548,1.1902400300992493
39361,1.3335450694196858,1.5250300444613896,0.33992604958740935,0.23816704659675775
60041,1.3704763729832883,1.2863041322471307,0.3732966240925047,0.7273407109198651
51441,0.9110616333752293,-0.9392635679221482,-0.19415073634540947,1.1298511841882743
27281,0.48521943612004587,0.638980218312033,0.7007296729856254,-0.08626057304884632
38681,-1.5874081351173934,-0.48979986313380586,-0.6409115178420333,-0.8577765096069082
25241,-0.42949538831706185,-0.24755422171084743,0.5397363978390974,-0.7496918296326601
11161,2.7284065644089557,-1.3722277505000673,1.1387834675611475,-1.128854797511353
23201,-0.7355275881852966,-0.5138645318815861,0.7476401687033529,0.7753760394802856
29601,0.39589298970252595,0.23047837747029945,-1.2736629498205208,-0.1918648331791983
20481,-1.117411009846028,0.650150828103217,-1.6755902998372578,-0.6501528976461382
65081,0.7590936607902605,-0.7136813109047383,-0.3207550465610203,-0.8912643899115512
66481,-0.4989975428050428,-0.24813619772248338,1.1206221625820416,-1.414663770125095
12401,-1.87163537686164,-0.24074704856055953,0.17050896419910302,1.082215482559157
31401,2.1223618884344733,-0.6948646289131036,0.1901386100453392,1.3309426288940316
5001,-0.9501992248869998,-1.78053062453197,0.7864908754730328,1.6906146970078249
70321,-0.6600437989007658,0.15694774143938983,-0.3399960111940871,-0.25127633734341803
53761,0.35118072740197936,0.3457465011212572,1.096059767052047,0.3507433931540727
27081,0.04595803615741711,0.38180426789659344,-0.28201893911450104,-0.03733394202751352
62081,-0.23669221468350196,-1.4592092249820505,-1.3686575617575376,-1.0429653463193427
6841,0.7595111583872637,-0.5359937963910338,-0.6972210418841834,1.755174374923768
74561,-0.2572687779865371,-0.5345816644005722,1.3891230710067355,-0.15292013797367343
15041,0.5463183652736344,0.2963245284363372,-0.5158057487658033,-0.4000843132293222
10321,0.6866579562756318,-0.33408269311706995,-1.9479483474627806,-1.065597087772856
31521,1.019688819508104,1.2733493485900071,0.6060910200954193,1.4191065009976607
14481,-1.0710997693530733,-0.4142004029218076,1.8232579942104752,0.13458607519937257
74441,-0.17751378248486388,-1.4756142017035148,-0.02917028419206351,0.38293286846739594
42081,0.10160449095492821,-1.1559610502474005,-0.11010608532234888,-1.3496013032777985
51921,-0.6002879607416097,0.2071036090870389,0.44267585735828363,-2.6097638461495847
39441,-1.3854578184141286,1.2759910828307601,-0.23692239769575857,0.33169626324666335
19641,0.2625122626968314,-1.4324943705662903,0.547034959804382,0.00926932656343378
30841,0.00146727844106533,0.642158227541783,1.0134903661058816,0.5432419709922363
39641,-0.6276934092719706,-1.0904092901901865,-0.9182525641492845,-0.6177119325780931
68321,-0.06336874631854328,0.2430842037303692,-1.100739418486141,0.049436306473555486
31961,0.1138534081915389,0.7020947576566332,1.2349161326896767,0.0029396568590501016
76881,1.0007395043001255,-0.750055190095985,2.1082516114211223,-0.6308614698665345
14801,-2.1286029436378637,-1.1706503729810498,0.7549382286442223,-1.3647850911169999
76521,-0.9677245321753623,-0.23310459998115723,-0.8852722791378108,-0.1016794494493374
12641,-0.21642863493950876,-0.6877892317704769,0.07940075494829486,1.7769906423140434
74481,0.022606447720375237,-1.9575419130571798,-0.8690832595702366,-0.5948349579941932
65561,-1.2755090351552743,-0.9800768760358846,-1.1759373017442234,-2.4805662911607165
61281,-0.7041028706425698,0.4595531077362721,0.6882294414022891,-1.0393706655119017
69721,-0.19720216051859749,-2.7109425593335956,0.9134390442079896,-0.7774081281909024
75561,-1.875047094721518,0.8220242664348215,-0.6233434653092366,0.6113092627070685
961,-0.4362580637721799,-0.5758427384086162,1.2286853463046064,0.35254059609940297
761,1.1379376895877804,1.0681646831297296,-0.23224957192647575,-0.9142659131700055
41761,-0.4645531581926955,-0.8698902080031474,-2.270579249898672,-0.6668750564383021
17081,0.5522237485178788,-0.686743161179641,-1.051673460516686,0.6828620111385447
60161,0.12074748319150726,-0.06842805851834413,0.11722596023025768,-0.1239095873742248
28801,0.24980747774907217,-0.26283155277696285,-0.24138162549731043,1.6485145265116972
27401,1.2911892210708795,-0.5887797685401357,-2.1254684091766833,1.326447854082638
30441,0.24718992732285136,-1.421518593287328,0.22376152016981865,-0.21889146644998395
75041,-0.32764433611728283,-0.9146503248730764,0.16916563297982043,-0.4924891122153411
38761,1.7015383263253931,0.22933114554179615,-1.2813345474927835,1.2422603589609877
45841,0.7180257849935083,1.7975719780497623,0.1130005449973962,-0.6451345264275508
62881,1.2674786438615724,0.671470446657426,-0.46621063413243274,0.8149138872784386
10801,0.22843615498890996,-0.30461119136472475,-0.7349501394064052,-0.37120610209385674
74201,0.05042984491710946,-0.591936252922267,1.6849536241087957,2.2514251817469417
43801,0.0881061170619011,-1.2916285239248793,-0.6610212277216966,-0.3458671453641688
71801,1.0941988826983686,-0.3669115443451711,-0.9466664888345976,-0.22478501075633162
23281,1.672172557977994,0.8679650253778899,0.9960226345069774,-1.1599353074031977
33081,1.3477278495775733,-0.9936119636197193,-0.6958618373694625,-0.5169614997043996
72041,1.0637949168890286,-1.1697084002342288,0.11470154792065222,-0.33653374026690513
72481,0.9817417822857023,-0.11650168749783484,-1.169134093995159,0.8031853291528658
44081,0.6986792485384521,0.637458905873392,-0.08769212278272523,-0.5279023956621106
27441,0.8487349320149389,0.26822660729454023,0.32637384065948566,0.44377798037253896
75961,-0.26377062658889416,-1.7268588344753004,0.05717812997288507,0.716434746233822
19241,0.07787074809179365,-1.7387306230083504,0.6099988387113737,0.9257474689308237
16121,-1.2482573405308515,-1.3652862225794666,-1.1688063119356171,0.8688539378275064
24441,-0.36638803980342255,-0.1539080759218687,1.4879189781400874,0.32824721970992754
17201,-0.4183704429264925,-0.4433152384151158,0.11252873178139937,-0.8923737586202113
73201,0.4317288570792586,-0.978878576014432,1.02181576929704,0.30892487379471106
15281,0.3263438991829933,0.6496105293865546,-1.4363205069688354,0.0786090743619453
1161,-0.1627975613101867,0.10910059652418722,-0.15719910992285133,0.162137722177062
641,-0.1300292856195427,-0.5797868135770087,-1.1948118848954208,-0.15721353047752207
4921,-0.6341636225389177,-0.20811161900387348,0.8032509104259641,1.697990392601272
4801,0.5223796198006415,-0.7067140861208123,-0.9342183151014962,1.3161328694593186
8961,-0.3165546193822982,-2.0372326398601657,0.05422372777376904,0.914967582876794
52161,1.2757270472710331,1.297154140230356,-1.288246173442078,0.21673124851680145
28321,-1.3855214126593958,-0.5948966614677015,0.2089403739029747,-0.9985417235143249
57721,0.0639355745644676,-0.10737162462138694,0.15144749392863963,0.4306667897064447
13121,1.2233120533847843,-0.2281104958764149,1.9171621406095143,-0.3765180259646067
25601,0.488397039364703,-1.3302800239709494,-0.6937110228248067,-0.05027306470588458
70201,-1.0426142221767238,0.6077848678135255,0.3602682633731809,0.13633681282669036
75761,-0.19048592866367864,-0.5501577191719025,0.5764792754867644,-0.8265261391909128
67041,-1.5921771975768473,0.9047000621530074,0.4758521782800281,0.34538563984370557
52041,0.1548830278210218,0.5678182681115185,0.07445094293214403,0.5554505708362869
38081,1.0211710179963207,0.24916222723197656,-1.8632544209973518,1.9421454032763599
51401,-1.6880832255561653,-0.8576100295423968,1.1797858471511338,0.10614422595201245
46401,1.4220409953253397,1.1478347135962996,2.134566570133255,-0.6256646689471206
70001,-0.04149597176475832,-1.2954454637772108,-1.1126577201075107,1.083628521244191
39761,-0.3616871868613613,0.07678945286062844,-0.04292993382900111,0.4681993636472741
54721,1.7692324292224024,0.6446917179647136,-1.0751362386948182,-0.5027261996217067
18441,0.7986776031964156,-0.8638640906734969,0.786650097656825,1.1576559363632724
22601,-1.5956249224301065,0.7915727909286135,-0.2826016425262005,-0.558224807308119
20281,-0.7074500921102383,0.6194539916314997,0.10420686332349675,1.045958017263076
7001,-0.15492754562285674,0.9873982987641976,-0.10089884685970701,1.2316097208965682
30921,0.6604160172104004,-0.9202983940812872,0.6416089247936947,0.6828561928680166
35081,-0.8356717913595925,-1.427446572080038,0.34195701582045973,-0.35089417557517105
74161,-0.7054024949862646,0.2846404580182505,0.3843168631591319,-0.44351262290428556
25441,-1.6897008018572173,0.20385854670079054,-0.2926648938468625,-1.553796665470399
47561,1.3476728087444296,0.5799760058212917,-0.6726195271270645,1.1712849014573528
51721,0.8485837321732427,-1.0296031328837734,0.4274431075125682,0.20418264860725685
15441,0.1160738875645999,-0.0950780415761718,-0.4725512912981676,-1.732885027187208
45201,1.67200182165115,-0.5084425739285154,-0.011758663954002217,-0.06577789240577943
23401,1.3423530440533415,1.7376789743820287,0.12232960427313773,1.064168138070313
13481,-0.7959919872476645,0.7154461365224268,0.9174231247952496,-1.9558222833412082
27921,-1.7754237129537689,-1.586502690646112,-0.11345993360532568,-0.8301428705406995
72521,-1.4736632575425528,-0.04868232588348321,0.21217784971123257,-0.23743316291952668
36241,-0.054595323566953104,0.7179540396621295,-0.21165540410119565,0.5794391289077939
21361,1.35731626854747,-1.5472811246353533,0.9192326208334924,0.18330361452000205
40401,2.0803037510807783,-0.25361397372037947,1.503476800839372,-0.36567490814331577
161,0.7154661180733217,-2.2793407572464925,-0.3226850736065478,0.9712224693052609
70121,-1.2599415037587962,0.7979180552287239,-1.3201549428787243,0.05847369083512614
52881,0.7046876428676082,0.10183918892318788,-0.3671502843168907,0.41531297730931227
70521,-0.3309011059318007,-0.3593800966977132,-0.12518861297876188,2.217204817009864
16601,-1.7083833023699069,-1.064749470259206,0.15046043728598488,-1.678897995436741
61201,-0.011815939773616346,0.7552134006540697,0.5061143296706431,2.2195040205564154
8121,-1.0062060704334794,-1.4775693791612714,0.9523237677805418,-1.2873773766768866
58241,0.35781530663604033,-1.1125564660374045,0.517578909061048,-0.9354378496544647
49761,-0.12805489327700584,-0.5412938918579911,0.2522726383016905,-0.02280875384292458
68201,0.4739129045197263,0.19154650603985732,-0.12975983852630327,-0.2862629856580335
1121,-0.7931958243824768,-0.7125324582061476,-0.7701079890923898,-1.5830485252982223
45961,-1.304718567113554,0.6387411340934983,-1.3978144731019795,-2.201552558183333
50921,0.8958995930120294,-0.5340245608845564,-1.3464821077988365,0.05832145119612737
41641,-0.6548881085901027,-1.397720821014323,-0.3426493650622264,0.12765428408984372
2961,-1.0340612800376847,0.14945830463697324,-0.4173322015560823,0.17469768893573115
72361,0.06705900731493822,0.6819040427161455,-0.9306487949581751,-1.988176574278452
30241,0.691803323832505,0.7149102659389357,0.46949758884084125,1.1687185193320704
74841,-0.17694189135354937,-0.1547852732453462,0.43924010838113,-2.3699553694033355
73881,0.8488893187156694,1.257115601035941,-0.44087573494382537,0.25275110635774045
41881,0.13520590875014704,-1.1636632989274145,0.25176789343572265,-0.3170404676602207
51041,-0.0686349017864387,-0.6379111262914094,-0.8199669047698313,-0.44834893425153755
14761,0.9013487134023602,1.1862491528155181,0.4197878564901155,0.2564721551309669
2161,0.22367728857548858,-0.5649653405479793,-0.44004008331913025,-0.28104985705096697
68081,0.08992377414148216,0.669736455249342,0.5136969973075078,0.8278275984899106
20601,-0.688989604310989,1.2229234605680672,0.10216112575255804,-2.053498426187963
48041,0.008700879020502702,-1.8080722503049702,-0.07636229231473438,-1.3386893098222405
76001,-0.5754755396955143,-0.404214000336684,-1.1473713927469356,-1.7376641350995237
39721,0.37528989860729167,0.3337721121413435,1.091705227829295,-0.33737331064373643
43881,-0.8735119744371381,-0.31180952496270875,0.05716839328775529,-0.6891960425154449
25521,1.1365046691718481,-0.028673475721766643,0.2655785342386624,0.6358929125958023
24761,0.40863065250247005,-0.9043175075220421,0.20877250202945927,-0.12621510944464703
841,1.9406361052094039,0.7908740828137297,0.5924781349685201,0.26798809475311364
3001,-0.9169394632156654,-0.40757710405603154,1.5910985195842948,-0.3837266081623261
66401,-0.4953557225098549,1.2094740723943829,-0.34017012313201145,1.1419134720750406
73001,0.0009011666262270812,0.6725451225645152,0.10788572254110056,-0.06504231614926534
77161,0.4445315013022101,-0.8722498557922919,-2.567259170310538,-0.798996463293413
62401,1.008931144087719,1.3153913009907154,-1.6370185724880884,-0.1680551995949914
4601,-1.0839708243061792,1.0375523809786324,-0.11084278730746544,0.4699468093894054
65121,1.3716899193351664,1.279178710472988,-0.9659011904408786,0.9479567929473195
53361,1.6091718131654928,0.046392574639918124,0.10960606324619522,0.11607358387924821
9161,-0.41636938966912235,-0.07090906897056298,0.5926057674273638,-0.5000561566793699
70561,1.3018889588161204,0.4991459293170896,-1.852097747915146,0.33626298593597503
61681,-0.7129045521040126,-0.6193657128731527,1.965123197835198,0.017856512127766542
50561,-0.17935564717750477,1.4982627131311765,0.42090114977778964,-0.02953317816867031
65841,-1.967068811769299,-0.8447006372640585,-0.023361432158705925,-1.44278398522932
29561,0.17340051115247224,1.0901356473105028,-0.9163335473950448,-0.9921075464222193
68561,0.5190223500201228,0.2506778562469156,0.20336219033891437,0.15076133591179702
9881,-0.4563145801759587,0.032434519075602686,0.3334179182472402,-1.1664327598119102
37881,-0.497018837265845,-0.43909698762846205,-0.624214318840692,-0.19811908758378433
66041,-0.18570114437396149,-0.7246398811030773,-0.5297294763127941,0.4049816095507282
46041,-0.5857061408300808,0.8824950066352882,-0.4439630205102753,0.0833997380314791
46761,2.8620900893917938,-0.6641388212310938,1.316069093792443,0.7079626259540875
14081,-0.6110622641232262,-0.040026706870410676,0.23982289137005833,-0.09649092017642898
18241,-0.07041233646571501,-0.4050598459769334,2.7750800912543125,0.4742123965778352
33761,1.2094775296148172,-0.6020933108002836,1.2690967929711907,0.5764955518257114
71161,0.5201084517863332,-1.1479502534371187,-0.7380421489202382,1.7041234431733197
17841,-1.1003806477221965,-0.5189029191442315,-1.1200290938892754,0.09548964299713092
75321,1.5095404786784907,0.5042874962657914,0.9253751377059286,0.31774055044452637
14161,0.6161974736715891,-0.8391714774032594,1.0427894933254112,0.6719576452025777
39041,1.0271075787096215,-0.8520929487215579,0.5579778387575212,-0.9476359102119297
52201,0.14773396005793224,-0.25034933681167626,-0.2521731977639495,0.28850381248576096
43201,-0.15255643525175638,0.1981290270294591,-0.2173006718102157,2.0313449427515318
6921,2.2613415145553004,0.8589393290209318,-0.10820214112491017,0.8274219786175167
13081,-0.1942894704650346,-2.383004553362612,-0.682799666335575,0.7619001716604684
39921,0.2404790437318435,-0.4881596879238094,0.35441971171248615,-1.057295171249349
19401,-1.2069580674555214,1.8084072172992314,0.022855082755144335,-0.21261979109105633
59841,0.677542088915142,0.5245793579446881,-0.2805856070529985,0.10504822513518154
49321,-1.5532096347800948,-0.7165743838634538,1.8783624310293243,-1.7406260504142743
17401,1.7988926750415368,0.0156670951528322,1.521597746002946,2.4040124529324784
27121,0.19097966950684334,1.9434657538239732,0.32942192665206727,-1.179024551218989
40201,-0.15913057323449975,2.215678264788222,-0.4000272464799778,0.9273840735071336
29801,-1.588541948457157,1.3371496511451033,0.3830304079101729,0.9729047933441631
3921,-0.507082403196697,-0.3662238462785588,-1.1376336445601856,-0.044815618418801745
48521,-1.258812565414478,0.945341007113614,-1.4376833906245066,0.6957168374882192
15361,-1.230858893891643,0.8841848120947531,-1.452313195441753,-0.8572437374508263
12241,1.3520869923116985,0.1796914360819437,-0.4856909528294282,-0.26359570780130115
56841,-1.2600796350956651,0.5922681356117337,0.9183285632568875,0.17769540542155457
64001,-0.2247803441402856,-0.2682434636593132,0.5996265117794837,-0.5438256514589278
24721,0.06584053336533129,0.2861145516857574,-0.4850901302612273,-0.04041684943527517
74761,0.5564547144032389,0.32940230705085843,-1.1960516168028306,-0.4849635273033376
33041,-0.2574305130070105,0.429452305618345,0.5165246494483262,0.20359730220714686
921,-0.1293499790933054,-0.3855800003615808,-0.26964433737577403,0.5501589052419437
62481,-1.6567716693973777,0.36455683823524165,0.1379820839826448,-0.31642710355658465
5081,-1.2206053551034286,-0.5132881615244481,0.5433309557485961,0.9523707080630972
9241,1.2700201820664674,-0.7136150421198513,-2.2965132005815576,-0.35061889275061203
35441,-1.3555716367321422,-0.22044852589080302,0.08810093803291151,1.0304653257357999
58201,-1.1937297958075683,-0.8907859420924686,0.6659392415568783,0.8470915208445514
58001,-0.6300753494279895,2.6397032022441755,0.42036239730783753,0.9150406342283758
70681,0.15239056064771514,-0.3111613485700361,-0.12811582098641308,-1.1840699802149872
62161,-0.5199948706863835,-1.0424971132460197,0.25777493148819697,0.32785081578511166
66321,-0.3106105993133727,-0.18164362939086157,0.07988197211353228,-1.113873666490048
45321,0.020983791403843016,0.5604341824702297,-0.08968375242641503,0.2807604287976275
74641,-0.8073630283884698,-0.587004844979875,-0.9785050929659579,1.435423219489078
37921,0.15423937881064903,-1.131423142449018,-0.07992277811563703,0.9676996664704217
44361,1.6240356765935016,-0.8040350735761125,1.13835725230594,-1.0140897869744225
39601,0.44178247226830564,1.3560753507830758,-1.527754928542909,-1.0388230221803618
46681,1.1763424342489717,-0.8291624237157725,0.8653394283006155,0.42074492055016616
67761,-1.4380157337435735,0.4250711046489826,-1.1722599493358574,-0.11486615065287015
50841,-0.8064707852199197,0.64028591293835,0.16497515816805353,-0.22985837331501527
5161,-2.066881709891764,0.340176740421182,-1.3973274711016033,0.5800392961221192
22881,2.0001456793074284,0.45641462674964034,0.4316124886442978,-0.36702830269095155
67481,-0.23566981473479232,0.8597422533887361,0.1108310019175102,-0.5862797608138227
54321,0.37052988394933145,-1.0876858954103938,0.3230469838488115,-0.10057412853210183
71641,0.9051914436495792,-0.2742929247527129,-0.7700749258192018,-0.1958348090495956
31201,0.09385098566510934,1.5506529237838351,-0.1517249403301437,0.6178165960171904
75801,-0.4105137052655256,-0.8403459803864783,0.22498844512455643,-1.134352305650649
31241,-0.22265003135136285,0.019836125827542527,0.3714223643601676,1.1187736643077701
21561,0.20567663448831716,0.5091634046321554,0.2883326384317104,-0.39552475409229093
47841,1.2868707923448806,-0.4277417460801729,-1.3455954154705647,-0.08395098163246471
11561,0.11695950105466979,0.07526753802556002,-1.734332890957595,-1.6689258651319898
52681,1.125479332022731,0.34853391251574156,-0.35687727381144385,1.0695744712040973
15721,-0.005059555873052111,2.3216873059180507,1.1277295473444033,0.14595507842336464
29761,0.9477072058115328,1.420190225844135,-1.4017647627985448,1.5126156102747592
24041,-0.33931346299770915,0.7542495130664634,0.18885902970956167,-0.25632773555396604
68641,0.07401951174016323,0.4936944325516589,0.44670376403621526,-0.38236097276110176
56161,1.6235016976548273,-0.282850333533339,-0.11209188240386636,0.6549742990233105
58441,0.6165319753676843,0.8995770784356591,-0.44871054753356576,0.7827932854132131
40681,-1.4029657078273452,0.37176357675850896,-1.315950798462114,0.1417212536121972
75281,0.7108301695514962,0.444972735943032,-0.4520025318245843,0.5912592919033648
56401,0.25625857199545465,-1.4232755669576203,0.24214639610811492,-1.3080991520526692
4281,-0.11859294064924011,-0.11236963914929951,0.024715638112220925,0.12944402600660218
19361,0.24891493461429326,0.89130063748497,-0.6341357057967596,1.5191130449339239
54361,0.6975684197540445,-1.1206326572187915,0.42693527490672917,0.8768191293898119
73961,-0.907370645429687,-0.922449179216916,-2.5195481972085556,0.5788313625403824
56241,-0.32734196139433774,-0.31011192186068137,-2.1123688549206716,0.0021463183576929503
1401,-0.5987892683875397,0.3443673517962985,0.31871914655719846,1.3816107010380807
62561,-0.36854300762656944,0.7518658341532971,-0.3951149497054134,-0.41683958134609866
13881,-0.14304234176863753,0.8969762718237246,0.01809305757572463,0.12037982995336362
44561,0.6397364661346316,0.1588145800774016,1.4003474431530765,0.694138688961024
70761,-0.12874350378047184,-0.629238954316627,-0.4559288692686902,-0.406540023894471
66801,1.2139470910055845,1.4626178209714225,0.028182464711022603,-0.3031901894171263
32441,0.03908326226660259,-1.0965832988451654,-0.11833639815256279,-1.0461838192088952
44721,-0.32719940987275625,1.882032685917783,-0.5211724793056979,0.3017589990066822
58641,-0.05525300810778083,0.6279309978712568,-0.8188320645374254,-0.7171413210812222
27761,-0.7820801805156742,-0.19376225328537802,-1.1955249765803577,3.740038336955375
47161,0.7777802467983572,1.4136323570808451,0.3790714979074535,0.7782834557952979
6721,-2.0719536400175267,-1.2030144674078038,-0.12336255231617715,0.6926483395175659
13161,-2.509824503945246,1.2079995758302557,-1.4671675810134328,-0.6292936392158406
5241,1.5387055341514713,-1.065003354493629,-0.13980355272825937,0.7609922855041978
53881,0.4655933147887182,0.5290895490495564,-0.9886958470634976,-0.5770023251781595
59641,0.13317250932833777,-0.7535063632100049,-0.3511803444878556,0.8789177853276265
19201,-0.7787524198300358,-0.1520871270613439,-1.7827985056942792,0.8659323687222019
7481,-0.8427823185112943,-0.7784059712791966,1.4535216445121346,1.6013042308602092
67961,1.5221874192037423,2.1981355919346406,-0.24697662135123527,0.012193010675133729
27521,2.360239164879012,0.4986983433746265,0.16262951036252116,-0.7269068583943884
64641,1.1065417471066368,0.4375690329297698,-0.6206493584900141,-0.40360810187159796
46201,-0.027108395163495818,1.123434869302981,-0.1870973082306438,-0.6708213831551407
44961,0.28542333264160047,1.2018031635685442,-2.458922433321643,0.29579374241969375
40001,-1.1641996355274886,0.20510944186262006,-0.6533187063828306,0.29402883070632757
32961,-1.0338153238450756,0.5585292138828954,1.0628588764370295,-1.0847658638711748
3721,1.498010424193252,1.5097120340200385,-0.4363258236323257,0.13248952884606816
21641,-0.09434556214731932,0.2612470873335302,-0.5161331176194348,0.9352813885815603
48321,0.9399016847224281,-0.031599325056393235,1.9872508577586028,0.7922966107280182
56641,-0.22633609947224495,0.20557408067082344,-1.2502767306739695,1.5420658950153114
60801,-0.9015332738780469,1.0000302578933662,-1.4654597773782585,0.025388109279306084
19601,0.5663233022942366,1.454715339243947,0.6381275917328152,0.32582317389251214
64961,0.4799450244670245,0.9519133013510563,0.9474799672028041,0.7998984954866898
54441,0.3274197859056763,-1.0531417327256076,-0.7826812294040254,-0.0620975791022245
73281,0.44055852565414805,0.7571937381496752,1.6396690617325183,1.3857924747908197
16921,-0.6819236633575453,-1.3338372704541912,-1.1573516408655444,0.5759732187538493
27801,-0.8264877200811847,-0.9549202933890819,0.3034083364088112,0.23450317222687986
4881,1.054230912430313,3.3806419772624836,-0.9587132102254365,0.34325218408645447
9041,0.3370406123155206,-0.9140985982634963,0.03842311080586243,-0.14370298354662994
13201,2.385318043556442,-0.7380201906996852,2.428944864184297,-0.9921674343932825
5281,0.5478525404325463,1.2485511560366325,-0.37968538655596773,0.7467683194687745
17361,2.3050573499742217,-0.6120265882493137,-0.22101962165016512,1.0031338410377904
53841,0.14087204662917457,-0.34329795752281433,-0.5936426369541862,-1.2596120095568368
21521,0.4039102247682864,-0.009021635891987182,-1.417569043099563,0.6497519641979942
49081,0.05475809855097375,-1.4637730411821914,-0.07314882856047021,0.11741318953884952
31601,-1.1166937123004812,0.5587135242404134,-0.8723561884354549,-0.5302265440707326
67561,0.1006889592081143,1.1223843743569035,0.7556327951088757,0.6868708170840148
64681,-2.1419883039047765,0.7464485151430644,1.1417188605526327,0.06653207256212128
1881,-0.33093340299100227,0.2884676055881107,-0.1097888534621402,0.009755447353861857
52401,-0.15948087014238121,-0.6838415915786421,0.5241508207634631,-0.9854756336126921
50641,-0.10484865155142141,0.360883412987821,0.42636549081898056,0.2055359102961372
54801,-0.38176668639574124,-1.0639157324815482,-0.002757488275559868,0.7859851535590336
58961,-0.7989807072779976,-0.6345157584235296,-0.3062113032964178,-0.7710055293768203
10441,-0.19672088864061318,-0.7906973267076952,0.0389423317405509,-0.9454542184387615
50361,-0.8429273331724596,-0.23777697474126236,-1.3870112798014969,-0.5494114234273295
71441,-0.20122378266254418,1.1221674053058903,-0.15224139957833324,1.4869419241381465
66921,0.8597550260011315,-0.6741967263156453,0.6054129534777895,-0.7059196725775582
58041,0.002701681507615882,0.16413911880419216,-2.009056258001885,-0.08831367385862489
17601,1.1997289984789392,-0.10457084926174547,1.2203061071999006,0.6878154045894938
43481,-0.48264880054996306,0.4349484526501608,0.9913613486335112,1.4298490936990769
3041,0.59033704317794,0.07379475636346608,-0.19853363991658352,0.3563640803574601
47641,0.28141420496690983,0.04940583715872284,0.7183090555807756,0.26746442698730766
73481,-1.560216062559285,2.5839469146045326,0.6518152264810604,0.4239664329569396
51801,-0.6181076301824872,-1.5075722505012168,-1.022304281559166,-0.5707746095639139
35361,0.17159613639307197,-0.49977920855460817,-1.378066260872524,1.0351125985544298
55961,-1.203506784365832,1.7801238298507929,0.8299589843868194,0.11041705345379904
36041,-1.1296337374553516,-0.021434729165019144,-0.21673811751366426,0.1495061420938129
64281,1.5671327087421179,1.0862776425225664,0.0028341249398672725,-1.969267331088537
68441,0.4707188941053418,-0.6293886100780886,1.403384087523132,-0.05920689999474823
28001,-0.43461736593221195,0.3991940961267803,-0.08028314940705042,0.20068998954638986
72601,-0.17310802599553665,0.6833622109059359,-0.07389106248905702,-1.0106367996729408
44241,1.8368342562650928,1.7178974368264455,-0.323706258044194,1.2153439387189804
76761,-0.6212911821797468,-0.4599307244429602,-0.6159271105203297,0.2686100556483564
36321,-0.9963949064357823,0.39714454476017425,0.4860172813528695,0.2795233851160393
41,0.42735193744075106,0.8476421832061666,0.5186502753969593,-0.15292867915782585
6201,0.5061844826197991,-1.0194263140960034,0.7632077833083819,-0.5479517244468586
3961,0.981539887370827,1.502205933700488,-1.7237990116322175,-1.566196055653604
10401,-0.6817269604284811,0.4211043753300486,0.04019938721778209,2.3209507157987797
72921,-0.05966394336348704,-0.554600410711063,0.4222399859932287,0.7936881679661768
52961,-0.26130975040603827,0.8430446667428921,0.49709447983074007,-0.6565962563410446
65721,-0.2715943013914698,-1.226734197036616,0.33412087645914607,0.982798690869586
20841,0.24226579532051948,0.7427298653787301,-1.2610979057691358,-0.9429847657713057
50401,0.6357832095571644,2.240020029081899,0.17989216665112145,0.9983752544325827
34721,1.5429616093923346,0.0165517676495343,-0.4991129851007836,0.3334269066299933
64721,0.7022548427133247,-1.0609137638590136,0.8423526046299644,0.7783953186310115
1201,-1.1413364208130694,-0.7978372239421486,-0.4704258771698793,-0.2276484938823444
5041,-1.5679321442781464,-0.03689726072829002,-0.8031984114079331,0.26346081984695274
23481,0.3890389788850059,1.6295145471804415,-1.0495946038251271,0.40008088202947334
49961,-0.3650525527631302,-0.5702150583024813,0.4349249840499961,1.0265994109606966
13681,1.1607109668331919,0.20476827315230164,1.278491208305937,-0.40179661292692365
36081,-0.9287031423526327,0.344772622501006,0.29364700848072733,0.026436606744726667
22001,0.41865085529931023,0.0480882023976993,0.21034551965527493,-0.5917624153243264
51241,-1.0629763889172483,1.0534603058497338,-1.0983296348929301,0.6592277822696831
28201,-0.6764778891368621,-0.20010194144068133,-0.6101184873259182,0.5643308834829712
34041,-1.5875197256065439,-0.48125656317536547,-1.6520550254066837,0.6487941784633867
38641,-0.39266508232279906,-0.2777847639767272,0.41967493520202276,1.1408553697604977
42801,0.302598666183054,1.309099329098277,1.0786584522848133,-1.0646776518789198
48401,-0.9752592038041715,1.0202040758668254,-0.4211056033690832,-1.9608722286115563
46961,0.5190710936947376,1.5899169611551853,1.3107021042415141,0.6633909743127275
42241,-0.6438035597798788,-1.042917386222311,1.669598586267486,0.95863511150888
55281,0.15330540871780027,-0.591117389616359,0.3452380981948307,-1.2868298255824253
17241,-0.5897014703915584,-0.1741993919541382,-0.5365213553105423,0.14753512873949517
22401,0.7761681343798666,-0.6337982435236559,1.4233105094166907,0.5612718913522932
43641,-1.3726511164394055,-0.8307098016045941,0.4075312639730733,0.23884139616958813
9481,-0.5624871401834918,0.9615319647054001,1.502454428808108,-0.3289227154551591
31481,1.5870762146121087,0.7718756661918158,0.003301374329082691,0.9461172703858219
35641,0.8750894063758917,-0.7044936807576693,2.5743935234873394,0.9649015010733029
39801,0.2904570691153173,-0.09653399256516018,2.440782805755371,0.7750753452660809
50241,-1.310298536144588,0.9188332815643526,0.592114372802041,0.6251285072911088
17681,-1.9556551606220132,0.836666660903548,0.6771977820223083,-1.518493434085457
45481,-0.5929042886767768,-2.9509781177440693,0.4471742192637636,-2.6773614723929393
48121,1.685123276303346,-1.3131929443025758,-1.1085732002621966,-0.3995688992448072
52281,-2.6773463653113074,0.24120067771608106,-0.5769460291779615,-0.7375720148060033
11841,1.4873923868082592,-0.23945074610744646,-0.29754928571270767,-0.42858273430511584
35961,0.16826829909813332,-0.4840410234025411,-0.13912063619869713,-0.784857474369534
66841,-0.9911900033990763,0.6740842750301749,-1.6264435468776108,-0.9554871796406089
42321,0.6207471138727347,-0.300678942054554,-0.4019753935718445,-0.025323103038173277
73081,-1.38306908683722,0.8193138443268737,0.1848348136858238,-0.940628353505714
32641,-0.09728705726063842,-0.4003724416530249,-0.02322749871212611,0.5652127487211155
3361,0.7136786075534168,-0.37954809807244044,0.6655533263888903,0.2565235217614746
5681,0.6848479937666012,1.0084521958538606,-1.4349693276031679,1.639893955191477
21801,0.9517663856357618,1.830169047014665,-0.940946700844484,1.7929333854702705
17161,-0.2341548868320152,0.9044601590313384,-0.5542313262904026,-0.02308339608810913
21321,-0.08857906514495367,-0.40718207840993814,1.1308279150230554,2.037217657604568
7401,0.047029955049602515,0.8063304127523061,-0.5502021851726687,0.36471489168965654
65921,0.8242370046537514,-0.5951473887980742,-0.46114228245419914,0.3270155624861984
19761,1.2819905528249047,2.5101124005892657,0.5657146311380921,-0.046774701636791385
29641,-0.31703971556118915,-1.9831736202893244,-1.1399599149761828,0.016112259273886452
33801,1.1449530490209057,0.0166113628639981,0.22865975841003255,-2.1428414218109473
60841,-0.6460896873918323,-0.6173471211839429,1.0543946370962691,-1.1866640348072026
15241,-1.1699026870204785,-0.15373765040131931,-1.1997983805325545,-1.5431010647588554
42121,0.2361381271857719,1.1369596278440819,-1.8378665256975275,-0.9996814184304594
58681,0.7089626009505784,0.4505501122196452,-0.12432513030695197,1.0599386298392248
10001,1.7872564708055811,-1.0829364758843592,0.08931990615126865,0.21022292995146508
76401,-1.3644269723601297,-0.4199687968226844,-0.642730063613205,0.647676419179756
18321,-0.555270810044584,-1.67416240187529,-0.8665321494279746,-0.0055054277126565035
36161,1.2287268314521644,0.6413911144461147,-0.011288574203069036,1.1870150030620776
62921,-0.6693226418158156,-0.2143220402317631,1.2857051347552766,-1.6662405741381474
67081,-0.7705495471685009,0.7009050200601398,1.2064269975339905,-0.7893187599485012
14561,0.9153275715927812,-0.49173349875138417,0.31759180206152937,-0.6532329902540488
43681,0.08725104948649516,-0.3917237767622753,1.5889397437330621,-0.9901254859258098
13641,0.5817148694424356,-0.479538097036809,1.3994977677939533,0.45376637958009997
39121,1.1014918196413013,-0.11678949707732295,0.47911392278029263,-1.249473339866077
43281,-0.5273354249166352,-0.2582622577517286,-0.3441271360529142,0.13060607531246926
34161,-0.22675990397521734,0.5461476626626813,-0.5508242084963887,0.9170532645651545
47441,-0.9693311402429909,-0.016087001653441204,-1.1597244869005539,-0.8726354297421549
38521,0.9421831648801069,-0.6316079880180554,-0.3361024373180225,-0.5342525985865589
51601,1.1163451480550692,-0.43448187651459064,-3.056005907095338,-0.08489721086882893
73041,1.1149281218410845,-0.44606971233316206,0.53456976457436,-0.30757228633232636
15321,0.12606978134888996,0.26190550573352867,0.22242996089381312,0.22281243404685003
59921,1.6207028813425233,-0.7491513614386064,0.2732493731392949,0.7063501598413094
64081,0.09906101879535172,0.8391867663178494,-0.5120350327655102,-1.1772349692034427
19001,-0.903735214782604,-0.7087702176475167,-0.8415882222521218,0.5129510545150392
68241,1.0147790787545288,0.252939343591846,-2.022157811741948,1.5654946672028374
19881,-0.17231210375425587,-1.538533951825043,2.2749295964790166,0.28925315771999144
72401,0.21263301676613167,-0.9195204875986673,-0.30353860510046404,-1.4078563313096912
36121,-0.11695052212885901,0.10542690807471647,-0.4227263599770085,-1.265622596172894
56761,-0.9594717339810259,-1.047715580724463,0.342361030810832,-0.043800958596491156
62641,-1.4491314093861556,0.7622605003013879,0.07636180050041914,-1.0469758886896634
58721,2.163798646073545,-0.24655447347113751,-0.4703716573036751,1.4901987845903475
48601,1.3318201722522223,0.47775583442609454,-0.5019730832324372,0.007902528660755455
75201,-0.5774395680480736,0.8231835581275498,-0.15282162895255372,-0.05626453495565262
12321,0.9890122905874587,0.8881776336655863,-0.26073542968796315,-0.7002307388615967
56921,-0.39593616323784986,-0.8592606437158644,1.83636728604759,0.599659663236672
43921,-1.91854186074054,-1.3426510295704333,-0.5042586565344656,-1.6922272966104206
5481,-0.5512288926378286,-0.32985138602195485,-0.9468213096950063,-1.2960937134218082
65241,-1.2276331819979818,-0.07833018442353959,0.7814109093855459,-0.8588913381998009
24801,-0.020757105887272212,0.6886490998623127,-0.4343979792727988,-0.6887140172506102
28961,-0.7266020704265946,-0.2412587759375491,1.8478515770817006,-0.9051740561778381
54641,-1.1391692394135478,-1.1068669070909978,0.11372980419053055,1.6950412001281017
74601,0.7463545892633958,-0.43257302482495036,0.28175051874361123,0.16694726738275215
52321,2.289955539607082,2.392859230810678,0.22243691900582052,0.10017121158362291
63721,-1.6323053244140941,1.0238337496910697,0.22975381668446662,-1.1301393529572088
241,-0.6566798952626217,1.1118908052059648,-1.5235947076708387,-0.957983223204371
52601,-1.052352109935169,-1.4015751575350563,-1.2177085002845733,-2.222184735141241
62241,1.7637080433856835,1.6639453003211095,1.3406652619878476,-0.99200799621087
25961,-1.1691120618594877,2.269411328023329,0.15205198423380345,0.5256315115094589
60321,-0.2636667078835746,-0.031615119127666444,0.9447703042441643,-2.5569505416349534
40321,-0.9719965006002359,1.3495300039065086,-1.7888810068994592,-1.0737367600121275
34281,-0.1929698802921993,0.41643137182931467,-0.6443696830310011,-0.5706026072286614
57921,-1.0290756818220272,1.2795671192957863,-0.23086373691389436,-0.051545412931234796
38281,0.881415221378267,-0.3350773081988124,-0.41678007499797,1.5011741775210723
10481,0.40310387464305275,0.4246201347386198,0.4142887158996156,0.16947476044975027
55081,-0.4146709829640232,0.4260917923162229,0.5028156864098882,-0.821686408739947
64481,-1.6467452249469898,0.8237157044371641,-1.276774898526311,0.3060243651517943
66961,-0.11888164353581823,-0.8360042149194744,-0.963324978449241,2.026622947877921
13321,-0.008108103181922007,2.102702496474865,0.699626079633984,-0.1322099737650157
54961,-0.5841377830498296,1.942820023012657,1.1356548635776915,1.7271049654241033
73401,-0.1081738074361686,0.23995919317359762,-0.19008113744295554,-0.10952213859975157
62361,1.6820248688785742,-1.993316002102261,0.2047961965343626,-0.37683782483079603
75161,1.0253638508695375,-0.7763251276035953,0.9396979500762349,-1.472397379465198
3321,0.13114658749591998,-1.3766074249244658,-0.01205801352245208,-0.8704163909829692
47921,-0.14666868066239894,-0.8522933455221846,1.3202048501243688,0.4413802958850619
11641,0.8177531275952917,-0.4711358922934867,1.332341083553088,1.0949043302979347
1441,-1.1012556672549423,-0.9165482325684042,-1.014647194867302,0.25196389467596747
60401,0.12750899106537109,0.624386425882392,-0.9319465792101022,-0.0043532721483528925
20721,1.2347648192681426,-0.7268161499649838,-0.8636868756731689,-1.0793708590445368
50601,-2.5711653434085724,-1.6030351255774464,-0.768284197434936,0.5972607878048563
36601,-0.1513261207460285,0.2466780065533815,0.2441728908130657,-2.3329499435390253
68041,0.06474021466647571,1.7411081412483025,1.7311150356495055,-0.48736141793923243
321,-0.39223244792023515,-0.27022377354237886,0.41924347143281887,1.1952998456839685
4481,-0.7330603938186224,0.03224451588792317,0.08114586482155803,1.025238616242289
48561,0.0333535120667472,-0.9053746200670723,0.0016154131080495472,0.3518464931490896
53241,1.0276697724922441,-0.059204992572670534,0.18322491017620918,-0.41942531739361066
12801,-0.5218461586876767,0.1425192170983978,1.6941724821468498,-0.1327258236016931
57401,-0.019542662562934243,0.3805565531602784,-0.9567874828694424,0.35375595012044325
66121,-0.3890889590382321,-0.9781516965690807,1.451171725295046,-0.9341747612304409
76961,-0.8747855518403974,-0.16855554355394667,-0.1600927032300689,-0.1230587702148628
74041,1.7955511480589263,-0.02726852149241991,-1.3574661733616955,-1.3255847343089227
16281,-0.7696546448438928,0.5301257243379758,-2.130366596312169,-0.9727824657304657
34241,-0.22891622885587268,1.2829464310556424,1.2040903704928063,2.1839506615232227
41921,0.4328971721127375,0.13552946673917818,-0.48363048135380465,-0.006245444981905922
5641,0.9844915948192764,0.7826761658051189,0.7715860107644728,1.1210220635313994
9801,0.7443880778133504,0.16742980132276372,0.9867041023160573,-0.2378204410377899
14241,0.5231713807590601,-0.01904020127646243,-0.12972568099566562,1.216954953969618
54401,-1.2818768348349376,-0.49582567989891274,-0.8402068186850762,-1.3319835472810575
42441,0.7230859223646761,0.13853212046055868,-0.5335541660573991,-0.2625574501171185
6761,1.174888211029274,0.7186401404781801,0.5796864413250045,0.45320699955585053
71601,-1.0192729144472772,-2.377793801783911,0.6398543466451984,-0.9606587624905842
25201,-0.0466667600927265,0.7231773969464137,-0.11465243774685092,-0.25671623040517977
26441,-0.04711956921857044,-0.21787555165032482,-0.2653487423833555,1.7280324376255056
70161,-0.6291456146070673,-0.0922008250241519,-1.2553019747182386,0.5214331475404163
30161,-1.2245331159606503,0.8972663115921317,2.5259147457542466,-0.1627802734986722
34761,-0.14639253824672097,-0.7322842109978378,-0.0885989800119787,-0.7972772282107106
22521,-0.876484316657067,-1.6879006281954487,-0.4906983843443501,-1.5746943567864886
38921,-0.19563944235937142,-1.2451196542177738,-0.7860225706844788,-0.5663830443421003
43081,-0.5996813364268315,-0.2891422308297382,-0.42562800185691557,-0.9844435368422486
64761,0.09095922037816491,-0.8257769982054878,-0.8669279310571448,0.7668846306499814
10921,-1.009892611801112,0.09886772544139237,0.24531506560661598,-0.2555360487388014
58841,1.896957812520417,-0.23058938782607533,1.4291909624922932,-0.33535092322383364
29361,-0.8999988357041091,1.0097089937442227,-0.6967323209516141,-0.09721644854862448
15121,-1.8747283887683657,1.9841302258389424,2.245105793162507,-0.21371320969492982
59721,0.8720289172732754,0.3176957348542791,-0.2531192363940874,0.8298536362821498
42961,-0.6701290725916585,0.5444414950457989,-1.716322617642508,0.23326812651199522
77281,-0.18356678730327694,0.2847481318878355,-0.6165870589461871,-0.041866648773004625
27601,0.3111917444309571,1.1228106252542567,0.3391391506229934,0.05782449084385582
49481,-0.2615140967661062,-0.10022174091533986,-0.022196246423628038,1.6127876440453546
76361,0.7487625602646317,0.06951984907286178,0.24917415182580413,-0.6570714574839114
43601,0.6569341556454419,0.3526516296632989,0.46497969938579214,-0.7133709930574367
13801,2.2143456076383754,-0.2616135901567992,-0.14236796728128417,0.8334944491523818
5561,-1.5145728195817856,0.3134037313097447,0.7583816333618578,-0.21968365664773407
7961,-0.7321272295310453,1.0747899691722176,0.5772064247745594,0.2000092492423658
56721,2.156629883250632,1.8296703602026576,-0.46707240540487055,-0.33169814867138286
1521,0.6617796584005305,1.12572270864359,1.114188571518437,-1.2708612003141475
47201,0.8890528325697808,0.3127305706804776,0.9836809707025852,0.748148372281417
65641,-1.5898532461332902,0.3112377064862977,-0.29593527422480087,-0.6617451631294372
60881,0.9147168646457772,3.035695600155404,-2.21939149443388,-0.22248251088910628
32681,-0.9903415181216884,0.10744609811100243,-1.0401455122232253,0.7728631002693481
32921,-0.6759305980809341,0.3417069576448992,0.3270148895333222,1.2723886295793123
9721,-0.5408570066100149,-0.18188136208321745,-0.43063320465575466,-3.199669041568697
17001,0.7532027496766767,-1.4393873782252553,0.2868344469321715,0.06490976097396939
45401,1.2336714834198728,-1.3119100957203882,1.1353119842416046,-0.07589668881926934
4961,1.111354029164006,-0.503625842450294,0.13775426558388487,-0.43809186547248563
38401,0.07862090394983758,-0.34600280239791265,-0.6157842031603818,0.3679457252104612
53721,0.41966246717768246,1.6151710792002305,0.16081939479802634,1.2837464158196366
65041,-0.137832101078922,-0.2795530305934762,-0.36304944794777233,-1.238062944641807
17441,-1.0052879855105605,0.3760683820433303,1.1139987162538543,-1.2982343946225088
62041,-0.829359916847655,0.7158143159633547,-1.7838791056933998,0.7759610661749207
52481,-0.19750248310383894,1.490116668270836,0.67509736648304,-1.0048548359916114
46601,0.880529211272172,-1.9763156817991911,-0.005002407388834028,1.1390301674185772
55881,-0.6270139326700795,1.351432514791946,-0.4682628211450526,0.62763754131496
34081,1.3923821780255756,-0.9793218017179771,0.11981299225019404,1.1762163546674989
9121,-0.9022374561323147,0.8571511184757395,-0.9427133827488848,0.2740210021679321
38241,0.17981548228087427,1.794896979840121,1.4115161224738546,0.11322779195176931
24081,-0.06773356205282778,-1.9547139582255824,1.8226468337102653,0.7670543727143919
69201,-0.6018689338733214,0.7988701969538375,-0.8012243718582488,0.5507565284089254
46561,-0.2518681452792412,-0.36210509832602433,3.082547044029811,0.10909014330953294
64441,-0.7143506856628906,0.22267169759273642,0.4120837452815773,0.7012207077115584
51121,-0.3799727452466877,0.540834985849998,0.883640620776226,0.5346407060458634
5721,0.11016066968904556,0.7428868130571713,-0.38094281433199384,-1.1499890332935192
14001,-0.8041611909484129,-0.6619262513856512,-0.40815857386873017,-2.422179508612722
18601,-0.7058147905621054,0.9527411761754929,-0.05468165908495233,-0.7934707650333362
63201,0.10900793357973416,0.15786379522167449,1.1590153932984317,-1.0322922451362906
67361,-0.4768291588072532,1.0883115337238014,-1.2504055517906991,-0.057853522897406334
31721,-0.730940041959262,0.734200843534741,0.509115660556336,-3.839610943648046
31081,-1.3872489303801747,-1.4691433966853513,0.8723298152258315,-1.276385581270076
69561,0.4209500753523794,0.13144208056012913,-0.2081836366158982,1.2677690696469104
71201,0.4627217820994954,0.4877874498667723,1.5921895042956253,0.6807949930747729
37081,-0.1644389167365303,-0.9012776782230478,0.5201378348386799,-0.7149868495051156
61361,0.1223700859482581,-1.4875161098344212,1.3049389991510776,-1.2421720866254957
58921,0.682853057650102,-0.302150593287051,1.4940568302614257,-0.8814032962357341
56041,-0.33753378038746046,-0.30512506944808043,0.2814433736668246,-0.035954905904176646
60201,-0.3684845943769265,0.051292838170790944,-0.24227771379262394,-0.7953732086556332
23921,-0.9116247609840522,2.5720097203838064,-0.8693557809547954,0.6242395176939236
67121,0.477941203261781,-0.7208687726427145,0.25990796422783136,-0.43964968563177126
76841,-0.8870545799407941,-0.37822738331724065,0.47866200917863155,-2.0475236460108777
76041,-1.6041353748447174,0.0378425376119189,1.3874173450707739,0.7482428697708066
68001,-0.4477522681893623,-0.9471862847517122,0.6087419362314832,0.5318944905273094
3641,0.2987578911712679,-0.14578043838767954,0.20249502124494947,-0.49579698226368357
40041,-1.9317695581834988,-0.45449990061034734,0.5259899791065136,0.6757929339988634
58481,-0.35773364706494754,-0.7606164754063683,-0.35203690050172876,-1.2160364010463416
76921,-1.1340740633089914,0.6067796798964556,-0.22942368916581987,0.28492932275151917
52801,1.6123107745459382,-1.1703913345227563,0.3751974419275909,-2.029231155539393
65521,-0.31937743040109035,1.2507179288573433,1.3766084952446158,0.7483900431979523
29241,0.6365670465691848,-1.9874266532884655,-0.2993346774125025,1.303545965771502
8801,0.41787133663585097,-1.980227460469374,-0.5808257690046882,-0.5889506094081592
61001,0.743769642408282,-0.429332535766838,-1.522866537821867,1.0377943430228187
41721,-0.08118238252756337,0.16216398394299444,0.7998561084606255,-0.12635078198964714
34681,0.3130853842687353,0.9876838604203677,-1.071951949335525,-1.9175423890796526
5441,-0.19149252524351734,0.025770237633746355,0.06936598099166005,0.28411611587321495
48721,-1.2304975864977548,-0.7919961101875153,1.6943634370527723,-1.0530341669142944
13761,-0.014552007467374159,-0.49096885268800616,-0.05570143080724851,-1.1209142152807905
58361,-0.5793058502365948,-1.2369472023434296,0.31148818455915767,-1.4800620143475847
17921,0.47763000661197785,0.4675994075503434,-0.4042450652408299,1.7917264527523642
62521,0.9536268653478641,1.1594171792295018,-2.0121891124971314,1.0415180528384156
33721,0.9120388656765614,0.2938389833929402,0.16753943791898582,0.6039871235769466
26201,-0.4913119964686774,1.3074257337149198,1.5093768633225515,1.930957593975172
75001,-1.5859536468980744,0.7720973584683962,0.06943784667937272,-0.37085383592964005
46001,1.3155583578261743,-0.7175745213511845,0.2110180825599477,-0.46425310228004146
11361,-0.27597478064718195,-1.1176849265828686,1.2053161766201779,0.03525163685222854
63161,0.7960266397200343,-1.2148169501312245,0.675297311430336,0.6261298226634014
42881,1.6644395238289853,-1.2988928536544981,0.2998194742664692,-1.2977879614790144
34401,-0.7373766857126763,-1.8972441360300774,-0.3417587148291425,1.3353457381812455
55361,0.8484908802175397,-0.22538130843333914,-1.0646119953434243,0.46869637470659337
22801,-0.19654748110447373,-1.0556197749754967,2.105226208617875,-1.6593674609392508
1361,0.009383586828794241,-0.45903156114763427,0.013328201051105527,-0.2751106018254329
1641,0.3249469056492029,0.010564106150552902,-0.48650113352575364,-0.01260704552556123
23241,-0.9298536380497305,-1.4795076727344947,-0.4376390196900451,2.7656977537004512
67841,-0.9278870321382716,-2.3775789196285366,-0.07549272051727614,1.105551072352231
72001,0.7685956783280053,-0.4270692931507139,-0.9613576145390057,-0.03217788494539167
76161,0.0772463543025723,0.284341193948458,0.9455355218094076,-0.3195242503751928
9841,-0.30079022807433037,-0.402409912943825,0.8768859236529172,-0.19576343279054512
34961,0.7670791557037756,-1.1837184584975704,0.18884583419082884,-1.1524006026270204
75121,1.3201937850973895,-1.4738113468288918,-0.39806135301061996,-1.4163275877339339
7761,-0.0020861917205874615,0.5019680190762266,0.29286103128993407,1.1880914533623659
47721,0.47651600997575827,-0.08674246872620311,-2.0164897178641366,-0.12886361605883645
52361,0.2811012953568318,1.1207170627881238,0.4238027290297011,0.4747246379339322
69241,1.0325113210271852,-1.322765246567194,-0.051801984923413404,0.9039397208674029
56521,-2.326556702366041,-0.5260887525338913,-0.456805710370389,0.7242079144801553
60681,0.022945800563282284,0.20749401411659602,0.053221164271004165,-1.1482305747569992
64841,2.4876793349855575,0.3597301803469724,0.9216050491300215,-0.7758341940858773
69001,0.7335033245050766,1.7176896550297551,0.04396663157809872,-0.6598216908917076
5761,-1.4912736440347005,-0.8245717064900238,-0.9797308500615197,0.8500462303931012
73161,0.6928539274015838,-0.2353450830424257,0.23747540526843272,-0.9596633913635803
32881,1.83499582639455,0.9156858268081625,-0.7677220838107297,-1.3824915429802884
28121,-2.6572685753334664,0.14680202666278108,-0.6534552922174064,1.4670153795798417
11201,-0.1503740034435986,0.3298562848213909,0.1429688297710367,-0.6378325284852471
4761,-0.3703676424068541,-1.287949709019825,0.630984132009088,0.029663513876178386
34441,-0.40546934657434947,0.401211989986363,-0.10855620348670766,-0.9327146524426884
49361,0.23839298117868593,-0.7808885866112965,-0.5471011702385151,-0.4277216303910185
53521,1.0530098504897458,-0.3216296053828066,0.7752682404410649,-0.02214457784900772
4001,-0.005823023515741275,0.9433748793295481,1.5251148337780074,-1.0171043156350439
41801,0.4618527979569985,0.017051403256877165,0.020628218339152862,-0.7855718767488095
21401,1.1055841459769413,-1.1987655251171014,-1.662584416546297,-0.6728939820459154
42641,2.2968597660054177,-0.3785543568437295,1.8637299629164363,-1.143406594912845
37041,0.07498622409768284,-0.5422713932927427,2.1916251675622704,-0.5737212978836478
29721,-1.032955957089047,-0.2664682120909828,-1.3518191005522942,0.17699973935866448
33881,-0.7569501783531809,0.589522286036605,-0.2215857634639745,1.4462573223857378
5401,1.9137810457689417,-0.0679426891979284,-0.12592667995406176,-1.1051294777615628
38041,-0.767586241710021,0.8796190449269073,-0.10548975357132924,-0.7899631377543908
20121,0.03516627022946519,0.9508343693619778,0.6253414174288834,1.811656365474013
73921,-0.11501850702030517,1.0508709503082956,-0.578710798823424,1.0686659472459539
69161,0.09017620010633295,0.8177841082032006,0.6158135340847325,-0.704536925332366
50521,-0.08931566343419926,-0.18665202005909295,-1.8500518711767973,0.08607866477179392
18001,-0.7419874194703093,0.49725643359373556,1.9887880178016204,-1.052268617168145
38561,1.1302491952335916,0.5600790369971314,-0.10623532661571848,-0.19617218590580693
36441,-1.6230564850170681,1.6051044294907701,-0.5858101239367253,-1.4794814395788725
63001,-0.708008773140757,0.4891025010371918,-0.5498879076989158,1.3196607636340432
22561,-1.9072274285663715,1.2296099829441482,1.2583872674975582,-0.7978408234302253
4721,-0.5898517425650949,1.0026716954951418,-1.175950686341082,0.5848044478274242
24681,0.9289633358179554,-0.3287040007300989,1.3207922982993634,1.3944570304577917
16041,-0.4134168143604235,1.4451288756522611,-0.4569699088293568,-1.2811787724042611
73321,0.3168343442751756,2.2413272069709955,-1.0658942197618453,-0.3086522709164126
59321,0.5757751063530063,-0.6285999783679865,-0.501108766090629,-1.7205572846576955
22161,-0.008442744482825785,0.4251240099689487,0.18907033362996467,-1.2997899427922408
43361,0.45011698824447677,0.22709898289468206,-2.3369569365842997,0.8049250611346993
24241,-0.8625515060656811,0.7437387665709237,-0.30604959620669125,1.0835549774205055
55841,-0.5444321138195822,-0.6903340246655869,0.03991257069628423,0.4532848399188016
60001,-1.1294496061151933,0.6981228000617111,0.3412025940356388,-0.9457100949560646
1721,-1.3236355533096968,0.7535637460723041,-0.8410413616609528,-1.3851482775559911
7881,-1.1354455780844814,0.18439491678187805,2.387644820966708,-0.12520145172088826
27881,0.40747952490085215,-1.0362260421379268,1.0654057074089014,-0.331399695912637
32041,-0.059268053647705446,0.1334629260881872,-0.6761069158055981,-0.11372834931659442
76641,-0.5182858345943402,-0.901143549562248,1.7343403470432877,0.7832776370864857
50881,-0.4701448487228046,0.9922946116294855,2.5959399896432473,0.91667787559847
44521,-2.075283261557889,-0.3811832783820377,0.018306653415093587,0.7277577320825759
48681,-0.1462199155796548,0.791757787686047,-0.13973931827772523,-0.8056172495190542
48241,1.3991320578160624,-1.1746852557554537,-0.9583611874774816,-0.4700552412272631
18721,-0.7746819000050517,-0.15690007113132218,0.48989126603780037,-0.5559488850654267
59081,-0.8884525424913541,1.0965890162340608,-1.053166426005944,-0.29990357425657
53681,0.000660509112126149,1.8182106106050684,0.1321371829655374,-0.12924060528853767
72121,-0.09210261078065457,-0.08730705277374587,0.877355505061479,1.0093600549095048
65321,-0.8101289351635677,-1.2358942538617983,-1.9122138473029082,0.5249549208073951
69481,0.4081869659001281,0.33612729706327316,0.551293378112842,-0.9257290333144313
16081,-0.7569249803980126,0.9938313312670899,0.6172887613970134,-0.4614208376919237
59201,-0.44079181000792395,1.0041065746194424,0.720940000347637,-0.26889947869305825
37361,-1.15502517778841,-0.36207973924364806,1.0321009201054454,-0.4111570607346934
44161,0.2665379020101516,-0.8896718554999042,-0.35779831828459163,1.1760469696601819
41521,-0.19687459471332117,1.1379331044026106,0.20804066704843632,1.2634915979498906
16201,-2.3689591537797936,-0.05596380701628938,1.6459408574572796,-1.365221714764728
36001,-1.289459949478694,0.8735453055770318,-0.48844299422871573,0.7797145126227191
44761,-0.951399941146171,0.5857757752048031,0.7984769325186942,-1.5659715438103723
29881,-0.39477648881794164,0.2409475376853283,0.06275824646903568,3.0140425290272135
58161,-1.0991320156710662,-2.1226123388998133,0.6285423620669482,0.4019591388616801
47361,-0.04843362907137095,0.5700748469921747,-0.10017733980829074,0.2349304758316604
1761,-2.3127051615023313,-0.4468638932721184,-0.8423673411250647,0.5672529638041574
12681,-0.9538165633314503,-0.40939321026855247,0.08971269845077764,0.6513121982190166
30201,-0.7238271800516609,0.5348717250035981,0.7575118077892811,-0.6255981762995367
66761,0.6602746333465664,-1.1097401510625993,-0.8266234708206822,0.36660675231545825
34361,2.9054840893478553,0.774409751950541,1.3432131575999102,0.14015972888211667
48081,0.007954155934610447,1.3400473217121511,1.5984436625858591,-0.5173224410769702
20201,-0.5575273688886163,-1.7125409857113862,1.726331659791474,0.4108084331568602
2241,1.152929100458124,-0.23229883523091524,0.43000171442868673,0.18719437845875947
46841,-0.517529928428303,-0.4434560982188827,-0.6445052512618225,-0.8664954572457195
10561,1.4251482747855388,0.7015287984992753,-0.8779215327606339,0.20698296252462428
75681,2.8298460057728096,-0.9567465958957799,-0.179436035225471,1.0956056182437255
14721,-0.37040572407602196,0.4588043785537943,-0.8992455523769222,-0.18513774906396924
48881,0.21867334041067807,-0.06060295109526199,-1.5678783797492644,1.411664128460286
24521,1.4073370370659932,0.7402191909544044,1.6174544339823347,-0.5133088785233283
63481,0.6401220750027174,0.6567032996890849,-0.40248466499085506,-0.11999388573320453
66161,0.6726004772728541,-0.4164835153541088,1.1651667364384244,-0.6771301363397376
27201,-0.006682336234402345,-0.6739813994717814,-0.8312395597744597,0.6505746771780924
1321,0.3034024393264519,0.4371950480982038,-0.18279867461287921,-0.9053277953464486
67321,-1.1966423156220516,1.0891472887049203,0.5185891544468427,0.7281156519010965
43841,0.8989532377241403,-0.6570758920000018,-0.736719461525728,0.6262837668110693
7561,1.7563886961230895,-1.9261571408830993,1.028426896917043,0.6025686580683174
75521,-0.30612900326120546,-1.7979182329736982,0.03729679654144109,-0.1490503008488326
11721,0.5951543555257989,-0.20313828166619907,-0.6384619548306799,-1.4557122511763327
47121,1.8341011569431298,-1.2587031615800044,0.5270985123197829,-0.12695164753037458
15881,-0.2097877214222205,0.08816768190031757,-0.0948589921354617,0.44337441742805406
60481,-0.1842783811224463,1.4196823741172162,-0.9460124556708488,1.4754867527956186
72321,-0.6747341350221099,-0.3598983591425795,0.024918878798818704,-0.362405338903756
24201,-0.07948445263910608,1.088972786599408,1.9154211064863016,0.492481229645397
1801,-0.45865227836744826,0.02198188588004944,0.051887708839528965,-0.9381485255529428
68801,0.951929904263206,2.777278834247433,0.9118866764102372,0.2507201000537296
32521,-0.6882444710309803,-0.31691168388454327,0.5461240302192221,0.24705124001435672
77121,1.4750620220609576,-0.7791885354169503,2.4497167934629567,0.2703797059528244
9641,0.0893272942565041,-0.03564938330427905,-1.7407407189074058,-0.6184861258577613
401,0.6432787209968337,1.0983986013620637,-0.31000220973282433,-0.7570441453204033
40721,-0.9989691138369406,0.10273222199637265,0.29656510452937124,0.8242330959201183
4561,-0.9331070405095787,-0.059123074094538576,-0.5472383118157802,-0.22037473223089832
46521,-0.7416867627080604,1.3878820870644797,-0.6524978971138121,0.4924484232340571
49161,0.7615284391829855,-0.4773663802961376,0.29134215027375915,0.6345327222061647
53321,1.3816766101571558,-0.14531806447823106,0.5399003185655606,-1.4785195261567037
66521,-1.2694926932981265,0.6591037582051078,-1.0691807859146814,1.2821952698891403
57481,-1.3106325106161374,0.026358744606777965,-0.48445122086481923,0.48213349356580104
48921,1.9872709785208387,0.23698858429945524,2.7276814407440604,0.36512617837051486
65801,2.0444505961117834,0.14100420390958576,-0.691765915750781,-0.1981650470831558
69961,0.8827709109466084,0.40023124135885507,-1.1522301741090983,-0.02163802272553292
55441,-0.4464057527881589,0.12361946504600047,0.682541909440193,0.8504671619996264
74121,0.31956670395331277,-0.24710663313849016,0.31346825458928745,-1.811041840261824
36641,0.2053749204901282,1.0141200001581012,0.9810343355869388,2.119572886781375
37841,1.2791427632044614,1.2857064683481563,-1.242085622035861,0.07290646463666295
42001,0.6335326790183682,1.6822578954926013,0.7736013475561092,0.8635921836301852
46161,-2.9227299012744665,0.5288827524550802,1.1085754690329428,1.2371544991296044
14641,0.31171949599741317,-0.09922567177179419,-0.2991531517054336,1.1111358082105407
50321,-0.7780486706818269,1.6596346793758487,0.43422478127932335,0.6454092215176
14121,0.2403814655818832,0.24067174489182702,-0.39460281687774384,0.7865529771283665
14041,0.847201513533188,0.08433051643133907,0.22216527904553365,-0.4169761000357282
18201,-1.2113992742440804,0.5311488628039561,1.6911801151770913,-0.7186696053145942
62801,-0.5902765944562781,-1.3943178449350684,1.7594886079303695,0.4852284269690889
26521,-0.7869600988497647,-0.7390753307691199,-0.20941421043978573,0.5021516033155061
22321,-0.8094124167168592,-0.015733710407956587,0.6791847747475235,0.720660257783991
71121,-0.8089542261272711,-0.33711639699318546,-0.05573154862061147,0.6239270696875976
34841,0.41880738024722647,0.8438784092192614,0.35684988596828393,-0.1696665562105911
50081,0.6068846320760565,0.9816366836096323,1.1999428836866346,-1.1112183395114932
65161,-0.4600165287258644,-1.0919336414620875,-0.8401004817747476,0.683367840367159
43161,-1.512780553204848,1.1860387191727917,0.8093174557127933,-0.42177302469406813
71481,0.21802021101359012,0.4581928746065027,0.15699425733324418,0.43695845862590205
40561,0.5275975337922686,-0.07849181300355755,-0.6467894848252156,-0.3803717899525287
30521,-0.15881419336068464,-0.021007626530890416,-1.4957799546237183,0.5538943493675631
11041,0.4841706125173225,-1.4532332235550598,-0.5215800584359336,-1.172567155036654
11961,-1.5558638262092739,0.9598130625432645,0.9182862805617646,0.34619503149444997
59801,-0.1791826948508738,-0.9694483025201021,-0.11616678339166803,0.8793878761404326
8001,-0.030441921561132557,-0.43942846844220895,1.0161370640272533,0.07813701719778893
61041,-0.25748117516165614,-1.1237085062865908,-0.8725647095065193,-0.007246729024295443
27681,0.48141762603202154,-1.1983182493711761,-2.8269605470391483,0.24556222094976224
72281,0.8072542837230702,-0.459698792544459,-1.6940565622933184,-0.0998036962931392
31841,-0.949269216971627,0.4891628210907812,1.6290794473372723,0.20059992682674255
76441,0.8548714903784809,0.924014995388174,-0.3405474112896173,1.0940253048808188
5961,-0.11768159552138446,1.9397666847904949,-0.49446819915491474,1.6219861424669617
40161,1.8265810972069503,-0.9866061356266675,-1.4928511152239572,-0.30380983203907264
39961,0.8545982812438316,-0.84663205742965,0.011946356072636163,-0.11968171334297181
48481,-2.319862118113112,1.4005961003364022,0.6631302890391485,-1.1792513912220348
65361,0.5809346533670713,-0.44882564914339407,-1.2042218593500669,-2.1061442023858663
56801,0.187426227857226,-0.7419323583790319,-0.6940385119593891,1.9128884481975703
20521,-0.7897773164560883,1.2116802296006686,1.278296447193561,1.0496452123933482
63801,1.0938705503849167,0.39508611143528866,0.8694173564944336,0.1826596337886771
22361,0.49871760652563146,0.7406300261636504,-0.41018688288757865,-0.760399949681097
20921,-0.20243783051734843,0.7870447005773562,0.063563585588221,-1.0637757174961209
73441,-0.17939931439086415,-0.2968741165006762,-0.24486269073610378,-1.2270267996758093
41321,0.7314598241433429,-0.23684604811993978,0.7293870584189619,0.5503948304338994
30561,1.6130296114328115,0.16056229218892643,0.9099308903884149,0.7886053825483698
9201,0.0330771424192394,-1.6748629347457158,-1.515142432677902,0.40850964665603673
25761,-0.12189084840385608,0.9760882145768424,-1.3578080435123439,-0.7297133061004564
47761,-1.240121498993413,0.8585413112270572,-1.1581405179528594,-0.07500437437243632
49001,0.053249968292033364,0.28364744012381515,-1.0810428644368157,-0.8200442809267113
66281,-0.6678543030764514,0.013139085849923572,-0.8307444272308379,0.1420572735067152
70441,-1.1363553692522261,0.668138173420587,0.06553456442897726,1.344487653655962
43521,-0.8643889171694125,0.7462010405016765,-1.646907843030416,-0.5152465861168782
25641,-1.4491057748200347,0.007862339655876656,-0.9175557201758877,-0.46588994301443837
61961,-0.8024520617055034,0.6341542725254984,-0.37101651672334035,0.2761008214521636
42481,-1.0724839162609476,-0.007417177492550109,-0.7628314799581286,-1.52416879629717
46641,0.3832402771980863,0.011028235534588081,0.812494208416759,-0.20076420692960423
62441,0.8181011749309133,0.12111557894195811,-0.7436027126186072,0.6581870808114356
65401,-0.676784859782964,1.3695397639940787,0.2613095896547289,0.7611609600558303
18681,0.2538700662405588,-0.038729922710281015,-1.5890172804197693,-1.1999373658139625
22841,0.9016774400966271,0.42816801714287095,0.5887965058866952,-0.9963638069352935
42921,1.6866340073389308,-0.1851553309110633,-1.198587565457013,2.0390869721611735
12161,-0.9686705460314682,0.7960968708752636,1.0731741106713026,-0.018703651713945203
14961,0.8481640433900689,2.4922855851793657,-0.7573049729893881,0.6550168124885771
35321,-0.2332483327245998,-1.5498916437384873,-0.13425199156091755,-1.1293560475958508
33401,-1.0220273532582929,-0.16132156616504256,-0.8251111938771418,0.5592055548919421
67441,1.4629402960783695,0.5204193105563101,0.38354758061505734,-0.1508075336089328
51521,0.2036636768726821,-2.4228493452720525,-0.5812950189423253,-1.372164383918807
3201,-0.5273357363678476,1.79168561072626,1.5783561607893535,-1.4037377070398154
47801,-0.21283733773924796,0.6391729252954103,-0.6113907122002942,1.5791548568645002
7361,-0.3878141067997585,0.1161929717045779,0.49704256774708805,-0.0322360109632832
56121,1.0449251330181775,-2.49231992506041,0.8116997838245851,1.4872438831672061
60281,-0.7455488767375538,-2.2819637522321172,-0.49769589779696555,-0.2670997630614899
19121,-1.0414025615601248,1.3593608806098358,-0.5880141758126929,-0.16952619182241616
8081,0.5123172452614762,-0.06558893905542974,0.1985706371134197,-0.5574697745094452
68601,0.10714736048023864,-1.1037326367420097,-0.22934333956833944,0.9682970818660948
28161,0.6054698868156612,0.5497287773645221,0.008070988090500247,0.3311631017259333
72761,-1.6016294721306275,1.1956023822453874,-1.7531619785221189,0.20358699084589224
40601,0.8503335183812935,0.6653456716771022,0.02010299190672741,-0.37404413879004034
36761,0.8599615119073148,0.577965837885428,-0.6291152386163686,0.5958023124533485
40641,0.04584442790854774,-0.7572314581613581,1.336661949405898,1.1151907229271052
4361,0.7939476270910041,0.12571390310831992,-1.483765782214619,0.19780938578393417
8521,0.2982768248569573,-0.9068992813411005,0.529218042441361,0.10860894920283092
39201,0.25673519866754346,-1.390072812602308,-0.845034194722269,-1.607083282852958
55201,1.2861126023371985,-0.1149344690205975,2.408525927482917,-0.9244247653728115
16841,1.0115644672853035,-0.19187144692260025,-1.8680204460054948,-1.8678139696991642
21001,-0.13912713128625231,-0.5799994474171137,1.9684431746911837,-0.6414356888276093
55401,-0.13951108868890977,0.8324704900346022,1.1021874066669015,-0.26049365521538587
65601,0.2538523644429749,-1.0690416418626778,-1.933045659096653,0.9911693218130067
29681,0.9364981499070912,1.9094206832878968,-0.76605423888675,0.9792873259027444
22441,-0.37015503316633686,-0.7435326641592814,-1.2364996661388241,-0.8355190927098538
33481,0.4364844723573334,0.5026553590801528,0.034135571986998826,-2.075506801141941
73841,-0.015138749567806118,-1.087730897558556,-0.1473463598797832,-0.015273360340885596
45881,1.36299777193656,-0.7574818427669993,-1.2807035849225088,-2.289003740543092
5521,1.8507908893981866,-0.4570229329837346,-0.2986984612418263,-1.450483411825688
40881,-1.2978916459878573,1.3572883430916383,1.043366820844762,0.2266054295049569
53001,0.375916791197895,-0.9314587064037962,0.1686793026846912,-1.4960098373518254
25161,-0.6351007134929804,-0.038315865552803884,0.7194139692533387,-1.3573446855507478
41121,0.533083989020447,-0.28655406401504097,-0.6595363642589397,-0.3926533795308663
39241,-0.11079480044268865,-0.3925057522404689,0.5215635002596524,0.8769959642338516
62601,0.6342496023635885,-0.0986117914814061,0.8836635706474224,-1.0053649704961432
38841,-0.9197318841361561,-0.5941161988404585,-0.19728162041566014,0.7464633517207436
26321,0.40255403810036205,-0.1810298144341158,-1.1334206240860858,0.40545445871276414
15521,-1.2188724900070014,0.2533741106531604,0.5808386561049983,1.177633401626141
70921,-0.43891050847253577,0.05167745106966106,1.302609541749638,-0.49487228904948616
75081,0.7395644925210483,-0.08956208798239257,-0.44924755955785245,-0.504815270910819
1841,0.06329239871862936,-0.583328692577852,2.8800152576868343,1.0872732087071972
57281,0.41583778186330245,-0.2527695332508994,0.004707249589694315,-1.8971879747520974
2521,2.1786358335085336,0.004689900161940685,1.627470782854008,0.3218849264948483
6681,-0.5325936265154416,-1.5721258378161738,0.77638640936616,1.9638212300276043
10841,-1.51670276580348,0.6588533359577117,-0.15939263698955725,-0.45161903148817373
33441,0.9329106182726637,-0.23699097269248645,0.4201558291561782,-0.15946690775123448
35761,-0.007249473614418565,-0.03199864964796805,-1.5459262978646646,-0.6763740631631541
65481,0.92088446168725,-0.48345323505142784,-1.4846383252009328,0.9198235710768099
19161,-1.7951476362244696,-0.6194612700315801,2.16700811039279,1.2755705654256557
31001,-0.29437633683496395,0.10990740637168024,0.6747996454396115,-0.1474408746309536
63761,0.7944192913278126,0.2971597842392032,-2.6215067619818466,-0.8732345756495105
67921,-0.23123044413418062,-0.18807659543408084,0.27968976113420496,0.031845829521912866
72081,-0.6740858562384272,-0.388399332186761,0.7291959268490782,0.5506399941476643
53201,-1.7901094945357907,-0.3613148552721903,0.43052713185542907,0.44856353358927464
35801,0.0316655993264615,-1.2156958105760491,0.3516647554241407,1.155315939823147
44681,-0.08632455655377981,0.8349428482394137,0.1835175091521934,-0.45792272333925255
2041,-0.19520143937297013,-0.29514754101482576,-0.9451734498239656,0.49059677744640906
48281,1.6554132288090828,0.17101743801616712,-1.42866280509703,-0.4621036315186662
61401,0.4966464549154894,-0.7784819840513142,-0.8056674301101985,0.23088786379442525
52441,-0.43528816724851266,-0.036306813432197396,0.014400806378672127,0.5962961813718161
56601,-1.495642256110185,0.2751816907752737,-0.020184431402112724,0.04947248050618522
60761,-0.11330009118731471,0.6424760678988136,0.19922971571734677,0.785833606960528
20321,-0.17133379742005006,0.03568262885024709,-1.1462419126141272,-1.0736855976612147
24481,1.8265326491390483,-0.52955033280988,2.7954050764325062,1.169887992678612
28641,-0.0024471731336658423,-0.5001277355925885,0.29197904523885365,-1.0734109960721236
6481,2.0918664563936114,0.3389097559099945,-1.1738048266432215,-0.7835213183795174
681,0.9519896641329451,-0.804443222855777,-0.6924697939380493,-1.206244073627015
45281,-0.8103497801596206,0.22441071525023057,2.6233789098425024,-0.8629396316608141
34561,-0.46783177080705163,0.13541765715335966,0.2804263730671621,-0.8067283132456675
52641,0.21651179073433405,-0.6344353961978939,0.5089256127395498,1.0422920128189794
76201,-1.9498691744510943,-1.8225947545887944,1.9918236530854092,1.9167274696144887
45041,0.6942355261120544,-0.9478046370179484,-0.2964567021886864,0.05927163772346743
1481,-0.06689197463343102,-0.030988470081658677,1.2936419931782148,-1.0585100459341787
61921,0.45491841780109643,-0.4812377678943347,0.20086447941509802,-0.5903632678886097
40481,-0.5388008671924174,0.05144615242334757,-0.5832231039800508,-1.5332442948114857
66681,2.31590833039608,0.4025728550332928,0.7429340592808434,0.21318492490067098
62121,1.247648765852421,-0.548203314956501,0.7184781759713843,-2.218306877555164
32761,-0.5086562347940471,-0.01728333608639982,-1.2252825308925759,0.5560324625205979
38721,-2.260538848015814,-0.6625778357438682,0.5958457232857285,-0.27495395260612787
42281,-1.3026556168429089,-0.8543487380503885,1.1895131501753127,0.5430210525908479
15401,0.8526496237396058,-1.3159550741628814,-0.20972941331579886,1.0196326044103772
6001,-1.915582236747357,-0.6113550599613604,0.37507878180741966,0.5835136641789604
