65538,-0.10720236891695747,-0.31928012500472225,-0.8130731288545577,-0.861702829542813
32338,0.6045146646389085,-1.6102401354041602,0.30650708071059224,-1.3964713974346197
21618,-1.4142460720468646,-0.36172931913564343,1.4415809755353903,-0.9723154577148373
25778,1.088847563106151,0.5707880112484809,0.5975141497897487,-2.1545926249911203
70378,-0.9608278210394975,-1.5326816327007458,-0.4787947811350061,0.14266952927766105
53258,0.17414179639179078,1.3119719014626534,0.043939003869620546,1.599724072668005
74538,1.5974184572258328,0.6358514390959324,-0.07988092228233931,-0.018152759909584777
27818,-0.5521188780973311,-1.5373715341799734,-0.5060512882405872,-2.0363302937684904
75778,-0.6970659142193785,0.41479474467832544,0.7566969090026644,0.3729793638633133
18058,-0.2018065073047065,-1.1208201000540507,-0.5230251787573866,2.0564011306136725
6138,0.37307726775235944,-0.04418979802040611,-1.3327063154080427,0.8270043335302294
61458,0.35675558042201894,-0.9720587661164056,-0.9218946341602471,0.7153895473161084
10298,-0.7080698766966089,-1.1421031897878988,-0.02613399536990188,-0.08735695905817344
38938,0.03835817285585228,-1.1400438438659632,1.5215859934472198,0.7650725907909361
69978,0.012941465024068122,-1.565067028853948,0.33632463119200773,0.13219464516763163
36898,-0.4827519689300488,0.9807950267384011,0.7848149774346022,-0.5186383372805048
4378,-1.4875635063912742,0.8447919632144365,1.699978574353804,-0.4994624897302079
65578,-1.4646061231818244,1.4227572215513806,1.4991231555103448,0.538531780789205
49578,-0.6342758088387921,-0.4887346502978777,-0.6687272866874174,0.3757660796497731
64178,1.324682784056719,1.8661719996926216,-0.6180595236857658,0.0639133920648442
44818,-0.490602287410586,-0.8553125697163666,0.1522450812838977,-0.17680968651439147
72698,-1.025206028602561,-0.7624486881099576,0.4855157879299905,2.0496737592829493
22578,-0.24266715357606483,0.0956992568014302,-0.2682915095576455,-0.7016388328654551
138,-0.6502916436808979,-1.1396974263326343,0.5918299443262827,0.11781544213552987
58498,-0.47418461002428436,-0.6013185412042175,-1.5232568991716247,0.9469245256681526
58,0.016207744158333464,-0.8764792300466394,-0.16865607356304768,0.28628496914731244
12298,-0.7189473703633434,-0.37656887757327145,-0.5199933910012086,0.20980378412209424
16778,0.7835134920152849,0.5457168611003768,0.05198872222520991,-0.32497367345827277
61378,-0.3695736685564178,-0.590376258307305,-0.8103206294213084,0.9466005915686376
18498,-1.6625232899377498,1.3541670083342696,-0.5185484858467453,-0.7319945122839987
32098,1.7457241583659169,0.01856198497708723,-0.443680328506134,-0.9985917238474112
16458,-1.173538636558355,1.3225400895697523,-0.6222193897931728,0.8254448688174602
29938,1.04667247084883,-0.3931224399335436,-0.16741167766714235,-0.68534362876989
47458,-0.8063124496023545,-0.18259175006680625,0.63065716331918,-1.720461109256839
9618,-2.105113330023933,-1.0181413633014293,-1.4109182049381663,0.6146696413481434
36618,-0.19685727748554727,-0.9571554779219524,0.4819554863560081,2.3004501948884313
65618,-1.3442758619074593,-0.635380602492769,0.9542078438669482,-1.4584841228852128
62538,-1.7356581928795025,1.0052874887870977,0.4479319867077254,-2.0134561249472704
66698,-1.8766043482576635,-0.1900211009518769,0.22059381634119857,-2.1879345361928655
70858,0.48095008773833653,-1.2548178778157333,-0.7178899230858158,-1.1079382903882233
2138,0.6219176072055618,-0.30479326677133034,-0.6090799444881837,-0.060830815332121466
57018,-0.2598281838021401,1.0812522071777904,-0.29724255694133034,1.7804646447826067
20578,-1.0475114498701945,0.22085719478243265,-0.7475648403108084,-0.72820000356982
1378,2.2400882746280915,-1.1928303598635506,1.6357915672589582,0.06514324459599748
14938,2.370258878606204,-0.8582048394511015,0.2222137245419957,1.02988939547516
43018,-0.14665961173516187,-0.18253882197939597,-0.9439070518391264,-0.1146360586850763
13178,0.017852947970932547,1.1606540313551768,0.7212150377482942,0.08003183832000473
8298,0.5887841865973822,0.9895143557644304,-0.45972683251543617,0.14757110584102417
72018,-0.9085533998022411,1.6314502680100134,-1.1031917608419493,-0.38002425816038127
18,-1.248730416702755,1.0979224811501571,-1.2499154383060571,1.529548723018574
39898,1.0611465528029422,-1.060903737614973,0.35435824311547176,1.398891345044126
26738,-0.7718610442621245,-0.03283287118664412,1.3632886006223435,2.9626146464999596
52378,0.9025978508085424,-0.692403812840366,-0.47859386029216494,0.9182522019397451
56538,1.891788840157053,-1.6370873469732437,0.6844009362833036,0.30519591546617136
16098,-0.051561163756074044,1.0957143967920844,0.59110144651405,1.662684829282873
65658,1.3747753883307052,0.33813163312457095,-0.34719943184209073,0.41348563237609753
64858,1.5478254253856352,0.5381374533020825,-1.40099503002214,0.7525385090256119
19818,0.4234721293048682,1.91982242638411,-0.8397008850479658,-0.8982842213415283
73858,1.130440761407913,-0.31243641982031006,-1.995413649045197,-0.32766371734505567
4778,-1.7172130801473906,-0.8189654717023569,0.6686224603410906,0.8865722467061232
71818,-0.41880245355603307,0.5006543993681053,-1.2463278701444105,-0.7484998081219909
45378,-0.09412917863164444,-0.4041764615280345,0.3662441025534775,0.8680398094212265
49858,1.5716418296969323,-0.21355175612156824,1.3054629083341784,-1.9943421440107882
61858,1.6687642514414693,-0.8854459170279902,-1.5349931897754683,-0.890220771128504
25578,2.94322921422062,-0.9024586830213294,-0.720162882653006,0.8350149395919484
8338,0.4355748893257342,-0.9083273470058486,-0.2034639231993461,0.2295930560215392
69178,0.10779017099864568,-1.8987111494117799,-0.399147798140276,-0.9758700147076355
33898,0.835244259157952,1.3981784501163301,1.0473215344046534,-0.279384198267164
38058,-0.13840762961179148,0.09160751300279482,-0.0799403443233396,0.20272886666457493
42218,0.5413775806315406,-0.2548613514423269,-0.5762358477816191,0.5315291519208473
6298,0.22658276261907098,1.1552591197450954,0.3057425166160801,0.0802477694935068
46378,-2.794763101082673,-0.4802589394649911,-1.5205003366149927,1.3515056568583486
3098,0.23104166147724614,1.0101599250469682,1.9058616828603863,-1.2790952958683455
54698,-0.26103116191969816,0.24205888727304095,-1.003572221073353,-2.1935433063734977
58858,-1.1007684882320408,-0.8519817701843586,0.9871646570597664,-0.6570988524043915
45218,-0.09764638510375115,0.7743896331447103,-0.7547594348791249,1.6722160345851138
54578,0.15871726677960557,2.2055996223427505,0.8403118414947552,0.2810597202712989
67178,1.7510566809686536,1.415535658169291,0.709631632062049,-1.7739160303630461
75498,-0.6873983113153533,0.5471840761258313,0.1707689682325575,-0.1579068001783042
53418,-0.8466017276358101,-0.6064569595655662,1.449187383361597,-0.457851282131124
22898,-0.16908525158080276,-0.9397819385671575,0.2875446374899739,-0.18608260365973142
7098,-0.5276999807817788,0.6224174473384592,0.9991801993351792,-0.7815201612213687
31098,-1.4017792462196732,-0.12785720703672712,0.31679030055850366,1.7201960849751703
51698,0.8519409709516423,-0.7111806721378238,-0.9077155530988763,1.2000163890965907
30898,1.340745410666788,0.5474030452397796,-0.21793398221969648,0.9458017927716785
60018,1.220826874828022,1.40271368174466,-1.5477952456411441,-0.9043290478581492
68338,-0.22513292675598642,-0.31174718438479343,-1.163410543312357,0.94925466539455
8378,-0.09924318219412413,0.5617739568148951,0.7015981096184202,-0.1219790881663648
72498,0.8391483528959285,-0.15582402622883204,0.009167300303716555,-0.5692168691640433
47818,0.25503726604648985,-1.4509799205154819,2.2760845262299867,-1.1604830989697779
40378,-0.011944936581325834,1.2767387515776583,-1.6332168786948784,-0.8990402339232841
26818,0.47822836539371355,-0.3899581454906606,-1.287674133886559,1.3361190040494915
12418,-0.44660704967571463,0.13006145459106372,-0.2759545797204318,-0.5553334990086878
4298,-1.6172448843735239,0.9094026372985483,-0.7735906722024235,1.9196937306182287
67618,-0.10921035449153105,0.6759617820831217,1.0657587658488537,1.6343842737453698
63698,-1.0423440453089217,0.24818143280541408,0.012137831752595132,1.7817877758922667
34658,-0.10649483418059007,1.4656993971994037,0.7960851580331536,-1.583914670531849
41538,-0.9188036608207109,-1.2748005325442555,1.7042270303565528,0.502762591503947
71538,1.0522646921406116,-0.07469939962505906,1.015617577182542,-0.8316367746089466
10458,0.42582582738292357,0.03949036220158308,1.746956370270517,-0.8947727483410647
58178,-0.18927107536281543,-0.03604417327485062,1.2418546388162794,0.45196031637271583
56698,0.5177064147406701,-0.12731625184698364,-0.06607873074882094,0.28315787970278994
49378,-0.28302321454269824,1.02595682137835,-0.3069845596474836,-0.6503495933309098
34378,-0.742556780054538,-0.621948257985669,-0.9442446631606187,1.4837158794215433
6098,-0.6760511871036677,0.4842400684622382,-1.2564026866807112,-1.1291545526199471
57578,1.0256369423106928,-0.0842181910216301,-0.295533922235423,0.4247694884465814
56018,-0.204804060564823,-0.06338939916798049,0.5760557059365191,-0.4327951594133396
14738,-0.04459411846335574,-1.019871029795621,-0.6267404173429366,0.37838044160656664
66178,0.7228772514855778,1.0886840236562472,2.1896334686450767,0.11523290937759
63498,1.7067712416301868,-0.058900037025719054,-1.148435084379301,0.4636445488639498
77178,-1.2110474054186062,2.170714623761866,1.0611056947980153,0.19617465257944827
22778,-0.4784598637799319,0.3183348442820067,-0.39980372185200846,-1.4943662662437966
45098,-0.23367159117439384,-0.1053356178113168,1.6676628372349995,-0.5781595380023372
7578,1.0900916224585246,0.02705052307080766,0.9811146464328578,-0.20589243369143348
30978,-1.3692470251998667,-0.4983176971446997,-0.783263994798939,0.7161480144362123
20058,-0.7310077718409731,0.41642140381259113,-1.0007620930055734,-1.288932120737521
68818,0.868093295612231,-0.20502020600087878,0.3861464144837758,0.11204638307562578
49418,-1.7003030127118333,0.497158816302053,-2.1279187444875305,1.9990564713393253
29058,0.276376822687232,-0.3168152820380714,0.7166692167586293,-1.7111800428305703
45018,0.31738988623983067,-0.45180959121325553,0.5165328766277929,-0.038945114454551455
67858,0.471891464426045,0.6599506246197273,0.22832940019111486,-1.5468927469255647
57498,-0.9825831883558912,0.9727377452016988,-0.11911650957811819,1.090334418773174
53858,1.1804494027750763,0.9505314957347941,-0.7030782124720677,-0.9424644490207321
14618,-0.0542118273358841,-2.7823244100842697,-0.23478015463748633,0.480882178508047
53978,1.9356023666378896,-0.37157052110505057,-0.726686061207166,0.5035199859206905
74138,0.7620668299206673,-1.5009878257581228,0.9598427424477882,0.33307557513717656
43298,-0.6105570068665108,2.1243322701638365,1.056685654030628,0.7185293449691458
1578,-0.1507885302240439,-1.095973341511018,0.6111900126298873,0.7331462143591742
46178,2.125030852864008,-0.12595351401245827,0.5703456549644671,1.2331548976036641
50338,1.2884561712109974,-0.09473035690315383,-0.4920394866639963,0.5495825128620091
54498,0.4041965509085492,-0.5672562927334401,-0.7996111765238484,-0.8569982525207346
61738,0.6978431063648874,0.5587228376962441,-0.579585433820097,-0.5739393592352398
58658,0.6674478876427413,0.9027057134622132,-0.9039020722264045,0.12565920028169625
2098,-1.438160411268996,-1.4844708321436682,-2.3607860539444188,-1.4019238593965964
22138,0.014380774572648096,-0.4733640115836382,-0.40735842071065476,0.32102564305369896
21138,-0.7314948645363744,-1.802951587943945,0.8254657630961901,0.2551354068217018
71138,-0.3731665311488799,-0.7210804545602411,0.8182660368940983,-0.8375987707398
18738,0.3998259117047876,0.546592709872903,1.5333683560248155,-1.1569334999045962
34858,-1.604844175624113,-0.2190410322372493,0.6730401264175161,0.6832287546552311
40578,-1.1597725166075028,-2.369239632218987,1.3669233904789846,-0.04601151605146952
47418,1.1306457121432598,-2.2474496741873304,-0.3287183008693722,-1.4382216258710123
51498,-0.6043988543025787,0.3461819115862429,0.5316475648579922,-0.11980423377100212
57738,-1.4708612980633182,-0.927719832791671,-1.0910461718825424,-1.2878046025007548
59818,-0.8197599440672,-0.9954007668992513,0.046482139008621554,-1.385386102890334
24898,2.7373924503746125,-0.32103649112162214,-0.2288814842910949,1.2681718370826978
68138,-1.6613294876596831,-0.5919667029506914,1.2182129830872257,0.11951250917156392
76458,-0.49488720597005487,-0.22160866312986663,0.46377466360805253,0.39018980695975164
40178,-0.7684701988028032,0.9885607265636024,-0.17873895531449782,-0.3318055902052046
12618,1.2072618342076735,1.1915799524770359,0.008423463652976006,1.2402212002081165
36578,0.40312714266553223,0.15021302130255715,-1.0662882737124282,1.5754611447816564
52658,-0.9913619857075642,-1.0354743621339921,-1.9522366214268356,-0.812392510796164
20818,0.26056286754158975,1.3365447296490478,-1.499341381819774,0.9288747228867285
60978,0.7932457843416746,-0.818518960779707,-0.010247556025592719,0.13007586061966722
24698,-0.5113238701504671,-0.39512930198400786,-0.9150500194808235,-0.6207074824660677
69298,0.5645282691766466,2.595504437719677,-0.6580515486944972,0.19251604051199245
73458,-0.47237634640466286,-1.1923846994624676,-0.3138824671581075,-0.9984537043163013
49498,-1.2649341908293386,-2.1306869296029287,0.058141964847943636,0.7873032637125226
46458,-0.9119553099326366,-0.9884113144824056,0.7658033157125331,-0.7538688474896943
30778,1.1660535804357268,-0.07552588973330772,0.9841596677497263,0.30314451941961534
37218,-0.12025102294456468,0.8453272701345078,-1.612703718667089,-1.0610803204070427
34818,0.855887411962439,-1.0243163028452367,1.6908257246943716,-0.8843450390853994
43538,-0.41244296042635786,-0.6001429009427384,-0.3167622682781219,-0.5513792837280056
17538,-0.09505886524373319,-0.05836522289920465,0.14531945494022833,0.3765072909928524
21698,-0.16221378681157925,-0.9517167697206634,1.3926824625278622,-0.4527068348154153
66298,-1.6963317498449284,-0.14734849081702084,-0.8687418688282027,-0.5366316493127151
45418,-0.44408105998090347,0.673918130034532,-0.5392504560277855,1.6683458279446928
30018,-1.1784297390571585,0.2598900772519864,-1.1707234929206114,1.6795602912413055
76178,0.05212440736114655,-0.9261788048861231,0.3452110587548548,0.10829267475519543
57218,0.12416480799090093,0.4778300098995914,-1.8537426913542168,-2.0074740714979415
34018,0.945128067893123,-1.2220050831883122,-1.212077307848837,1.2404095007401228
38338,0.5642062334075774,1.7546457842399508,-0.034185964293032514,-0.5287875781903705
6058,0.2674724513901986,0.03890532617035896,-0.6087771205169106,0.3117541707685092
74098,0.4921128426004934,-0.3899984336413441,-0.1681003865828525,-0.07468320223439699
6218,-0.7126367170164601,-1.2780142236647212,-0.436417875808732,0.39546556562607676
14538,-0.3054744114005792,-0.32559911370960143,0.5571043973905433,-1.5251204332676014
10618,0.2883827924177177,-0.9041016549737287,-0.06090488412010243,0.07399133587028019
65258,-0.4215333540219825,-0.5292696313574762,0.053702300683894644,-1.230557820367887
27018,0.6118522385912168,0.20945159520963236,0.18677940023580586,-1.0319912187658915
39298,-0.17170131387061702,0.8408165496738599,-1.0654285965960972,0.6936206494219431
15898,0.8937597323626969,0.46379741057153745,-1.3332213460088596,0.8031010908117789
29818,-0.1222119532720278,-0.7541384845555741,0.0632318191297987,0.41259180045696764
23578,0.2896762767333085,0.44565720289016414,-0.9015792366852148,0.2276271659253471
67978,1.278263320675665,-0.674620475208456,1.3046543003744338,1.2689863130051162
69698,-0.7017567121085843,0.45542920638663603,-1.7951607207323947,0.4007026944973853
60298,1.0201080028214746,-0.8959978668485978,1.1625207636606791,1.8555452509037056
64458,-0.5650914095566386,1.2195309307103053,0.08447707132032342,-0.48275391241373083
24978,-0.8868970127090047,1.3918126576203844,-1.3656552847096193,-0.1955733359454083
72778,0.040385605593079486,0.10648283924054142,-1.6980996813646818,1.6820024161539866
40658,-1.3290309921250496,0.33764065124289294,-0.9723901008161049,0.846985071579916
46498,-1.1036383862766876,2.2098521378737694,-0.36359644426565657,-0.65448390672819
22938,0.8142108387781313,0.909022264881818,-0.5129484358304646,-0.9069673741451653
48978,-1.1100963948434908,-0.22552882705653887,0.47439117731349967,-0.3923004643705145
12698,0.9071478958900427,-0.7165264898724478,0.5963703106448357,0.43508430140720594
41378,0.7498091787245882,1.7843163447984824,-0.4663663654365456,-0.18769461205492033
69778,-0.0472070120184408,-0.03923113528841186,-1.0954812944900911,0.9072794153235769
70058,-0.4433379503311448,0.6468255711898702,-0.4867336818294257,-1.118981616943608
63218,-2.157624357403029,2.152361197431786,1.0701536356116863,0.7754565629428879
45978,-0.35787226471767125,0.76049185516454,2.1427024046264167,-1.2060048654731503
62058,0.16465231889158075,0.45396073363206113,-0.9953129761568373,-0.4222949482451932
27058,-0.9370924160898233,-1.770074630897374,1.14543209447412,-1.5306828166001476
24938,-0.17013276016781453,0.2177219669800153,0.46657112523890515,0.576027876925844
58458,-0.3929089388155586,0.9384601527046315,-0.3868348960166704,-1.2825325619019576
18018,2.04460733781174,0.38589349381551546,-1.9939471475115726,-0.9378616681191948
55738,-0.5726407664152151,-0.3551322826438259,-2.2226358420047325,0.1522091384108449
29458,-0.415959741352906,-1.4674326822449204,0.05261935546308569,0.7386395208181875
67658,-2.3462549118990315,2.0758629480010398,-0.2638927653482002,-0.6331158341328396
43378,-0.6743001367415374,-0.8889362009851306,-0.7537313804596086,1.080763019297518
38818,-0.34325228238050637,1.0492246422661256,-0.669291168153647,0.01596473759240003
2498,-0.3263397700689663,0.16967774029736823,-0.5909741475130725,-0.3487089909094886
6698,-0.4629726214624871,-0.22290908720688882,2.0660791002907892,0.5409137293163065
51298,-1.1271002939697112,-0.2282636993940833,0.18982798735118905,1.2050984635971664
15018,0.21215304086323805,1.4858563009793713,0.3614123447406061,0.5291773702127317
26258,0.5188217469690156,-0.6448084808726298,0.19435061764697115,-0.1762527836958907
72138,-0.29737313346139815,-0.16382844334702532,0.2355814799951223,-0.014864508652083976
63778,-2.7521235127100603,0.575334460378886,-0.5470811683608046,-0.8300833703483617
10658,-0.9624234776269088,-0.09280108591325091,-0.7271660636562658,-0.4452503130376619
72098,-0.657703165902772,-2.006754140523716,-1.9524985780098207,-0.4703030924429277
29138,-0.532474840609546,-0.23583400968502913,-0.15400058351416596,1.483978907544153
58378,-0.18711525941537607,1.2696732116277287,0.8155679830510085,0.6889915312306066
48298,-0.7388561304453233,0.03837127351863809,-1.0765126735895327,0.551898023455937
72058,-0.180494704814822,-1.212118952902441,-0.16844664761626044,-1.8876609381011245
12018,-0.4636032155206424,-1.0500476263046519,-0.5349124930933326,0.3791306988935401
16858,-0.3588973275975515,1.0430216708594933,-0.30205854296841517,0.19537397005731197
61178,0.7682322788793565,0.6043063347236011,-0.08402472188315917,-0.3686187906927063
24498,-1.1748237690918404,-0.37265881655690697,-0.971925506620879,0.7148970790186708
14818,-0.5478877435175306,0.8007174275726412,-0.7993997220167177,-1.6705008591726789
73498,0.3561517878457154,1.2186813144962074,1.929238792401213,-0.1396218013195648
698,0.11738950492959477,0.9238038133899826,-0.939042437934537,1.0137530938700319
4858,0.4179660597975554,0.09411989933734823,0.14936066832255257,1.6528785142723967
33258,-0.23182068552450638,0.9090923070361764,-0.09412588240483007,0.723220356121089
49458,-1.2164627280571216,-1.8687569621184472,1.647829281062131,1.6443692577206075
75858,-0.09428874778256131,-0.4481099063801643,-0.0032795955282020656,-1.0427214545276957
61938,0.29594999075723777,0.04553236923972893,-1.3228818341419704,0.23422270455088573
41458,2.1774310356166495,-0.06223509863857266,-0.23555864875799032,1.7386743170271803
66098,-0.6024850846750104,0.5693749492312866,0.5604856585295345,0.6269562896348756
57178,0.5110713841079344,1.730755467149881,-1.3503725472981905,-0.13211980178814628
70258,0.9209462269645459,2.116685866109783,0.6457732113809393,-0.09671087936781102
56938,-0.47147631689012365,0.7150617188693688,-0.5172295359032378,1.2676940078466072
38138,-0.8909326649065901,-0.9857242060982332,-0.8823764377222021,0.6630318537431127
8698,0.8851849421542328,0.6515741515427679,-0.28030075819939115,-1.0658304723893774
42298,1.360140515746109,-0.7557096649330578,-0.3417365824565186,-0.4642997559653944
8618,0.19398738706472088,-0.27132441965845555,1.160678933588785,-0.27279085543101483
37378,-1.5004115053572469,-1.8285021603769618,0.8826651813992613,2.3803162382017358
38258,0.19694059943085085,1.0496709053136264,-0.930965629585415,0.22558884839780205
67258,0.1856375837902176,0.1780609306838483,0.7303489283770437,0.8724970062341448
71418,-0.42084182699661654,-0.13813016336533712,0.5296150429226999,-0.8638809695552252
4618,0.7220202009584008,-1.0645487024122695,-0.14755012320707908,-0.4051377555539451
75578,0.7819548480243099,-0.20656043349543662,0.8515547981440922,0.7309441776491004
35138,0.00023524654834197007,-0.7031495737174991,-0.17429175612436756,1.8335108724218925
23298,-0.35049651241564744,0.9940861673457894,0.793613591847481,-0.7360227776001134
658,0.2696467357901059,-0.18948452519273581,0.25281700101168725,0.23623369190501192
60778,0.7799462989269392,2.1716441006286815,-0.02176219489122956,-0.7961166176593089
23058,-0.5434998786399257,0.6995369845640842,-1.0250972921542705,-0.46794547968339867
61978,0.7126270321204096,-1.668903907241938,0.5339510254322943,-1.3541080185547592
32858,1.5000114723839753,-0.16573206495441548,1.351248565060857,0.630025573275827
69658,1.4291210750776993,1.2232160063646826,-0.6655204764777631,1.4032788836317114
36298,0.1770790913314165,-1.1490051391730702,0.47802107480816497,1.4977083433502245
70178,0.2293374394925703,-0.9391289663242184,-0.2823005572883081,0.8344718426507157
41698,2.0825554623389877,1.0336503881260937,-2.004848791218537,2.0419330440858405
57898,-0.7997757809705345,-0.02767130720888897,0.057059218458697825,0.29254283176173873
57978,0.6550914230064322,0.9390047681282102,-0.09908904106745796,-0.006694551358046075
61258,0.272227655201892,1.6096494352970796,-0.4780413355657486,1.0437682007394973
47538,-1.1315963185166944,1.7303998921384898,-1.54297118612352,0.2710191300618782
55858,1.4301231196789848,-0.8197602875292329,-0.7893346818799862,0.2131803897753259
45858,0.11838007183256805,-0.2905121144879517,0.9643932591563439,0.24814863427958117
5338,0.7491191303310616,-2.2541443744062426,-0.4974170876737034,1.8583615975705892
64058,0.13206469077483915,-0.793766803821346,0.7083447946192566,0.19852380619020762
21258,-0.649315398148149,0.8003392237370716,0.4623169642441083,-0.8536343445887902
58258,-1.0415565678115788,-0.07215957070239919,-0.47595639242429033,0.5500915127874657
21978,-0.5467936299405116,0.3476203398473875,-0.597570417720892,-0.5065470572957231
14698,-0.3929368198443752,-1.653144948359018,-1.6255802336541294,-0.30352631351049625
51778,-0.7729019613057182,0.6893522345788421,-0.2728146320048943,0.7658250278931378
70738,0.913046453783013,-0.8059476967323467,-0.8296711250830996,-0.3278422330832789
17298,-0.5935678483552872,1.4862278038032086,0.10024487314765512,0.4323056477053947
38618,-1.33990359659809,-0.569646130745125,-1.2549773190816815,-1.024826324661341
29258,0.5530160108199237,0.3789778670614046,-0.16234816654651849,0.943122982836742
56338,-1.3239788768246743,1.8653287799193659,-0.1827051163684842,2.130793122418649
61538,-0.659612221686725,-1.2562991502689245,0.0906718519938137,-0.3159140165771753
27218,0.062409766915910374,-1.6339900479053835,0.3806626169092409,-0.663989564985575
44658,-1.966017293915192,-1.0602551118372268,0.0342946171663908,0.7620691841559105
51578,-1.0514520801004572,-0.5872283089852172,2.5050767221756565,0.46773779313480995
25178,-0.592542625305233,0.5854827791244483,0.3065435925736365,0.6857758461656281
45498,1.2621422911005096,-1.9076770008408712,0.15498996966834427,0.9145728127245113
48098,0.05198581949093135,1.8087425805617834,0.7908907179309541,-0.9180282232670792
64098,-1.3839674163399456,-0.4997486408831932,0.21575095978090597,-0.6429955385881572
11818,0.19567120193128396,0.12249214769119171,-0.5232537078798112,-1.1873243619424567
2418,-0.2789724829512013,-0.2305453917083102,0.4291330112394748,-1.4478072863239406
72298,-1.215824823169717,1.3160565275737761,-0.42430928926989114,-0.5212362466791082
28458,0.22723154607935342,0.32206081415099846,0.41467255284776955,-0.468473118610655
70418,-0.40465948863498535,0.00043897963863513456,0.21281113122911965,-2.0919132870211286
40938,-0.5779021824917282,1.2292621064519258,1.1142228928503957,0.532746784060516
8818,0.5055455457486846,-1.3521783847742177,0.05559652912591654,1.2829279766356025
1818,-1.288954562560543,-0.6935533053015382,-1.406786785972416,0.034972025798873416
49258,-0.9650595979686962,0.9458955120563681,1.1327410711494947,0.037112223310723565
17138,-0.0812064891321638,0.27625821594094235,0.40473882614372264,0.3704849711802794
47738,-1.0752945153475268,-2.0050263596636797,-0.9940750668010757,-0.6518660268840745
39018,-0.44983872367397487,-0.7149288849939005,-0.40607140480684534,1.5008724393189217
55938,-0.646193215187988,0.7836608363085465,-0.19760325701330242,0.17218101324306195
37938,1.2053628051292355,-1.4300534707001096,1.7054890488050956,1.3012368979064797
46698,0.26032643036600156,0.2704029835013167,-0.819639834467413,-0.44174188378173757
46258,-1.1788247909304341,-0.0602913093770709,-1.8193639775976669,-1.4190036836289865
64138,-0.5589093818883542,-1.2918623707286319,-1.704619098003076,-1.4375691427164636
73218,-2.4941857376057754,-1.0884717770043442,2.1279029138048613,2.4331335338706577
12738,1.1207668211603319,-1.0971150118358732,0.40887876080907604,1.9240190377063326
41618,0.7322891192465543,0.2579064037193602,-2.11352966585695,0.5178314828241184
71218,0.9880232852968277,-2.5458398033582053,0.4103737673548679,0.04076620282383652
29338,0.5140098254966242,-0.5085114378016569,0.168665126277148,0.5472867295430259
22298,-0.7916547088824883,1.0603480882398248,-1.1758449721915922,1.6061720407349052
4698,0.8825147073261601,-0.7731138250009025,0.7382128511293028,-1.5612617292868565
59898,0.08334558629600268,-1.932258509405059,-1.4435939016258383,0.19930087618281234
17058,-0.25193843707073793,-1.244903612220779,0.13278790410979754,-1.5108965386098427
23618,-1.4860204741853524,-1.7465329213686456,-0.8648191042732167,-0.420793345027717
13938,0.7014163954188002,0.9050368802883567,-0.4997751954103925,-0.8659325974263911
72378,0.47875467551324513,-0.03431628792023245,0.13779369068245412,1.4937114015870259
66218,1.648061408282573,-0.13249967596790013,0.878337641198635,1.6930730764882838
41658,-0.1204775777420809,-0.22971471375829025,-0.9771564610506837,0.33010915811429076
36978,0.09747722717852547,1.0100012436272807,1.5926874983789068,-1.7217794521365122
44418,1.6377189025088184,0.9991165720442252,2.0842180514325745,-0.22039857415387537
8138,0.8090440086918916,-0.1630041083310857,-0.6142395251088348,1.1780126660862535
12978,0.9617308926473866,-0.6320161214215257,2.0306150862501013,0.23942273218263452
51898,0.12801016791420655,-1.041460079765404,1.4687669667330043,0.7292097811188085
73538,0.8076018013647208,0.3429570936110727,0.0243021251732614,-1.8042952632136093
41418,1.0237140557706161,0.5191331468290681,0.3731567672968732,-1.2645125668250954
37258,-1.3365530749262042,0.9282404696516601,1.80993443126735,1.5896730436277464
39618,-0.30658155156332945,1.269507193586007,-0.3313193016162951,-0.3626723441818786
9298,0.13027198986712635,0.22283765842633452,1.6343853294978876,-0.009874537802702513
37578,-1.9867498380603263,-0.4052178353647971,-1.3364838354642758,-0.16077835445510832
69258,-0.2901425009930747,-1.0390836961636096,-0.15324930020395852,-0.8292947635061594
64778,-0.5160858652200107,0.23650108140102866,-0.20764703282995037,-1.070351766636317
76578,0.8235025528634736,0.6051825837230924,-0.3335073685049166,0.2769972927497958
46218,0.13325002258973465,-0.6780233233100471,0.21232318723123694,-1.6592745174204553
45778,-0.8772512836253258,-0.5909955218335656,-0.7754963608154493,-2.114003415032813
58898,0.4455182153563617,0.48744919941640563,-1.141785333073866,1.7039353566996713
46738,-0.9559290363504017,0.33737267171879953,-0.026860744629230954,1.9384535939845158
30938,0.35159134558426985,0.42772218756643315,1.6119940491342113,0.29976743498016656
50898,-0.5729827211664225,-0.2205998575859362,-0.5515999713678551,0.8835609961485389
33498,0.7076380280191504,0.3072265359404874,0.2646087477787007,0.2043338961046695
63058,-1.907093992772186,1.4235526018638818,-0.12147415484481065,-0.7335849032572601
14458,-0.7818608853910107,0.6166613489673398,-0.2422972472512122,1.576145109403266
63378,1.212865105772037,2.0052710433564065,-2.289422129956828,0.09394140397582335
21418,0.7926706033595142,0.9194892704549126,-0.7423507102084114,-0.5985638463591129
738,0.40308953699673966,-0.25127208454847694,0.3727897293623463,-0.98741333419661
16658,-0.8483690218695699,-0.894023405443837,-1.2702085861967634,0.8302370242093382
41338,0.4022328636211419,0.24166499957279372,1.0057981268752245,0.11659650142343923
39578,0.022044729724099283,0.8788730619475271,-1.2259877067237668,-1.2154835370436896
43738,-0.1562312085502564,0.3963841725888466,0.9836388841016099,0.14973165442891215
3298,2.321517898779303,-0.36663236210301153,0.9445848351136658,-0.1348688310885566
8938,1.2445443979112452,-0.027515650512746282,0.18575922880877846,1.2707916968579416
18898,1.41856911217641,0.33626386198479896,-0.9917136526623365,-1.614520595481169
56218,-0.1951667323462885,0.7624911703828526,0.09829888632901529,-1.1423460573063786
44018,0.9135474207305585,-0.5135518413106999,-2.326079411633113,2.4282810399454267
27378,-0.6058690564891532,-3.000006796945551,0.25122229954459147,0.5597703410126823
24098,-0.3934186551523392,-0.9194485005293382,-0.18483940240953148,1.9914148246052268
72858,0.8266555839852405,-1.0400566652338614,0.8535361179926054,-0.2671977557651562
76538,0.9656288444724075,0.09386971932508742,-1.4806699221208428,-0.15298129342023228
298,0.11075239362417443,0.6733953822215673,0.6183645841622398,0.3541831435342315
33578,-1.0812198581320749,-0.17863989379132925,0.14491216105274612,-1.3128189753827002
49058,-0.41962605156415766,-0.30769041697617566,1.1217926705734456,0.40693153523921477
12778,1.125212929668236,0.8505277474862916,-0.8922149626581006,0.1883228028257807
2818,-2.112210881008602,1.4056116160976362,1.7868074703810186,-0.06421825257636746
16938,1.2925838197926731,-0.26429730353649,-0.7386960046010387,0.22312702617650915
25258,0.0126227845605693,0.8366022888996756,-1.311476763402471,-1.2497534107289732
69858,0.5671201226903252,-0.5430638925704387,-0.110788908665827,1.0328819239227012
41738,-0.3827369950395574,0.856165019426917,-0.6765305615715461,1.3397855992741476
75538,-1.975744321584561,2.3216310919842034,-0.3265478161855843,-0.6280515981935557
22658,-0.8566003978205183,-0.0774158957019806,-0.06366051920183631,1.422134989006812
70778,-0.2379707331871257,0.8953926573699786,-1.5243464806876796,-0.7013933968822674
8978,-0.08355684025989397,-1.1929685800639709,-0.9402656183817966,0.8521902701258083
54378,-1.57845679371296,-0.17120118166299916,-1.089329739855099,-0.30899464866994253
62698,0.2582817426303077,0.3304925198020481,-2.7191022280425803,0.27135688595355006
47898,0.5027721961628571,-0.42362259790828016,-0.8339670675188857,1.0422874533555655
26418,0.33861975959205404,-0.2181980192225267,0.827095111716524,-0.9441515076011113
6618,0.24461220338369463,0.9480745377663349,0.01908794536970127,-0.18025418742463356
45618,0.020386099833262037,0.17450868185357202,-0.9764311794950603,-0.14947393195138953
75178,0.8189746280801546,0.22158597912435096,0.9975369995674584,-0.1237011759953152
40978,-0.09831194612194648,-0.9315171683530544,0.7917405561155847,-1.152862198910152
35618,0.36502062158270754,-0.5700372341074991,-0.4447727114119749,1.0056064585014275
43058,-1.3721211574806174,0.023638870842372893,2.178521925007857,-0.15056926707307203
47218,1.3864546193635077,-1.362198135972947,0.19929210182143542,0.061108795995685486
10938,1.7511207404535234,-0.5587906515445945,0.5550453510623662,-0.7918358983971222
73338,-1.1798588813672257,2.470144623652329,1.275570068219325,-1.6489576241726407
55538,0.5863945567872505,1.8334808358942618,0.7111578061637166,-0.09486224337410376
23338,1.9156460864375426,0.34447103568422816,-0.998823547301106,0.3671040042267725
9498,-0.5184608405408344,-1.1616678403194807,-1.083582617296047,-0.5670551707374797
63858,0.25729351077623125,-2.003538312305332,0.44127626552059385,-0.7974647956145252
68018,0.8218265213320912,-0.9453099383321094,0.5646574596941402,0.8989168530990079
31538,-1.5723980340801333,-0.5385756855861297,-1.2977495824402265,-0.9409011859441029
35898,1.3398033308126471,1.059274777225089,0.1733257166919045,0.8888426345586898
48378,1.4296780176047506,0.15529456959124743,1.0937769417278518,-1.6722061529592065
19258,-0.5031391133670633,0.004952570698156998,-0.8634724669918301,-0.8874983321230429
20618,0.3099669043045923,0.9768753243648968,1.0765992816763097,-0.20026844882980616
60858,-1.3203259330200792,1.5125420569011627,-0.5700326772099278,-0.5234200511115912
65018,2.454973756585857,1.4429625741853038,0.6827635253092033,-1.1106618713697174
24578,-0.08865764485239147,-0.4566306840853468,0.3945346274728259,-2.3285149358024575
50538,-0.2896707398686184,-1.1130476994359724,-1.0483269567807094,-0.9764947135556581
28738,0.5891335337853714,0.5585707419511882,-0.09228418078904242,-0.14811929209260413
68978,0.3269794969228116,0.1730274650319911,-1.7432660868610792,-0.34483516821326027
32898,-0.5740194466048223,0.862392157196092,0.6975808134182775,-0.21275353707157438
37058,1.3488957736335987,0.11982479756899517,0.6035501750481078,-1.0907425395712638
778,-0.8139160515028525,0.03266673467913812,0.29977785810702395,-0.7724247165165825
4938,-0.23941264475948643,0.5778365391063891,-0.5875245963456224,-1.6050295787904176
76258,-0.32105134515091244,0.8890597752403266,0.21427275500471482,0.8588647898868821
49538,-1.1997833036267167,0.289995683035021,-0.18601126448285585,0.2874894016286725
13058,-0.7785507890744836,0.3222211829099224,0.6424427424565532,1.7381970611969069
53698,-0.2670522027729497,-1.308329256680313,0.9790122709692286,1.6758241570780874
31498,-1.9722186747199326,0.524673425587219,-0.3914987380613958,-0.2596814544416776
43858,1.2245632403967208,-1.1205818981317066,-0.11225921369801348,0.7030425192918862
62018,-0.18807973611602713,0.32983309180885806,0.12451414934117956,-1.6971864036970556
68378,0.6189798269878051,-0.10328307910082324,-0.5530268322060173,1.4698962427377493
45178,-0.22211566139780056,0.6568110847122145,0.47044010341311143,-1.0059286554519655
74498,-1.1839609943311133,-0.520062977779875,-1.3004407267437252,-2.042815857531942
38218,-1.0930802875666492,0.38960316563748565,-0.5526707039578116,-0.8817574041317413
3898,1.1623241225650907,1.2924624019878137,0.009220572247690103,-0.037229707194906266
25418,0.35092333293321326,-1.546116640852531,-0.32868241286106314,-0.0744332615602876
77298,0.22373992000521156,2.0852780077214423,0.4889420610871857,-2.617838661927752
60258,-1.5761532135342333,-0.10814784929634648,0.6174826233220122,0.1318992033837193
14418,-1.2092908110102099,-0.7794728245366707,-0.926261932226415,0.0035429539341975645
72978,0.6406509384713722,-0.5743239618444708,0.6784928756954255,-0.7445096969229615
22738,0.7331589230114748,-0.4902999774383325,0.3473611472794788,1.575631503399632
27498,-2.1752277651154936,2.972442270281192,1.125648929403664,-0.8597994626735053
31058,-0.7096759095438308,0.5398139369104498,1.3403461335256999,0.4945224466533693
59538,-0.5261752325236241,0.8897786213177786,1.0182840632545411,0.7449845238412849
16618,0.053691527669168355,-1.3216681977917633,1.9333559243754415,-0.7269056022151763
39378,-0.9209342158003131,0.7744553454229359,-0.6270969244392701,1.2893396271336068
35698,-1.4276625872730642,0.6477305701285794,-1.328177930502551,1.1451224989336273
47698,-1.3523739978237526,-1.4179419213223063,1.044650491741944,-1.1897199479784744
51858,-0.4802006573159349,0.22937755159608716,-0.10785617671516698,-0.5796736181449644
71938,0.9126402627554608,-1.303162156688586,0.06088553966296703,1.2489666210460197
60178,-1.2202109632500273,-1.5792178699646555,1.0255027055446677,1.9047643606775135
63978,-1.515324207680053,1.704865432570965,0.16075632104437246,-2.26240162084803
28058,0.9724145810905366,0.9477219592734805,-0.24607144745699472,0.6305733034445218
32218,-1.788015297252038,1.2426085127276874,-0.3524953741173943,1.140668486744305
62338,0.5014033162367596,0.06563014928528373,0.296817626114954,-0.8208206066404582
44698,-0.468394358068933,-2.507058693793552,1.2468798729318677,1.3913653368572105
6498,0.957710245029456,2.0825839384409908,0.7441640650267678,-1.3158890998143882
8418,1.2014318542964335,0.019235892018721876,-0.5158238229965838,-1.0282760875939216
9098,-1.047602377524037,-1.7628025513807042,-1.1795995350617139,0.6820814287197832
44938,-0.6531359642142165,-0.0011863462280511817,-2.258489854178039,-2.287877018842954
66578,0.6656634962095643,-0.30038644243695123,0.6711043961110669,2.147159426564963
63298,0.27665710923365494,0.4655422204815983,2.0127154781597736,-0.682945451968619
61818,-0.43690737986453215,0.5903663600302622,-1.25911595807256,0.18756912996150646
20898,0.658189013060483,-0.9464374660370587,-1.3926862471024537,1.1325221901710738
68498,1.5128237936877285,0.9548439339689406,-0.41714967215470466,0.6908566950720628
73818,1.0510979441999102,0.549328412462175,-0.08473171507389825,1.1237177140764398
34778,-0.15288911414106826,-1.7972339850979713,-0.9001255876454611,-0.5140776664616757
1258,1.8657324631277865,-0.6193928539126692,-0.6613982246273835,-0.09664550704282923
35738,-0.03305169279518,-0.1975554835071607,-0.022454059008020173,-0.06500805222168711
5418,-1.02158817631442,-0.19852578675981727,1.0340570159239384,0.46146269642845655
42778,0.46497650852746464,-0.3610826055732628,-0.4541075999193629,-2.0176875992120236
67738,0.8923781098133685,-0.15679551196050973,0.3502105261772255,0.3308759518556332
13738,-1.1226188581370613,-0.9030797044779246,0.2396941993362509,1.5340629005897048
17898,1.6662290373186022,1.8904757943046775,-0.08889374553512107,-0.23445863927825997
33698,-0.5727969563788733,-1.2812559815104922,0.12669230483687016,-0.5854947107823194
22058,1.225946362638813,-0.2320743299041551,-0.46602112883446356,1.7533010197599117
66658,0.18065210744796487,0.24606040087546882,1.6556423629222747,1.4204468137646344
31658,-0.2705935828460138,1.418265903624714,0.7877754298482873,1.8520398486989866
538,1.2232676137034406,-1.0200892390814171,-0.18418142035556997,-1.4699305308895074
67058,-0.6370556084752956,1.362893922365423,-1.5541793009562948,0.9369178671861002
47018,-0.9017611594163294,-1.3554998727164727,-0.8825029881251512,-1.385990179536412
65378,0.9446620679274473,1.8543383886947309,-0.11765818296231707,-0.1254519186103523
19378,0.5240806172258617,-0.4202926035096469,1.1870960497251408,0.26330205557762415
19058,0.9553001897085387,-0.7716954041951918,0.07851838751014464,0.3751255456917323
9458,0.5970921044310705,-0.7219504719310998,1.3788614221086828,-0.4540912114515375
2778,-0.0450391927545373,0.6286805507575626,0.8992812456886929,-1.9126503460326052
67818,0.16221588148460672,0.16253104770511892,-0.6783637222374118,-0.48797344206392385
68538,-0.09818332486335345,1.0063845283521125,-0.3010404472939613,1.5437003860134377
71978,-0.8192155454963437,-1.5895835960262485,-0.6551141444317455,0.0009405921226910309
76138,0.033996571737347395,0.08348528579040672,-0.7227687254260884,2.175891245913971
39858,0.09945168781500392,1.112943594067809,0.41901164043662736,1.0368588183815093
3578,1.5336300753745293,-0.3310447037501,-1.151701525574452,0.13777936367430774
46018,0.7215956091382999,-0.891178629839352,1.2319846312420026,-0.2809325201084806
48178,1.9527847327751904,-1.5902592552577477,1.1638584407267532,0.750405729723667
55218,1.7076882115403984,-0.42948465895378407,0.831425802973568,0.5090345801707957
3018,-0.6517518770134606,-0.9307712961980708,-0.13714030668955723,0.33371428419970056
64818,-2.6651652908992203,-0.15951863873495678,-1.353323847004356,-1.1752756771681965
65698,0.7101747665759303,-0.1354062006775169,-1.1236399796622865,1.079017094231768
4098,0.5978940602290331,0.9895523731667453,0.8936208076242474,0.491943349976966
22538,0.38566418057019475,1.391906265205043,-0.9721997318183486,0.6137146549266077
62418,0.2317274318353001,-1.8063041037426093,-0.08253207671812356,-0.19373189643509844
41018,-0.01423670215896907,0.43425428079859735,1.1426740586891524,0.5256869818298292
578,0.9358421567053297,0.16406494859079152,1.136635216547218,-0.02848338999852468
36218,1.5838568331373934,-1.0621706483356237,-2.0829718627675677,1.960367579912619
49338,0.7954416771734791,-0.8084077708159533,-0.30255761688551897,0.5441533010419152
60378,-0.17152723998179656,-1.113220489299513,0.11029790671616203,0.39750562236231957
57658,-0.08616549855557097,-0.5843357280108958,-0.6150513137251323,1.1786952133149458
17218,0.9422477505736353,-0.8336302769213368,-0.3570303597270329,-0.4163754238455686
44538,-0.2896906135801183,0.9317792405562392,-1.2962741530271442,0.012716593551519065
65978,1.2541670334348136,1.5790046710620158,-0.6099358397878174,0.5614356069981142
68578,-0.6125866942232847,-0.049139281010275974,0.7123757786436252,-0.2544112889718395
74298,-0.6095779632575956,-0.6197454338734051,-0.6453727371442235,-0.8499028193400967
51978,0.5395882080928569,-0.5705179712830845,-0.05798753999342585,1.0878123210088582
35818,-2.4716137881214895,0.00702143206951595,-0.2830313096258843,-0.3949079542572651
7178,0.4690812501858493,1.1966661449892575,-1.1954051084922306,-1.024853574766962
64338,2.3947646123674287,-1.0018423199991755,0.8481846157795299,1.4921497243258843
14218,-1.2922650919427494,0.19865197966868126,-0.530786352702415,0.26410995304695417
21338,1.1876073109626475,1.0248037218467119,2.149543059739412,1.041745688721752
13298,-0.42624572942996397,1.6958304856958804,0.5328436578934723,1.3660489571597838
26698,-0.6190390771193367,-0.1651812825345661,-0.7924455510713803,0.9408517127554611
30858,-0.5676326622500623,0.5487685886776602,0.20101691924679851,0.8532217786959135
30138,1.187389203596574,-0.7320775672379529,1.43392020134732,0.046207681281245236
39778,-0.24279449555106805,-0.7725047359928371,0.1766989632499833,0.37168194738755045
21498,-1.2148770324677332,0.6093048765274759,0.5412211775616304,-1.3767894769690836
2898,0.06439216591340816,0.02360596685270678,-0.05426127552076308,0.6695980854592035
22698,0.4589700126663314,1.6475134194384218,-0.08503380146725187,-0.19599293595380873
47498,-0.0907419363754391,-1.3860647629248208,-0.366415466167321,1.0659617930273757
25498,0.4674103191875699,-1.8006315785772922,-0.017398304106077407,0.3631193156550151
51658,-0.16957025808622866,0.18511833674519731,0.448719401853152,0.2685857857411778
39938,1.5364984599970417,-0.24010001293681862,-0.6011471112724093,-0.3432196146757116
59978,-1.5367596019155008,-0.2817489705275693,2.2898569349418545,0.6286620116972396
67138,-0.14833548586480716,-0.44970576203259005,0.5838449060522714,0.44491462390512143
20738,0.43265415161700643,1.8916021324736993,0.39505803298292347,1.1420572875911277
68298,1.0791141593943105,-0.9748184262528714,-0.5140765624668122,0.47768494751930585
48138,1.1401882513982668,-1.5015290338302447,-2.403433512629838,0.3210343124421066
57858,0.9839218011757374,0.23086686545740048,0.16590449213645003,-1.1254667997433845
44498,0.35331996757415995,-1.131517398974413,-1.7496453880655942,-1.2144503348619113
35858,-0.05522767844910054,0.6161413140296854,-0.788176761652219,0.3301008164710974
56978,0.9152363989030963,-0.011401574466218473,0.4920300801548709,0.34435571997150155
61138,-0.3514938943382751,0.4636429237876476,1.2162638272527815,-1.4727610333195515
44058,0.575092928724047,0.38573395932715043,0.9805477771393819,3.1671446056703703
69458,-1.7233672525093255,-0.7758581814965967,-0.9366876031892145,0.3786523708150228
31578,-0.8555072089582589,1.2070417679948335,-0.37067222066207917,-1.9418139977716924
33178,-1.59844688258335,-0.7115951562045657,-1.9967762564615035,-0.43214453559277044
37338,-0.035149805695656566,0.2958144950087193,-0.4919865862055836,-0.18257970783372474
42018,0.058783474636014,-0.6353618895600579,1.006456835332061,-0.35444288839660404
1058,0.2349868352798446,-0.8094940608383863,-1.652524052552655,-0.5822020935991237
5218,0.19375362188781453,-0.42912035722009134,0.09787899156162029,-1.5389202648431453
42738,-0.42284979632122444,-1.084858095482789,-1.149065953703823,-0.6040039630660747
33138,2.4467617759801983,-1.0584170603756933,0.3961537850529221,0.38158540796611834
50218,-0.6191588574980603,1.0822533881049703,0.39077034015048767,-1.3121351048953414
41138,-0.5183314408392459,0.7203090845764203,0.16963951692406024,-2.4513360729086386
26018,-0.5087413388347982,-1.3961040666510567,-0.8112444418635647,0.20580308682260398
70618,-0.5113750821408017,-0.9985129103294821,-2.373386644735998,0.9639045302499257
30178,1.6987298955721204,1.2104251878817656,0.02885055718811824,0.05621219994288836
74778,0.5878176402232455,-0.763038776467506,-1.3434232503361667,0.573455865135733
74858,0.445234692268461,1.31172342565926,0.16942493006421225,-0.18241611530942103
23698,-0.43976381111296564,-1.869570819647926,-1.2511015724657337,0.9374842312016602
42658,-0.020603610125420942,1.6261730501504996,-0.8016122818200818,-0.7783625827974647
46818,2.7434571429409433,-0.6814328893682522,0.3713959617505994,0.5627975199950731
76858,0.47128477872319746,0.6711474715654668,-0.03484419993834883,0.22237848283060282
10538,0.5405672357634022,-0.4557628368061206,-1.2021975893582473,0.043806755134383125
76298,0.8260401591920276,-0.6215679096193052,-0.5645132394719283,2.5962882097954045
23018,-1.0368989718480242,-1.6736891205844862,-0.34322083131749503,-1.818878893916999
54338,-0.9837715271874821,0.73841662233031,-0.15660961858109249,1.0828394558353385
27858,0.5841900595559819,0.007346338097396278,-0.029209193304692696,1.1896625003718793
31338,0.2838465554314825,-0.8010322949719397,-0.1711042126305136,-1.1011480247973557
75938,0.8856946306840888,-0.6439577940566753,-0.7703279320881044,0.35240286985109404
39658,0.06606032438660239,-0.9829510912369713,0.4375887457251286,0.449009408672403
21578,0.8779881145933681,-1.1045894793667692,0.45058144607786427,-0.7613983875294899
43818,0.47694471633271057,2.3742471218689487,-0.7267230180255664,2.7080892400580505
44898,-1.317502396858767,-2.6529710591258526,1.716333322748584,-1.073337493155327
13338,-2.1932333168494464,-0.9872660554227318,0.41111722224256747,-0.9148956385101596
52138,-0.671133695346214,-1.170868279612677,-0.1775547846027675,-0.7448839854906654
13578,-0.36431600705907974,0.6859776618652821,1.2790968790801849,-0.04670334701696965
56298,-0.5239932520619355,0.2029317288014138,2.3603873613739075,0.6576303164301911
40018,-0.42101347175539333,-0.45637622471490236,-0.39950461396826065,-0.5300692020060837
24178,-0.5998997471836728,-0.30618360727844246,1.6012930017050895,1.3403414345119589
68778,-1.2204278287217378,0.5317032966937565,-0.26133585484903127,0.6768172178700126
32498,0.465806354281317,0.5526721120056325,-2.090516354246319,-0.7527782790856462
48218,-0.5082040154037839,-0.5537803412627572,-0.008830952024741975,-0.6018888058383067
39098,1.2881557137107233,-0.18236918312036907,1.0312142720906259,-0.30483422392250076
4538,0.05259769048890217,2.0747937544803166,1.1083518387671671,-0.7505907937662871
49138,-0.8217897769105995,0.5561835419329273,-0.6973493293894967,-1.7750288731794326
56418,0.9529726076486926,0.9325182345183705,0.04523217843370379,1.4816677831643013
53298,0.2018323523256299,0.503284990784784,0.5921258963298506,0.8417925149100791
57458,-0.09452932154791355,0.23384558742658204,-0.8189740836667029,-1.7491038570899817
21178,-0.5287969652824669,-0.2162846217315519,0.9269756283796361,0.6346310508092468
25338,0.5713654072255772,0.7202792805939319,-0.15106755510873354,-1.274251501044225
44138,0.07080424302931669,-0.5300212600026968,0.9978468108351568,-0.1965868716269771
29498,-0.14613433080894503,-1.5436677423944294,0.9746053846852831,1.1117814761842442
2578,-0.8907818836086424,-1.8348467826514103,-0.9768759227331767,-0.4003883873042767
66538,-1.6230032763178637,1.1312663391472664,0.6844300009556604,-0.5624632571201545
42098,0.603452266477303,0.18622674103295106,-0.4016072187611749,-0.2586519805071319
5698,1.497724162369924,-0.6348044133525381,0.5308723315477616,2.1410505123142607
50298,1.1614157862637882,0.08925828637366061,0.2547430880482254,-0.6341142966575813
54458,0.04881122280840797,-0.2959325704835284,-2.45007828109903,0.7823242774217496
40058,0.009396309824506344,0.13150667193898705,0.03384743805452259,-0.08968270626227795
7018,0.11356840071609739,0.6303434417596159,0.7520169282605502,1.2395067204537669
26498,1.0573073123208958,1.9228105540742138,-1.4833600765859647,-0.07457682636898551
71098,-0.10469611870988274,-0.5149318856128757,1.4508468382680528,0.04804967914971953
75258,-0.32398423777587265,0.1756892098230559,-0.35392308137031314,-0.5314283912800452
7298,0.16072301305455844,-0.1419678859488016,0.040622418814351094,-0.8080705849681019
15378,-0.705251598352318,1.0104846571165347,2.1882159517671114,-0.8647671156322644
38978,-0.5811586435574095,-0.8205915955013351,-0.5559257684579216,0.6634174101885337
43138,-1.422043189439372,0.09373412069698796,-1.633141568323098,0.7292184447354277
47298,-0.24847078249574864,-0.7493160254057107,-1.454642214007531,0.1733482558910273
76938,-0.24420754548190968,0.9902258438897031,-0.6726247263384331,-0.29784603824630784
29178,1.4907416943402931,0.5219955688497103,0.9670911302678229,1.1199864530984354
43898,1.3547213898153667,-1.2953076187044152,0.6931649576343316,-0.8144532748603261
16578,1.3872645736167348,0.6528704276401561,1.4920336844491469,-0.973493847515981
19338,-0.7537105853188399,-0.6040711916192252,0.5943047059853637,-1.3269696167715637
63938,0.20276760881040987,1.2482122628269383,2.8210498145637923,1.2740033135248248
74898,1.1981992213379946,0.21893502044347973,1.3977032620871481,-0.10308366006559136
35978,-2.631276576459098,-1.2909488056398726,0.08135436978497741,1.2372350441350533
62618,-0.8216715456314382,-1.1304280451917512,1.334805114553187,-1.195328561320545
24858,-2.168845045890828,0.9610164463448365,1.0110870145507727,-0.7246284970770736
48458,0.6734723831771311,0.42369241292512405,0.1996096361427631,0.44592746454790577
10778,-0.19479816701945124,-0.7811288408807122,0.17933753991171528,1.3695065899044847
72898,0.7219988359496244,0.5123430637636155,1.2265566501521745,-0.37552290713476016
70818,0.8215691700929492,-1.8349367569861945,0.6440235097920426,-0.5259600541216513
28818,0.2982824399862404,1.830020245144662,0.5810024224718318,0.8832900145696965
32978,1.0977137150874903,0.9777358491624267,-1.0824510884223415,0.18483490664536678
58538,0.424942153383241,0.14674978028144234,0.5553890185928672,1.1565518294412058
66418,-0.01057786042008134,0.16929466808879973,0.45785434179661777,2.088601593411399
70658,0.30505146108937237,1.144226573594038,0.2863368462077343,0.26523368939036235
65898,0.893611636962747,-0.7264639687249729,0.36477086708751383,0.7336022880764043
17498,-0.5703517434755921,0.6329985674798719,-0.10837867655404111,-0.20237233081061753
62098,-0.33927464821447223,1.4611442608350227,-0.16420643779402844,-1.049813564882465
66258,-0.7938055920192036,0.38567809534568676,-0.9651841735532897,-1.2068148107341021
23738,-0.44770228057111583,0.4807079136699476,0.8167999632582557,2.367890556623454
75978,-1.1185659875344216,-0.6773175473851846,-0.07298892372548473,-0.5938003730287231
28418,1.2626137482279902,-1.1465596243276792,1.1011622236520247,0.20006333797558123
46858,0.718977227501066,-0.04039536712568215,0.5982372925282499,1.405006103263211
31938,0.04515827076688343,-1.1225639785330184,-1.2661361419241086,-0.26784997706131125
14498,-0.05583434388976131,-0.49112941427114903,0.1188778667053415,1.6056261321258585
59098,0.5406420803561737,0.546337066153475,0.19968181331718454,1.387399275441946
50378,1.747692069258889,-1.4377109170762064,-1.5816709672202665,0.22908983080973924
54818,0.17532659541489262,1.1823339091682756,1.1300733177386246,0.6833609114827662
71578,0.4190612078551342,-0.1336682902264831,-0.42267469527330287,-0.3501680648193499
31138,-0.32664241783476095,-1.2995137115282174,-1.896657822661399,-0.9012710152316483
75738,-0.36470287187111256,0.20368199840262288,-1.4763613959013173,-0.3983559348822452
35298,0.22095146328878287,-0.17200914974985482,-0.9545024679875018,-0.6684485201055305
7378,1.044699053163909,-0.19272971664962324,-0.6460448843839206,-2.0237677207430873
39458,-0.9799814979552562,0.14771282156144444,-0.5420823393566501,0.8035223153112099
43618,0.3274777356392623,0.895431475340154,1.2207664321169156,-0.014604820530929995
47778,1.5300826982843956,-0.0519064997365527,-0.40841996404009623,1.188718017232248
11498,-0.6945223312874677,-1.7756913436094806,1.595288949624517,0.7826125164926693
15578,-0.3096422594614801,-1.223123805079043,-0.9989220467388348,-1.4292666372765483
15658,-0.6198149744617575,-0.1442023561389315,-0.9517375366070517,2.291755398705893
55178,0.2801446366617452,0.8028469954131021,0.8527796301664604,0.27899563944132877
64378,-0.7160006202212169,0.703056089186903,-0.927556358198399,-0.010057511501049873
23978,0.6899695069968049,-1.2310954519668935,0.7512934772941559,-0.15231364473686448
28138,-0.8819420246338476,0.938067059377084,1.114095983297181,-0.6146432082960384
64738,-2.4196419921360723,0.10154990210696202,0.575979021656561,-2.0298349320257145
72738,0.018374284979286518,0.9425218241225563,-1.195625065143659,-0.4961498217135193
36458,-0.7246206801653303,0.8839787908752487,0.055498228474291075,-0.4275716711017803
178,-0.1609748768390039,1.3968622260938433,1.4916786860834992,-0.09984791855886971
52458,0.2347760452962838,0.3996240279494601,0.24390434327181726,0.6341119136585412
48938,1.030985832559476,-1.2889117004745276,0.991904800875661,0.012491991632922844
2258,-0.4716103539136268,-0.3648451782883064,-0.5199610455333635,0.5917420669814741
16818,0.16565783401931675,1.6942293400466621,1.8671840698667928,-1.1085963039716082
20978,0.14193344492214072,1.3254563491063645,-0.3378532272142971,0.38354857498775663
60658,0.41555736235684404,1.908638457864317,1.2559018046129955,0.8610232280831541
73898,0.0800834146691984,-0.5723265849183111,1.9765967204774615,-0.36831737874485865
27898,0.5112700808657776,-0.055104798657852186,0.5982721975629652,-0.2014836602501507
41778,1.3296065461017246,-0.05360549353556846,-1.0961079076814435,0.707107396773025
12338,-1.1260244013142355,0.49757606770465823,2.0418004136497907,0.1339711353946319
47658,-0.5145466569663532,-0.49200502129061974,-0.11410665964309409,-0.46845333115360993
50098,2.1407564689838576,0.37741226736878064,0.40382321816893313,0.6925882467777089
54258,-0.32194068271206994,0.4294267419411909,-0.7450427489678882,-1.8905473834690054
66818,-1.1693167780407168,-0.856896637450993,1.8016691753345542,-0.8780746251683149
58418,-0.9278416083880034,-1.7350473428320425,-0.26417661936265446,-0.222636246160682
62578,-0.20218063120657903,0.6188998829640997,0.5348357327475963,-0.45314419881190054
30458,-0.11959776626815596,-1.8779564200537748,-0.05041729951299637,0.8172680431987995
34058,1.5371556291773651,0.17986050267031023,-0.7039005821240648,0.9169769955094932
75058,-0.27898496194690947,1.1991526015395177,-1.0768465538050338,-1.294808729185179
21378,-0.01373846191114278,-1.9783588089375426,-0.15545008585881268,-1.1968126865524789
47098,-0.16461359344669882,-1.6300959541061346,0.6256981011384601,1.1192419916757854
1298,-0.5774969658322947,0.9700006883634891,0.22539573754842326,-0.8539326176079004
10818,-1.1064461538015131,-1.0397853818118965,1.7898727261153038,0.7451724295940316
55418,-0.418903381972151,-0.803931679507707,-0.470393769087788,-0.9997675854927021
19138,-0.1527273952858266,0.39550558700578886,0.04591652410536968,-0.056946948171515875
63738,-0.5444157802689151,-0.0219230264007926,-0.20885793063076444,0.7263814233103133
70938,0.262934364908572,-0.20407133422675625,0.4784484262255034,-0.6609064993849856
67898,-0.9027261832574652,-2.38565796617562,0.5312676555392076,0.08404191538083947
61658,-0.6071069651975279,-2.7791981468181217,-1.2894865969714109,-0.9685172363861017
57538,1.4891066745485935,1.2064081454831348,0.6109180000000914,0.16394474290367564
7458,0.05446369376066179,0.22957367679020094,-0.10989416552239796,-0.7358104238890861
54858,-1.3726014017013495,1.7403656475208977,0.4472494515816462,0.3216227092449033
48258,-0.6753790322621619,-0.2538664998891178,-0.7795035365097771,-0.09421616417392763
50018,-1.9189311685798147,0.33812910439496835,1.0790731167864192,-0.4094406262472294
66858,-1.6415719477312103,0.942626494752118,1.1185689613154863,0.3841350428080166
62218,-0.6274814078549317,1.697665016644671,1.4838432086724738,0.5357731122347832
20298,-0.5282023653010558,0.46052756943125656,-2.51656791126957,0.6476502348936513
76338,0.7901254953860074,0.20961876780510225,-0.48561348162124945,-0.8525545650703322
24458,-2.2042556515704854,0.32362711271682976,0.35340404615875853,-0.25117891815813087
33738,-0.08583004362995013,-3.0909657338592913,0.1544305251597583,0.12132553508608977
23858,-0.5919440181576427,-0.6712722952622876,-0.536792460153977,-0.06762450706337599
36938,0.6348320061002711,-0.041235777366522126,-0.8780813185541355,-2.312489886599372
54658,-0.2975194724378499,-0.20618375914641826,0.055675845319873754,-0.9925716599944686
41098,2.318421251202935,0.641584398784802,-0.47373888741700776,1.7186015323021777
1338,0.9320600530620468,-0.5459497778300638,-2.121962376728921,2.079391537387206
53578,-1.6492441214409004,-1.164199942077977,0.47245013066489117,-1.0667064733043985
50058,2.1797564158146163,-0.7200536868832109,0.32684811406130343,0.04224296392658319
19458,1.7418792776256857,0.49535459266222687,1.3534316339029775,-1.1450436016424677
61898,1.1738483111133307,0.7263434182159968,0.1600035392356023,0.16674488069836468
40258,-0.8590220178484405,0.5698164029166517,-0.7755195167081116,0.410909554577605
29778,1.6301182894954944,-2.093815925436811,-0.062109344064530066,0.11047906223369292
74378,-1.0466901039639958,-0.5065441291540442,1.5828812873865317,-0.4695577932997873
38098,1.0779395458051113,0.10179237390868397,-1.0668289971065021,-0.06988602308212932
17738,-0.8174406285178973,0.5569214540894365,0.6514531157329363,-0.3841893724579357
46418,0.42603300154455503,-0.9675018348832283,-2.3621222444717587,0.5387768223289189
59618,-1.3826167955470587,-3.069502645150169,-0.31564021491462635,-1.9565248936573911
10138,-0.08392923212463385,-0.9827237291991173,-1.9284667497104118,0.04880522386072262
14098,0.1450156358249837,-0.002684433461732195,-1.9645852220204925,0.5961298341562682
5458,1.2133636094847697,-0.7360125163753456,1.179133043394084,0.6515520625697698
9338,2.9308248232033316,0.21073249855951695,1.6418364382978208,2.316229695923275
22618,1.0614997674904108,-0.8795190472019665,-0.538550569969152,1.09784735030174
76058,0.6543848715928525,-1.3711644781754462,0.4651264993474733,-0.7761509703105245
67218,-0.5489847252014529,-1.3259546605418058,0.14199188168198493,-0.5378756524529954
71378,0.30385039499747724,-0.5616755305642289,0.2530728486492826,1.755351741458295
50978,-0.6425298457942128,-0.9192969045200456,0.8958569520718158,0.29778859998988416
3418,1.4685338040510985,1.5575487103087235,-2.2688644739218087,1.0384071643326198
62818,-0.20261524473185455,0.8152953195306418,-0.2397857888639028,-0.09712070458690475
39258,0.3663359075927693,-0.7131234178778008,-0.6300999962882086,-0.0387537876455791
7738,0.5845014250486255,-1.1670220054660858,-0.3450683057267889,-0.8896031611607988
43418,1.4507906985644248,-0.578176547931671,0.2889955056662805,0.08802214434733548
55578,-0.14245943953085508,-1.1675994993833205,0.3840594937479987,0.5271854209287945
42338,0.5366323889703886,0.576101572003085,-0.444267454225806,-0.4702757718703963
11538,-1.4658280330732862,-0.8218578397914611,0.6614616867202815,1.5597908215969964
19618,0.9123170603342957,0.382321072808755,0.5169358969139926,0.9090609969219883
64218,-0.8282455170342796,1.0426716174696256,-0.19498596150019376,0.06376254811389355
23778,-0.980631179624027,2.1717931077416637,0.528435789041205,2.1942403450520143
9578,0.0007073432696827857,-0.3511773453335377,-0.5857418735897179,0.8602218925234678
27938,2.6501996008265833,2.0772497615789467,0.8290985953440929,0.689445703078865
22418,-2.246677384491419,-0.06170115422251823,0.8351233907894866,-0.907078969091004
73618,0.16066310641506257,-0.3211238991121152,-0.7333359349347843,-0.3802788800283365
36258,0.04757006711401139,0.6239339063693851,0.7385227937754772,0.7192575960482295
40418,-0.5769844796492604,0.5412140508228708,-0.6048334762629127,0.1791871235716645
58738,0.33587250525524,1.315335688320264,0.4981334098583294,0.2969750532539002
4138,0.020429001895047785,0.4174568331960605,0.9286844323730925,-0.8928483493399653
36098,0.3727639361920952,0.9618110179969521,0.27248866120166804,2.3233935937672108
61618,-0.42436870812193234,-2.1219546689557105,-0.5352562657264678,-0.9769629131389088
57058,0.4249060098309272,-1.386188409954462,-1.2134675593151014,-0.3119465541387993
5498,-0.03594777618916782,0.0617724344083248,0.6440913156372077,0.23095081771982096
3378,0.33549853358821746,0.8328204108164263,-1.2099300676484332,-1.5272870422611002
47338,-1.4952030960520717,1.1707555310112348,-1.4038292867875772,-0.5486527719266445
29098,0.31081963443500005,0.2674643566906745,-0.08168407190939861,0.9236988218936686
64898,0.2551076322219735,-0.6839263983230132,0.19822966611673154,-1.9167590584807475
32258,-0.92625608354537,0.7656155099064913,0.3704047365930044,-0.5854322360958526
35498,-0.3375433124485741,-1.038589235634906,-0.07140913282649114,-0.7235364709966572
45738,0.7756683157921626,-0.18804760809906462,0.41234055368206934,1.0609465881598223
53938,0.6508538676668865,-0.5628356754998352,1.6231766701885577,-0.31250615720225444
49898,0.5387296840680489,0.3608595039477367,-0.4108019918067195,2.0303248716279922
42378,-1.6070394141836473,-0.8154119876749175,-0.765303353466394,-2.4947501261036997
49178,-1.0313424811038574,1.9676164911257656,-0.13774937641307486,-1.7150198477244885
26178,0.4181496632030807,-0.6747014942286486,0.5916831123544289,-0.41590877534293813
62378,1.1168502068595305,1.674251740412118,0.5026424915700384,-1.4392641264765795
26098,1.3740129583504836,-0.8646415387996572,-0.36049234866755486,-1.2005326305719919
40338,-0.6944600954464286,1.6223059619294922,-0.1741419678928153,1.3092082392058033
70698,1.6532411926116395,-0.17650508294197095,-0.4018804020546838,0.5995377983078624
34418,0.4789586633565229,-0.6787419266587733,1.3860128223254793,0.5499200519852863
11698,-0.06048305674168183,-0.7537993685899574,-0.6457113770420826,-0.7686404095060959
2298,0.676469751977746,1.0628643358893939,0.4572852823597298,-0.9784049199504807
69018,1.6883073469537568,0.14335314856538597,-0.2615124225736426,-0.4526189018063303
6458,-0.9235192557374381,-0.22889899522519,0.27981701271151355,0.5691322474735776
61338,-0.2789784744089645,0.14828427723395363,-1.161507436027116,0.4605667684812234
14778,0.5075805084989753,-0.30859546293830337,0.6832986022853139,0.7004924191121318
71778,0.7421119822385182,-1.2987807898888795,0.03206332606275181,0.7382780491457067
59378,-1.892819712756339,2.0012028984205212,-0.09549219713061784,1.8207361891109148
66978,-2.3234026209405205,-0.3236199589817046,1.3771794003903486,0.43858287364786597
23098,2.121336733997706,-1.3564997121867188,0.29731379686001436,0.7087187006144224
27258,-0.8868304249993348,0.23323198209663953,-2.032023264723079,0.9924612906342885
71858,-0.4991778977763183,0.42388922620167463,0.6764640631919816,2.0759071705414636
35578,0.6431042796624629,-0.44925598052223853,-0.42984716855901645,1.2376566239439393
3498,1.1893029973947813,-1.3009854524203142,-0.3099746289554543,-0.4755547236676391
39738,-0.4812354425223224,-0.29661396347376917,-0.07303196007869647,0.7283726123194543
45298,-0.5325071814365775,0.5052064379178843,0.2505962105760473,0.7208605441015299
52738,0.9088798351694986,-0.8053802863805246,0.8819515221348849,0.30336960222802795
48058,-1.393621905580221,-0.27310111649824037,0.1419605958102312,0.9433410447499924
47978,-0.7044843742733268,-0.4262817916025747,0.8409138980509425,-0.3516161326471975
52218,-0.6827366795932337,0.34201529324576674,-2.11365605691224,0.9997732976420038
62898,1.369163622684798,-0.3038819864553072,0.8715674023008297,0.11305823652133795
15938,0.23359961777552837,0.7672925464665962,-0.4731178969874075,0.0922085762106868
20098,0.7730827034612315,-0.5280148725156506,-0.4797625935174658,-1.384398382776368
64698,-0.8385656738044903,0.038152973796880554,0.3249616684264211,0.615498637664348
68858,1.2769030215806332,1.4899102790573233,-1.0726517674239024,-0.9565672361018561
9658,-0.2547877993885857,-0.9522389794010251,-1.1567420763560676,1.8252132600896496
49738,1.3868142521536875,0.47912659573995436,-1.0772988777155534,-0.5317654607159902
36738,0.007895948634746823,-0.3876837782353516,-0.13488050583594186,0.6704966497666142
28938,0.0008686677354734747,1.613798534078447,-0.9873137054474083,0.40147128113505737
458,-0.5510067134387313,-0.2482115064612582,0.9354478259266966,0.34016336549557263
47378,0.45716437698180795,0.06677944318571288,0.6779690666631928,-1.3240746114773336
48578,0.47524238442508865,-1.5008277572739144,0.20021243290042703,0.8071408962199849
49218,1.468758826314326,-0.6985796856376801,-0.5229032059884936,1.0064576040600155
12938,-0.5523108913843509,-0.9109657021095553,1.5479849323698418,-1.1497065193424199
17098,-1.1271961825793615,1.7030505591505183,-0.3894277975747975,-0.44445951992261956
46538,1.6662670355696825,0.7143666680650002,-0.2617044941438651,0.7970569257069987
65858,0.4614967499415389,-0.12951849945656904,-1.2783142995497714,1.1434971383976338
59298,0.8002376977450721,-0.8306044985978239,-0.5867149163320077,0.19940997851457531
70018,-0.05539635851894294,-1.1799664993769068,-0.8144886670861754,-0.671631100708179
74178,0.35262387765218617,-0.3341491553595776,-0.10640471792332606,-0.37381356007042094
24018,1.0899907945193468,-0.6327877488759139,1.6202076528885916,-0.21666270841626284
42058,-0.3826594603515921,1.666156770594947,-1.5042978059539183,-1.7901383279879415
5778,-1.4563463642403014,1.6515212780233501,0.454123942219509,-0.614526844506407
9938,-0.24166862196453506,-0.9627591983459687,-0.3879163100808114,-0.4661847889746759
73178,0.1864479572507079,-0.25174965724613546,0.8640887412113661,-0.5389415546098494
58698,-1.5073107984832834,-0.3565240554604099,-1.2257657221204086,-1.495011252213069
43258,-0.2139860040516904,-0.40080655597804254,-0.9877299529780873,0.029143541887576948
62858,-0.1338723934720236,-0.9302633590051685,-0.0014164160510740113,-1.098065851282257
67018,-1.5816718852569005,-0.6144365661925032,0.29147932147829003,0.2622786065880337
19938,-2.0521764433559255,-0.4163769080009938,0.8144453344868515,-0.5372205011969894
39058,1.2302845366216848,-0.08856912609273043,-0.03257900089859961,1.4273811453764849
43218,-0.11128034412907849,0.013289852408457621,0.575918022906739,0.49504992529641567
69098,-2.4550266305052686,-0.5170873806108599,0.45780694787532294,0.2119694051602142
11098,0.030617780198161075,0.5253980340744344,0.38119565966419616,0.1763834438906106
52818,0.3791924501307152,1.2367020023013398,0.18585709173184758,-0.1756707879122173
59858,0.2771467513638582,-1.019738236199244,0.4610059486213663,0.9753072788776296
46578,0.856311804237025,1.065847908846744,-0.80514265902348,-0.5196045449005191
69418,-0.8796315238314474,0.33739599826757904,1.2897359540182998,-0.40047707644870334
27738,0.7584255489000716,-0.46598682557507076,-2.111301262294007,0.3585827726788697
3938,-0.49095912201527064,-0.7370410662472585,0.13872825012851486,-2.0758207693478115
22378,0.7498285325437385,-0.2920099183230279,-0.2546308213768567,-0.32108266343991215
36058,-0.1069896788149261,0.32323279917737446,-0.9558026068554533,0.588794942893511
40818,-1.1229760628430951,1.529772733018709,-0.6021464103365651,-0.6883798300480537
54778,-0.12172782705380203,0.6984500239868853,-0.13054955864760007,0.2044052589938428
12858,0.9023715710471122,-1.182136998485878,-1.2380239459092413,-1.374530527022301
57258,-0.9306418487941805,0.351929739367724,-1.6884961891640182,1.0947903591023562
48538,1.0736490271526895,-1.6255018369185443,-0.1859279685680506,-1.2095257697106023
8098,1.0877623742327411,0.298800956083319,0.7155648733654728,0.1248271781297102
52698,-0.5849464754846586,-0.050824899559252144,-0.9249060375272985,-0.054377183954074954
62978,-0.8905836830309127,-0.4391630539165222,0.7768161767745646,1.136815583162596
29538,-1.0140594222743906,-0.4278706806067355,-0.2466273270098995,-0.3055826292006199
26538,0.5297129985867854,2.471310197966348,-0.633029353703546,0.5987965212545845
3338,-0.23594901484361944,-0.08669092416650635,0.1810965836767863,0.5105765821243727
68178,-0.043030454435062634,1.0994865649586179,-1.505324969388873,1.444790915107613
21778,0.4544402251603974,-0.5788542468505989,-0.3051907267045716,-0.9750835045410529
50698,1.5352854562359355,0.3045002353952269,-1.4230051916059776,0.5585172713853696
33058,0.2727609599560668,0.2836554529590461,0.593764259394864,1.0533961315157971
5378,0.21035535950213372,-1.542808720151875,0.041765783654159935,1.098617860837356
45538,-1.6026832687000958,-0.27767465904816746,-0.22783825458994333,1.361169187266708
69138,-1.4170862960753272,0.05041588449989192,-0.3135951787452028,-1.1918765823062787
3458,-1.513260765494664,0.3263996056972334,-0.5815902346242662,2.2257223786087277
13418,1.6120875125447856,-0.9681757191960121,-0.9361394057881512,0.09250645746880085
58018,-0.2893692022180906,0.37123011635279085,-0.11912341728995593,0.36380015594136134
44378,0.6109041760937327,1.0916801594546415,0.8069041938642276,-1.0982562823312405
62178,0.5876567584753014,-0.9300967136384733,0.09793476559114475,-0.4414916721681872
36378,-0.45096275716943574,-0.8097673188956447,-0.23090642503285508,0.5501875740643638
66338,0.17596540750684928,-0.6746694244385162,-0.3957033934118959,0.07776728522786559
45658,0.9082365105006166,2.091303398578563,-0.6940433417736929,-0.06180588221377207
74658,-1.8105301748620133,-0.42950294518528104,1.6960061169888199,2.599422257010935
44578,-1.153082186581395,-1.343307314286439,2.0046314967911916,-0.11841090704855427
76498,-0.059581404665862425,-0.19541090063697406,0.5068660625333095,-0.11113660103653317
6258,0.23318365856806478,0.8726294406657888,-0.6455489385469902,0.3084054496580616
71738,0.38405527514193216,-1.265707486646693,-0.6018918802782905,1.7111162326329241
10418,-0.5610175722012452,1.5035995142446106,0.273870986025785,-0.7679426311410069
55018,-2.082541852002434,1.1899242307614375,-0.38967065255873673,-0.9716515208366305
63018,-0.4699887600172272,1.1603048757937429,0.31787399258358723,1.0761134951268339
59178,-1.1754138029257166,-0.1501140270863713,0.03270439278564199,1.7847910346142142
14258,0.8817217053123103,-0.5358956098956948,0.9608250490679826,1.088290142950128
67498,-0.8117611951077407,-0.9560508531635372,0.8115958630002392,0.44228543159058153
71658,-0.7837883630574957,-0.6450828429252154,0.29737992345368075,0.785214589591378
50738,-2.2615295958440513,0.16805781255618948,1.7950970992489328,-0.29101576241897426
35378,0.007717240449982988,0.36684361006451954,-1.1578401150379032,-1.2325396677461407
40218,0.06433099275250374,-0.07682411726058834,0.28558487363235685,-0.8731642421623451
30538,0.12025180646648254,0.4599501057673514,0.24241684394279694,-0.21854186011268523
43698,0.7736306597799478,0.6101144668253471,-0.5212625500531941,-0.11356931458424376
47858,0.261958966889711,-1.1294047985959845,1.601894552003487,-0.46430339209684
58938,-0.4509347757087339,-0.6797989506234617,-1.365902073436831,0.8129845146800689
52018,-0.3782005166497061,0.10898433251647908,2.445632705264306,0.25627319172164326
1538,0.42316939359594347,-0.5871910865181721,0.8609180300281923,-0.652087457141782
69898,1.2187430492349514,0.3593481829497996,0.01596244470677455,0.10859327173736473
19898,-1.4318692212261697,1.124979412350119,1.0873903918268992,-0.277027539336645
38418,-0.1726696656527855,0.059849736024019724,2.5577336569460147,-0.6115567889885247
64498,-1.5831554802452827,-0.35753540063700395,0.6180036434875333,-0.7913047008411246
36418,0.63170481548309,-0.010174786179497035,1.4995793387908187,-1.4952192122658967
68658,-0.8931127027294986,-1.4255599807949344,0.4406438966511699,1.989072967817544
72818,-1.1184845286346592,0.11760094011314423,-0.9558986709249717,-1.7840729089682443
36538,-0.42096430598462325,-0.7749080565536068,-0.7716598966155747,0.7347322715080282
40698,-0.1213670189965944,0.04481911955446467,-0.8187816128863822,-0.4885775491531826
3658,-0.21667140442576652,0.6967038186643719,1.2165640427457036,-0.8603391906926618
44858,0.6912382951189826,1.8360922973723959,-0.942665782493958,0.633003028796494
24138,0.6995077372478422,-0.7857594259254829,0.5777998102485292,0.3536739806953355
38498,0.6486194970280552,-1.1595361735695124,0.33520554917769985,1.306531441188431
53178,-1.556121986801987,0.08764162653965082,0.7058027103519389,0.5749595745254773
61018,0.9414953163820249,0.4231272109653044,0.7400001774018727,0.7823310105878636
57338,-0.16453035141920322,-0.6000555255034425,0.4384730413691322,-2.0615939497546596
42578,0.328124183229885,0.4365652489814751,0.7398336571835572,-1.2692499526114758
61498,0.8485513449884431,0.035640827448382026,0.5602810426049323,1.8900230693585325
25218,0.08542943521302733,-1.6076136089318436,0.1775130722178876,0.27673100116934757
69818,0.5100152666670564,0.8021537881187061,0.29001441656708493,-0.8895402377057446
73978,0.6924290964082526,-0.5812429363754924,1.576058884461076,0.3744101600660139
50778,0.10981018141087376,0.5237918052975404,-0.006239162061031549,-1.3447387965448279
69938,-1.0248148021394117,-0.6901820435491189,-0.4055912592694785,-0.02996101139827613
42938,1.1333778013489784,0.6009944505814573,0.11215443903738033,-0.7655024919895915
41858,0.5424702139013422,0.19287890022255086,-0.7508469220324184,-0.15610110450470085
7778,1.8756174198811817,0.1767090288767465,0.35273401660906256,0.016389946986820194
35338,-0.5295051313978869,-2.5298422690069033,1.4048763437736724,-0.43522078004880155
60418,-1.4055315886609923,-0.19950402757257235,-1.9662144874299954,0.36354106459972707
62658,0.9097540938319759,1.3480160040088613,-0.05667095994137474,-0.8892821887940149
9258,-1.4104527291474847,-0.30873499442078045,0.8477400294304794,1.332800338118979
5738,1.0036452017678494,-0.6024914704668259,0.19049850752032874,-0.5999795677747519
46658,2.101086692416197,-0.17120878891981428,-1.0368245784900219,-0.515127566132829
70978,-1.282586797143942,0.778875657889759,-0.39860051711719335,0.9675406236595118
6418,-0.28204125772399263,1.1011477205494147,-0.3131488008269434,0.7687020597975851
34698,-0.045807729235164255,-0.12114283903546293,0.8919891712663944,-2.0465480949618393
75378,0.02670814887219274,-1.4205100473405872,1.2133081037754747,0.26620348945692923
18178,-1.9905433283676355,0.3611882884274649,1.9296574124441142,-1.4191892393005605
51338,1.126456298504636,-0.20638826387811493,-0.7544813470177956,-1.2021034629216039
15058,-1.4652613731624307,-0.7475417723483503,-0.01170291272255627,-0.9516789062102798
59658,0.307849762296207,1.0058766422476422,-0.16710141927677422,-0.6383510837059111
25818,-0.14266742750573955,-1.015267143896589,0.8060445890355654,-0.36330686747097385
21098,-0.8992968323731076,-0.7345372559056649,1.8682167715071816,1.454327447660708
27538,-1.3367451036833342,0.011846578677459,0.8220959389540441,0.32186660210932483
31698,0.428062313605384,0.48700263397990734,0.6877889616958297,-0.31384032122801764
71298,-0.34192888463198656,0.6750583254687545,-1.0164707816978522,-0.269190017238416
7898,-0.0676386180135074,1.0768056029212825,-1.7089612673815013,0.6982501049599292
31258,1.3429639271569849,-0.2825790351244334,0.5219689078740055,-0.620174106038131
48778,-0.3217070082953273,-0.4062019417460428,-0.8676487344297745,0.6858030611614802
15098,-1.095626078818304,0.004742675187003606,0.7873769877784427,1.554893904952942
51138,0.5626091188264831,-0.9781196512614219,-0.19577463407599438,-0.559454116019819
49698,-1.2371850890988216,-1.7034835059735964,0.15448557364990273,1.115701706237749
28698,0.2575451983181946,-0.5603641300821688,-0.540191271348815,-1.0427889396023162
21738,-0.4856045704955052,-1.2054847637959898,2.5179059964433756,-2.397114384195117
73298,0.9558440452995317,0.7708849057227022,-0.7572795668914952,1.841119639049311
35418,-0.20840337567821116,-0.8565392252431475,-0.4607475405110062,-0.04922267700708692
41178,0.6625267134601005,-0.16499248531647193,0.6267216705646537,0.02490991078726766
24218,0.028625233442576913,-0.788681424442012,-0.7312898608540686,-0.34201482088998747
4898,1.2037075476508183,0.20623126698600566,0.4386477552896127,0.10805418567768661
48898,0.4716146467343963,0.872136850842126,1.384374484450904,0.9431451121299155
45338,-1.6389736985327925,-1.5250860333058027,-0.21973977050836455,0.09618514467394745
77058,2.0640202055061723,-0.3056119334720293,-0.17675606756367918,0.0971101554225973
2698,-0.6432832990779862,-1.6231732749190086,-1.231761437052102,0.4971318774773293
22178,-0.18110936816083847,-0.5094262068559505,-0.4170668759500183,1.1212602025076324
21538,0.8941516006870016,0.28217026847470705,-0.316116394191332,-0.2730997459215059
66138,-0.6206151800461043,0.8944899888189747,0.2684503514121723,-0.8903134447743736
25698,-0.16038920541611126,1.0349276845313107,0.5710830855161757,0.15089829738109056
70298,-0.8249696681111558,-0.9498191135731908,-1.0562656221337339,-0.46641020412194784
74458,1.7413288912610356,-0.3512791777782773,0.5391244813523479,-0.3117419142941151
30218,-0.5703536111711308,-0.7679908556211306,-1.0857975586118553,0.7600250377768598
71338,0.059140934084235826,-0.8090597898852422,-0.18755391815519895,0.11201521359026909
54898,-1.781811281026416,-1.2341947947320748,0.92612056022565,0.41365607774750546
30058,0.6802400308738097,0.11039906939730917,-1.328476413484039,-0.6962701044560922
10218,0.01034326417727617,0.33478410763936484,0.3458522520600391,0.048708328963891837
59058,0.7281204299581199,0.4263098629426858,-2.115320948488619,0.8415204254622141
14378,0.11301588273181692,0.2277924975217631,0.05656230982272673,0.3838543225217297
48658,-1.6016086510291678,0.5891636415373686,0.5632600886310175,-0.7558862409969547
58978,-1.6417297640665647,-0.9918176864056378,0.40622581800443786,-0.11303742077346714
63138,0.7265850201432537,0.9456804758346155,0.7161954707372117,-0.02232586418707859
26858,0.9918822243307659,1.2377971953214228,-0.5474649901283137,0.027176795281341117
5818,-0.7525182810997855,-0.4013759397476425,-1.4221665965523964,0.609207106714379
71458,-1.5782057144819779,0.9116773580249811,-0.797283161164839,-1.3241342921103387
74698,0.11561221740644963,0.4980583964715547,-0.049927954821737765,-0.4082643017267102
67098,-2.8992480097584927,-0.2780114446966792,-1.184123622851648,-0.46324641172857245
65218,-0.5933340131088779,0.5909593279341068,0.15274932041190806,-0.7057169102824179
11418,0.26075523658675726,-0.3390072544862036,-1.7721982600766903,-0.9430877540394421
51818,0.052632735492332786,2.4934151078214133,-0.07388457924887089,0.5458026792840921
15538,-1.3077851729847358,1.435389449314331,-0.9190124603055787,0.4617510242196591
52938,-1.2854982379219262,1.3447436111561142,0.19319321445878515,2.2344678016320185
15178,1.6805583369609611,0.8065904289937196,-1.3083262154648267,0.5812610442133282
22818,1.284826336565427,0.32091857118952083,-0.03097523006723711,-2.139733807718068
72618,0.7975318869018913,-0.04915376066415044,0.7763901066578738,0.5136494487700194
5658,-1.2354663494083316,1.3039306650826403,-0.7217924262264667,-0.6872800921253749
36338,-0.4187953045387371,1.0281730244315213,0.7440017181477881,0.23130917382668945
30418,2.0995565816227955,0.885262466670083,-0.047722309838918175,-0.923511438075128
40498,-0.811001705726416,0.15306110362230865,0.063501400953829,-0.9469728249969924
4218,0.7796615353323645,-0.3293187092457553,0.8821407568942792,-0.06966116294903744
70498,-0.504966918562853,0.36621675052168795,-0.15660867537740075,0.5256194582622981
48818,0.31427243536598276,0.16426941070855,1.341692490631981,-0.32715118995687137
42538,-0.47694428156032465,0.4937429607774214,0.19589023147678994,-1.6971514108085912
48858,-0.9276766408765595,-0.9117006079578296,-1.9823010798511647,1.2385276049592115
57138,-2.7287182109865378,0.24503753681344256,0.28307367587239207,-0.058059430625497524
14578,0.4465260120291673,0.9184860619882123,0.8024789491838016,0.23861512620971428
6778,0.6584591736495091,-0.04260670320548575,0.8471444067510124,0.5279254052275004
65458,1.3539080873871534,1.6906153743732717,1.2177779177297698,-1.4348427148394147
69618,-1.7847085098487347,-0.6254882876609041,-0.8005633279687369,1.5737179096943705
67298,-0.4417164608051482,-1.8263848560412324,-0.9822872474160935,1.3772830007021832
33338,-0.6768522208058757,0.47422934215583545,-0.10963087562178171,1.5158494899786745
57698,0.18779072451721693,0.537375757017907,0.6389911371019198,1.3061793387261655
23498,0.22348482053864124,0.45873936456738007,-0.6341553591522912,-0.5793460091516502
45818,0.3786213979778635,-0.5193110719449407,0.27969135755034785,-0.35459609984961127
14058,-0.9033460843483356,-0.11038323265329165,-0.17111645941473846,0.30664402794401674
11218,1.1236670513275784,-2.1056487631557363,-0.502200254324163,-0.5504161725494194
58298,-0.25962789178331713,0.6619545036735931,-1.012487807383075,0.4535609716047527
17858,1.0593214073160715,0.19331148146220029,-0.32749990755945424,-1.084164248030407
1778,-1.4606271523830299,0.041779645885296576,-2.821854122962633,0.8181328690009682
55618,0.5449059199517049,1.6300086854672833,0.6605520332243069,0.9984591694932567
9218,0.8259979081347224,0.5491043522879284,0.8333450680933979,1.2919669211850424
50858,1.3830255201201145,-0.026457007744398655,-0.10033384833857963,-0.3460248434946117
27658,1.4785884158474951,-0.19891927909540358,-0.2586436499219417,-1.5165879482861115
74938,-0.6127221436394069,0.2965571707969326,0.19457905980117152,0.44119567652431263
34498,-2.3707940750831367,1.0290637860644543,-2.3031215814273236,-0.9505530318453181
9978,1.5998316719937313,0.5553367298078394,0.3973099100425049,0.6326352248795803
42818,0.8437294517266638,-0.7111091251978913,-0.11739787444709278,0.16559334452844138
31018,0.03482019977968943,1.0224186769513655,-1.2120832509660184,2.567657275837464
46978,0.6620592238058761,0.526366193748941,0.2189983547687613,-0.5299407127047455
59778,1.635012139517952,0.7756119015281038,1.0908332732221948,-1.1817681428016988
55298,0.9087553350769794,-1.0325258676186249,-0.5344488493385834,-0.7251203082525403
59458,-0.5450029790191742,0.5716888767159252,-0.7358299322508669,-0.014530536392721559
9178,0.0702432421090536,-1.4032460163237934,-2.222096745750425,1.3266998402263832
63618,1.3643515068820466,0.6042191895164325,0.9368878731036279,-0.683075005232508
1658,0.2540591762368525,-0.2226122630610965,0.1855555300223856,0.8798649714529703
67778,1.371564621029354,0.5211742240004559,-1.2239205287731965,-0.1908471566163477
67338,-0.21982012410774826,-0.050639949316423294,-1.0797800827185877,-0.4110036782086693
76098,0.9958606332420772,0.5890565536935164,0.8776353395708598,0.6366781439242933
9858,0.3064420816020622,-1.5073591112442148,1.353556430892162,1.7576865169547102
40738,-0.6841792744253493,2.0210667203073664,0.5937160818065725,0.006381804957318832
43978,-0.10838028295615103,0.30739143698583893,-0.49600305294396446,1.9768193661603537
34578,0.5162326144203041,0.2988287723382519,0.05726565544970796,-0.12159719859661926
74618,0.5574206378903274,-0.18631796144113832,-1.077117090380905,2.1069344541172117
52298,-0.7376570309861117,2.2770043282391654,0.786213314821218,0.8627597444867258
56458,0.7024179952743244,0.33914626813634324,-0.7486856961277157,-0.8202259547687624
60618,-0.6605934691814686,-1.0794344978949615,-2.72526606804135,-0.5244950415637394
53018,-1.167522120764348,0.0020524849278363557,1.270626964449164,1.6074853314800712
68938,-0.43270386458214316,2.0213360894515726,-0.06910444665719286,-1.3077756856464402
14298,2.5970758365363595,0.8532547501898146,0.11422384497176938,-0.4836032128454666
32658,0.3479761473026567,0.700716908920971,0.3732776027013096,-0.4742261128861784
63338,-0.03048246220752358,0.6632380703762079,1.5624609582192057,-0.828126431083504
36818,-0.15997308712325287,0.8434752281546468,-1.180233423883408,-0.031680075284019935
61218,-0.16670225280882395,-0.6550837373842754,-1.009912550432591,0.4585589167835934
45138,0.3401363464180798,-0.5260903850746547,2.1466332655978246,0.4538926722072099
49298,-0.2980245870503098,0.6311421089169174,-1.2756669620768626,-1.7479121004446967
53458,-0.5700008450450668,-1.0758248244294621,-0.8596459257776234,1.5790328272880136
38698,0.3954911445166825,1.1947680049929648,0.5728456725737814,1.9435734256427115
52578,-0.37314017194817184,0.8771848245394813,-0.12182504656769406,0.8831016974530659
25858,1.4858623176547956,-0.6649145456233394,-0.40139432172554884,-1.440678599235949
13618,1.781740257356246,-0.21461507143772662,-0.5623525495346884,-0.33694133785910163
65938,-1.2140838845853235,-0.24088198421378448,-1.5361251084102037,0.6896211668920944
67378,-0.9959088968349868,1.5853822820910686,0.8490135705205655,-0.036213703091100516
57098,-0.26650696826711073,0.15086076322426414,-1.6783303648886296,0.4679976152976054
1698,-0.20973909474862193,-0.6348857453359811,-0.7553461438215987,0.2821685392998349
46298,-0.7131506035264144,-0.5265176351507987,-1.4780552062258705,0.3004578057568278
76418,1.1520568453404754,0.06943711756976219,-0.5670894991206898,-0.593133167025697
65338,0.9327317277147937,-0.34401328828670275,0.4858685525313191,1.53656419263762
10018,-0.9376802087751315,-0.4619856222879798,0.6020533122106921,-0.13801021666146854
23178,-1.2220892488122088,-0.48197264144117274,2.2112721676866682,-1.1376170697385513
20498,-0.7773011148365533,1.9432595983850902,1.0764770452877674,1.3888545973119555
15218,-2.059536625111864,0.17602371688660282,1.634997187733303,0.23841223885974736
1858,0.8396180437093308,-0.3850361265427023,-0.5111918936782683,0.30342478563456776
71258,1.5925549851834815,2.2938684123865216,0.9068379255744539,-0.3935703172200496
75418,0.447677249256302,0.6819394927300326,0.15889442151311067,0.8058787544229465
34978,-0.9077730463212856,-0.2341101770278987,-0.7077648185649142,-0.9607882364156423
57378,-0.46964138387239407,0.6801804876613036,0.8955087732725104,-0.2880478030944459
51018,0.036245507628908345,2.116072717737584,0.6560942114374637,-2.7806405828074694
2858,-1.5753164133482238,-1.2298997691774125,-0.34852921564442174,0.9800851297177137
56858,-1.5818269611057652,1.1914766948875346,0.03098648298387536,-0.5217321263768993
58338,0.5536255958061,0.6701544389225742,-0.6025170030629879,-1.5121124088726612
38298,-0.21332272496153673,1.1782427875842656,-0.032056008211498066,-0.20716718955914476
51618,1.5824231828148954,0.9450035404068604,-0.9003718784992368,1.7109911219048475
46098,-1.0988666677315926,-0.2908243430494331,-0.9484719666669535,-0.2553793304936676
55778,0.28906084660757553,0.4780799515367488,-1.0695706462965455,-0.5076490041099023
28498,-0.4320503733336478,-0.18269687347154648,-0.10034081216177314,0.33830463630604707
23658,0.02940819445793621,-1.0881911900446235,-0.07508096193003286,1.070845183543916
68258,-0.07099932624583392,-1.1734818835740153,-0.4311938044476737,-1.486607070197717
31978,-2.1907313471916474,-0.5834713097355672,-0.8023805218805041,-1.093471006258927
46938,-1.2921850674765134,-0.6972931468294727,1.5588103286935184,0.43370672171562635
36138,-2.812102643450966,-0.7052977351506515,-1.8718571402550248,-0.48168982824928414
40298,-0.6681882166717941,0.8178789772267662,-0.04617381597634559,0.6030182195876572
44458,1.5774848846240213,0.7007975080398118,0.4846242697659668,0.39078822058348034
48618,0.7252021412617451,-1.38315024999975,-1.3687735765707822,-0.8801458866885278
75618,-1.481091280940439,-0.8925838598483091,-0.020157609259417487,0.30651234221610163
52778,0.2752699437492113,-1.0722671796524519,-0.8396732586647147,0.0011544818098184419
42498,0.34415573380929565,-1.2132752735045198,-0.41847788601003705,-0.7098739747678801
16498,2.6021496669433346,0.8702453316940063,-0.6206715582884137,-2.704234991714161
60938,-1.594578191851985,1.0968511931078284,-0.11402400896812415,0.8254455372727066
20658,1.2202839280535231,-0.7920339660189938,-0.28622530460325885,1.1292337966892527
24818,0.8354945690613365,-0.7234841019311657,-1.031606825321733,-0.829041420417906
42858,-0.9975381416153701,-1.067917708614339,0.3569635334090321,-1.0396567703884763
28218,-1.25684159080497,-0.02450690071715055,-0.10077879182433963,1.5533049509634227
31378,0.1653048736577964,-1.215929100176427,-1.6860463267788397,0.10008858210949725
37298,-0.06312305687435321,0.964624365510012,1.2050501401415337,0.33283048673136034
1018,0.6185719193420298,-0.9995694485250722,1.0192939389699058,0.8159844120840898
51058,0.17775964000011618,1.623289459069901,-0.19042071200831553,0.13791581081423615
75818,-0.5778451660920709,0.6492933031953566,-1.5117541789123188,-0.22538108781993235
18698,0.27778847312968774,1.1077442294263398,-0.6555437865006368,-0.7510836152026734
37138,-1.0710778033598767,0.49380026479910094,-0.01678726218600159,0.30897668328289507
17658,-1.174647271418783,0.352487029967547,-0.6088877784761002,1.4377188374590737
8058,1.1825957796350186,0.058642176085280544,1.1061793698225364,-0.8389771084301456
62258,-0.3789143272151649,-0.24378125725181918,-0.2932241440861301,-1.7438489844134457
25978,0.6868625106797162,-0.2592536272938911,-0.9947109588232692,-0.4930070907618051
70578,0.16467820394392682,0.10716807861789054,0.4066651846307362,0.15893489163757407
74738,-0.6072317735076718,-0.8185819442596963,-0.029384594907755506,1.2971553887046992
16258,-0.49507299437507213,-1.0808866407249917,0.8229139532697526,-0.6221863099549186
38458,-0.7347257321668395,2.5685659362434654,1.6561149394941095,-0.46043402170420306
42618,0.07619971137484165,0.17682679800923806,-0.25380280560311347,-0.19496958740671058
2178,-0.8696152875253699,-0.4044717536485763,0.0659921884819819,-0.04615493848916555
46778,-0.08113323563992215,0.15942835995066842,0.3573083924394534,-0.7568979643254666
6338,1.0030951448831846,-1.212788405889935,1.9309880447770342,-1.0615000543044228
3978,0.07238273743827332,0.41278220659822423,-1.022175171111689,1.666027823736369
60738,1.3918283130665103,-0.31217753907276835,0.048520662953359696,-0.5013058849887154
63418,-1.7665011071168975,-0.46948124433371446,-1.0176377444221378,-1.1740019779655804
73418,-0.4159413954471116,-0.4826974314214053,0.7031531099604019,-0.27168613824456667
67578,0.12964520229418677,-1.8520447253909458,0.9867553205529943,-0.9435665836047417
42898,-0.8013710810209974,1.4679774839018906,-0.7507531958735552,0.4749065073324823
51738,-1.0410089107777052,-1.009921652936325,0.5366362997218743,-0.6977450329711147
75898,0.6218975268753216,0.6947977334065463,-1.0563304576233334,-0.813966906677651
51098,0.22125394190231146,1.081738993901067,0.06875148003862509,-2.422829627931354
3858,1.199225247290404,-1.3448740577755909,0.33222476557302655,0.47322132943630235
60058,-0.8285907455485351,0.11395790906862936,0.8814616089762641,-1.0149319619515285
7978,0.0404533014830446,1.0358508345750597,-0.44777612776366044,0.38739446044792797
49618,0.9829655349905164,-2.5527166599798656,-0.26891916334961313,-1.6454392773048618
28578,0.634205570482702,0.5531393166780103,-0.6043379420547437,0.4170205127755766
66058,-0.6036718433922139,2.2592159636576,-0.5776460539178886,0.19734950683136235
64578,0.8642733019538177,0.12831549529378486,1.087321174433646,0.2692763973661826
68738,-0.9482963091123535,1.50915018284635,0.39828463271352543,0.8324256052169638
32458,0.6047220440255145,1.0624570219631668,-0.10243993157344587,0.3542118153597706
378,0.38589029182098333,-1.8187676474697072,-0.025581788490887547,-0.6070575115492549
36778,0.42621443594482317,0.2868551766952203,0.5113535199230965,-0.4160764851470967
16898,1.8556047610643955,1.3266452967187865,-1.1796265911464452,-0.003235757216053028
23538,-0.5391255010563817,0.10224650190219607,0.3073471262538576,0.4606623077054397
4498,-0.34963887274328825,-0.7100606690354301,0.29126571036176835,-0.09940118877784102
30578,-0.37225518458178375,0.10712864158755549,-0.8461607770686926,0.39112310937356565
49098,0.838874315534078,-0.046180923253758235,-0.25079236665189564,-0.8148483031848374
75698,-0.18809698337243175,-1.9106715157626268,-1.1578972524372844,-1.7253145672189427
57418,-0.8830421132368057,-0.47531612563331144,0.6120463971170252,0.40273697973911793
61578,-0.4631832907170498,-0.9936701963147831,0.26170678753962145,-0.7207291327742991
60898,-0.6005838476298293,-0.08826645444448333,0.00417420416309573,-1.4957412153030367
67458,-0.5156540995360336,-0.017196750723494,-0.4373202138321699,-0.23730029552976326
12218,-0.563082744537756,-0.6092239871054478,-1.069260214295447,-0.2764716454886272
39498,-0.8547106854350626,0.42407804448342673,-2.0160241574357616,-1.8849072140874616
33618,-0.012975442307534356,0.8478220290031164,0.37068929765700187,-1.207088550654591
33098,1.0648443066167228,-1.1977127737221027,0.24240826205336993,-0.6831006929435717
37778,-0.33237031048494925,-0.4792429042078452,-0.9691068338734091,0.04742372615115101
41938,-0.462856562826535,-0.5070917558400568,-0.8430108796530602,-0.7797307774552108
40898,-1.5457223844668044,-0.12099657883816918,-0.6393032425283808,0.6910245617751023
5098,1.0187121165968396,-0.508257177002755,-1.9862683116283486,0.129456778081957
50138,3.206832978774394,-0.08697758824517246,-0.4900405518227816,-0.7307747248658932
54418,0.1061701191299316,1.8869646771379913,-1.848765242383987,-0.11068450974375707
18138,0.8748415415544716,0.47745806142366903,-1.7563742054048992,1.3542775973881986
18378,0.3401891241776563,-0.43249240840598974,0.28000806749554286,-0.3669458862083496
66898,-0.5390287352811116,1.1542126883913022,0.43464698848410294,0.6599763134575379
27298,0.630491240873254,-0.5188280430723993,1.7836710819701773,0.34592456891669915
30618,0.4439297262077092,0.4619984391276072,-0.6705600636132599,-0.5398219563593045
75218,-1.1027395079553606,-0.10130099235109294,-0.07846515062635491,0.49462488785241654
67538,0.796681808353303,-1.0820726769717643,-0.6461565901867437,-0.8864222235440055
43098,-0.5709120791089687,-0.16870584207905864,0.5936172235808252,1.0951388390729044
2658,1.4937715289495672,-0.29043001743620667,1.1088454463064648,0.3573404728797001
47258,-0.20684059856393616,-0.5014420516183594,-0.6834802138296655,-0.3593715174001595
6818,0.22023754848002136,-0.7675365148449753,0.21994297423631334,-0.4705508499133342
1418,-1.1921232146087237,-0.14710552684283873,1.212704345967218,0.34303258394358804
55258,-0.04248570713487087,-0.2104294928733283,0.02281204598610193,1.4858999750711752
15138,-0.5020912945342653,-0.3588275409583804,0.018081196596464424,0.8773914308993662
59738,-0.6458491251954623,0.34316781012322006,-0.33422749613994607,0.33363415785488887
41978,-0.6587030927951498,0.08062633025534258,0.42666031199549986,-0.21467607530359406
63898,-1.2205902986470551,-0.9369388854491878,0.5339989764590612,0.02157539562935854
23458,-1.5383631892535086,-1.6690468398317333,-0.873183277056061,0.7120578052687401
2018,0.5157363655850862,1.0109806327332111,0.7315400477135616,0.24806561845453348
56738,0.3947767131803415,-0.5265690170463422,0.08080622674737789,0.010625307976263732
76378,-0.3241999955441922,1.4482261265265235,0.5263478873975403,-0.07160194834045977
35938,0.4479992639661677,-0.29933325761392043,-0.5275269133615837,0.04280073190785543
40098,0.9164821143420614,-1.4798272622783464,0.8880438320535913,-0.2127205599030718
3818,-0.990390579985173,-0.8630619662783697,1.1790184285613488,1.1387870038484718
51178,-2.2456661477136044,-0.3377410540392753,-0.8444363701507523,-2.0593471011578366
48418,-1.5856144561606569,-0.600699929722856,1.0759237061139442,-0.20681231878327497
10578,0.9484005817119012,-2.219246094002816,-1.2226464577016607,-0.4462766878619701
16298,-0.19140189141992922,-0.7969456954777815,0.41850810654752346,0.13088019262306375
37698,-0.9800926952276621,0.3748309723622398,-0.026312371509255136,-0.6957670293588011
8178,-0.16376940957004615,-0.9004825311677748,-0.8331444483443238,-1.4595772475447837
24618,-0.23731325953942364,-1.970838027968211,-0.7552218354704453,0.38770136762456164
69218,-0.1672482315577646,-0.6081842591267098,1.0403883685681012,-0.36836161438496573
28178,-0.11302091287854386,0.7457365175222694,0.0615100141129612,0.542346078078285
46618,0.17794319246963372,-0.0006313155694443993,-1.0508176908163718,1.176035839229459
37098,0.3840364209611643,0.014520230930571535,-0.4669753557808189,-1.3381349521128105
26618,1.4899935962355546,-1.6279317349548805,-0.16135199022956814,-0.678339543171587
818,0.35283436403357427,-0.3930277194399927,-0.6709038594284383,-0.8013565548982716
55978,-0.18288299090375837,-1.1875050287680882,-0.5387015606534555,0.5382162256105817
65058,-2.0311437433989523,0.4689728299431076,0.3445907206727657,0.526661845415859
