28219,-1.8116247628443432,-0.013804556553691312,0.4146043041276985,-1.726481476166227
65539,-0.596657660929928,0.5141959787525959,-1.4468880913646727,-1.8656303514302375
44259,-2.0836818240314647,-0.1366433236457179,-0.712800039657751,-1.897184369455412
46659,-1.9341279019927693,-1.5979221237314005,1.2284643106314186,1.316485090212878
53259,0.7492136560949684,0.4758844869834924,0.1599677432048002,0.19218268785006598
16299,-0.2859887548593718,1.4532418755039054,0.6036361425912091,-2.194302416208328
60899,1.0717121069192053,0.244536312736188,0.5457884345191556,0.07441086993423435
65059,1.2211766251170268,0.29538150642981154,0.8640557005237324,-0.4910521580949971
19,-0.06885289041076467,-0.18171393000676367,0.20533025409750505,0.24613170418782243
37099,1.1162029127985842,0.1646714078148115,0.4295253864029709,1.1525188596274942
64499,-0.6115669459913461,-0.16344701160254121,0.9390430093470582,1.019228453881419
28699,-0.1461453741037199,-1.0677072011536097,-0.1397445529350454,0.3501597922822371
59739,-0.9631418645460788,-0.2511867797259229,-0.6109710108588214,0.1661055125262443
13299,0.9334821495909098,0.18748369673665408,2.468818827694119,0.3510899732172944
16419,0.09907131402134679,-0.22295688525999324,-0.9875061102595553,0.18334468445933327
25779,-1.0561452840061731,1.5250442323616058,1.6491363016899352,-1.2720207124459304
70379,0.15071896118443845,0.05087300536622025,0.4663556620622335,-0.4119487096072178
74539,0.26377441266847296,0.6102915798647913,0.8954004851448449,0.47072861583569114
24619,-0.3711357133788491,-0.7770691381727831,-0.3249414566177977,-0.5174504662914218
42419,-0.7212078881423333,0.027210712400349852,0.2282503340268653,-1.5309317999823107
62579,1.6962655226711891,2.0079874495729504,-0.14151550305501578,-0.05804478999848744
53299,0.558921310057059,0.747338348088141,-0.2720969521638579,2.3545806309182993
59059,2.923723447439773,0.6060160305708199,-1.2491157683252552,-1.3104206764058055
46539,0.39606161394426503,0.041478629545551066,-0.4097170039444453,-0.9537584289343383
3219,0.7331017191249138,0.4869279729389035,1.016677727754771,-1.418183086598599
59,-0.061199558206745795,-0.5109381762124706,-0.13448040978114878,-0.03219997722366329
43579,-1.40546530069915,2.1718670724385825,-0.23420094818741208,0.6171768905318357
3139,-1.40214527406468,-0.5881920552272941,0.3707618634510056,-0.7414000142225247
69699,-0.5013094821612991,-0.16503547197790552,0.4892917145264324,-0.5963883528667616
30579,-0.4891040479383167,1.175484723843935,0.6385587766029208,-0.3093294363456866
56059,0.9264269557562437,-0.4319378428407146,0.37571630101899617,-0.7490137977233613
15619,0.3852084228445728,1.0149639605218466,-0.10825632630379967,-0.22116446448088078
47179,-0.46959163903457385,1.147019253453252,1.1371497541925522,0.5521669665685347
68539,0.5754301197643628,-0.711250410293456,-1.7159153452141342,2.3929384507338924
28099,0.5415167319550612,-0.9842622666509802,1.4619869862954964,-0.8226364961241214
32259,-0.8226832895081579,1.3121869252996845,-0.12523855413902046,0.0808727445996264
76859,0.8054102387786723,0.8778078473010018,-0.6298006374720513,0.539099524115925
67939,1.583269064643438,-2.109489301058473,-1.2833543208889204,-0.4448544186601518
40579,0.7180747349495016,-0.3088959862877351,0.15358711954935664,-0.46276440668363017
48899,0.6413062729831305,0.1042178130759976,0.20682004416814645,-1.4000893290679919
53339,0.8174421507913536,1.1703675490401342,1.1463253248504581,-1.6580178880303131
61379,-1.666623048697017,-1.2119225040792614,-1.1150392777251799,-0.04832944978694331
43659,-0.21157923780340862,1.1182958831849998,-0.06515982264221193,-2.0400119594057045
99,0.11922800704455798,0.13767865471083998,0.01971941175501158,0.26331879225124477
73859,0.6673982325374015,-0.7290023340766255,-0.3866866305746034,-1.5108141080556108
1299,0.7475435708416872,1.3425062042850262,-0.6992307421582471,-0.9522807995750571
45899,1.7824900891567788,-0.7328645906147071,-0.42043708112763667,1.6920056347218133
49259,0.06845596892891204,-0.24355278481311032,-2.292052527189123,1.1925528505286545
50059,0.46757821346674583,0.7100435426648101,-0.9782714871020685,0.46129210615037897
54219,1.0559075044930442,0.2625690860818534,0.4996026361181836,0.10179041952295263
69379,-1.5547667838945247,0.7636779723368204,0.48992023286461994,0.16883354510407764
43059,-0.2133045154112572,0.11514674885596908,-1.6803037865165729,0.2258193713681306
62539,0.4104232313688223,1.211132819664285,-2.175074005631327,1.0918508097604271
47219,-0.8256574143880401,0.13726961697433343,0.8208630038694269,1.8843667617621906
26259,-1.1842188215829774,0.8895123419884535,-0.618717563542185,0.18123713479032053
70859,0.32385345127588505,-0.5487567545731286,-2.5179960010371283,-0.5531702211334735
75019,-0.6556888303832088,-0.07872476034644314,0.6199058337005329,-0.48727883214024253
38739,-0.8326005821423172,-1.909390228962603,0.7936287394164663,0.9508853155784464
65659,-0.5334916840725447,-0.7196781800036525,0.15335876878798183,1.0379667765318004
2459,0.09750335674423813,0.2776161871349637,-1.5049433071061302,0.7862212274480447
34659,-1.1518286999752436,-1.1822180786079353,0.07786207491079504,-0.3864521077695894
22659,0.029167808833828083,0.2848899156200147,0.35248355903547995,-0.07653732978868535
67859,0.037802683913825165,-1.7478285920290815,1.2098204121941603,-0.9162913779870936
19819,-0.18599683320834617,-0.22685614195417877,-0.15803933122599428,-1.5096177209993609
139,-0.6358426537535579,-1.240684762530266,-0.07882045247896344,0.4525846133358501
42059,-1.3467211098004326,-0.08892482730658284,1.632309744894556,0.6965587621668734
5419,-0.695820189812114,1.0869943471810977,-0.569278850504573,-1.6050557100258158
49299,0.4721412124435578,1.3961755156427453,1.200884264441893,1.1849360074921595
11939,-0.47152410756318897,0.7572898958565478,-0.10379981160437145,-0.295572005279748
16099,-1.5358504662866992,0.9431583743656451,0.31948086614961185,-0.7629171522146703
64859,1.1364470728880143,-0.5789299068304328,0.6960784580348591,-0.10894780732844417
67739,-0.010453332149669144,0.7269577742876473,-0.29167809149148116,0.7284488977644124
69019,-2.2733701401580504,-0.2631007868008513,0.3467409268228734,-1.1197735328131757
32739,2.578192185237096,0.003408719148990233,0.8708872145907458,-0.9295225640699558
14499,1.0253479113995714,-0.005339574372774864,-1.4856394632128456,1.0743247121470032
45219,-2.6858457137858585,0.33361827665693705,0.40654166104845885,0.4773692920271417
18059,-1.4510967460160038,-0.20895508780809463,1.121158700804645,-1.3102847596121003
2219,-0.48671701723024197,-1.0333476184508283,0.6851051333877122,0.7949585431046126
61859,0.6117292180876798,-0.3925517186189639,0.5688565849450066,-0.34135707210383426
70179,0.12597085478355427,0.05710815227221166,1.260185046970284,0.4057959095040451
26979,-0.14683726177757603,1.2959757294929077,0.7927310149279967,-0.7240427583917121
41139,0.29879944601906216,0.8553287375953686,0.6948144500610567,-1.3288673920399188
38059,0.3137032705150959,-0.08745572887035774,-0.00848464920480774,-0.886222471142092
24339,0.7280067855610952,2.9639761931105895,1.4698305765035633,1.0234483749034613
1779,-0.5846472089659719,-0.1869973163205172,-0.29925264405106844,1.0092110343568341
35899,0.4138065278927569,-1.2624997837213514,-0.6767682266052077,0.01546332652875117
8379,-0.6711339257190826,0.9407489954592733,0.2898964107289375,1.358152331648619
54699,-0.6086428827162421,-0.34990360657320163,-0.3942707104080001,-0.6233661119091886
58859,0.8006878372360542,-1.356415371778652,-0.3473224481782952,1.8666688910213929
22579,0.8810008378062589,-0.14928217856641995,0.11761321808839063,-0.8227205100226013
26819,-0.8611344240507605,0.7673428014013884,-0.017174481630778754,-1.8627030305110015
32979,0.40170288503357365,0.8989269848366279,-0.20698695048543458,-1.4381850868057644
21619,-1.9353360734646368,-0.23271944104466583,1.2813182173076059,-1.426107802340161
40059,0.20225140192620267,-2.121426908923327,-0.18336633946146916,1.5952622067330782
39219,-0.42904368998900283,0.08163471571745304,1.0857524302397366,2.1894337831269026
4299,1.5102416569728645,-0.8353417126949889,1.3006765129749795,0.7384096212525594
7099,0.4559383146880633,0.21300559174977243,1.5325425678429478,-1.6852656012390719
3699,2.3753084477756,-0.6141686810452293,-0.3286871971450592,-0.23158614238161282
55859,-0.4154811013561359,0.3163695866466047,0.5559868083175283,-1.854394740473619
48979,1.7051742449095166,0.48489861915100796,0.47779878763583716,1.2673566752758356
63699,0.6601067111582695,0.7258943734774341,-0.3097909265226153,0.21762257936561702
73059,-0.7267905208464193,0.5838080009380278,-0.4656603232224715,-1.7244837019557628
44219,0.3902374952637448,0.2993054183118142,-1.0836059913568419,0.6327260839325997
68339,0.45288452525459866,0.5051485188427383,2.0196624342574996,-1.2728544073095391
72499,-0.6895132955577559,-2.1655025981320066,-0.13469852824947615,1.819904761929185
219,0.1764149871880009,0.3840322413282383,-0.3570861494449765,0.15079703845662934
44539,-0.743653069688999,1.601352542341293,0.8791277177997658,-0.9690983503864665
4099,-0.6901390606423461,-0.06613822351544926,-0.63548833162279,-1.621429203736216
29939,-0.9082668616634195,0.1675678811435093,-0.20215163491047045,0.9394288040044225
8259,0.16449841703964915,0.6656150467533068,-0.7998275790945223,-0.9083313882982728
49379,-0.986312985921673,0.2600553798306288,0.8531533133956538,-0.3655238037902416
57019,-0.7778382679408083,0.21514996944817552,-0.6778370305373114,-0.7950158740293867
16579,0.7113510138842126,-0.6582585744919723,0.029023003598431768,0.2658962476094572
61179,0.8290875919402982,0.26786049269024303,-0.9012632078440914,1.1345970095465732
65339,-1.405718165878453,1.439410753728352,1.8985190599608346,-0.1924581680513875
43619,0.140132731734725,-1.0154937452480652,0.7154597177963834,0.033362443422003216
6379,0.07484377024920287,2.8084902299063823,-0.5964361622999628,0.9540370246059264
15659,0.510350279266602,0.8654440790914445,-0.12340917940872888,-0.047786247488303187
30099,-0.6566276428776249,-0.4774979880227064,-1.3769403385049563,-1.1423487568988457
56699,-0.36529293896719645,0.9615241202192991,2.7718206992647554,-2.34777059012651
45299,-1.4440601238406185,0.32661150524973315,-0.35710482922103703,1.3618884020038526
45699,0.7701147601361273,-0.7326070157021166,-0.454643538650053,0.6604831746644794
54019,1.2550540614398629,0.23476860722502513,0.6607055586005264,-0.2463892562724837
58179,-0.4657787294617654,1.0854389041941535,-0.7493072523869629,-1.2350537913048794
2299,1.582363912634615,-0.03581480033429753,-0.3297354096289381,-1.124523791960361
62339,-2.145182784801656,0.3286521081117212,0.8709863157970698,1.3930272377199566
15059,-0.20572735110192458,0.6746678251000847,1.008631985903354,-0.8212983787408332
26059,-0.24538779284513465,0.6668475783843257,-1.902231019324382,-0.45078308532301753
33499,0.8139800925165112,-0.2102486758062879,-0.576645766571773,0.39367636462483707
70659,0.5648518388918192,-0.19685265396818008,-0.513418435047004,-0.8705499407969991
74819,-0.042796950589718774,-1.7361350056840192,1.1041700620645338,0.9328649975655084
65579,-0.15112824048140258,-0.9536488503932581,-0.16874921935979342,-1.4029394100322288
2259,1.2663014376632746,-2.1181088696285806,-0.8380828827402087,0.3141463534315845
6419,-1.1658541947522245,0.6458686765193465,1.1349187479733045,-0.26501342022744445
23979,-1.1806162744340831,1.608841807500461,1.50234239540385,-0.2426750184668852
10579,-0.5352934717613027,0.18905197175609612,1.0891807453508462,0.576261108835665
69899,-0.24248081460168436,0.5320523098733153,1.2006406253766817,-0.27995562525343615
14459,-0.20189804577261536,-0.3675276255015507,0.15175832022486635,-0.6964854810664917
23059,-0.5181415559338111,0.6948854368175457,0.550710055896288,0.19204886895993908
27219,1.0979176606445569,0.3916305034744965,-0.13858624507563,-1.5375536326246197
16659,-1.4699436021892867,-0.6013845641096807,2.135229450312668,1.5471828184659275
31379,1.222987212272994,0.04575966012024699,-0.1407708012349235,0.0786451446761322
75979,1.5667091627392271,-1.6517156114173044,0.39637265609212086,-0.7347631810468789
51339,1.5084834866041261,0.8793658756973062,1.528105481316292,0.41734220529916827
39699,0.1725176730338606,0.6687749423696611,0.8298986219872948,-0.16146348875836897
179,-1.0960736391126498,-0.6526128525507835,0.33359009582805327,-0.14553219855523125
24859,-0.5983285223392065,0.10933161625641816,-0.4542074702249763,0.511261059675512
48019,-1.6207547087609648,-2.350031138727025,-0.1264103388737913,-0.8583743440481509
52179,0.9224813205308946,-0.7585372323668325,0.5586680381715192,2.009306755568207
60499,1.1004694213801718,-0.9621799818943529,0.10025197280269822,-0.5545830105290671
63779,-0.1960425218667071,-0.5667725388808267,1.0935406118448936,-0.8017392270596981
64659,0.14120018129819248,-0.6468642089484513,-1.2975733572601378,-0.6149653874172497
68819,-0.7403947677743956,0.3200061509558177,-2.283554415259995,-0.5690431085007426
31019,0.14078182931213895,-0.04164774222704503,0.7475530892230505,-0.2625933196462026
45019,-0.006572718221949529,-1.904258940001087,-0.32572655465888734,-0.11409514403959499
4579,1.1751687364785879,-1.6823285785554836,2.6443703054613557,0.40504158803980733
49179,0.7072982884297172,-0.371567357238808,-1.039671231649941,0.39843369088955594
2939,2.4889062710353542,-0.7040477775668876,-2.9094272261704845,-0.18957508934458947
49459,1.7410883383299558,1.4388901775069318,0.911797462278115,1.5035073669505319
17059,0.6045318834348825,-0.9683248788024994,-0.6433341016670052,0.4157884966765463
21219,-1.087842699991094,0.4943087962515746,0.524919029503382,0.5448979233283932
47419,-0.11384017133780905,1.1261935034560409,1.4847141049043495,-0.41300126983287777
1579,0.1834666652622695,-1.0478461093464595,-0.9068257121681507,0.36846206308975454
4419,0.45013178348736216,-0.43319931622556934,-0.6804541835077635,0.274266624059934
50339,-1.3865142862103172,-0.29288669722335736,0.06370759982205915,1.0565291373135859
31099,-1.2440069694187954,1.5210395670724646,1.0552448926691287,0.3533586352324915
14059,1.3466939347630604,-0.6442537453525682,0.4653650950828496,2.3057399972747663
18219,0.04256961462436516,-0.887689001921855,1.7362340632743685,-0.4584361611666892
43339,-0.2673142158636519,-0.4655247494738857,0.5406074530185314,-0.3173737873662427
21419,-0.9269166546907841,1.6994089733454378,-1.5016379614833948,0.10151450339226419
34859,1.9448388489726578,-1.3136353150226707,-0.20173697870995333,0.7415132033297852
20819,-0.47205326806296377,-2.2132837916828985,0.9169167438448009,1.402406809011677
43179,1.1469879836876462,0.8706591595964056,-0.4620571110841474,-0.7464066091292852
6899,-0.25857406313840814,-1.1884472656017202,-0.940503119321198,0.39293601131549627
51499,0.8529169283782134,-0.4965172971401852,0.186186907094715,-0.31387214986662326
69979,1.999048192099609,0.10631349081289598,1.2790925899285936,-1.5965384945650576
59819,0.6814713926844361,0.033763578753323156,2.11473029413634,0.6681939612702507
63979,0.5163887281481273,-0.2682165701045794,-1.1335019882686823,-1.2040437945679876
27699,-0.5970051103692069,0.8791071499207675,0.7888962229008504,1.188361453440323
6499,0.5428669152077024,-1.0669696156626116,-0.0006109842411489205,-1.306140836774468
76459,0.5804549520548771,0.6902804913000928,-0.6409229352062411,1.1276285188496389
40179,-0.47094173011088936,0.7858816010157857,0.6767906639914176,-0.07103874261920527
11899,0.2235326664893904,0.5465060427429261,0.9156202095290824,-0.8806808975302809
25819,0.20558861761982547,0.22980915724714207,1.0540830044119658,-0.6531547717038356
16539,0.1157738467260457,0.4912994389301186,0.9151010572322537,0.7120773387068742
45419,0.19512738647376401,-1.0563157924943853,-0.20911876524788967,-0.5337126207086357
52659,0.017454454563631205,-0.683602300139794,-0.32700437009547173,-0.7722956183587558
20539,-0.16321150367188203,-0.08432274987702464,0.5864277731159966,-0.7944705902012569
12659,-2.801392994263946,0.0498626754700008,0.9080892110810133,0.0009474522703059804
69299,2.2322374137798078,0.34290647767150967,1.0997251708804578,0.07501463828730057
73459,0.756612990257261,0.7174729661231124,0.4810678127594957,0.4467240468288543
72059,-0.4786174297443428,0.933380210572443,0.5070878389913849,0.0886445763652022
9219,0.09094588833713094,0.003230091116741941,0.22304076747023358,-1.1747205936809153
53819,-1.2837266643023413,1.4519075309035492,-1.084132677330376,0.8908491163527659
13379,2.244700635793228,0.09921451553978067,-0.2243684131298397,0.4818436534140645
39299,-1.2401611156367474,-0.26010771311234515,-0.3460135601270032,1.6559628808048001
17539,-0.6352053062128301,1.0135813293382518,0.13894022486870722,-1.060238498409339
62139,0.6846243511572818,0.5380826068185063,-0.21755148873713873,1.122035207967335
66299,0.24572217147156908,0.8015232405457752,0.7571654543918697,-0.6876359913683645
25859,1.8243053204647854,-0.579921348056727,-0.8357841752459159,0.632016735833372
70459,0.40435999036899184,-1.070492874045436,-0.18885502346698022,-0.9032635689887536
30019,0.7615784111754585,0.715128798281179,0.39470676560620915,-0.6361596793441954
16779,0.3476961902072967,-0.45583593079011003,1.004779359241816,-0.3893088296961077
5499,-0.13881972507588827,0.3265502917006036,-1.052106766947707,-0.011141402473931233
38339,0.11774444171260884,1.7431676738778679,0.7158902121179656,-1.6027210950545474
2059,-0.5985419714340905,-1.1805329276645808,-1.1414496193689592,1.9813403615448975
6219,0.2762550678965239,0.3013436781895,1.109542441951762,0.512458595601262
76179,0.9065958600089851,0.8538926534986042,1.443143503592328,0.1437609492671727
50819,-1.9497300572453502,-0.26254889845614104,-0.5201015741496317,1.0100411022531652
54979,1.0802690429739659,-0.5124476651066069,-0.7539895344719852,-1.0789484937724783
7019,-0.9942981232452459,-0.4334972211400553,0.5824737293332497,-2.236139742380909
44139,0.202013920175497,-1.5749176238572062,0.45529380411517106,-0.0680990905605114
63299,0.45877416275523325,-1.3728985922060992,1.8030634278454123,-0.495084523053203
74139,0.0008364329341235305,-1.593952281468992,0.11211422356979805,0.7287477242697773
27019,-0.7477826507342376,-1.4236539170738725,-0.19872553059668358,0.37828450367363947
75779,0.10369739860351902,-0.6078928948044195,0.9533071497801622,-0.7473467647739848
57939,-0.5526623999855597,0.31340240975723466,0.14381577629880143,-1.208085265611799
41379,-0.3798463355303179,-1.1394994811687698,1.4260541856979725,-0.8547201346887557
69739,1.3996151522760578,0.9601123346852578,-0.8369442817739484,-0.2105532994694297
11539,-0.3607635566082362,0.3713617677446586,-0.9604176457001282,1.1367932698279757
13819,0.023633725032369247,-0.12330910974881726,1.4072176728475043,-1.2745155940118418
15699,0.09853816123067079,1.0981486454354568,-0.8892360391921657,0.24533009123312816
49579,0.7923152484633922,-1.4743112037163981,-0.48155534918774023,-0.1812843858594185
24019,-0.8041512829393457,1.1708232633001545,-0.447682029115996,-0.06775889973766983
55459,-0.44391409229149653,0.7734162905027074,-0.025378082656184874,0.9190046096771141
72779,0.3542950228081665,-1.3229054031390148,0.2861078106509106,-0.033218860739356336
47539,0.5188591135012535,-0.5310586861841188,-0.06422361074622923,0.011718303025118289
76939,0.3273005466085822,-0.41199949999012175,-0.023869936612926072,-0.4802316495612399
64379,-1.160148588222435,0.4551742227381932,0.08596212380195997,-1.1585035762246634
49139,1.0102106765567744,-1.1573256412616293,0.40567199739337906,-0.7958468848128429
4379,-1.0182846222840434,-0.31422209700917497,-0.025317707729354696,0.771187703858509
8539,2.3468443400733885,-0.7173903203483784,0.8037982904238216,1.1544414976522028
45499,0.9938778060915706,0.5096534568349714,-0.11585437871204518,0.4481625746379112
12699,0.14375412640683333,-0.758821589998076,0.2514260421076656,0.40656395947383195
16859,1.1630425236655821,-0.7324155437763763,0.9466145469505504,0.5274829110221824
61459,0.6587345265363391,-0.7304757759193187,-0.30027769153874245,-1.2538216503266817
25179,-0.024357596736228133,-1.7214486802516167,-0.3291835595882109,-0.3579011069514435
33219,0.4416770159169511,-1.885821711452192,-1.0821912240744076,-0.6071666557489847
29339,-0.24500403696503897,-0.40739627837862535,1.2457540285604907,-0.8239379462488136
73939,-0.193687264530805,0.83698634342693,0.21492879474391563,0.6231629173726037
59219,-0.49395743437435863,-0.7432111433202581,-0.8628822741618307,0.22219052310144494
75899,0.31662598167265005,1.7136696181871813,2.3061354335393314,0.020785975776208766
20939,-1.8162145818159072,-1.073029234715826,1.578848258737738,-0.17681977146310016
45979,-0.7845279266479047,0.30048857404412327,1.6262665444512776,2.0153708172325984
5539,0.9632397835266353,0.23828301435306318,-0.6627006744110946,0.7610491642808997
50139,-0.49891762411752455,0.3854164041812644,0.6112890123825074,-1.4940836318830981
54299,1.1053844448002452,-1.0951052654733993,1.0852724858425684,-0.2837177770281933
13859,0.20412651875202287,-1.6353528925900005,-0.6832758146600761,-1.1679534562007723
29139,1.296246568975406,1.3357531149346615,0.4416077030885873,1.1342424108489508
30499,0.9993446226440633,-0.33727455603721224,-0.579267037328406,1.717251284029299
75099,-0.7246772823248957,-0.07197114789589776,-2.3785344479175676,0.7626697290976832
6619,-2.1891710680338554,-0.9947034685880093,-0.6721110301085073,-0.014171815095421827
38819,0.3947461312848216,0.06242953468877058,0.08849555948568193,-0.9215095276091856
47139,-0.34072021311175577,-0.7886824506224394,1.7277934320805315,0.021307721667749267
14819,-3.1056055307982637,-0.290484519743573,0.8359709057383744,-1.2203389698541505
15019,1.235642207069569,-1.6253745420027146,-0.1982061424026412,-0.910798359778435
19179,1.3436188691363988,-0.03680409593328276,1.1411772121961306,-0.4023504842849354
76019,-1.1178963548463348,-1.7957790843758625,-0.37277262617607615,-0.3533070573254962
12779,0.37131681114838844,-0.8190179382849291,0.24964046048980124,-0.9484260517722227
72099,-0.5763580921197079,1.5337293060632777,-0.8440580619898829,-0.28102215030893885
39979,-0.4187328510992614,0.22382384443709566,-0.054556244335027086,-0.7442677156556565
61939,0.139766210892823,-0.7654568654229269,-1.1207184936714376,1.5222342104757964
7859,-0.720779051439545,-0.675761292217726,0.8606491656321834,1.006333560145423
12019,1.4988995558903324,2.0287670249652017,-0.4164594934385047,0.44655602962919627
71499,-0.6746795443577699,-0.39504641506688665,-0.46333033322599565,0.8867467368632908
1899,1.1423700873061577,-0.3832244021619992,0.9473032738093639,1.1795224569597347
49659,0.9697858029776248,0.2562915421749497,-0.3148659529420637,0.9215814917908378
64939,0.23506663220575236,-0.49683922078192705,-0.43975415980900917,0.1741057618493707
15579,2.1853294759785062,0.35208217950367593,-0.09754641366599108,1.341961040427422
73259,0.17603123855560132,-0.3720697396108576,-0.8112139289581598,1.9692423291097976
18859,0.9290038471437132,-0.7401055849890718,0.569890923675778,0.6040192885453811
4859,0.6451645044100005,-0.033898322574839115,0.1262109320698091,-1.493063825129812
9019,0.874843203115357,0.1629654320616971,0.3336473560305023,-0.18714114449988678
35339,1.7060604050418007,-0.00909108424325936,1.7177367587817327,-0.3833656671297052
2579,1.3594392053403694,-0.856213374267038,0.5145661994252767,-0.28328977040543585
42299,0.38699278453368996,-1.7095408555150304,-1.3208581542103701,-1.1648050632241749
72219,-1.2870668113964034,-0.19950537432183052,1.0896868286725863,0.835562936270096
50619,0.758508077806451,-0.9022835143883572,1.0945288478888364,-1.4817450778271137
58939,-0.3249139757731344,-1.2655651820721627,-0.15695016480711574,0.49239212118545655
63579,0.9210103795730425,-0.5595609841393392,0.7063756140716377,-0.35797095869493933
67259,-0.8304040524590783,-0.49091700266190913,-0.5673684099072991,1.66971687510051
28059,0.28625854173937254,1.233435438230387,1.6138336193992857,0.9626880835888759
75579,0.4012753804876666,2.197028158126009,0.8217251258211575,-1.1714073893838173
57899,0.6747684179691558,0.47893242317310375,1.488573976632013,0.22081702571104264
7179,-0.7448675786466518,-0.45358108252787926,1.4274382138386388,-0.6875548687498714
66099,1.4085544751563288,-0.11358967872576885,-1.4797245912497992,0.19953728956730116
64259,0.7699130212223038,-0.5774944007411092,0.3454084224632162,-0.3823538872575049
27979,-0.28594659457129096,-1.2820515580648946,1.7212822326618658,0.04483495057332928
64059,0.47848183679745093,-1.411829030333752,1.277891791998105,-0.029390945365757242
32139,0.15519612811645953,0.1035142997454856,-1.9401011884292936,-0.8579182248373188
76739,-1.389513338025434,-1.0303566585126438,0.09020598751405275,0.2061135893202438
41539,0.9585297538734749,1.3977570798916623,-0.09067589950247419,0.05112642579963437
8339,-0.30694285721781567,0.7676833707778197,1.4691968192655729,-1.3556267267996411
12499,-0.8668039612217611,0.03463818486322668,1.8580785328323735,0.660999977327673
29259,0.7089158917598182,0.23081590120664172,-0.4985288034195297,-0.19701393745717682
65419,-1.3158627597103278,0.7804385105618282,0.1519203174401919,0.6461807857072791
73739,-0.3849538583889795,-0.3121988800880901,-0.48758017593143943,0.4194063960680347
37459,0.9632321987021201,-0.6051349461493325,-0.19275558625852876,1.7654633555664074
51299,0.7350838324921951,-1.06387128443451,-0.21056089441731643,0.3029371539189428
9499,-0.36939847164026884,-0.3397544097159313,-2.5843157540457926,2.6245841633112854
14939,-0.13354751984802135,0.505130888552207,-1.5181479247361995,0.3648713583557484
26139,0.7599079523542697,2.0557217598008712,0.6796674864952381,-0.08571902553256035
9659,0.46096336761467943,-0.29319188247020095,-0.03462589308043911,0.08793134793986779
63139,-1.9751397499088892,-1.0523147706637173,-0.4512122535451393,0.6859059661331067
42779,0.9002861713997534,0.7122479088443996,-0.4663032978965576,-0.0838773961247044
42699,-0.9075182203008425,0.4785546134773153,-0.524528191279536,-1.5361213254121988
51819,0.27343236233870927,0.010157045839949886,-0.17241760189726368,-0.9975622257797894
7219,0.6894068168245282,-0.41464700809971944,1.0450095812908373,-0.16120686089991834
70259,-1.3831571325086665,1.87838312363721,-1.205931885791036,0.43420600352391436
44099,-0.42039208199404055,-0.044653196684304605,-1.5368464864548026,-0.29017790759191614
68219,1.69990232783014,-0.5226255697820122,-0.546073072081561,0.9472485778961498
3499,0.4638384459711092,-1.8625481105827653,-0.4443270078661243,2.7084357335169895
28539,-0.36881689493877146,-1.5790487383331784,0.705468243684092,0.6211691195487337
55939,-0.36499812445392005,0.5744324046020143,-0.07067331101587651,-0.053005851525947
66699,-0.24042264729560595,-1.7134931129862003,-0.42938607296061787,0.2553363429338221
28459,-0.7426784550918747,-0.5971165581429735,-0.25154853760242496,-0.17037255886306493
33419,0.1453570829258238,-1.388319036714163,0.4607848827107251,0.9791949830064887
40939,0.15726543510348137,-0.019899835801066548,-0.49555663210798884,0.02264027461636977
72339,-0.5052714513524722,0.5853630857001683,-0.27207553528250444,0.43628033116294673
42899,0.8207661204410994,-0.42333490636866233,1.3982224076937624,1.5686641810978437
61739,0.17577260874125697,0.5943959404707402,0.29457789283293956,-2.1707232994012147
19099,-0.5697046312212618,-0.1438272508900274,-1.5924215658528613,-0.7937881673874144
74219,0.3234363007404955,-0.4525481896154537,1.0539250775362226,0.2870932568447596
37939,-0.9113003987329898,-0.651069217672833,0.3974709168970026,0.2474952360166135
27299,-0.29407450979392186,0.34656063755719274,0.46994577758885925,-0.3345742651981751
46259,0.29936996094739204,1.180989082890202,-1.3208720040184676,-0.04522600344433819
50419,-0.2727603262100005,0.2531971009730968,0.9520338275924203,0.5847939194788927
66219,0.3319494865256665,0.5374057755599878,-0.34593422085272957,-0.10590223809913347
26619,-0.3495039626996449,0.80037692766509,-0.2595964206928833,-1.4283850530173672
15339,-0.47028684309321045,-1.1836772641817637,0.45795572054032785,1.3254255506370654
30779,-0.5549912261934472,-0.73944707684196,0.38645156546797477,-0.4119806067498144
64179,-1.7202408855961233,0.022358088600178423,1.5161768974077097,-0.7668545617108978
39099,0.04666082398094353,1.3533823476870097,0.5906644119883105,-0.9258690371323851
13459,0.8209382185001121,0.04242184288679834,0.343513684100562,-0.7126572356554071
699,-0.729445370649457,-0.22820340614773102,0.818286138790043,-1.0234943080758379
28179,0.773674380102774,-0.6668853735172094,0.25634602664464845,-0.025207098624686244
19459,0.29631809683134497,-0.1693796510739109,0.1672242973444034,0.00015726599100375274
32179,1.027258238556289,0.10395838206253176,-0.47005451154987016,-0.6832567646832829
15819,-0.03810298825438737,0.07320069889075555,2.292974839114222,-0.43850573381963404
72379,-0.4898992536359924,-0.18916947594061817,0.019163506411023476,-0.7623403860235701
31939,-0.31007833719112016,1.0050977261260727,1.1680925324175098,0.9488744238033048
36099,-0.30779516913219646,2.182104710298118,0.018627361758990543,-0.6922037034808632
69059,1.1990363728905198,0.7923295976157091,1.1624817577764055,0.6629472440162332
37579,-0.20989908801131618,-2.350216361235721,1.1233857509379317,-0.7139802779456469
48579,-1.1222447048288766,0.39486605621901255,0.043394486198200216,0.7349332222979291
52739,-1.9188924493201234,0.5173542972101702,1.235559951570393,0.33984111709561143
16459,0.5168673518800808,-0.2971515837036431,-0.5125703848857917,1.918160555184356
45779,0.34704323109416335,0.16545214850844442,0.3079174331764602,-1.0708576744311564
61059,0.5263724819241838,-1.169900251124724,1.085183254055322,-0.19481652001811467
28939,-2.0422706923475977,-0.015549330415108031,-1.3412119772337951,-0.08547393666753181
73539,-0.6908118188119479,-0.47706882228440045,0.8402493022149423,-0.9333211480051836
43739,-0.5709460606223264,-0.35476872755176864,-0.1610365472451682,0.6007175470516507
45579,1.0975278225843805,-0.3363268432936187,-0.5562367740770545,0.8134603398991148
9299,-0.9128124338123057,-0.006336664076232316,0.011908943125085017,-0.32353169899408113
4219,0.5330954286429447,1.8190554091879638,-0.6517475082290622,-0.3174058688092877
53899,-0.10584699649417761,-0.22833161693298965,-1.2870902224322196,-0.047469049691276737
21779,1.2855685659392349,1.0428358663563126,1.252862598350605,0.6102760902742357
66379,-0.9388406356414615,0.6379793235509574,0.3151241335095269,-0.49739045925164266
8939,1.0402302058071564,0.5022081438386333,0.931095511932826,-0.2275300521524365
70539,-1.0355667365981858,-2.3862338863564796,-1.60341281876138,0.13957484396053885
63099,-0.6484269099985801,0.5813103490921577,0.41869262140650765,-1.1999187421042792
74699,-0.8047548616758401,1.5754705270204472,-1.0127778912681362,-1.460145367435904
38419,-0.44719111705036513,0.6501668362039827,0.0335499151561216,-0.8023928563519616
5939,0.22322561653479545,0.5127760187213523,0.683849544118934,-0.5712695181518133
42579,-0.37715930175156753,1.5321511923688096,-0.5604777434046141,-0.7799993536738788
17139,2.6843152652249844,0.5248160413773767,1.7056252756149988,1.3159167354717585
46739,-2.3175781501648425,-0.5138134836886027,-0.27721981361973147,0.05737090497371462
50899,0.16480533377577158,-1.9104138133691144,-0.42068086713290154,0.4377760144582901
53579,-3.255508184812599,1.7218632139230539,0.20572182692996022,0.5986857882167529
14619,-0.6921416085385693,0.9725844441691296,-0.944369104812997,-0.17510525737758023
2419,-1.169864823768916,0.4201820244060653,-0.10941745244385373,-1.0302506623211707
76539,-0.9738725468023848,-0.39999462995217067,1.5430467495312872,0.10653118982766718
20859,0.919422893500257,0.857240431926081,-0.8942360520885168,0.17060346511970054
27099,1.3324493692099681,-0.3876555546282959,-0.4643115690848124,-3.222866445453552
75859,0.4801496128259552,0.9517217044407867,0.35606906874017336,-0.470694712785216
2819,1.6339454788780996,-0.5244470009754115,0.38226813263876663,-0.3127211063893793
4499,-0.8090122074238326,-0.5784630850905333,0.818174781305532,-0.04352056864901963
3299,0.4682186314825314,-1.7504894012812768,-0.09478370122035097,-0.684750936164742
7459,-0.09692351073116415,-1.5773704196013922,-0.8954437198854067,-0.8094396813196344
51979,0.5051875033492097,2.120419832099463,-0.23033707127079048,0.20430315671561122
12459,0.7711821217658366,0.6120184751250789,1.354958831347522,0.7161456532070393
15779,-0.30972424393181797,0.7299039293484636,-1.1877717997865744,0.7898671305993198
60379,0.9762680213245306,0.6827643625950622,-1.734293267237384,0.15588480452612408
19939,-0.7073853154733875,1.6114185825975704,1.838188256331692,-0.6192221636713626
64539,0.3410137765511146,0.41044120372328674,-0.17103193462764643,-0.2508572380872478
12419,-1.6345418974216237,-0.05625463964481111,-1.6593423932733484,0.3687127490512494
77019,2.216481196534294,-0.4503100205484448,-1.207745113376699,-0.28742376844563533
299,0.1662069520973317,-0.01682408520402561,-0.36967850709944766,0.3131573604199284
4459,1.179994445056756,-0.14236682174097995,0.6029192249959535,0.7320657603338684
49059,0.2759560310332214,-0.3307535349396844,0.32691003790350226,2.183907431736163
24419,0.30993991642983937,1.4662759003666161,-1.1897902848367947,0.04383422011321747
16939,-0.6087318709849321,0.6418378204873542,1.3327465802841008,-1.2185720897636267
35619,-1.4296532919335727,-0.8357471395417301,-0.6842897249610828,1.2659135974244287
14899,0.23028330152353876,0.33939471243311425,-0.34904139596795797,-1.1613582477451396
25259,-0.14164155737590706,-0.6012533272117434,0.4931976233388146,-0.5570108623138099
74019,-0.2374289990994671,1.997974009189953,0.7848423126926234,-0.24127919589023988
23339,2.097101519353263,-0.20732734529032693,0.5355239716080061,-1.2419872124586482
41899,0.8183752831798454,0.12038461677338945,0.05444970089111638,-0.649883142508737
5619,-0.29428144224856406,-0.6962627656707359,0.5936222445391154,-0.7910156115535685
619,-1.5256037460821348,-0.42642964489306706,-0.7306868305613676,0.3298709177012185
69219,-1.029786181387145,1.522030439542999,0.5186451930652759,-0.6346206645769366
21299,-1.9936082228725527,0.6160259317769435,-0.24085380434543407,-0.37137819790257404
58739,1.0802295097729557,-1.0054791339487321,-0.49774371693214176,0.7795799237340251
58539,1.220015465200824,-0.18878536796169945,1.7145630466080786,-1.6384274959211311
62699,-0.2830496788201797,-0.5868235849970765,-1.7624230862199417,-0.7062417678152532
26419,-0.10573988278673307,0.16778177703226008,0.06734476471467153,-0.147098450440601
60219,0.30393307339889747,-0.07023262882605677,-0.18976500836544016,-0.7056839740760251
75179,-0.0024351442398429244,0.9816727400943631,-1.501502777786018,-0.08464240899162905
23219,0.39818776808615064,0.6546755182923986,0.1773464456415352,1.158731134178393
2619,0.4647854363045576,-0.2873933056513033,0.3222928820230517,-0.27342784177692653
71819,0.010628522975274578,0.3608532562525539,0.3725323771529207,0.447217662696595
51379,-1.9124672999792973,-0.9941540892464263,-0.5702289534398869,-0.5878996503774749
56139,-1.181524412291091,-1.0919214794794214,-0.4418836009670349,0.49295627738341835
57859,-1.0805960636757426,0.2532783803959258,-0.1160515919774136,-0.021595061266068635
72179,0.5164617811253972,-1.6996605480862554,0.49256178847296866,-0.22613607152912057
76339,0.29842413399741263,-1.7015863790500154,-1.0001249858444763,-1.0525309476845073
66019,-0.00030920670799554307,1.3560510756139816,-1.9738640691783569,-0.1562373950534304
13179,-1.0961711304380184,-1.2119931677343312,1.4377021290877112,0.7324774967941268
52539,-0.38171418570701987,-0.3322869764762564,-0.05826103264126798,-0.35300035062847546
12099,1.4556550733053906,-0.2246131118659025,-0.17803116339655284,-0.0013823306934829267
41819,0.14068642189637298,-0.557490226027407,-0.03987891907230594,-1.0101933899708193
20419,1.037904882550341,1.5244195420873266,-1.4686546612020586,0.3526275200071523
65019,1.754949527252293,0.8619112547026753,0.18161750254683606,-0.644059212836193
24579,1.2470672585714286,0.44333111737551156,0.4993316527756319,1.3577165993484097
28739,-0.9637829831822134,-0.27840905014549316,-0.649625729375178,1.7968391666428318
39779,-0.9060459292356076,0.08190696671182437,0.4711829162227173,-0.41778265342841064
779,-0.5750465808675638,0.3145712532342504,0.027235400017871177,0.20170842824361918
45379,-1.029262588792365,0.3675710423138628,-1.5362096823568758,-1.7012904780475129
27499,0.1875892949459765,-1.8197032718250425,1.7350704435790791,-0.7876802313790224
49539,-1.1656443770358533,-1.2322913492022005,1.0291058827998003,-1.2253166585579922
53699,-0.931981910156368,-1.0573590702247568,-0.13078747306381228,0.030794849279612613
17419,-0.8463027808004836,-0.051005282696217055,0.32910602045730364,-1.346671593342847
62019,-0.4211996360713046,-1.3687676024626139,1.2911994852474333,0.6656413064203137
39059,0.08136403921040758,0.10685630444837883,-1.2159402250022449,1.3816682903334183
25739,-1.2100637079844283,0.13226277574627657,-0.0448204537268234,-0.3541690350541502
70339,1.7291610901657357,1.050743553363569,0.5583060662130401,0.4803656291194098
46939,1.5189260329773309,0.7246715779272694,-1.8207134133068308,0.30450004219114857
54819,-1.216803694137461,0.6459123214102458,-2.076563915736548,0.420088663587413
74619,0.553113332527946,-2.2204706996838626,-0.28061434442544725,-0.11422707722848632
6099,0.9460676710220615,2.777393159595973,-0.4859842369796477,0.3889723235093354
54859,0.055242901458029535,-2.1610823718564096,0.19991001907774408,0.8209596521634459
72579,-0.4477675522677762,1.1256170063912756,-1.4141887427990563,-0.5014140338922606
22739,-1.6148231658114631,-0.08982996680895401,1.444278039153808,1.408198386126196
67339,-0.3098458586445887,0.7430933026613428,-0.8862981294391962,-1.9674284448036554
31059,0.3129152841993991,0.4849648132230759,-2.6316439546895585,0.4351732698845155
60299,-0.9995052019780551,-1.9464260118568972,0.7088367002387579,-0.9162889013379554
75659,0.7471680622747426,1.2280671260719356,-0.1480302912605864,-0.36343828275254036
39379,1.1396190946987257,1.3369784299539005,-1.051806415562165,0.02300950143262992
57699,-1.4183507852287793,-0.19293205343086578,0.8406135946776356,0.6601203547678374
76139,1.2367558452925498,0.5780135624041006,-1.0375398239748548,-0.26732263894915037
42819,0.05306926581595616,-0.5640447758727994,0.763602270306173,-0.7657836106164315
51859,-0.028627305934974548,-0.5882101617974931,0.10785576723802273,0.670583649308906
48179,0.1401396980062902,0.9616769566708104,0.8852461066777203,0.20986280990092018
56019,1.1170109684862295,-0.26598856590531117,-1.4993871858625991,1.855176052314151
66619,-1.7497756940364042,0.7515620355044608,-0.47528154748721024,-1.4797992821716037
19739,0.03611728135189021,0.545894620457654,-0.9521044426246603,-0.07248285292256719
64339,-0.3099942850867696,0.2569227807649799,-1.4999977383663716,-0.9363083280547604
56219,-1.6074122796461663,1.1092880893755712,-0.23802892344272517,-1.2538713912814832
68499,0.7599574792140668,-2.3583208802395026,-0.6302967176653856,0.814159001245859
72659,-0.41168321013126724,-0.2941255609356044,1.499683982527561,0.918141369850228
15459,-0.3750812719881722,-0.13512277380033816,1.1534612390054413,0.630579591831276
76819,1.089072988731441,-0.5771732532032566,0.3133151315304885,-0.7201074569711667
10699,1.2372086819609318,-0.20972527047281,-0.9119211129751631,-1.2729372688772198
57499,-1.3115451049933882,1.5834928356978357,-0.9031876599910269,0.0363697224617661
4259,1.5753216573427924,0.03620956520170953,0.8648518921783981,0.5981221719809265
48859,0.6385577867812927,1.0727981187203264,-0.3342711072639844,0.7993892492718794
8419,-0.16870457853698,-0.42847243242206473,0.1269857273904516,-0.4655013841415463
12579,-0.8110957407989052,-0.6774962861574894,0.6780337260256015,0.26356628746442096
31659,-1.7712176995253393,1.126488214647912,0.0808991073259084,0.08463286570393401
61339,0.32216847348292676,0.749941739768663,-0.5295943771611598,-0.28643252672687647
10099,0.7140393188052018,0.27016295312307564,0.28383720103724264,-0.5238757335508893
73819,-0.26132238400711555,1.3452974315435162,0.4475346680558772,0.7520167761149918
29619,-0.03339642496472611,-0.016293256019876773,0.038150387030278884,0.2366770415477939
41699,-1.5076343186515724,-1.363310998991612,-1.0948571418318263,0.4962188959299214
45859,0.226955527532868,-0.20404402086339002,0.6801332973967141,-0.8873568853950247
17339,1.4656639357026995,0.6717420616235583,-2.2607745409729603,-1.2533344891792881
54179,-1.742124913097329,-1.233518987711233,0.33275100610346076,-1.4699667193693629
58339,0.6727905845082304,0.30506006938242997,0.8139503401610428,-1.179215830956067
62499,-1.054951972307013,-0.38385851316833014,-0.13242621361947604,0.6810411235562123
4939,-0.8805397019508482,-0.8549210629227925,0.27330391408706367,0.6094139439049686
70819,-0.4641699229007211,0.12527728603693356,2.8715145957085575,-1.240662882622196
74979,-0.7337692445173861,0.303929298246428,0.17018067676797477,0.4260904733601724
74339,-0.19192641240917205,0.8685563351269875,0.05865809272280881,-1.2702753226162424
3019,0.04680975628591259,-0.7510486749774327,-0.09832085585903327,-2.4493213411817663
17099,-0.7423520181329689,-0.39653630899700987,-0.15653532383770907,2.1455050387777423
47019,1.2821901292353544,-0.20483814844730555,-0.565763790975475,1.6734436217788737
51179,0.6433652348491448,0.5355557768590054,0.6897148065519549,0.39120070069975654
55339,-2.0776397306137184,-0.6401676160756364,-0.6936716865069437,-1.531036212353051
62419,-1.4502599034827566,-1.2707598403276341,-0.0012283150650798107,0.8755019758485517
63379,-1.3902979987576851,-0.23859228624732592,-0.12394499287007477,0.7141517133873768
63659,0.8235160563819202,0.39241665986785884,-0.07390690108939696,-0.5505732101762617
27379,0.4427591901130636,0.49543693377076187,-0.6317450243844793,0.5943657483646908
31539,2.1051952048279348,0.47648009535554636,0.21923427460992637,-0.8904255481752736
9179,0.3526036397956591,-1.364843506569025,-1.018219888070369,1.0868887410280594
39859,-1.5591590100469603,0.7181888796780391,-0.5828908615884175,1.1974901732685963
44019,-0.2627502566353475,-1.1699633439805708,-0.8286767482700756,-2.0841017612194586
7739,-0.47585627896332033,-0.311245822251717,0.3010441967826892,0.3932630487165971
77179,0.9646401030578355,0.2768201616001024,0.5402195427442057,1.628499259784346
48099,1.1985513970289245,0.9606355497504486,-2.053273796879613,0.7208534649296698
56499,-1.6451822778041072,0.69006971012859,-1.0929004585957873,0.47427545353292017
20219,0.22240223584841773,0.3821791173785776,0.016764176721859606,-2.8042877562665365
8299,0.30161952156785404,-0.18676550733742298,0.055686943751424064,0.8497820706524621
24379,-1.1754745835173108,-1.487347889846148,1.5531364193746167,0.767131339489143
26739,0.823440193179161,-0.3781726713063693,-0.43794729720535236,-0.35352019171332416
35819,-0.7204097612862008,0.25549953755449134,-0.605497528244697,-0.014907719409462807
73139,1.1509716592141277,-0.45525474992777665,-0.552484252947813,1.3317621927956529
36859,-0.43025352276007156,-1.086490648024192,-1.628486626238779,1.2809715364585477
10339,-0.058056550524129606,1.617018975278031,-0.5156487338171037,-0.45099759192679306
41019,1.1071015824106085,-0.029951680852182312,0.9174808904667291,0.8203175040179943
43859,-1.352789717827046,1.2790870825690148,0.35087758195539465,1.0847342329246894
4739,-0.9174347553341397,-0.059155847814053183,-0.14280517316181923,0.6434046485651326
8899,-1.6448670833910781,0.6663407458578048,-0.3076493067560882,-1.0960135262379085
57659,-1.6799100951356725,0.7389926665150052,1.305432785879206,-0.3079493052605305
17219,-0.4013264817296508,-0.9942440694521233,-0.28153276218154294,-0.1869440983307962
72699,0.034059718028031705,0.13731020076371264,0.11320012561635104,0.812093089322325
65979,0.00044314781238449395,-0.49626107195947927,-1.3680104665608683,1.0947097023183119
25539,-0.14230390723977107,3.0288018156712697,1.7007890687606,-0.002219617930635514
70139,-2.4208516233792765,0.03820141576364801,0.11882211552784974,0.3475183912177311
29699,0.8483821942377162,-0.3845457840779365,-0.7951939495230587,0.3248253555656688
74299,-0.558808403080678,0.9232161513605764,0.7896864059634245,-1.0928638927790966
33859,-0.6366202508482157,0.1798802983766432,0.20001964886392215,-0.7707094555950316
50179,-0.49159849666405053,-0.057775071365445775,1.1898942474080094,-2.368129816298403
44579,-0.2255932026605487,0.49789999154109676,0.17145528257289744,-0.24367904361381576
5899,-0.3067589458384485,0.3169503187082843,-0.7770025952838829,1.3691254357532952
10059,1.014968831163655,0.6595405751591138,-2.286301904562371,-0.27005175542843024
68619,1.26848660226897,0.1972658715132653,0.4436124298694025,-1.1637696201195837
14219,-1.066726620462771,1.4736028147218807,1.1283475524837239,0.40431875618347585
58819,0.3699532495984077,0.849251884650487,0.07774446497043218,1.0550329646551693
48739,0.07648916101191602,0.9705324696149638,0.7169862937331775,-0.16612052109509368
22539,-0.40383616429851504,0.8322612566290714,-0.13989775659967002,1.052797226371661
67179,-1.7581335968481362,1.1814771911655528,-0.9676579131258954,-0.20963611219755426
15379,-0.28139291491770657,1.1277776749110069,0.043335001990362845,-0.3838939662081654
30859,-0.9900915285286519,-2.3320818500668197,-0.10155260581752613,0.5839213731316432
75459,2.2908108658575075,0.3229285695422614,-0.7607943527396483,1.3666185504963766
65899,0.39117819943503124,-0.8159635511565695,-0.7158906289983796,-1.801447587996762
2899,0.07101397786229413,0.23133885580429175,0.037491769091675974,-0.8429965221811578
3099,1.7513704648839556,-0.41628043782630036,1.3473548418033483,-0.35676580166584887
71339,1.3114960759423095,-1.5253241849256576,-1.6456511608996622,0.40686731129943093
24939,-0.5062475783805221,-0.1898299293158963,-0.6135818238920601,0.5463115733008197
43379,-1.5144078320727232,-1.2194768382897616,-0.4972981430889246,-0.820914125850486
57179,0.8351964197786468,0.7697372132864998,-0.6679987547466801,-0.995715708091206
64139,-1.2981275627519655,-0.18303780112643173,0.0053440037884969135,0.03760152612947664
39619,1.5426597202180254,1.620198534682936,-0.9224730508735487,0.08537238714111786
68299,-0.1364415340375425,-0.6250931852596265,0.12243058916710646,1.3644611489720204
72459,0.7656614712727231,0.10927605192719476,-1.126295817828847,-0.03772452102563362
67779,-0.08745892247927775,-1.0221265644311173,-0.4501742002769019,1.1427081304906526
76619,-0.7340935335887581,-1.6722507071947206,0.12252874317393271,-1.378496790633393
50219,-0.5392983701208075,-1.7430805609072841,-0.38753892222278574,1.1035240374862092
40339,-1.9643140121343792,1.5683126196679174,0.05840653123383194,-0.2082025588985623
75499,-0.4920124420554653,-1.643253182874623,1.6570128305751468,0.29200260616621265
4059,1.5133066483069546,-0.49226921053347017,-1.4862533940895435,0.08023053256374972
8219,-0.7560896014707374,0.07929781883878563,0.15877489490762547,0.8880954320377034
17459,-0.4043077113701187,0.49842136283562466,1.0641172451968837,-1.790602182731818
56979,-0.19804923774747044,-2.0522046701176917,-1.1482109614546872,0.3243389636859633
61139,-1.8085080979585586,0.8740167712657578,0.7415537540462733,0.8953716224394028
65299,-0.09443077390786074,0.5107060357818978,-0.3931156289627809,-0.024971341184083576
29019,0.23199492649005007,0.22840735052218283,-1.049677461873655,-0.26348551538387416
25659,-0.5609888215481695,-0.015564911085060782,0.8726875898873893,-0.09506710715131558
73619,1.1057236489603204,-0.19975431371877486,-1.5155156836243313,-1.3935097998855928
37339,0.31459362539606245,-1.5672548151267411,0.5849823824466638,-0.6583984413168317
41499,2.068688008806538,-1.094347034434629,0.2993606869260557,-0.2722507342227055
1059,-0.9576129884354769,-0.8671329634887164,-0.8221531260829268,-0.21803845269395572
45659,0.20494239714215676,-0.5000690796725172,-0.05075816875879265,-0.509788395235816
54339,1.810469505248172,-0.4090972663520388,-0.9629615855658945,-0.9142644311705518
49819,0.636770377827254,-0.581646691039347,0.7292185323601612,-0.796701248184386
65379,-1.3399806414537057,-1.326365470741317,-0.3814569497814606,1.0105448560442565
62299,0.7074212341238832,0.7073135399009906,1.3861187728637396,-1.6985879208663335
1099,1.5743047053559498,0.08954350272915547,-1.638712497869622,0.3792208338281911
26019,-1.3380187215003123,1.1389606110896726,-0.27603991713334186,0.7819397164836233
71939,0.04537194418256249,0.17797631971631472,0.7589032800007062,0.2870194025364349
27899,-1.4851604367192606,1.0024700689757726,0.675275263594499,0.5210935439117593
74779,-0.18359672594106322,-0.35061825661035106,-0.23203688865978778,0.6352077130983389
34339,-0.2305796485143928,0.23348307100755245,-0.6782887651315909,1.2152383080328342
50019,-0.37514470001704936,-1.7249504778658984,-1.1646595961509878,-0.1907770184490847
42659,2.202554274863526,2.1614687621267286,0.730662471088381,-0.6741781411425668
50979,-2.201426601893997,0.29735684693938047,0.4136144820714534,-0.8825545635110895
60019,0.5623373300336049,-0.23580154480389234,1.9936637305281395,2.3762892850971604
68699,1.8111388426116752,0.4479686042219846,0.962056218588059,-1.3368401859477708
59299,0.5327985587399504,-0.3708941315313047,-0.7778467176772202,-1.5652594352361353
44459,-0.07953399616615692,0.14447298575812897,-0.5988752704300466,-0.4757607821588407
67619,-0.43614029473429883,-0.9529402305629907,1.1077404865315232,0.742382876447202
28859,-0.6755912961252982,-0.2559364432602676,-0.271111208704929,1.509718317974029
75939,-1.4407039263762904,-0.7673639792698217,0.18687491856720345,0.425586392679444
39659,1.1748768677518973,-1.5735846449240407,2.329028470244529,-0.779537563192592
3379,-1.0778945821676835,0.24209654511437356,-1.6048287674475377,0.12165266112345725
54379,-0.4332596734232334,-0.5783974314858633,-0.421209731476978,0.34817742203720453
55619,0.0013018878088934564,1.808805024271129,1.0995851236098724,-0.5906826730007674
52139,-1.1903071662896725,-0.400991331271127,0.7615428580989684,1.2339665139800176
56299,0.6894567311636399,-0.330819178599298,-0.275417568330426,-0.28232942666526895
1979,-1.4752162530890067,-0.21825144420023443,-2.013028665290134,-1.2581093154600929
60459,0.06059175187300913,0.8011510115163754,-0.6184926602000567,-0.807953859723318
54659,0.3507841210036357,-0.6918319549834043,0.5694278191831711,1.3478825341903975
52339,-0.8593135402484545,0.4698413527322273,-0.39078907976590843,1.817946166333488
73099,-1.8907034682429515,0.4732912209522531,-0.7714372123347067,-0.7093413718883381
68779,0.3983030381474509,-1.374462845833431,0.1509676082620277,0.6910488169393573
32499,0.010657185645332827,-0.49198064127293656,-0.7296818210700683,0.02706934534964811
29819,-0.5785784514722215,-0.488851850618532,0.029127865066162835,1.0173858950445696
4539,-0.6992101647479866,-1.636846011954699,1.410097808665449,-0.20373461443687255
8699,1.1285325912035609,-0.32082470660026624,-1.5809043690775026,0.5473598682766531
12859,1.2946528243469637,-0.18704813289806732,0.5979198784306736,-1.3716411638039758
7299,-1.374381030285861,-0.20916544135277593,-0.5290154927776481,1.1136425303694548
21179,-0.8293525649817769,0.9119411842818383,0.7847670639232519,-0.01997818905749404
29499,2.013498057371908,0.5090265062203768,-0.5798232811627893,-0.47171400836326965
5259,-2.859017379617229,0.4799423570382986,0.04431262768427216,0.21091050974128012
37819,0.38385476794439316,-0.12562803805875625,-0.9459179575893866,-0.5734425548019327
62979,0.9258148008479798,0.8085324319120223,-1.9800593770322383,0.4143043665979484
41979,1.8273336238770697,-0.22701103670235973,-0.8463797501101877,2.1098301510904505
58219,-0.0213435379326282,-1.0233859427894305,0.257376351602929,0.3521719721752006
46139,-0.5683065690483884,1.1345162460763543,0.8580340833093009,-0.059498014496228005
74899,-0.46016562147075013,0.41625445579969167,0.5065392934896924,-0.3844462539818053
9859,-1.0060077576225999,-0.9167189415486011,1.5711634670756138,-0.021084858852996675
25499,-0.3063798366487433,2.521348150383529,-1.8767425122752028,-0.4596658671855392
58619,-0.14013908307056033,-0.02580498508073851,0.46750377571275115,-0.3293836811218898
18179,0.9530915064190609,0.675308636577066,0.764742455964253,0.35607509114930724
62779,0.017178455376087177,0.17139319888263688,0.9551583033734685,0.033860370210380325
52379,0.5501582807312675,0.6311859999622683,0.39825364156922566,-0.3274350815734946
71099,-1.5417036412420402,-0.1721031730042362,-0.10003130807170627,-0.37341617398181653
30659,0.10358999651596192,1.255951523463188,0.9662305897268677,0.2627606094201504
75259,-2.3567511208088963,0.8501456377538424,-0.6271987591148428,-0.22615042887501519
34819,-0.21963063099662272,0.13112178887344172,-1.2871938761073183,2.2502780726003944
34419,-1.3405233407171924,0.36644267239318806,-0.7287918115984038,-1.402864664874709
48139,0.23118129272418692,0.39503909723129016,-0.25438326332410094,0.8236742763083196
15899,-0.2126530454195864,-1.282114718704209,0.5394446801284016,0.553724161184389
47299,1.3743460635851585,1.4885931373374446,0.3023513431599542,-0.8959609486648507
51459,-1.3669308368279354,-0.3011235182516614,0.06152418595805811,1.4000586255583731
15179,0.08153227203727462,0.7848348602984517,0.33014548460098847,1.7472700187998573
7339,-1.569112436006222,-1.440712811247126,0.3002327185902877,-1.6005320531165044
59779,-2.1231637765659026,0.11711981554410208,-0.023828612006685873,0.3636819817815171
23499,1.0571296260771017,0.5330074199822827,1.0750260282476594,-0.9041430010215006
6259,0.004116950554128189,-0.3149103548674338,0.12151197889308302,-2.5631891739915518
27659,-2.366192598210494,-0.9851883923789339,-1.2747997149948167,-0.4894222050437869
10619,-0.2682820740876291,1.8214281100938796,-0.4134342117698827,-1.3142971812572182
40819,-0.4244406491161271,-0.7486445053581174,-1.2297803376291971,0.7057603645762296
76419,0.23682089030065065,1.1078065264842885,0.6445721106375877,0.2951685884760897
61819,0.9561518129874976,-0.8886743179766847,-0.4710566718087981,-1.1368775442473826
44299,-0.41746469971428674,-0.2762408603178341,-1.3385949595969229,0.7108284100062836
20179,1.0274464277711863,-0.30642051175960755,-1.7069240861002932,-1.3107408735808546
54459,-0.5477196475967329,-0.00533906148327539,-0.7729337452020787,-0.6592247844232857
52619,-1.7424733510522412,-0.2656314991430063,-2.0415031123639245,-0.4707811401666067
20499,0.436815936998091,0.6160023330503135,2.05477021293919,1.4044904458483525
11459,-0.49111572939372367,0.26814587596487943,-0.7374836247765723,0.2465805626153815
28819,-1.309211974753958,1.0720223862759735,0.022288702750487287,-1.3388476939927774
73419,2.3283646475408304,-0.5460745327290822,-1.2443396036222683,-0.5888710098638189
56419,1.0249125753197506,-0.7134452373545844,0.9235109175686067,-1.9203394195606942
37139,-0.07939034758527136,-0.9584768816728092,1.2806589229773815,0.10042483146152592
74859,0.551132420742669,-0.4519589798718313,0.964472826787981,0.4689313585098054
859,0.16251014892389898,-0.272004531929089,0.6001912712678668,1.5325320208267699
29899,1.102724567875882,-0.4488482751409809,-0.7797080843336477,0.05579231334325161
5019,-0.9033722819164972,-0.27123703203646415,-1.674569267473634,1.367107604340831
49619,-0.6865141156505293,0.5236273519523152,0.4432444368577191,0.8673305333763144
53779,-0.6993250398040535,-1.3883841846862839,0.2841779677754843,0.7275623995409337
17499,-0.7354143207428235,0.8104371769421973,-0.38921661091863813,-0.47011934792368576
27859,-0.9158443938810379,0.7889081558071848,0.009758343323230409,-0.3650230626477041
62099,0.8961681160838287,0.35494521958153397,-1.9141120020495077,0.9020636041448161
66259,-0.4915299677725454,0.3977050851554546,-0.757867083570306,-1.2767154008199657
32619,-2.234602182585182,1.1945063112920422,0.7502069956315884,1.08327598677629
70419,-0.25832421692692975,-1.3679255087965083,0.26834779455973934,-0.2171245089801084
51059,-2.024299656119755,-2.1474115643239933,-0.04004412062323818,-0.7969543419972069
74579,0.3612026445035535,1.219375663256086,0.2637868175933613,0.029677295671258895
5339,-0.8195091545211177,1.1764941937306097,1.5192996885797732,0.8152443631787002
23099,0.19909506718319886,0.9930685357439206,-0.18935990675809594,0.4375001384564224
2019,-2.1295552665187825,-0.9620961854351919,-0.15534837784696823,0.40551635397566427
46619,-0.6375472532691476,-1.1178593452151102,0.5687295228722694,-0.3126154297027684
6179,-0.7675267883181883,0.22910544607586383,1.9913079451545868,0.7883651318237846
64739,-0.3493246087820576,-0.6869422179715756,-0.5158720152519517,0.9065548235505256
18659,-0.08462065486421619,0.7576376958302748,1.1119838406053772,-0.962518634452863
63259,0.6668994938946967,-0.11451713406698116,0.3123355324327273,1.3106910054677154
52459,-1.0325263991942182,0.3625136955169991,0.6057402717425407,-0.01890645691089505
71579,-1.3804888560693218,-0.2087058305783982,-1.1716073097824615,1.6461774234256945
31139,-0.5718133295439798,-1.7948209742405241,0.2890545188292973,1.1801499209978301
75739,-2.1506346980745032,0.2938219577930777,-0.4936638486468337,2.6459234804869296
35299,0.1938520134206626,0.45494035290240414,-0.4276755617188795,0.6729793273228029
75379,1.2242961020370173,-0.8243436731327245,-1.0501686781842068,-2.108656914413313
39459,0.5596381753486597,1.1127217941992364,-0.370912871313608,-0.15441413499173115
60659,1.3908906514965644,-0.5794952748566228,-0.7617127505084843,0.02000286465684137
47779,0.3908832245116479,0.4853175283787759,0.9170473063198142,0.7458032779193
36179,-0.23510864474692836,0.20929434292267848,0.8234472825494737,0.04434729541272715
11499,-1.1817963514197156,0.004032651367625395,-0.25686179350922383,0.6675666013753933
56099,0.8247742703383323,1.1434403029298603,0.8017939320101791,-0.7704024955314188
48379,0.11572904570892269,-0.06976444537996997,0.23664198982320905,0.12567464621276736
64419,-1.3612386993659569,-0.9593444382309285,-0.7153748403075068,1.1115468666475026
68579,0.34366858451614896,-1.846358001565723,-0.6893936523448475,-1.101554130701909
72739,1.8823188589160227,-0.46869169271187805,-1.0836211915957663,2.093492485312345
63019,-0.10802242766391942,-1.8449720283895596,1.7846205562962252,-0.05961378660857003
40619,-1.9019271112171872,1.1310972125168226,-2.188403873274818,0.41625953477359284
35579,0.2539756882803155,0.5679611499427963,-0.09514027884962123,-0.2505913211641334
13579,-0.5275058302203739,0.5266536706946796,-0.509266201181452,-0.1472715390148851
57259,-0.6771810799848589,-1.2177436265288586,0.6032142870066726,0.0717238938804407
30819,-0.6666666198126994,-0.6309596718875593,0.7826010524927134,-1.7890056858942198
20979,-0.6507153402480165,-0.20198249754702663,-0.5176192699785042,1.8144255556325963
2859,-1.8729787968690381,-0.12742284865849313,-1.4208565098070813,-0.5594048529735385
67699,2.1817384437133622,-1.2105744344073357,1.0804366089158812,0.236453067393175
72979,0.43821216484181486,-1.0397229842818825,0.2466115498142329,1.2176000724441027
33459,0.6311961013727159,-1.0566106284979302,-0.660860866939105,-0.2540882481816677
37619,0.8187157419395401,0.8686374306029349,-1.6795087573556342,0.4277958511593466
66419,-0.5036017178087753,-0.9331952549910125,-0.6317295392473307,0.3352592813179609
41779,0.40312444828486466,0.12543105936533208,-0.5996580995527181,-0.13619737430649206
60699,-0.6080879615740235,-0.8791898718698212,-0.4803162136542313,0.19366185558639876
50099,-0.18940747791342258,-1.3350923191728414,0.23511990067448044,-0.5894247025607514
30219,-1.5153200164071685,0.009736839975808351,0.32254422124720483,-0.23605062102569765
54259,0.07635145685672885,-0.6328492378408269,2.0075221580383444,0.5748221206286669
48659,-1.0921997690583964,0.41745532601303786,-0.2481113864326362,-1.0000972967748871
58419,-0.4905046414730376,-0.9740464363591129,-1.0904889455343185,1.476023421959498
65859,0.260134219767367,-1.1406950276657915,0.973058117940319,-0.7676209026216368
30939,0.130834638000447,-0.15994450277171876,1.3043588790520615,2.0705031450245435
66739,-0.6351102375255477,-0.5629165635473128,0.27402816409426656,0.2918998646458594
30459,1.3196506157124408,0.2670542446643562,-0.1722491481980334,-0.6386663267256941
75059,-0.49618080300472706,-0.4011652931615179,-0.35133694555906114,-1.3159322535336078
77099,0.5528287531268584,1.0646990487350239,-0.1912081699826787,0.3487503487699199
42939,-1.9287605218423896,-2.9673619967564058,-2.3189523076727565,-0.44128057851776137
2499,0.22761908713985113,-0.6245776544577291,-1.655247142527895,-1.6157238688611562
47099,0.2776803911736636,-2.9889015893919324,0.8284213829433379,-0.02331450313196358
6659,-0.6234188504283138,2.092482263389076,0.32436908442278833,0.08177382492948854
1659,0.016435568635356994,-1.0127639687427432,-0.5138901099778379,0.06885079795030989
34099,0.07907136781951778,-1.1640833018459265,0.3997010522343418,-0.32252820456366366
19139,-0.7162594098385557,1.7345559504567254,-0.4674439065162559,-0.8197212754274259
63739,0.707513010918436,-0.02010742115117533,-0.3362293300597919,0.3472033809426362
67899,0.7122214247681407,1.334028743700322,1.0862063661879877,0.07631556333150227
23859,0.9201010802736802,0.6666417604128446,0.32867921184724325,-1.5243652480812142
1339,0.10829803752767343,0.06444992736968098,-0.08241317012152835,-0.18768666658254018
31619,-1.3236688771159406,0.5279413129988187,-0.143145912423883,-0.14536067414210221
39939,-0.6904194557505434,0.9301361617487023,0.702740412045101,0.09761675201020177
3659,0.5411727775246135,0.53986116979958,0.4608171875223354,1.9831822357336613
40259,0.7971264962402317,0.696452102588614,0.2462772376271756,0.4556755493951127
52419,-0.47172526967119366,0.7269031588441295,1.0084290599131371,0.8535310637417381
56579,-0.9951487825629951,0.8946122399107943,-0.8258145390873808,-0.6546923916713406
60739,-2.395249053215036,-0.3332258651464138,0.4876907851094751,0.582305347586631
38219,0.9139389860216237,-2.2830135566921492,-0.1678453593189831,-0.6275818629120046
24459,1.0840208022753937,-0.459007841430814,-1.5796010316711668,-0.1559665247706545
9979,-0.5053939862200957,0.06939889271765483,0.7031948995527563,0.7617062450727846
28619,-0.2324697001943578,0.22492185479204643,1.1917017749597625,-0.7061710586240055
73219,-0.24173177405917437,0.049850915488145554,-0.04841585281954453,-1.262872633972352
59619,0.30796564721517533,-0.8908122836376194,0.27752660136436663,0.435955855636769
41099,-1.3078421510707963,0.1286094444523286,-0.29371528191871743,0.8148761969409677
5219,-0.7915024265917887,-1.0552771973586417,0.7706528308213263,-0.4951381269131199
45259,1.6426671649564057,-0.6249657972475666,-0.9530339388773698,-0.8815793232557418
23659,-0.3374565686614262,-1.7574697992156212,-1.19290770626622,-2.3918137557747263
42099,0.07241699628472752,1.3423047274241842,0.27979027176552745,-1.501933681128038
13139,1.648313754141072,-1.6970199155228523,-0.5451312477677801,0.7053282154832411
13659,0.7679778645082584,0.546104078351309,-0.011474679713565921,0.8340308161786385
57739,0.9877458819810093,-1.2037597599254304,-0.796762236432871,0.19995836059884273
21459,-0.6480582905654338,2.206012956200945,-0.08905930911662441,0.26012758333509567
66059,2.4202319583230336,-0.8550362983515903,0.6980407509481997,-1.7471414717113674
29779,-2.0972206508806996,-0.7135148702602597,-0.917790217264937,-0.5550523649218569
52579,0.3349011584720425,-1.002417822929237,-0.3498346544524385,0.39448122766649024
51019,-0.7664829246130438,-0.07049767352630823,-0.09267360775618491,-0.6850060768014027
42259,1.0657658518138953,-1.8874352852092775,0.07306099353299451,-1.8194451828826002
46419,1.2681318489879183,0.33816838337400873,1.5689868378545566,0.7197146932720327
40299,-0.6990513805542802,0.48204723608108496,0.7272503165113754,-0.47176775329325565
50579,-1.5759370732114404,0.42936082195483954,0.588972276487546,-1.2256100221594248
54739,0.5723228542982481,0.3515391690728308,-2.226327607868742,-0.5010862512283708
43779,0.7283038561106013,-0.4295237654388549,-1.4466664859128937,1.011882740327254
59939,1.6777432006887467,0.2103877918451176,-1.1418285021879073,0.16799330631296533
63059,0.10738030198951966,0.9082316745351096,-0.8365351100647258,-1.6724007593549814
17299,0.7049761435240497,-0.20365945480212758,-0.685571356344812,1.663892524918618
67219,0.46467115981075985,-0.6506471562573158,-0.39735863700882756,1.0406439756856751
60779,-0.07567956388599931,0.5041467957491798,1.290176645423988,1.3521808642948496
12219,-0.45502333130928474,-1.2227538854949165,-0.20964209036823378,0.5649060465944863
39259,1.385909433146374,-0.728722999805505,0.2701697112699753,0.2254947726770745
46459,0.8403780260505275,-1.107009026266032,0.2594294384617255,-0.6025532198083591
43419,-0.7219231171090889,-0.219542399656878,0.4149591872466049,-0.2652034339167164
41939,-1.0273995564553202,-0.930102320918378,0.6305188818582496,-0.975707098875072
64099,-1.354830599521974,0.5996980855417515,-0.4556847780262625,-0.1445388084879442
11299,1.191002604187193,0.31666379382144194,-0.7621606456295874,1.4314031744154094
55899,2.1787324125036527,0.07663070111724397,-0.8989237435873657,1.265002198174858
72939,0.4977255125145549,0.11025152245913593,-0.22915233660666615,-0.3492680542797423
60059,0.12556206381619578,-0.5736975806535319,0.8860503723871115,0.7774419157801582
64219,0.9150957867805218,-0.3101047532871549,-1.1382927529036608,-0.22431394686649095
68379,-0.0962405598793947,0.38668076328006756,0.3516795080396703,-1.3522572061344802
32099,1.0972772183128208,1.0995106602678073,0.9540634309475898,-1.2927947520933059
36259,-0.11460470899601363,0.050721103489366925,0.3233460130125465,0.13355867807433558
63499,2.4203369203268004,-1.3143583944838353,-0.3323088459068999,2.5424981665134365
4139,-0.23319847311983122,-0.142715740963868,-1.0784062300280766,-0.531972774871612
19859,0.2559469361712351,1.7210039990504795,-0.5760637388062071,0.6921616623920721
52899,0.03275877321079045,0.5132288330643034,-0.023362174614114467,0.3941986864916213
16619,-0.9368418496264981,-0.6367413215387717,-0.0224100117198647,0.10984639681317876
61219,-1.2684905605751775,0.29148469334459115,-0.10125794313202083,-0.9286006540235422
72419,-0.40346399982594766,-0.14914327720365417,-0.5250528509442758,0.4623080654370587
17819,-0.3546967739733502,-0.3296222426268747,-0.6441076038209221,0.011776439584188406
29099,-0.21013666170555828,-0.46129968275278577,-1.2330570366635927,1.334044079335379
73699,0.819474102909806,-1.9978058429309642,0.7181425466369705,0.49886563988757004
16499,0.12878279139888898,1.1784623252508706,-0.20515440903037085,0.46510534782465185
11739,-0.20367913565982368,0.9108277512511932,-1.9225173156827833,0.9993997408122546
56739,-0.3462962391054164,-0.6731440174010868,-0.6393549765630808,0.9493591475265619
5299,-2.3671741368279577,0.1099553806595,0.013036105293126134,-0.8717837089453832
49899,-0.5956977402969721,-0.02091682565348858,-1.3271124579617029,-1.9386037272700016
54059,-0.2204808390879792,-0.9006095834179577,-0.13293408641303725,0.21145376454325251
13739,-0.8364134863287216,0.0167937499593662,-0.8751857640599535,-0.3247568095286446
62379,0.1886672573721982,0.3019933449215968,-0.1718939727795837,-0.3229611605242193
19059,0.061974342883908046,0.09156491601658164,-0.8676088414340611,0.33315272836401244
26099,0.17391631317051384,0.36121414399231616,0.41293361618875224,0.32534052882659115
70699,-1.4751296496485602,-0.6250825374088363,0.6585314054413179,-1.7724247099350428
35059,-1.7562190188563187,1.382796179082605,-0.027390456442762456,1.0929675963294887
46899,-0.2156922093489998,0.03361690794942055,0.5428077336850519,0.10503201829539949
40379,-1.5171730073547662,-0.9659389259172156,-0.9186758811561873,1.285978121568163
24819,0.30288650554681756,-0.13540308101613285,-0.9542194615546075,1.2565545911879112
55219,-0.20363659305406145,1.157530826967631,1.223702509455345,1.2821407139791907
20059,-1.2769918387001682,1.0503925044580416,-0.8530199132441126,-0.054791495634153045
63539,-1.5384021415690379,-0.576635148108574,0.769025737392408,0.9319093109951372
39499,0.28723957534916694,-0.21558093514602958,-0.6186115971177617,0.03608499623250054
56939,0.965196580281574,-1.2445933661805215,0.05855534463082629,-0.691455939399868
39739,-0.16099766366665158,-0.1528830747821951,-0.34411601092538224,0.42442049960808115
36299,2.5519202540219457,0.7453788316089411,-0.897519285115191,0.3456147865407577
3459,0.935014086928833,0.0029164286256411855,0.6857142756684669,-1.4310829163652308
48059,-1.0067247071778926,1.4614575101258578,3.0583632536545475,-0.3578369062842519
7619,-0.14954817376685728,0.5159926740635852,-1.6482815229302643,-0.38808531030377014
52219,0.2826740754727023,0.6100861149482835,0.37351168810213403,-0.057611971444462354
11779,-0.6142437727826621,0.6724369858712137,0.4507031611652146,0.11841286161676014
64979,1.2409227319347846,0.17237135398269884,-1.3305736190928996,0.0409468479068549
61099,-0.019234543502729826,0.6283247835586273,0.3998376716171844,2.4454036565336237
24259,0.2757153942573875,1.3487066313346991,-1.2860842664850138,0.09687970633202429
68859,2.960240549526926,1.3114198877329681,-1.2251408384678648,1.6725179547201634
73019,-0.9475405709444501,1.3027124424407737,-0.28857383660094926,-0.07629424585811695
32219,0.23395026555068182,0.6084240395454253,0.7007627252075646,-0.016683536090939952
36739,1.0087436129055853,0.8722749651721592,1.053452474339811,1.885760596856749
459,0.7654916561998872,0.7103052387559804,0.19320014341166514,-0.06655306472516041
72899,0.5215811707609501,0.09039946792005174,0.552250222020665,0.025215743539411334
4619,0.4409584250608404,-0.4353450099155756,-0.0684912814376226,-1.2109660203053947
49219,-0.2853765579452665,-0.6946222943533952,-1.5344150136794519,0.5693597154550853
9699,0.24025056474695827,-0.8307098636878782,-0.28075099770712786,-2.0400538065656213
12939,0.23219906112303831,-0.3672614276211876,-1.1512946390354475,3.1873529878564115
57539,1.6653587809997437,0.26011179683528923,-2.369483765147588,0.34337031468610146
21259,-0.6100412101222584,-1.369944018663697,1.8875164079488045,-0.11337723098984072
9339,0.8144171013449906,0.612628823830953,1.0093448167265575,-0.05483943594458041
25419,0.5138478209462316,-1.8691258507999071,0.1822410018670256,0.3562295964206311
28139,0.5259510046468853,-0.27999903134315346,-0.642875718713081,-0.03460072498779595
33739,0.7426952913253236,0.7778394800664951,0.3055051696923702,0.8110208336580133
74179,-0.1554931808847382,0.8838816974593853,1.8367129996774343,-0.07539471467159006
69419,0.15349274039357205,-0.06219004621597873,1.7726104722315108,-0.06750155397032175
1619,-0.6623590888622009,-0.48482932237458526,1.0834142090438,-0.41173887583444807
67059,0.6880558722525898,0.44366188000734763,-0.8907463599912919,1.2913117252219333
46219,0.5923677189743725,1.3298078361242305,-1.2403909934417063,-0.1257203225782071
14099,0.00569474789317891,0.3282439392240034,0.3885474206628706,1.2194872660564229
58699,-0.43476065183453916,-1.2714771966563378,-1.1171698966332142,0.6302708182461282
3579,-0.6528208599912927,-0.663067940304263,0.17584030159310826,0.5985914813083608
62859,0.5572613482596396,-0.3078453262879412,-0.8554885224825924,1.5990878436186424
55139,-0.3453560519333621,-0.6945774375738276,0.5340574606629971,0.15445339588060947
67019,-0.19508403799799304,-1.0298585636434607,1.233639366185788,0.6256039297001057
55019,0.06717803703284908,-0.22017342086408315,0.0939937985695456,1.1455559603468937
30739,0.15724387903405682,0.5655583424690147,0.6082293589175688,-1.2913515067275794
36459,0.26274929886108184,-0.40170640945899416,-1.0561135845078333,-2.3326787208366806
22419,1.334853306863394,-0.6524228354263162,-1.0408955719005826,0.7162377109765486
67499,0.7802794587848421,0.8253229098411706,-1.99518169260728,-0.5946896750986758
2779,-0.2801943085092741,0.018611988056578585,-0.04686315630500124,0.4184605014887925
6939,-0.38796430057801273,0.036714303390306784,1.306540752977491,-0.30307351291680296
11099,0.1584630805635552,1.5442351380448927,1.1899381370845745,0.7739362614226903
50699,-0.7861838389235914,0.6050113178624524,0.29016989471241755,0.08577432347869915
55699,-1.1776284084859372,-0.7514609283874287,0.8023282309677763,-0.5796114746918234
54539,0.82408824443745,0.7018671714285405,-0.761996381253904,1.2736292719568565
40979,-0.2922990437825016,0.9671954474429096,-0.23338110964968253,0.3579320613880564
23579,-0.5824290975167629,0.42390967137566965,0.19388558092445213,-0.7343369877290303
68179,2.1637832808076936,-0.9720098105515435,0.860410732935559,0.10737992758782414
259,1.1741849852329014,-0.006629248582196004,0.5805645875579375,-0.04154938088834219
31899,0.2979654490786168,-0.3441884791056392,-1.314534740384541,-0.44639199578954786
73339,-0.7462086849155614,-0.43050495150813217,-0.34583862345248445,-1.268040614773763
1499,-0.1747526888051048,-2.152307482298956,0.02885020877168492,1.3115504638841542
40219,-0.9320385995090139,-0.12725870290683183,-0.6774420887802364,-0.4070041161653157
36219,1.0430796117708279,-3.561144482680456,-1.0102201750781907,-0.39630004379944106
44379,-1.5333871165960644,-1.1377566095014386,-0.701419102119147,0.008920194207449429
36379,-1.3243608110801641,0.4964818752271772,-1.5204696788101852,-1.2917491112861628
35499,-0.14959110811508447,0.19595259267945925,1.0570861889718075,1.6514160280664072
12299,-1.518549680653809,-1.45479737813051,-0.9445046617100358,-0.1852166891107911
27179,0.18849939484368983,-0.05924210212049042,-1.3897176685774926,1.6851559913506466
25979,0.16694137721418192,-0.35959420155214167,0.8258735485191626,-1.0313795654474485
3619,-0.5777700587245862,0.5273562924142718,1.302199142864391,0.8099241501863846
65179,-0.7989529108596094,1.076005461338561,0.4892667632244783,-0.33012669919359233
28899,2.2814387559228355,0.3318841255276653,1.8358687639656581,0.21660613655944447
73499,-0.5449015229245938,1.6793732138903383,-1.4068935900781037,-0.7972949733891861
33059,-0.4704654909259218,0.47633063608076154,0.7794854277814519,-1.127862665866722
11819,-0.47039954260992956,0.5142245031458454,0.25322833260924643,-0.3524454111299249
34899,0.008064361679554419,0.8572554868438987,-0.46603133423923343,1.4392910572399356
45539,0.1500431005778072,-1.8901037498352713,0.5425369816718648,-0.3453974650933403
9139,0.28312880321722417,-0.926703891605685,0.21317691633113842,0.1924255058213934
58019,1.1699190407137012,0.3035371337575504,0.24373670740718353,-0.16258469505708478
71779,-2.398817002544052,-0.5935393020743451,0.6096159165516698,-1.2191904433567717
43819,-0.7458721537176641,-1.3766134162162302,0.7728829111478331,-0.9653123993464612
20619,0.49412715812148,0.021860385744078194,0.22370710820836107,-0.7124207633354845
69179,0.7214283579857871,0.5889383266071722,-1.337608587813785,-0.8861452131563128
74659,-0.9822119851559444,-1.1832802509217328,-0.417693877910651,1.588546782983455
38379,-0.6783881472794947,2.4118361202287173,-0.05125058579268377,1.2909140116944229
42539,-0.19967384031674437,-2.1395952711834183,-0.40324292763028946,-1.178647831208149
36419,-1.6211701946820722,-2.2930711659106957,1.2193535392386403,-1.3794084714805575
50859,0.7341741737579154,-0.2298350136625206,-0.16718946185891892,0.7338174039002422
71179,0.5269086302717741,0.958547439497616,1.2647655037794612,0.955142785215542
14579,-0.36268782876701805,-0.11628894340732157,-0.6919887211616439,0.4867818637798612
22059,0.666345792076992,-0.5292185752380018,0.5012043890016081,-1.2509363280775285
20019,1.2785430949144505,0.9473764111798171,-1.210911392540906,-1.0063583176585964
35979,1.031783818118148,-0.6708491757928,-0.3987576619225649,-0.08412736001040398
44619,0.647207448495185,-0.9099242821206214,-2.650491087591727,-1.5361145442765591
27059,0.8546416669035901,-0.058524830743124055,-1.7922262683386552,0.3295430586105166
71659,0.2787617518857385,0.09468457268441823,-0.376394458752206,0.1576717874096444
31819,0.45723775745736506,-0.3201741374590552,-0.30976307828599337,-0.8864306326549857
56899,-2.1922617816000023,-1.2050313297436779,1.0815749001255417,1.0316379147765002
2659,1.7337321044730054,1.0071267911526967,1.6273841462657517,-0.8450878588430295
21939,0.9219429431667372,-0.922940681521265,0.4222544309545434,-0.7516051636581292
43699,-0.33443089573922014,-1.3839364538511194,1.1985488632621357,-1.4566671149515318
47859,1.598283859548534,0.8871516495860012,-0.7219058991486839,0.7543632577297363
52019,0.8410071431835707,1.6653534624842228,-1.4041069868329272,-1.0590761129637478
50779,1.1624054143987204,0.2570612926701109,-0.3920451439279058,0.8492149372198389
60339,0.22400688007451414,-0.5390733390524236,-1.339416361960728,0.6439637857364832
8779,1.0456661884006955,0.3163935907796348,0.7351375502825128,-1.051042385277898
68659,0.6923526641239262,0.11021492354986862,-0.508211653006144,0.22779065068289586
58979,0.17809826635425682,-1.0097928911389613,0.727327030901781,-0.7189577471039359
36539,0.5567176990936159,-0.4987047829856395,0.8053275419271787,-0.30164420781406226
40699,-0.8011287222690592,0.7672712637178724,-0.6790872383662238,-0.07355142311059523
46699,-0.41319823439685643,-0.43369558998531715,0.11957797593669484,-0.7652928461651461
53179,-0.5742963670598578,1.2096032989128065,0.7811009723308149,0.39758547074203304
12739,0.256224755526624,-1.2686630451669365,-0.5012000786453475,-1.55428406165945
57339,-1.489489063288156,1.0050494946809445,-1.043671511149153,1.0528828278844131
16899,0.6571656321705507,0.12266929792638322,0.8749457500027108,-1.807489627389173
21059,-1.2018661392886691,1.311453048591626,-0.5175796887004799,0.21566851171873525
44659,0.31581175169737147,0.12911449556974788,0.2661229083624493,-1.4358312890255311
25219,1.0936098301756036,0.598359106212262,0.5431089326065507,0.43112840478415887
27739,-0.5268772336434818,0.26319790725722686,-1.0072638436068568,-1.945461900650088
73979,-0.8347476136748776,0.5818652536867862,-0.19826833816792858,-0.8149371883479607
33539,-0.57976252505451,0.8172105233901906,-1.0924317001503843,-0.08649487680313295
22139,-2.6829058164226587,-0.7843869528794316,0.9376338721575034,0.04730249110058749
41859,-0.5859789976088018,-2.63335434722107,-0.16506861819426563,0.10913492882057337
46179,1.7624272013017885,0.6542362384090439,-0.404994062122071,0.9718342162337774
46019,-0.17517506208328792,1.5400987150746388,0.8215983458711846,0.09698415480642882
9739,1.2044389308452927,0.9849718939903984,0.12085830736509218,-1.0157998647573323
59859,0.20375750942431192,1.2783460477846362,0.9661847466253808,0.9384667266029566
13899,-0.21936980372686754,1.2516375533433177,1.0211970992888881,0.5795556557537094
21099,1.9036135794469795,0.15935231892507604,0.28988067327664635,1.5185929459312912
58499,1.0322023176982926,0.29729283509911975,0.46810701497830803,1.1294648795006736
66819,1.8935630477620478,-1.6317504323819312,0.8711937433077256,-0.8075924305640032
30539,0.4929199212617529,0.34169937942099743,0.4753101349342009,0.19214059812489348
59019,1.508984860640858,-0.736802556623915,-0.4659797632112487,-0.7466993669033452
75139,-0.7805319418937525,-1.383811042303085,-0.930488374559889,-1.2363974186659277
38859,0.12020364359698862,0.11721179077398092,-0.1264442044961273,-0.21712046253924516
64019,2.008175550953076,-0.51978306163916,1.333247182044787,-2.9866111610664925
59259,-0.7329864639529986,0.40219054525640596,0.08626027363118141,-1.6411300795644244
36499,1.3202673196071086,2.381250262612617,-1.0614020322541784,-0.1753355225034805
10899,-0.21475512288646548,1.8241469962107975,-0.08437774153294159,1.1287709227260325
67819,1.1147282232507798,-0.04079542458615445,-0.754982766403544,-1.6235653868668247
54499,-0.52982786249271,-1.4909467700011805,0.9915898189139386,-0.5933464767486502
54939,-0.06288226328292516,2.99765270614332,0.9611261133795733,0.03998714733637165
72139,-1.8924634758308438,0.8911486092902134,0.18758826301653964,0.29156948372664676
35859,0.1981472275473453,0.044918650621011816,0.5637295042762888,0.09427328256709525
40019,0.07115396096457377,0.2768492889534719,1.0017539533645832,-0.24428640213439978
73379,0.21448260003957303,0.1079930874414592,-1.1192093128927347,-1.145033171202955
44179,-0.7955919924434013,0.033864546718196546,1.354270513645368,0.6202596035891207
48339,-1.257665461464169,0.7313682486151347,-0.619837962535319,-1.3237892624618286
60419,-0.7146015305135055,2.1511195467168753,-0.9830653278244749,-0.07075471860141948
52499,-0.09896329198885336,-0.7577035422027726,0.5924326880562684,-0.15314382557064254
56659,-0.04188594844358924,0.4732420657285306,0.943746869678739,-0.24387052964213288
20139,-0.4771316956945926,-0.26347006818305213,-0.5614139339185822,0.1332959634595224
20379,0.1984047998390617,0.504868702116041,0.2430799923879943,0.05136803141059879
24539,-0.9287137499852933,-0.6122145375296575,-2.748210578072758,-1.5267247636934116
69139,-0.6306809395083078,-1.4077278772074397,-0.46591936862142164,1.4119326423923453
32859,1.4680204671065737,-0.8115251605096558,0.28969454780734993,0.24972065138028127
54899,-0.2718643320329024,-1.9623772109558981,-0.45673411803600145,0.9092075097473696
62819,0.9149893225205284,0.84518537554136,-2.1249359874380476,1.3775365879957695
41179,-0.5160531240605348,-0.9588070065197704,-0.4536999083039868,-0.0031905872968775104
739,0.7456278375430764,1.2176360946710894,-0.8602390019358072,1.4479742861580234
45339,0.8997644086621993,0.3344563235614085,-1.0320665819756918,0.8548732229875354
76499,-1.0183834884838936,0.9442872450927172,0.18082053898371045,1.3262660835640259
49499,1.3393319552516734,0.7939890717877166,-0.33020931150317806,-0.4231468111827963
5819,1.4432562821163333,-0.04398862562763515,0.1899898238650284,-1.2878497097186214
57819,-1.3757061599677523,-1.210371434941836,-0.9828606141605294,0.8194069126489593
61979,0.5654584478837551,-0.38901630067065085,0.14030757767901197,0.5650274611393024
66139,0.37441375971082874,0.201616548092297,0.06591498236645751,-0.06106278574200989
69579,0.7521923250615248,1.102625978814098,-0.6172174513318848,0.0922473725720394
20579,1.3425631729964278,0.44146407501115686,0.8507691528993901,-0.3650242398281384
39019,-0.5347230395869546,-0.8487965166013247,0.6300881316495445,-1.45678334180896
34019,-0.08957373936983759,0.3070988004120936,1.6389237207226173,1.1089880742132858
57459,0.4734919525647655,0.23905857463676602,0.335205122182231,-0.3334441821164746
38179,1.6971318914946374,0.42415552728051825,0.23294440316867399,-1.0932054182441784
76899,0.1631125549267747,0.1765237731710771,1.0093165754246165,0.703371707113779
42339,-1.638720702667539,-0.37023145122484913,-0.6316365883321614,0.8815808187176033
46499,0.9566945149720071,-0.8420648131415813,0.5356632990216635,1.4651750066227425
10219,0.5443811810546016,0.8636899864414387,-0.05262491254073817,-0.5440451987416349
71139,0.7055275811882173,-0.32885606375747595,-0.22379345781028584,-0.587068519847178
1539,1.179755604121841,0.011054442586392356,0.2428800507840861,1.1163773376865533
71379,0.5067357961577319,0.18355633869273277,1.7953279663723274,-0.6153614724484892
22699,0.4540086575233996,0.6870653217991762,-1.4841485096895572,0.060315075546445204
71459,-0.20590228232928726,-0.20456532392991789,1.7195979773043752,-0.07120135822869675
59099,-1.5236416741797494,-1.3417013965140698,2.5304778060402167,0.6904374722734057
39339,2.1554516303386917,-0.11885974211157194,-0.15161712332779778,-1.1206673616658545
75299,0.369272624046694,-0.03557352468320033,-0.12132655322146978,0.5836986294688037
47659,0.018728111181115413,1.2402828554067156,0.7648248778959552,0.10278776351465652
47339,0.8570927777267647,0.5951114181917632,0.8461896542757282,1.1517565250800152
26339,0.6655308252292783,-0.6932538793998563,0.5891318034282392,-0.18556941711586797
19379,0.2532923500452283,1.8056964527753943,-1.306453553828953,0.6592652408779717
55979,-0.10924089348899926,0.6977306310847171,0.6234707780477861,-1.4871031870403164
60139,-0.12350261038371503,0.15534903805155342,-1.6384474590005145,1.3095693551704186
64299,-0.5643402218982898,-1.853999796225111,-2.6030644647143824,-1.422533372538326
3819,-0.2633408013018183,0.2836649823282819,-0.10227441505074504,-1.4807194864331337
72619,0.07581409688710877,-0.47221033072642826,-1.8055939677423323,0.6555335609462443
5099,-1.8363884109134103,-1.222672611915535,0.02851344981905239,-2.383944114277961
63219,-0.29912749247858783,-0.1208399508507351,0.9502097317267313,-0.30083676974586593
12539,1.2034488266139167,0.5362292849748826,0.27959647436585033,-0.2152759551708261
16699,0.3162785404426782,0.05557156867043273,0.29436878665924104,-1.6446086838313163
71419,0.5640577780505135,0.20671737820563185,1.195547899600524,-0.4568368444672248
37219,-0.4689690294166532,-0.6373860102604758,0.438173879567933,0.859735701694366
25019,-0.24456190306534528,0.0991994473494495,-3.1424993899576403,-2.1542158643117335
29179,-0.11278039151313693,-0.08365292480422454,0.4769553821086456,-0.5607709669455392
33339,0.9832673595460305,2.313604083486248,-0.19218547333898586,-0.20233439748800444
41259,-1.427760456617339,-0.9690485892518259,0.48998730729799733,2.3558118916322015
41659,-0.01192644167703898,0.29801921515356083,-1.6607648836917808,1.9329771622177168
45819,0.4506399542465714,0.22983164859560956,0.6934009622809615,0.9525767975206917
5379,1.2033025325850801,2.0138347708453366,0.2746440581023628,-0.8756424653843903
49979,-0.19425445690161916,-1.2871442811944682,1.0198686035661664,1.5562064172357428
9539,1.8448018605670595,-1.3814870899459897,1.9975109714638488,-0.6187199130382459
57099,-0.27025019776364023,-0.21597494252083302,1.8579423337159335,-1.445661171898294
36619,-0.6353356448769072,0.502284046458577,1.0891550520398303,1.0559333060708282
58299,0.28872902058903355,-0.26379913815849254,0.43993633107728636,-1.3078241974556046
55059,-1.8423933765113425,-0.7911576774728997,2.2486845836286338,1.3688810013438404
31859,1.3748886780012914,1.709593507419035,1.1291594399183027,0.551847808573988
22019,-0.40404769339639335,0.31339058914125206,1.7838092605673612,0.611316395693125
50299,-0.6709975321923639,0.4153606457451316,0.8358565434231778,-0.4660246712616772
26179,0.40089219089148864,-0.4832356643577888,-2.073762328047629,-0.006714058506520539
34579,1.1619937651942336,1.210136445019273,0.011099966927917248,1.0868951459687275
30339,-0.3698298932923551,1.0476453494590805,-0.4648904131094875,-0.4626943474536663
74939,-0.33106699300511067,-1.6956389032278611,-1.0937844319986056,-0.06195940832262047
34499,-1.50892536956048,-1.4467665931986617,-1.1508745906282716,2.049111125735577
38659,0.13699721206203613,1.3574967226530112,1.3105969306516467,1.590968590122999
76299,1.6796301339349657,-0.2893697241336977,-0.4877570177112126,0.32646974990750327
1819,-0.36074506363154085,2.421866060185295,0.2602450076220376,0.7802891658354485
15979,-0.7913295264469665,0.3827121440749026,0.3575364861360581,0.009492697380819563
51139,-0.8405146728612548,0.0026202664707434794,-0.027076733639794907,0.4500983946824657
55299,2.1673689970538135,0.12061577772334084,0.6410234441057843,0.6488719333133535
39899,-0.9783131233233701,0.6435715330113244,0.7310255995389968,-0.35031652551481907
63619,-0.03839584829107539,1.9881471002804996,-0.12599783037632617,-0.106550367903464
27339,0.7913756148868083,-1.1517918005459697,0.029457509465750542,0.3196137846513782
31499,0.9046009282368719,0.17582716995706033,1.1825718451008895,-0.4684804554305203
76099,0.3049215631505772,-0.631142556650438,-1.7636354450384297,1.5774503504596575
7979,-1.0169300085326978,1.575005139089125,-0.3091080329641406,0.8441714189155075
39819,-0.25969143698488856,-0.09588740099373501,-0.2944180521163881,2.648354155955417
35419,-0.1107910400687144,-2.8376018245751657,-1.4106629041921195,1.6267779258504969
28259,-0.26847747110044634,0.9105984649263698,0.26363771360502913,1.8389493081101276
7699,0.6338447138226109,-1.0234130231769796,0.05620397538827029,-1.0197887057828992
52859,1.8245981050130389,2.2279460882229256,-1.2508487539922648,-0.3158079157273039
12899,-0.05336841673424009,0.5701336116790281,0.5714016132687963,1.2267486292742593
67379,0.7930088476916867,-0.19615010882981354,1.8189411304638499,0.6463525286822928
56459,-1.621992315447897,0.9526064872099536,1.0713782479620975,-0.6449641564434616
72299,1.375392933309186,1.3152607453004097,-0.43155142486831666,-0.36515963379830374
64779,-1.6774347012570194,1.1515438357914045,-0.8571270477127462,0.31611256791703907
21139,-1.9036314940896812,0.6570535405819973,-0.3344694665964066,-0.05575514088181795
68939,-1.4406753234281318,0.140582540528378,-0.11971987868478833,-0.5060929079299579
3899,-0.704240472382749,0.047363682768950324,-0.38180835177774675,-0.45063495430460637
32659,0.6960457162449641,-0.6796556681793648,-0.671804983644629,0.41629864856634136
36819,0.05206556149517059,-0.7390816781349239,0.12618967302374284,1.5623035932748448
539,1.3513002954063391,-0.11782870813046908,0.2745445057859162,-1.0659906388220635
4699,-0.4914795530368271,-1.3407537137955643,-0.533353325902648,0.1150288747984459
1859,-0.1103254124121996,-1.08853358910665,0.9128700320886679,-0.8982111896256406
8859,-0.2060107493586791,0.41432575704705765,0.6490577372604073,-0.6492170576237071
53459,1.1679026449350505,1.3157610470699832,0.8168058614223651,0.324671988172498
48499,0.22909942299660616,0.14833930517362712,-1.4098994046473374,-0.31104719597393504
2099,1.1296987303417654,-0.8545938168408571,-1.5727962320117488,-0.05801395229787939
61779,-0.19748397502806483,2.284978679902724,0.013621110737270842,1.7816732211831692
20299,-1.0991028159029184,0.9616283867792332,0.28844558190324393,0.9415271261680959
65939,-0.8796223053549156,-0.41663644635726016,-0.399574743112194,0.813508371516303
70099,0.6397990161270389,0.3476523430468702,-1.6440741113908752,-1.3112307366155664
33819,-0.42556531047507956,-0.07970355243157771,-0.4772529979129117,0.8759102875165056
37859,-0.6938195605918668,-0.13071249754351377,-0.759062180111632,0.44694730970578006
46299,-1.8586438376457572,0.20967125570204376,-0.4722385525478866,0.09782438443380749
5859,-0.1304150805400493,-0.755623744892318,-0.3825023584568728,-0.006586931598864695
50459,-1.9266478071137045,0.4446168103843736,-0.9832751835698756,0.7711079612921399
10019,-0.06540625633509756,-1.3437189693986018,-0.1008310509568508,0.4148701951890309
54619,0.8732714174467637,0.20403543722196948,1.7298758276311754,-1.1291465801951166
26459,-0.05025867191424518,0.45783093198619706,0.46387450025612964,-0.8320055384906299
58779,-1.6319111535469981,0.6861657068577115,0.9581769878809978,0.10552257309323565
18339,-0.8708604374002246,1.5899316446808751,-0.5741636460567644,1.7627826548268053
66539,1.9384950798097957,0.24937631695582924,0.6907189067389161,0.021314837441751944
47979,-0.3930010353232177,0.7215204636284338,0.8442277267167896,0.3546879141226501
61899,0.1047182383578693,0.2404187102156218,0.2132792783618854,0.18939795826544487
71259,0.16149019912818846,-0.7601020855542342,-1.4701208114222113,1.8114330182852953
3939,0.490457676782046,-0.6011799815108647,-1.2993476786739575,0.16299830449988656
8139,0.698860457669317,-0.5697761232750188,0.6834992761920818,-0.707622263855392
34979,0.556469663494012,-1.7263481915794825,1.8050451904438374,-0.5725977889170374
15539,1.6289961081718842,-0.730733116912265,-1.117699056376149,-0.22055030689402155
43299,0.31155375692751874,-1.2364564195349692,-0.3249642707366633,0.14137556179025618
63339,0.5336806940834248,2.2885863488337495,-1.1904207227174173,2.4911839666264717
51619,1.241316319267869,1.3728477085272037,-0.6027087070218612,0.13102713990640322
55779,1.0908116897032547,-0.1080223827738567,-1.6127148304929373,-1.4535263585244038
60979,-0.4890200472644138,0.8830687747809973,-1.7602015607647479,-0.14109488929641156
41619,-0.03545224908936956,0.7322313640141231,-0.0639209378400265,-0.593445606907082
68259,0.381551009474441,-0.3098862442782206,1.6136720416296304,-0.0333616182296439
31979,0.5219236125124584,0.49118309546333466,-1.5892519811192412,1.4179720939768596
15259,-0.01824823621994478,0.001842932149344445,0.6491824448927027,-0.1938440314540505
36139,-0.07216204267077012,0.48233356135736666,-1.6754835217288813,0.9479384292738033
65699,0.3496264809917776,1.5220911859055442,0.3839993167068048,-0.19822712325948919
69499,0.25514258490389546,-1.90168906569032,0.24172294009122028,0.5552531937180628
4019,-0.6356186526888792,-0.7631059673039433,-0.14727030306846411,0.6889176868404178
48619,0.20971435071344915,0.36049259271924916,0.2333278705977443,1.2734114541797614
52779,-1.0304763313771264,-1.735423597600863,-1.1914124692676866,-1.5663289181631175
46979,-1.4350436706237164,0.17021368715203983,0.6536351626021573,0.7561498761925664
20659,-1.4282333084939467,0.8660692197013103,1.8965079814787114,-0.33927169375245503
65259,0.6076009920265004,-1.2733982430718558,-0.12277999408933275,-0.480803094397578
28979,0.25432178905098274,0.24857084965883366,-0.4968147703057466,1.127740588629902
55179,0.9751047800154085,-1.329180167453974,0.8764019015328791,1.3037725112326524
41459,0.4482420323243426,-1.5884369006519572,1.1088370548311492,1.5753342287103234
41339,-0.8241887723032333,1.4485108594213836,0.6909449569787632,0.3919481288624585
45619,1.2466873887637657,-0.507641393297302,0.15976179811698837,0.6079686873891754
24899,-0.7919640910378897,1.3180521650889072,1.2774070206443888,1.0978311626808357
53939,-0.594779769200989,0.1064184210755795,-0.6289627086612783,-1.0213648831599602
58099,1.3494343233690647,0.09152490159291612,-0.4492396066143359,-0.38574730919919936
62259,-0.44928368678110475,0.266120310151252,0.10015013747408875,0.6523779640493538
8619,-0.020336041616790864,0.4302297171379763,0.9701497591928081,0.5261549543445009
51099,1.2946174567880964,0.430530263852749,0.02860484758344475,0.1649078755969876
66179,0.4923111557382127,2.7869921841351633,2.070529022563509,-0.8695165858061484
70579,-0.3275659500752833,-0.5542384404860038,-1.8777503119539423,0.27400195978896247
24699,0.44123215883240485,1.4051629696434154,-0.07802671313581555,0.41012356083664114
34299,0.23577286596866637,-0.8351396817947387,-0.7444951545034781,-0.330927593146093
5739,-2.348714742178795,1.5530764567574917,0.2933982225091197,1.552183010592174
38459,0.07205460453678991,0.060984797782201575,-0.6461535079320453,-1.9718213607606976
28579,-0.1879719657266286,0.21927977891238326,1.5335215737555683,0.8863861141323094
2179,-0.5811992044636547,-0.4133651016557091,-0.351310993207514,-0.46674053602341026
46779,-1.2653524065383819,1.6686980188181932,-0.873833306644674,-1.736833879005507
6339,1.6459338307629396,0.108456970361406,-1.2922797780968305,-0.26715927537891304
59179,-0.3757474577351487,1.5134734540420636,-0.03397495557122126,0.7938935214432978
24219,0.7236429004132243,-0.5234700182078026,-1.534158924153399,-0.7808219895086075
55099,0.817009380110329,-0.15817628430510106,0.039660695653752326,0.09529572099752359
45139,0.22054268812139732,-0.00586302642374271,0.09371615119667345,-0.9797206070433808
6059,-0.9131539443957086,1.1512842591907948,-0.2798659705977535,-0.6516170502939177
18819,-0.24289803546462221,0.4244650551197216,0.7255777285080484,2.2003291605053343
63419,1.2361753755446943,-3.3250344728450094,-0.3212253782769943,-0.9275282512398976
67459,0.22098452918259381,-1.0587296721588408,0.05680442694993221,-0.4907927221119757
67579,-0.21910535329141093,1.0236757714705036,1.5828932438481607,-0.27503364673579145
27139,-1.0794495646828035,-0.9061734729906836,-0.581296746259398,2.4216207079416785
71739,0.541293264163242,-0.8712766911681621,-1.178074885581153,1.716388672186427
14259,-0.645340811227555,-0.07616046474445962,-0.10382641441641648,1.548639550441582
24179,-0.12670001475673381,0.7757505654111403,1.4450065493607183,0.6135548464137175
47379,0.8519903277647548,-1.4112978495870374,-0.42445199241686404,-0.8775445754177651
40139,0.7339681513216738,1.4049940075494893,1.6894328068875977,-0.08510333794092799
3339,2.1482917700117192,-0.3101236372917152,-1.2350147741991588,-0.08227991201117951
47939,0.28472338464414243,-0.6603870336269837,0.13158546704086355,-0.46773979757700596
22459,2.2469572897456116,-0.20063666351667725,-0.6724080045498978,1.8835413484310828
52099,-1.3302263573734647,-0.6478872853922706,1.2158357644185365,-1.0554514161574475
56259,0.5233572271331747,-0.8571472036284629,-0.2511161675782152,1.037702284660424
42619,-2.2463231317243837,-1.13697724141566,1.1221785228117882,-0.47234249087929936
24059,-1.8881571083129716,0.22621055616929397,-0.38325674349549915,-0.1386312309106663
72259,0.9084803265367107,-0.47058277842141527,-0.12706357988825978,1.961896762167916
24139,0.779084094596346,0.46042257427979566,-0.21133925043073595,-2.3341427064220266
33099,-0.45984879605787704,-0.05570741127334895,-0.018940790753080597,0.5114859879139537
68739,-1.341869775709276,0.9502984324558541,0.17757226068764423,-1.1882788372178608
39539,-0.2788135273133622,-1.9584185276694233,-0.7061781270601054,-0.2910278286883761
77059,-0.6180508265660956,-0.8790270992839919,-0.5435373049245847,-0.810847466496459
11579,0.20919294920638973,-0.39103204596521746,-0.8067300281622867,0.4521893745466394
59339,-0.4770333697481359,1.1534757005568803,-0.1860399883358297,0.4596277975585963
44939,-0.15843470514278774,-0.3639355805505157,1.4947641314022218,0.4469479238506794
49099,-0.6865823679779183,0.3143336454128221,0.1592508508981835,-0.21052075094655204
12819,-1.5083075263567451,0.7404097162822059,1.367933236389039,-1.3649261123659213
57299,-0.9992444145494939,-0.1769703219366701,-0.32141208645616,-1.8536693360460297
61579,-0.1292075133342147,-0.011888810309209024,2.0686813240584674,1.1852130722250176
29459,-1.304744550059906,-1.4638329804545211,-1.8529987654029179,-0.12496987088580509
56179,0.9993820677555576,0.11467578656060026,1.6567195431253512,0.39230439823366736
14299,-0.25541381776428596,1.0936670914356328,-0.15345067776328328,0.3211373514268645
57379,-1.3063085961641925,-1.2458551881876365,-1.0104586408284697,-1.7450892454106937
5659,0.6158209172755154,0.26711219008870685,0.43607743632423174,1.3481259149475318
21499,0.36705527584288783,-0.36554328606319425,-0.4747979857160446,1.1163793841664438
54419,-0.09156872802281066,0.9296978013566112,-0.7231820603967346,0.7679867093498707
19899,0.10116547471834693,0.05686427312586389,-0.36066814624367277,0.0384485265836025
22299,1.3017633106349518,-2.335312353197517,0.7125335623617057,-0.7105467884070028
66899,0.017282525823872734,-0.2911986641725058,2.6951153213967216,0.8363145558811432
30699,-1.1591632665928207,-0.08156323856264502,2.177015633794272,0.3842685400420229
71059,0.8450376536974065,0.4648202749755254,-0.3155306250163838,0.21853132192954433
60939,1.3517879183182295,-0.1340849647687608,1.960174000940913,-1.6209493224759228
38939,1.079817700382169,-2.1593795555692523,-0.8314702262113118,-1.1959914598264978
43099,0.2527385709301542,-0.3001714820091301,0.632352339544451,-0.2498600566243196
28659,-0.7373764928813981,-0.12954830825629754,-0.9162831577290776,0.19211909411452668
47259,-0.7106228569899206,0.9027966158959108,0.4129310471327298,-1.898283906590452
6819,-0.6586243119189253,-0.10564397752332869,0.43801803673807405,-1.4996729614458002
10979,-1.1093537135554856,-1.6015380697352921,-0.0337916050114288,0.8937864302897801
55579,0.11734829042278269,1.3616688294937767,0.9074450203569636,-1.785494933543998
19299,-1.5230694020368436,-0.5600777593681157,1.0429308266038981,0.03289119953823373
6139,0.9490405034940743,-1.1822764478924146,-0.0012709649472375075,0.8055159237875075
63899,-0.9736957996048303,-1.931295837675577,0.9384422034565701,0.011442178469556962
23459,-0.3607613777321069,-0.28056077688047076,-0.48889322206896174,-1.3611153747004874
68059,-0.8944615167237265,0.75748989438289,1.1583874475880955,-1.5492589848828213
27619,0.15008870648373637,0.09157472198777225,0.15173323872580333,-0.3955868529046456
