4097,-0.4952830240074058,1.4428557257775774,-0.515015503965015,1.9127217383390656
39417,0.2422444503247874,0.42292728904835125,-0.8475803832305058,-0.25303173015089286
43577,0.7743375292267828,-0.36377710236328564,-0.244047394400472,0.31507716220600623
65537,-0.10447326675166572,0.8475820884696879,-0.6565296395977418,0.6372539865607413
22537,-1.5270081395510617,-0.7501977563298672,-1.0419793659474237,-0.5764341769656322
64377,-1.2118440373188575,0.8213590785444183,0.7745383558895891,-0.06707390633955336
17,0.35901916617883767,0.21107388331156046,0.3335386210279021,0.25571253028197416
32257,-0.06152074256818561,-0.26751507643891953,1.5290213460224378,0.6925805969373559
69977,-1.307651915553584,-0.4771661558248073,-1.2334287797442922,-0.4662707971146184
137,-1.1248252364107738,-0.3924794773862309,0.0032472206822815957,-0.47951695526195304
28697,-2.213121354465901,-0.8839590215547013,-0.9546930704754452,0.0752705994214127
44737,1.0057967914754458,-0.46853174755643956,-0.21150699043993682,0.4169401754398877
16777,2.0117383401255613,1.4827156786893163,-0.7058178655265284,0.20470487739243168
36897,-0.015537793260850656,0.22362153424209216,-1.4260190080688981,-0.16635324045239153
61377,-0.5335953782359294,-0.44520503636297276,0.9642994632607498,-0.6698330760426146
59057,0.1834261460207566,1.8461429493914,-0.10095018214725111,0.46943879985799936
14377,-0.5789631193039964,-2.9502109115711455,0.5328104606511858,-0.2431254885306296
45897,-1.6381859951233269,-0.31211053486232987,1.1321357133401526,-1.470416976449047
76897,-0.41020227950811355,-0.4780439888868994,0.6757861355544034,1.623608126307594
9617,-0.2291515650309958,0.41746963917598345,-0.2192598500478164,0.45828401752586095
43057,-1.6942003426729448,0.5433486444353578,-1.0999706976588859,0.43634003717634434
54217,0.010907979063249335,1.5641507132651282,1.3665300439321373,-0.3680302760984307
17937,-0.2018305641421778,2.463508406810705,1.2137359377138388,2.374928973462479
62537,1.5981903176735481,0.19482104942892448,0.04991920332902812,-0.30431463629247324
73737,0.4054244733430272,-1.101930828395643,0.6385829963581904,-1.8045402047556907
26257,1.865544219226434,-0.1953474985101706,0.16955775172641754,0.3428838811903341
51257,-0.144547793845844,0.5033191260901674,0.0314216516018188,0.3707925252414165
70857,-0.7240945243699732,-0.32822494656421897,0.30567797794042484,0.8086297738881065
75017,-0.9265721377431928,0.40644662895461375,0.3161345016748149,0.14283995202277566
69697,-0.41056388927604004,-1.2121897999595554,-0.23620340620623367,-0.31133441179643245
55377,-0.16037506789993516,-0.28857570348528716,1.0021008970377927,0.03346038543470339
57697,-0.24089727743312958,0.48251842328195244,-0.42469471421872607,1.5542303066820662
36937,-1.04793886894531,0.7339060114610108,-1.4543649816990307,1.1363520371945195
63697,-0.3160415159039787,-0.1217245409649505,0.9170078481110845,1.1481818472266643
38817,1.2447936975856688,-0.9263181364259532,1.7374544058200176,-0.25491441283282956
75697,0.282138280843606,-0.5024761048773814,-0.8112262390434122,-0.21742703157080095
76177,0.48472000108950675,0.9695527623160144,-0.6342883507173411,-0.22863539131548394
45137,0.4301249427915989,1.2963046002594745,0.18138673728987886,1.1688573215384184
39897,-0.23715391871615077,-0.6877811265115732,1.0953318184246075,1.0444081123496536
44057,0.9270907984444061,0.16027455575946095,0.060682153278550525,1.23060585694052
48217,1.139387457126374,0.726202480900969,-0.7985717685052375,1.3860915008726216
41657,0.07178305972116224,-0.5589706474379643,1.2986988266046144,1.131674215431238
63577,-0.4250786320302281,-0.33762873486770917,0.9201724481411666,-1.4484898779823439
56537,-0.513449105794501,0.8179531571923577,-0.559252919469485,-1.0216139120528396
16097,0.5880620549195857,0.09860450038220059,-0.48464276962082004,-1.3379474327338474
60697,-2.1176736161435366,0.3599848622790687,-2.2934027322273045,0.4438818475914284
24417,0.28405805867330913,-0.2331090310155779,-0.6502606249665068,-0.9466224353616605
97,-0.43552783534808776,0.7093026980404172,-1.3303238255055723,-0.17135652603748147
30737,-0.33255307684648516,-0.30681712840596487,0.9212968871951339,-1.7677491861668906
43977,0.03001525260263258,2.816518384429312,-0.8514629044320637,1.397058798349855
8297,-0.3042690144526165,0.1060363875929125,0.0911505206342621,-0.030628298233760162
57897,0.38891772203907793,0.8161341752168307,-0.14781233564567395,-1.678318946271039
16497,0.2673179172868456,0.4480525035523278,-2.0757421788211983,-0.5887677192991003
25577,-0.44259415018975323,-0.22971559228553134,-0.3640956862757267,0.15773137707990423
65897,1.2625549287698352,-0.5186942937529199,-0.8775875358779321,-1.7090943451770133
34937,-0.7474191494111052,1.5865776972219194,-0.9334015559793992,0.4908869206372978
18337,-0.941597906913465,-0.4587709818442871,-0.18478346769502862,0.2623356211374577
42217,-2.207040262435969,0.7217558057349976,-0.5571336398116103,-0.13502876839925634
53257,0.2945276266826498,1.0701297703849757,1.435558917613308,-0.963742085474004
50537,1.6390168171869304,-0.4652252428366023,1.3457985973699054,-0.21420735239778468
73857,0.4804959959415859,-2.0191072125170977,0.4778971432227467,-0.5440415674515351
50497,0.16358442856303815,-0.8423959056123228,0.819662103880189,-0.8899764927399803
70337,-0.9482002329608202,-0.987830013403194,-0.3826882220605404,-1.3703679193972498
61577,-0.5508909872809372,1.046092580783551,-0.6188971227869493,0.764239417440974
39057,1.3222432531151,-2.096175123431278,-0.6708020399106834,0.04604166840196024
13217,-1.7042816103527383,-1.0876063799064062,0.958086368089643,-0.31641257704898035
55857,0.11425933343497653,1.1177351045804405,2.074733550996124,-0.789166030047983
50097,0.6500646475102069,0.608765537635127,-0.4103932170988296,0.18693514708472464
49177,-1.0677952503126067,0.40841744790451273,0.5139790503464727,0.15347421084674442
67737,-2.9666932304699385,0.836583543423988,0.749598520613956,-0.5483483793931504
68337,1.3328109039402523,0.6559958718259776,0.6407348092477333,0.7229458200603599
55457,-0.6500514187257564,-1.4713016958443073,-2.7529278177091263,1.3640022443863355
44537,-0.1609990824152542,-0.23230660500719016,0.26702022604126197,0.7815847052782641
2417,0.9183049410039263,-0.48987536383084157,0.056574492580007026,-0.08674028050813756
12417,-1.3583351728513453,0.5210497944741604,1.2104384435603832,0.3757844699645377
73897,0.5851341681701263,-0.7724031977500655,-1.2200471168430096,-1.0689995753354116
16577,1.2653740312224842,-1.132518455479338,-0.41341482649315253,-0.6215163329113749
61177,0.410279013896305,0.5537149844285859,1.0063888186457817,1.0759018411739771
10417,1.1974888129752619,-1.0541207631630936,-1.0986515265743386,0.1878696729535069
26217,-0.7016657651811891,0.35490771249504,0.17367428856939487,-0.31649257403616204
27337,1.4844572354530776,1.7621754679475108,0.9022995056134646,-2.173718174628859
39097,-0.5072852580648697,1.517608976341359,1.5594593048160341,-0.03141691717607569
77137,0.26662502326670545,0.11609068492045786,0.7844534338038319,-0.019767280906567194
17737,-1.3034375650971228,-0.8227893302650648,1.1324960271810773,-1.8871160292506466
47297,0.08040289177093825,-1.1291083905770358,0.9390217423998269,-0.2334154423207717
30217,-0.6200013508393718,-0.4269565531167274,0.1256707696902218,0.06891527321604805
34377,-0.7965953935038463,1.8062829352802205,1.335739231368625,1.2982518588279077
26657,-0.15265162138174068,0.034114311776916234,0.6984824973657603,-0.6746172492091196
14537,0.749436101611386,-1.2480679921243447,-0.9643147035186083,-0.16041021164759006
6417,-0.44697058115392724,-0.9647163472795557,0.47641416300356976,-0.5242022255256525
10577,-0.5849755322846101,-0.9736104173307225,1.0611947303000833,-0.3511286962348627
66737,1.1151518963558456,1.205923858529275,-0.06673581330283054,-0.35470610072594655
55177,-0.9181769970284753,-0.8768869826335348,-1.0775017884910685,0.8076587237217521
12497,0.6923102104511174,-0.08093297097008609,-0.3282111921748541,-0.19377808068398586
15577,0.725309507741893,-2.180009074947482,-0.43307441341406994,-0.9316100088641674
63497,-0.6806374357929202,0.4631146383030672,-1.3929607317024986,-1.337243087373464
67657,0.7761416778688636,3.02330636276835,0.0009233574977087599,0.4897406805172336
41337,0.0667202795563463,0.25759528268033366,0.5486748583765376,0.23156469370400037
71817,-0.011808522262644706,-0.48595458066096403,-1.5525983483730927,-0.6781538597293364
10457,0.06155692266643257,0.32071856055098075,-0.42407249781054546,0.1402908005457174
24497,0.7557245687194878,-0.043246619125923924,0.6953462690148408,0.34251766821888335
42937,1.0825956747821084,-1.1663875397857788,1.6562366727991435,0.015404581742637759
7577,0.58145866274401,1.4739945345252836,-0.05360023300301442,-0.12100208355484258
49377,-1.2662421847237024,-0.7040467967201194,-1.001292598812717,-0.7830438631576473
60497,2.061430684009723,-0.4390533790467179,-2.1046754821183487,-0.325570195741967
35537,1.1009437571890581,-1.1366062827712151,-0.29107970465819377,1.707207541092511
6377,0.659131407939041,-1.0106849151520083,-1.213029217310585,-0.4634989308853575
68817,-0.2586710848691082,0.7240182791105485,-0.6404491772958081,-0.5327679880498298
72977,-0.803182248157442,-0.5937002926164394,2.358166255468231,-0.8858749164449919
697,0.8223600710270124,1.1142501700803953,1.3072840138246593,0.23247811938882582
2657,0.00017900572018598408,0.4560977914102588,0.39769957091262204,2.485637085889957
14577,0.9852814936944521,-0.9172946044261693,0.8168978485204585,1.3282035263844207
45017,-0.1277239098804223,0.5529918480180269,-0.8045579973301205,-0.3915182643829652
53337,1.0350367592627292,0.3889886662729537,0.30039653882972006,-1.1729554320232016
34857,-0.8752948333546146,0.9756558509764586,-1.1742919867473622,-0.11884884798312728
53497,-1.2392671506282027,1.1372187140134378,-0.8652548769428775,-0.30703642829855066
21217,0.6862261047288565,-0.39309989662832834,-0.720370704483766,0.436195662774882
257,0.35821785132453765,0.3057516388487854,-0.39495991049388957,-0.6520909822708388
16337,1.0149321196038126,0.24216569117745282,-0.18374708806526788,1.1004128797637662
62737,-0.11841159669229605,-1.742874099246805,0.053077856626650426,-0.8023674075139606
64937,-1.23233208407391,1.4649611826422126,-0.7968510492383716,2.104329425426328
11697,-1.7553207283229177,-1.1567832082814806,0.3550294887994784,-1.3465257282208598
49537,-2.292018981859807,0.7093181612743376,-1.2898080532017056,1.4242397297398064
8457,-0.2248026825467422,-0.6248270223379979,-0.09845749834501127,1.0664962871940291
55417,-0.07375795160175559,0.8208417535278846,-1.0653443694359575,-0.08254554820999646
14057,0.5141303274414274,0.03765608631690844,0.07580861740567768,-0.5687357499112509
19657,-0.6009053117372124,0.3016007984085374,-0.6385527153834208,0.4933257699156216
62817,0.8570216453145543,-0.918965779073681,-0.8576750085268338,-0.9766969333321244
16657,-1.2133193589683202,-1.2180291027840098,0.6753205812147857,0.9179101173296138
71137,1.361853828053708,1.1127712650700974,-0.21998356328679594,-1.8981115956247177
23257,-0.5806398999605505,-1.0576770326921237,0.5316939522535306,-1.3583157753596036
59577,-0.553096799452113,-0.1708175291068255,-1.1343584180742403,-0.40022765904484153
4377,-1.6392446074703184,-1.658266351654339,-1.165442655652829,1.475764512073724
55657,-0.7293277639789368,-0.34640988037988174,-0.9685368870148707,1.0404690650719883
53537,-0.3952416150792634,-0.32499154372666067,0.39045161610111573,-0.22511389700910547
63977,0.6599706997616118,-1.5638653683831878,-1.2433119731140183,-1.3992130941043766
45297,0.8751342036270325,-0.3818291719362966,-1.539643448610764,-0.37844551051489406
27697,-0.0853374074259871,0.3384441327892126,-0.29141357904310666,-0.9942767818113474
22577,-2.409557766184977,0.4029175084169157,0.2329144710862562,0.6172628816551412
297,-0.6194042426077424,-0.529949139746126,-0.8536015823715486,0.05240866856490593
3897,1.597220884775403,0.1652430703906847,-0.6612469365661002,1.3283801253451506
59697,0.34897103292966414,0.5381685785818942,-2.610607727089196,0.9125712346105748
56817,-1.2063859730989444,0.08895475742211356,1.092921247641508,0.44684320911256414
60977,-0.38852623101642,-0.125507947133186,-1.7794915711219215,-1.4860422605114667
37257,-1.2501947445773363,-0.9966045995118085,0.3976146386641947,-1.637904361030165
47417,1.5569327834544429,-0.7518789064112377,-0.4163043064179108,-2.1762515931006283
63137,-0.19713051597987497,-2.0788262735605465,-0.15212019752306136,-2.2208439727767355
37177,-0.5226385029637375,-0.5716430103532281,-0.4390777202428185,-0.47574143920099793
45377,-0.5146580295994881,-1.3128180607463513,0.9505670078076813,0.8650036168729707
5057,-0.13991051872076032,0.47689689873231983,0.6866654199848107,-0.12773162869195476
9217,-0.9049741386248645,-1.1732207157476906,-1.1143853183030354,-0.5390511205756915
36577,-1.4248589728398988,-0.34557374212741465,-0.5714798096279793,1.278612258460446
17537,-0.9694108639955759,0.8333334586073258,-0.491075845640768,-0.21179896342157
53577,1.386064706954097,-0.3071876903488545,-0.7964728857927278,-0.8740778621996403
21697,0.5347102328559269,-1.5482042783815622,-0.34587490042856517,-0.9266239241338915
66297,0.1059904570043058,0.7990381788105425,0.028598255477804965,-0.19419003731259007
25857,0.19436066379925623,0.3247718551619418,-1.396132181163415,-1.3163354193783712
57777,0.7527229086200933,0.8461481951209405,0.6298940842499168,0.45527229566061017
74617,-0.09318765285169134,-1.240090301478821,-0.42100182215640003,-0.1877710345738414
20817,-0.8384957791965459,1.2895281510562806,-1.400671806514181,-0.590365055389824
2057,-0.9610232797369371,0.11195149410455578,-0.06989706246183147,1.4675074307492697
11097,0.9850227173692295,0.42782292695971924,-1.240804071291254,-0.9722560939689312
20537,-0.558049132836141,-0.26961285799475704,0.654656566864291,-0.8159592501920119
18777,-1.0543160595395906,0.7360448236678909,-0.15922296658111887,0.44908634870228564
18697,0.4217704504016003,0.2675274486857905,-1.7200084998629133,0.11709751027321019
63297,-0.1224847232077912,1.2764897762446394,-1.168499453838312,-0.19970986157096812
63417,0.5352910076930626,-2.336803079177382,-0.8508505550733608,-0.5316934977186937
67457,-0.7892705392181424,0.11582687645456635,-0.21970000069227358,-1.1215499786398344
6497,1.1370212346867385,0.10189557683416094,0.762867732230557,0.725080883696216
31177,0.6764490516072313,-0.6561677058986727,0.60060550808255,-0.1545893814581992
35337,-0.6093913068810735,0.8790454254151199,0.00550323619606969,-0.7219735520991353
39497,-0.5954273196563593,0.42566890381269334,-1.8860220436678612,-0.2309394318238712
65937,1.2898503710132219,-0.6140964332664353,-0.05300397739922965,-1.3754538147883222
35177,-0.07672077781010121,-0.43267864502422615,1.5862894141368709,-0.35953555418135347
61337,0.0973264018222127,-0.2987865638791582,-0.43825664929727415,1.7317414586600353
43377,-1.0990389555477293,-1.104185973295223,-0.15796615945662873,0.02924274778677613
24017,-0.8758118815764471,-1.423160613387135,0.7817313420084211,1.425591515232584
28177,-0.3786847016820438,-1.024839096270324,-0.6672773360037215,0.4767697278344502
51817,-1.6005426740285607,0.8408070121552697,0.12356531897790136,0.27422898498154974
60137,0.10264975759902557,0.519443967084297,1.0088725851751186,-1.5953181975931745
76937,0.2278016527562665,-0.8421392644600324,0.920508848162153,-2.2878967937341383
377,-0.3598512727311034,0.11875672186529267,-1.2103167888491488,0.49881449186706867
44817,1.4245935163675987,-0.7380252836451009,-2.196460224484148,-0.21006280455141849
29057,1.3751944150662958,-0.2695291840417235,1.3737273736460205,-0.5606826341509119
57297,0.3922621013371641,-2.2297635677644343,-0.1581983076454056,-2.295775590213461
61457,0.5642556174984066,1.0482861641904828,1.3790619739759737,-1.3519448206657585
74417,-0.6286353922993935,1.3059904437882348,0.3600937421524728,0.6880201427066097
8257,1.5684779969115064,1.1307229966242547,0.14656545316528735,0.21107525423464465
6537,0.11000315269355702,-0.23665379530434652,-0.44036359165910516,0.5054059378691532
41817,0.46654814971192704,1.419673000873263,1.3600234639281428,-1.3687775473965407
1377,-1.6507088750396768,-1.9838095600787562,-0.6944178611972903,1.1696071029088693
14737,0.058854982866898053,0.3632154739349647,0.7595766445470792,0.18575397516905356
50137,-0.5194910050164464,-0.7813597837298607,-0.06419792330243163,0.5558314104455062
54297,0.6183012616017921,-0.8170522626056856,0.13967730483678206,0.47576705346296366
32177,0.09794338819628969,-0.5277875119027299,1.5468856247666585,-1.4036320649792282
74137,0.9533356035560344,-0.06432562378465484,-0.31257397112539403,0.4228102460585254
62617,-0.06891733235290921,-1.4340748613565313,0.6250579984162341,0.22099090438909738
33177,1.7671486699538104,-0.3051775108980118,1.3047958798911214,1.3540786992925782
30497,0.6666779055583111,-1.6260784390764824,0.36729367970240145,-1.8987335255829003
75097,-0.13801981505856362,0.4040848554724649,0.2675331240306284,0.2808945786590398
72097,0.08953400427081933,1.552786595714171,-0.4176059544907744,0.25636011272440345
42977,-1.2922839799870733,0.5134058115588274,-0.16235568297830935,0.146026363022109
47137,-0.3923115233350202,0.4401145662898294,-0.7228216369551923,0.6126066850541025
73457,0.09580133663368795,-0.2279386323443385,-1.7230309406708717,-0.6254242487726988
8617,-0.6657595683383831,-2.7140672740158576,-0.6947427551321957,0.3501753945398486
59617,-0.8366644385565621,-0.5340337498296202,-0.5345047597551806,-0.42278448654823564
63777,-0.04580923064351522,0.8187494031555529,0.4856261569100707,1.375082613998833
16817,-0.07641901808095602,0.8299371412109483,1.2702463865953946,-0.5209198461336121
16457,0.7070915421934543,-1.0346099507122186,-0.6997805578388149,-0.001914032556138996
45497,-0.9314007158801726,1.14262038208003,-0.353107362357891,1.3319672904105286
7777,0.3448742538594034,-0.6425856459117392,-0.4097222241649062,-0.26457621538298637
56617,0.5619952969892623,0.5803745084486288,0.5331300277918363,-0.2880402235629839
63937,-0.06730099272063751,0.20867694441412302,0.22036950301680602,-0.06759230406704238
9137,1.0648140134090824,-0.9015523981722694,0.36541260478141263,-0.4062898267811222
20897,-0.5103584909919947,0.48742356478125737,0.10867246925875665,0.4168162745348073
41417,-1.079800378906033,0.6716820814206617,1.0493655841075087,-0.12935118018518765
4857,0.01781571029370059,0.2615038449068807,-0.47483878392766604,0.07466542727086437
15017,-1.337560066009748,-0.95988348564583,-0.8798983939762045,-1.867309033358436
46257,0.05091206744188804,1.005789410145114,0.500671847193657,0.04420057995048455
67257,-0.20325846651730978,1.2812387676107617,1.5957345313693527,0.15693269101700394
29137,1.029635695766405,-0.2374381912592451,0.2637881705937444,0.7242645588438543
61937,1.7578400019433795,-1.2117702323818818,-0.6246375692372063,-0.5103064874699296
56057,-1.536113553118985,0.5153675467000618,1.4832879159155898,0.4765924942250231
6617,0.17956322270985597,-0.5102542248169043,-0.09744124795155944,-0.5134588981431555
34217,0.04226116333076736,0.51909640499408,0.5222248894768279,0.4894856359854212
6577,1.2224103889720104,-2.0129865857268308,-0.004828782612512889,0.9238494336823364
42297,1.0813778101804916,2.6736485477170526,-2.0702019214033784,-1.0554304788020406
46457,-0.4456764266000084,0.6030886370021782,-0.799483136223953,0.10835951091708311
14817,0.057187052117419056,1.353173892290447,0.2944185108184104,-0.0051275219116540625
54777,0.5926438564089754,0.26075419871198807,-1.279963326347386,1.099032965128909
58937,0.9022130132391184,1.9318036874920599,0.03295493222271928,0.6083603332629989
18497,0.9033396134535309,0.36656189171752135,-0.6758758197176067,-1.9635566671107914
50257,1.2411301475055232,0.8983693345798454,-2.22148633184923,-0.30188609486743606
74217,-0.3499372751529862,-0.5628064848262423,1.0586459590360504,0.48563873260267776
30977,0.5316698255817123,-0.20181636922351098,0.44806368520024387,-0.9941706871804372
41457,-1.1701317290984283,0.689026912965586,1.0808943819650292,0.3074279970936932
43457,-0.8072215710098578,-0.5795539533044728,-0.4653278730181303,-0.9832511433350007
66057,-0.10117742684248916,0.5085132856844778,1.7511372837938743,-0.5108459843424504
11337,1.7473325872308303,-0.08909187745694254,1.229473645998713,-0.7975883169748106
39337,0.28459056632474206,0.11936143391479924,1.3187214066023265,-0.7240120160753831
59897,1.1021941823712524,0.38095213547172563,0.19599099434902617,-0.29646131807744275
60097,-0.20304015465370284,-0.46980005758879295,1.0682055650485187,0.7745295327683865
23817,-1.2915672475095055,0.8756723857617243,-0.5491316210768397,-0.2142588853952403
27137,0.454560289222726,0.3209356199482791,1.644930870023289,2.2544382968921077
36297,0.8360543137667278,-0.4505663802500675,0.23904158109721743,1.864765325150853
70217,0.4642981136122291,-2.319126739851772,0.11223268230476992,0.9436458127885157
44617,-0.27614296564262003,0.8786956923076598,-0.13774747396293846,-2.127775896309931
64257,0.9381646689430052,-0.8473616523937412,1.0208887876306312,-1.435113740261411
48777,0.8476209013347301,-0.8344175326977047,1.7384894021404953,1.3005434208783837
14857,-0.3700231869872346,0.043699385865000724,-0.2033311044276244,0.01226079732698031
57097,-1.6898084808864233,-1.0087863517385744,1.5396292936921554,-0.5313955645111138
2577,-0.1576227202977187,-0.4046615871503945,0.694482920318721,0.3592862006095826
2137,-0.2547250032910424,-0.2852568325301042,0.03964423800241414,-0.3041577436420184
10777,1.0771894283904122,-0.7653830584122676,0.49759066918536093,-0.3022316393658231
5337,0.11874033873012341,1.1215967830708857,0.8473434275413281,0.004894164378277294
9497,-0.8014909737827453,0.3571403730016536,0.36795761265117566,-0.49007291974455447
28337,1.5452841322012507,0.04768813777115905,1.310264354329312,1.9467662877528658
58257,-0.8914370015741082,-0.4244856269771703,0.8888588212054294,-1.8362424261641768
70177,2.2074676129745936,0.4831172271732844,0.15303514750974362,-1.0728784383284353
62417,-0.3729039734882086,0.01818527374078963,0.37593711857003786,-1.0981135008890746
66577,0.7847643609658136,1.1561692040788338,-1.612197258414612,0.38931951069417703
30297,-0.6109760909305518,0.44678411400197293,0.9493705967201675,1.8790188295188806
27057,-0.4390942586630229,0.45040660189655846,0.660566564566461,-1.3395492169083025
74897,0.1984445119808385,0.62337745687414,1.0856604718744307,0.25916596946783377
16937,-0.25632538999764404,-0.16097800479388757,-0.16299998472361021,0.599398774538439
19977,-0.8341959687684986,0.710806741368139,-0.5325732417739409,-0.5603138814225005
56417,0.0052786262769613235,0.11239896098907551,0.560009650743425,-0.020734659621463734
4657,-0.23974949385394576,0.8471290285840896,-0.5984102302484694,0.8666683861405746
18977,-0.8802364482163925,-0.932124530665986,-0.6464590775245322,0.4860155746353369
5897,0.006577304115026791,-1.9846818141660452,-0.6085286569275503,-1.0606380481962083
64057,1.0972720071597433,-0.13011644873558872,0.01682494299557933,0.13264022079019427
577,0.14549118499662506,0.274253656230308,-0.21956666407817374,-0.1825487747291321
7657,0.5881029832018957,0.35941916254342265,0.1693651715145377,0.5054937685399675
11817,-1.1054363293284293,-0.3198815940032753,0.2824705310166449,1.5008189634465983
51297,-0.40606907687035476,-1.0298915345504962,-0.9130543546031032,0.4273416961229956
49737,0.4322066463443345,0.6656924346082655,0.7954534876353389,-0.43012799022337117
21417,-0.5352705473638584,-0.3232509228216247,-1.2822232949005055,0.5751833101875248
39857,-0.3572942971156896,1.1138865581559474,-2.1020518268894506,-0.5454003361825387
28457,-0.5037600632064199,0.3079233652363772,0.0919019026514002,-1.8233010052464398
58297,1.2896454453636543,-0.5132861029249157,0.3261177703795659,-0.10903343397422567
11897,0.9815791009090205,-0.8590433887861384,1.2766014534285146,0.7026359986140728
37457,1.654309367069067,1.3567009104845424,0.3551780205684193,-0.8371065270066237
45097,0.23513067024442175,-0.1804930557397725,-0.37920461728408866,0.2997191006639316
55737,-2.1061862746345232,-0.8834934121879552,-0.22359497813970355,-0.7121534375517656
35417,0.7907668950914594,-0.2768815168999091,-0.5748694365231017,-0.6583248478125905
57577,-0.6248784507509894,-0.35431054771725945,0.8578790168769803,0.21847284099018002
64097,0.7168351594519673,-1.7377519488150217,0.22548283692756235,-0.0832667400528642
26097,1.0336634790216783,-0.9959107230222457,-0.9037693686593452,-0.46467153481088774
64977,-0.26235232104985506,0.12848635253526902,0.16559971456591363,-1.2778290516132331
34577,-0.4794843421883058,-1.5486824946976911,1.5293335176582237,-1.348278182743103
617,-0.3218793287067418,-0.865379960246577,-0.0850676525607753,0.10887933637683006
50417,-0.4513325829723396,0.47821750799536034,-2.1271499516703445,0.5829754299320401
54577,-0.03590743938333305,1.3950632202175524,1.2920259495493334,1.680927575685913
7017,-0.7675562249182877,0.04630125868552518,-1.3842726857260368,0.5505605325542043
18297,-0.4682627659859225,0.9746943609439795,0.9129944226864664,0.3675285523504796
19057,-0.3227075520096723,0.48469023938681877,0.3960108943831966,0.4736857530834301
26617,-1.3229691590668984,-0.179862851557198,-0.9336803595430305,0.5306014810018683
49257,-0.4463874117131589,0.7672812669993797,0.41506384102439675,-0.6356242603614085
37497,0.8844052912962427,-0.0982296707785524,-2.33657114984534,-1.064816048164578
45697,-0.9463985329977771,-0.84756594524714,0.6391737683374514,-1.2808457965365074
38057,-0.5768540405729078,-0.9774208130865953,0.7777714478257712,-0.7602498650739433
19457,-0.9490617835384647,-1.3324834964311296,0.09369716873529224,-0.022863254311402913
23617,0.24885837570948957,-2.0679273867410544,1.8397080403596495,0.7643002979224722
2497,-0.03913576343439859,-0.6796546568866775,-0.573854448023733,0.1303099500981722
53897,-0.6772441879241745,1.2623874602599936,-0.669501740011179,0.9818289530053107
31937,0.9638989687914992,0.3723393847191893,0.8581442609545398,-0.3455385895537561
40257,2.0221573950298937,-0.3460989811224634,-0.9989270424974178,0.6245615016615496
31097,-0.4527049254620412,1.0560315998887602,-0.3439360355794498,0.1594402753545887
51857,-0.16748868522959814,0.6389681958193463,0.8266937682585519,0.7287080924314331
12297,-0.9490022278963376,0.11049230148214421,2.454266341462075,-0.28769254936481176
56897,-1.3442204336086532,0.8261005053642687,0.4441408742374836,0.13204379346212153
46177,0.508840213548553,2.4492255617675256,-1.5747413075385148,0.38903424779606055
70297,0.9606524452450973,0.4691855464760734,-0.6803743918206471,-0.9422980958976014
28937,-0.9728968891614386,0.7982867144678485,2.2082918181053572,-0.03186025422079466
4737,-0.6642441151416351,-0.9077101448892269,-0.05364565020872388,0.14876190847189133
36777,0.7981945183536974,0.01104286252213931,0.6006010951965315,-1.3695287505956042
27297,-1.0015869521652423,0.264697816270885,-1.59269693186914,-0.19971069099015523
977,0.27878152672153145,-0.24210360931929137,1.0496951834490438,0.5643419713370381
36977,-0.9991008595480575,1.15849212094428,-0.9327499850927315,1.1614415693315023
13457,0.13307429226788164,0.800776203646289,-0.6856526697583464,-0.44564273096586116
55977,1.3799499410325275,-0.08348895307519008,1.9522411189220559,0.7509020312586229
21777,-1.4785818529464188,1.434413544702205,0.03170897655385147,1.341372543302105
73777,0.74044277918377,0.07099417747357133,0.1786634548674373,-2.28179506844238
2737,0.2133609572367373,0.4314023493197229,-0.12496599977268988,1.445531823830011
17817,0.5400799730076017,0.2662008657946689,-0.8570030806865093,-0.48751469975763007
51777,-1.0151927424793048,1.4204948715979795,1.0416476959526129,1.6143373383747286
10697,1.4271297209510545,-2.1099862581090494,-0.29291254633346725,-1.2105755119934922
51897,-0.10688090197864948,0.8603844988621695,1.4413088218582542,-0.05089205838200949
59217,-2.3210025483795724,0.3239926965954106,-1.2079591924719626,-1.4355644141672959
49857,0.209386278389521,-0.650824379160106,0.35816054397023206,1.4589528660412945
27097,0.12830800621853813,1.4407770910449749,-0.9186390642396326,-1.4845029398216232
75857,-0.7448703513312861,-0.3129464151504153,-0.6469124068228971,0.7397558774595717
35617,-1.880356150954749,-1.9638874603753618,1.3745645892924743,-0.760432555376765
37577,-0.9331826526004346,0.5194471070426449,-0.6396330645712105,-0.3440460595341376
7697,-0.43435147156823933,-0.8504651886115925,-0.15485201110982574,0.39068183087866715
49337,-0.11356423929951683,0.2250245838460358,0.5923076408201258,2.5129868265604074
56217,1.0040136987765382,1.2156297332532784,0.786493116687027,0.929069967585037
45777,0.41733039756890783,-0.22831190609371516,-0.6492442217900669,-0.7868956811505556
4017,-0.16466314524700137,-1.4876566026871532,0.0028613894301033685,0.18817589786231415
65657,0.6594143818059671,0.22205453464647598,-0.7611852025281204,-0.20240258558833563
2777,1.2880720804116752,-0.04807260040543057,-1.3476340486294205,0.006512437598861646
22497,-0.06057167582336146,0.41011024693073594,-0.18772907882377998,0.5449090899399419
7097,-0.8513779569329286,0.30191038227025346,-0.7273937704984967,-0.8480677088014592
31457,-2.107380686052382,0.3305631555034748,0.6767124220837519,1.4766407858833144
71937,-0.325358457479005,-0.545531126380563,-1.279767089026616,0.48387960171088745
67177,0.20111864637427834,-0.18671524419756141,1.1126428580989078,-0.4978546293668546
22377,-0.5776309158739062,-0.2332566574565485,-0.5240403735131933,-0.607961008590106
54737,0.12691991146790638,0.0116653449856736,-0.28686049274095543,-0.6856033189028503
68777,1.0893623772734708,-0.7816183026162599,0.7973368625073836,1.2691011784243433
8937,-1.0201316377598888,-0.22075645455303453,-0.8281560343641796,-1.3216776527129461
34457,-1.2722214920163852,0.04118702724182364,-0.3070810636886681,0.9914436355995228
69857,0.8719174347318738,-0.6632290401210542,-0.9592985044269703,-0.4955667342508402
17137,-2.04356235600376,0.49370855336083125,-0.840182956558194,2.2631322322586533
5617,-0.446359989442176,-0.8457577301109609,-0.04991054729732648,1.2280630870281977
3697,2.372527477509344,1.5675919352029917,-0.5075083157546273,-0.7262660727754462
13097,1.2388487945941054,1.2341781784254469,-0.09896811990663879,1.1611501258700891
76537,0.8095453560493957,1.7729939913571415,0.48121728062326524,-0.6544553329550432
62697,1.2931812489212902,0.6216292406404678,0.03526517032403403,-0.47164712707356615
38497,0.1197067025337731,1.713609346950865,-0.08660944071583895,0.763292429412817
26417,-0.5921934347490417,-1.9484135592777672,-2.503246425782896,0.025245430811791685
22137,-1.7006969933833833,0.05181199681502181,2.0118764467235275,2.2380897015554395
71017,-0.678613380606726,0.7110544682007025,1.1971891569820328,0.2517134772959925
54017,-1.7547762925075832,0.49692699261133105,0.5972414160090036,1.28909180678572
65977,0.29915205551416313,-1.233253700354643,0.3557389558753626,-1.9266488547325369
32897,-0.5936428443346877,-1.347001579455173,-0.28593690668134497,-1.1335253494349984
41737,-0.32583575768402795,0.4821187472596391,0.7860252882520821,0.6092403209340332
49937,1.486473587480641,1.1034221224460252,-1.1415331348960684,0.3904844765172879
23737,-2.0890711430393023,-1.2170077173312426,0.6204180579465404,0.13696502256135845
16857,-0.49745867578209146,-0.21068841350208306,1.3395969094870614,-1.9899069457793024
58137,1.2370129562276402,0.8035226027495748,-0.7513184434608262,-0.7402717890465672
52537,0.11518754104427892,0.49463131483730494,1.540968411207299,1.4974711496218194
45857,-0.7679537460300678,0.2769001371334111,-0.9965921411311381,0.2062430233738561
8097,1.3292908701143422,0.07773691494516063,-1.5306626282362832,-0.10059118110711508
69177,-0.4204903896129794,-2.2195343882207093,1.0156553835821263,0.5861602124954173
28737,1.2982472051475649,0.4321144869390302,1.062920202800374,-1.3810026378078304
72497,0.711973467143422,0.5624180589831995,0.7947768225429125,-1.3514070191658876
33577,-0.3644093212262874,-1.1036598596474532,-0.07138667299620595,-2.1064713716778534
37057,2.7517618705213014,-1.7014674360377984,0.20500110494206158,-0.5593897988719883
9097,-0.6202145906269874,-1.9331157966718888,0.37880092582116154,0.08401729938506848
817,0.18349809306528297,0.6038846858950954,-0.5375506731265086,0.48887649621263685
53697,-1.2855267633395437,-1.1974403449302393,0.05147888326814338,0.04962254327910331
43337,-1.0127759135749672,0.12551182061843374,0.5259919844118488,-0.44373564574089597
57857,0.3882892718951799,0.9809073051282394,-1.0577324526020675,0.07883396320363682
62017,2.203656308719432,0.21748560829747046,-2.886591510687474,0.7573389287569608
20617,0.9387657954675537,0.7691073943397402,0.21844098313646285,-1.351510714992772
66177,-0.5358001415837422,0.28479837385800166,-1.2671766249349325,2.070485948416688
19257,-0.6625489775272967,0.453673522609065,0.616327928296481,-0.6263435174681642
34057,-1.001298960593888,0.4892614613843567,-0.9265905382681808,-0.01647845305780807
68417,-0.29131222112437344,-1.7312907175510999,-0.5828444610253543,-0.09576021021961031
66017,-0.9185723797294683,0.7094516921815165,0.6998372073563448,0.3238886777692064
59017,1.1419842879103816,0.5180116045397652,-0.05726070353842701,-0.5443444089057018
4937,1.6554363159981171,1.7983666288648883,1.370870328998232,-0.19846127102447134
63177,-0.18757818151496658,-0.20898255429627394,-0.7341213979399166,0.07416423401164143
21937,-1.6956362148138806,0.08665514882867914,-0.11543705959919061,0.235499933196321
26897,2.1896391008463345,-1.1136820202352962,-0.5725730273266544,-1.268631216368792
31057,-1.2954327936136683,-1.603700945685002,0.6117393090914631,0.53881492725563
54097,0.7656044157928732,0.6985262830372552,-0.9889262447090831,0.2992310782512335
39377,-1.3070893359783875,0.15937544442237733,1.2113849140537771,-0.4765087801811824
3097,-2.059991400846779,2.2784531897068625,0.17386491343231095,0.9209928235609844
7257,1.1027310899031595,1.0220957653526082,-1.2712965205212987,-0.4406443027724097
24377,-0.5898781726199344,1.29986904008378,-0.8132978883855437,0.64002768617448
31577,2.0953281123821426,0.1975623590628425,-0.9714963557774821,0.943776146572167
56017,0.6650987777740979,-0.6611955937515306,-1.334002451504451,-2.5286018083338466
64337,0.4868965221853251,-0.0015830398008473045,-1.5126152820352765,1.7261712722920028
39777,0.4390906352808404,-0.053217572395264326,-0.9024973359629211,-0.1705215459463466
72657,0.572537096713622,-0.3938534422499671,-2.148143341225187,-0.6051729565397409
44457,-0.5175575457626244,-0.8704092283707885,-0.3643994645759194,-1.20123018809193
69777,-2.4304845721278414,1.1900976458077626,0.1444594747338544,0.0045598173007832055
77217,1.4538861939903271,-0.9044215123288498,0.8306415452185066,-1.5163335771399593
68457,-0.6737110538058687,0.9362884562762605,-1.8515312197694587,-0.2639746034871557
8417,0.017163388486127508,0.3367531966075903,0.12428220954583169,1.488610890980555
12577,0.1716406523724571,0.26066994450060493,1.6509394214626167,2.0832649656991307
57177,2.093538804765357,-1.3499199803865904,0.49994867085290695,-0.4578051010016786
67137,-0.0022994150518848883,-0.9157174450089519,-1.2249126121884377,0.4579279281299557
56177,-0.9729718879355852,0.8355627371922765,0.32555850549699816,-0.41667231802792165
62377,0.5374303153292904,-1.727168084780458,-0.12575147047191523,-1.1786476074440229
15977,-0.5940836860875949,0.25011729731091326,0.6194522607651772,1.0211284106852243
34417,0.20683213868111683,1.9433443476756531,-0.5023484987078856,1.5591278552998538
58857,1.3138400894231903,0.26166360360028224,0.5726987950786279,0.24491034393797795
13177,2.0630822899968457,0.6253648975428244,-1.0938524718830345,0.05665199305444182
41697,-0.4704249507439189,-0.08039078176458833,0.4515314173476667,-0.45330251395180016
5417,0.3832959314142748,0.04023154705459821,-0.17927521515683334,0.21935483407029327
30577,0.3249422864820298,-0.2062664857663853,-0.055433859619470144,-1.427172474271122
9577,-0.4599919868296829,-0.2828581180860981,1.1033943850382792,1.4367225526398375
72577,-0.2320688686784089,-1.0906587971748607,-0.526432900880335,0.5962380033717035
57017,-0.9832213644863779,2.160605088553173,-2.0038539724659956,-0.2061741423157761
66657,-1.0456965038952382,-1.2446826816663281,-0.3410105815166909,-0.5566113143533518
60297,0.7066214559272849,1.563387085807077,-1.9505820902435134,0.11533670015385612
68497,0.31965752578442075,-0.4168296825867928,-0.15790035906733024,1.264607759104142
19537,-0.181801281796516,0.27006798824511735,-0.6679713305241953,0.49974893293436284
37977,0.0627139045370871,-1.2080425304212545,0.46049215216752903,1.645099753011371
55337,0.4878274968419914,-0.26721746618605585,-0.5326065872655613,-0.270436984782854
16537,0.9149375626877468,1.684139523996522,0.5362748679811107,1.4448357216738068
45977,0.1500231095841222,1.060413896474177,-1.1428485033498044,-1.0550491354754532
27377,0.3524190236804289,0.07631487435505083,-1.1520474390070081,-0.45621724866808305
31537,-0.008870980294912989,0.2881367023228734,-0.39661303302482737,-1.99366747579964
76137,-0.6669913838539979,0.23601094451219615,-0.006111121720556069,0.7948790103031993
23697,0.16423956396244027,-0.6950854592460985,1.6527590394649603,0.528516212991795
54177,-0.8503191695432449,-0.7031815798713915,0.13550629294369804,-0.28710006572406016
3577,0.3265651252700292,0.6538024923017208,-1.3389390485454253,-1.109937630516207
7737,0.03975093434110006,1.1494548091945702,1.3728208899919832,0.8226465908375329
36337,0.5759581975087978,0.0913598262201719,0.5046882346788368,-1.7910036327074574
72617,-0.15355483246965598,-1.2308867907952032,1.4094531831286568,-0.9707194434109173
64817,0.11079516784829038,-0.3665192935352149,-0.8839270323324692,1.512375494084756
68977,-1.3277586572364888,0.20691012562776334,0.6597527846601713,-0.46698203185024034
5657,1.374174859805306,0.51758993224517,-0.903691957957947,0.903526299014882
70577,1.1899237637533528,0.4236551397684333,-0.10611967026340643,2.5562930850890275
77297,1.4015292456038335,-2.6439419278457628,0.6968526595499043,-0.36291697045485566
41017,1.7494861739007148,-1.0436245644179287,-0.009464009018280902,-0.12847950701223038
66377,-0.18334427404834894,1.4714535857571742,0.3882266980069757,-0.17901405458334468
76617,1.3961186991463417,-0.37811767416789,-0.4551242350679442,0.3728295773455865
17337,0.33462058165710307,0.5534866352475457,0.7635790284402953,0.037637291190955664
55217,0.19976677481337707,0.04173338288591545,-0.5666411650043495,1.4382820245511845
8817,-1.147459011223184,0.052383786807963476,-0.43808252088255106,0.5319294316619211
73657,-2.18962747833194,-0.4750073529793516,-0.7420287542259488,-0.2684317028598449
4057,0.01858431210758605,0.531138677650318,-0.28148181771871733,-0.4286206430641575
46017,0.4572176271047411,-1.0911350020828914,-0.29014704202840375,-1.345171326716534
25537,0.07244841301139154,-0.8295485751364574,0.1842987137143516,-1.4589273891911045
29697,-0.16696154909184324,-0.8950762534799248,-0.5375580928699236,0.8901160248238486
74297,-0.165496337579828,-0.5699972962448866,-1.8231441920864746,-0.32940046690578084
75937,-0.895410497669048,0.07738356166669598,-1.6001155498250952,1.1253458215114536
38017,1.031157128064644,-0.3167539333504607,-0.7283113981595405,0.3904732790808951
64457,1.0835858339572875,-0.14722701848514755,-0.08994931692159698,-0.4448921666335183
12977,0.4648187169518261,0.4907670875013285,1.3407436313537886,-1.6197308471202005
10057,-0.2287203279710419,0.6769435864263386,-0.79744439224348,0.263575907675494
53177,-0.0976663793742578,-1.259834080747185,-0.6136937658386924,0.42250186016889923
54657,-0.1882035182818406,-0.10172525296514032,0.5968714481900735,-0.5639863098819118
52177,1.1535906152817366,0.4711749746408764,2.7723914162611503,0.0327984894937934
62977,1.4382784918765563,-1.813743571124485,-0.02742454958968003,0.1541615408578795
26697,2.0444924007088896,-0.7236318023847229,-1.7289485016012138,-1.0298774849743701
70137,1.2223359584952798,-0.12119447634709635,0.6361522935137688,-1.313469998648448
71297,-0.42647523499268003,-1.667625042479173,-0.4506512089386089,-0.3338655949729563
9177,-1.6007336014438844,1.6281229703171725,0.05038978855659069,2.5096789868060077
75457,0.6952931252541601,1.7617679773960015,-2.0147149689138812,-0.10841021230499422
2897,-0.8907141490002264,0.3626286052471122,-0.37331558434749684,0.2999302849962367
47497,0.4728163502615197,-1.5545456382197385,-0.18744942970786466,-0.23650055612228357
37857,-1.2754039318536534,-0.22186190935169828,0.26451059735728416,0.3773438869472064
51657,-0.6904412802064896,-0.2810088381524466,-0.6819691202220822,0.06605128897849682
59977,-0.6823538698302417,0.2769762675659278,-0.3266133829162479,0.6187841460934789
28497,1.7350741802994583,-0.46187157755268826,-1.744799714722588,-0.8163161299887107
64137,0.8205303930288016,-0.299520811825912,-0.9163322983532466,-0.7216558985755627
46057,0.7395694394893991,0.0896868270141035,-1.562336500681274,0.7429645256399452
27857,-0.022271033506470885,0.5632868484663014,1.3235322342032871,0.49624775331855275
36177,-0.07821223692715071,1.4521983049642126,0.21766789174967136,0.07669256446027531
34977,0.7378850933303398,-0.5444012514505263,0.21572801367903224,-1.6654137769271682
64497,-1.027982232017479,-0.1575609301737565,0.20073265847412233,-0.28505979292115874
44497,0.6300390483786572,0.26130350821290615,-1.3126501038544554,1.180166122143946
43777,1.552290090879397,0.8797272616404864,-0.5526938285031788,0.14016315834077936
66977,0.8332937039552664,1.19117261246506,-1.4322152069435596,1.5267822089606535
63657,-0.510887833194273,1.813729303257252,-1.9941444080389796,-0.2013204867830885
56977,-0.7028794638856131,2.071787746657714,-0.43282786188055,0.8766946783277376
72697,-0.5803875580600854,1.2968554247678756,-1.1494594740772661,-0.6836112569733754
61137,1.2700746292865197,1.243865766340219,-0.8358532257884516,-1.1762613122556782
69457,-0.5361457406707523,1.5793150364554793,0.8123647298617682,-0.2801996074772341
62217,-0.6577884001466068,1.0534165646072908,0.1029644114891762,-0.40056694356226613
11177,-0.05497480960949903,-0.7412428428305601,0.46329610180309344,0.4756867271125166
70657,1.1738161148808004,-0.0868070092094896,-1.1879481638390244,0.008103802275147688
37337,0.49789697350187934,-0.08575320526926766,1.23288007279894,0.793933159381521
39017,-0.0273517080311059,2.2453105170697847,-1.4526046808910118,-0.6994475923315174
1057,0.4838712538022712,-0.5405764610678393,0.8095581084275886,0.1684724151199492
47617,-0.8097405394830091,-0.0036813906651905403,-0.8952239856905373,0.8305145499205335
7177,-0.018329905538695592,-0.22498279726646697,0.1772442698771125,2.148120176402838
53977,-1.20430229790471,-0.8292060210103644,-0.7430297072661789,-0.07902790556802647
13537,1.0218132251857688,-1.151414582707638,0.526718076621804,-0.7973787218522894
17697,-0.934622405454113,-1.1227365814243944,-0.7015841237228013,-1.6996495465257648
62297,2.262063220315954,-0.8347383427450441,0.18001518749473286,-0.6925676663732351
48177,0.5605949751025192,-1.166442584318976,-0.5460501123975429,-1.4505377663917702
66457,-0.6024821499796794,0.4073333770275553,-0.5739011019545129,0.386105739456876
56337,-1.0645877403279367,1.0714842931987731,-0.6000353899834557,1.1154686981218442
30177,1.0543711315291227,0.3929999654116173,-0.5690375980208536,-0.941701129344223
34337,1.0859627285553792,0.8722436832126789,-0.07805922258707089,1.0281797596051254
21337,-0.6756291810501098,-0.827269795753168,-0.7304406177831723,-0.03707553115234885
64537,-1.2385906340236181,0.8322965877563259,-0.4043703361473795,0.45974259619634167
46817,-0.5278860212312902,0.8351240991515981,-0.3473626126281114,-0.6290279203354833
62497,-0.1327467411636627,-0.5779741054385079,1.316270304414945,-1.4832457520100815
23017,-0.10661224960920937,-0.4361464614061261,-0.01599864288082221,-0.06938816029939673
67617,-1.3973772875112214,-0.05736879579010669,1.0958359456032143,-0.5400089873854577
71857,-1.6990193557447624,1.1077079612669214,0.9183410800130951,0.5723388322097807
74817,-1.4219824499806912,0.7105359998032038,-2.484716972977684,-1.471577286912955
50217,1.2602264183869958,1.3742915715726733,-0.029628638669012847,0.3826864619927855
39657,0.13338958895363753,0.20519820638046932,0.28951395522831985,0.1546420052708604
42097,-0.10090527571078632,0.8698165734021804,-0.42593935539193867,0.23926833087907845
7537,0.4803385502170004,1.2034083814943068,0.6800288210891361,2.476018730183776
58417,-1.0277655679786508,0.3620560210576199,0.29653842641818084,-0.686496123757023
56297,-0.7761334500072021,1.049171513252361,1.0940992252430997,1.1328150641764891
20017,1.7860151752853661,-0.0967972216577846,-0.24993608524340888,-1.7713031263142058
45577,0.8916267283588809,0.8439491858168777,-0.45217843699365284,-1.3412324505738626
76857,-1.8821407796922038,0.8244384242169724,0.9571657261646784,-0.638883196011459
32497,-0.36873687232629193,0.012431371003969668,-0.34575665266817646,0.827612028365013
36657,1.2668685654706517,0.6890214680294949,-0.36394896923758546,0.289512790900232
40817,-1.400058946155038,0.7055230617997181,-0.2736274185707417,0.6752702537759651
3137,-0.16761421084830122,-0.6524051728553718,0.14179634041674563,0.14413358344549038
8697,0.711424849855671,-1.5012491009180235,-0.23204000952571122,1.4235315696356898
53297,-0.9112241657417317,0.029722237233147104,-1.0967222111444501,-0.5673891942307163
70497,-0.6409443514284576,-0.7366785390840505,1.9991370701450222,0.28023417695777536
72777,-0.029625429678268436,-0.3719372670267645,0.12639167447252755,-0.8799646973189088
65777,-1.3078938972939294,0.04449909075782392,1.8509866782218283,-1.5076930590655557
69937,-0.246481590303042,-0.7621132406901525,1.157171183878963,0.3165071831398326
74097,0.6907030557929812,0.17310784557673342,-1.1794682637541272,-0.9740440497179114
70737,-0.5411236264492945,-0.15724919865816728,1.2601974030866645,-0.6552815102570243
33777,-1.0217387772181092,-0.44037482164165365,1.432677314240914,-0.18658421065611208
61417,-2.7983526632549727,1.2715336319807704,2.4115651463181824,-0.6302060431582863
1537,1.030050023361784,0.2857489018873362,-1.1647412213738872,-0.9021051054040984
46137,1.0838347174774818,-0.6169520240223542,-0.9759229567179986,-0.14751249251965298
8377,0.32637553833779837,1.132086907486861,0.5802716119850434,-0.7776204991473976
68697,0.9950563764971311,1.2548562269287296,-0.8582147377784595,1.10798794313425
58617,-1.026880671542022,0.6319605306952891,-1.6714757864215635,0.010039525965108828
62777,0.7162926507828312,1.7622620985346134,0.5608673445283062,1.0457764769473659
5817,0.0712147086839863,0.664393791744863,-0.21213701936826856,1.2761603434945292
25697,0.22127781999982016,0.3569307843106979,0.4591353949676014,0.4853036036176329
75257,0.4824747577416148,0.2541380968396901,-1.0427990615638667,0.0637381454118975
34817,0.06009467169696777,1.3941171031100532,-1.0454141237197525,-0.20924599196957797
38977,1.2991609658960341,-0.25858476472521835,-1.7187257421548037,-0.4140841242784348
43537,0.6495375962178654,-1.0362971665766143,0.27931550414051837,0.0329266291509077
43137,-1.5498921398696068,-1.2814441554370695,0.13169577762256535,0.3714912104732935
74857,2.151868854401696,0.6313904656019089,-1.0196890713348585,-0.2916002277226768
6857,-0.9575292146246674,1.268596948671794,0.8763086318815936,-0.382292965724438
26017,0.6213304074348425,2.1137430409514395,-0.03961724378822354,-1.1410896347944266
59777,1.2488203906757878,1.7888368612304368,0.14706395266764513,-0.7014374102505335
62577,-0.7218296487982405,0.6751301347697566,-1.1379136551101132,0.041828916650877894
23497,0.2424035659566058,-1.5617289219003223,0.35014976077464743,0.5960984093490398
62897,-1.1245698269644833,-0.025284544661584335,0.2965248924353564,-0.17270266240222443
68097,-1.4834869583296721,-0.8173115893133,-0.26180951654677864,2.0309451693518836
31817,0.011495232273083843,-0.6329263274109633,-0.3185323020587113,-0.15654389936774268
37737,0.4050450696012715,-1.7450876762846697,-2.1511559921256627,2.024843621791505
76417,-0.6772710554641176,-0.7783822488163616,-1.8247201689454307,1.7981575250636008
70777,0.08483238454788238,-0.3026347538346758,0.3480975696850085,0.2656077713874487
48457,-0.6493648531758953,-0.41735388201358914,0.5515080910883604,0.8211426663477663
2217,0.16164888359831076,-0.809936970033022,-1.5230288161923478,0.39981992171834946
27777,-0.9092676232792252,0.22650454613104007,-0.6241765753785194,0.4435762334656822
56777,-0.6227030526685926,0.4559489030648541,0.8202468039805403,0.6572854057924445
56737,-0.1824246034468397,-0.05040252895609944,0.1684035500643381,0.28590413208181015
20497,0.8163228952875252,0.3512793193504027,-0.586377631835059,-1.7148887561989798
24657,0.9345941396007553,-0.31184967148732434,-2.323831372826192,-0.7537173632690761
26817,-0.5397771020744805,-1.0064359268918472,0.2966422344935423,-0.30795250800319746
28817,0.5982915303954954,0.6318880926088916,-0.005054977354244157,-0.33089361116686494
66697,1.612697560166751,-0.8424858042656203,0.8376403352959484,-0.1409700035307498
32977,-0.17512146418536098,0.6611679442931078,-0.2430184642090106,0.02273012747489949
57537,-2.0534450281108207,1.4328746659589882,1.4350333684443837,-1.0737730121957159
857,-0.5293772829749491,-0.6288402001730212,-0.8754412495191146,1.0462111882121894
64657,-0.29418944295428584,-1.8664532462509424,1.3067085743965263,1.3027492862490373
49617,-0.30838916197633487,-1.0272890517201556,-1.2754036291050808,-0.0848080762451411
13337,-0.0662609469229795,-0.6675121858652364,2.2170440390210597,-0.6231783900651391
17497,-0.5016130580099586,0.03391731483755045,-0.12350279129289582,0.010231104273213693
31257,-0.9518040570632076,-0.9961492540279385,0.28056232922384416,-0.18877792326690512
62097,1.1864423863639215,0.788368437472449,-0.8676891509355507,-0.1397963136535402
11417,0.505537169045512,0.3849902561070142,-0.20849624256567964,0.7065241344229151
66257,0.5408262566985449,2.2218440413654914,-0.6600643171977191,-3.0369015400409243
70417,-0.9542639576728836,-2.042286287665575,0.9037120812799978,0.3615026827142307
75377,1.43884637931566,1.3987458185142452,1.477613841994759,-0.8638297988349766
70817,0.21598655305543243,1.0335920621440375,2.1720686155023063,0.1539965356753383
2017,-0.6192962616986529,-0.404530041986216,0.9102818240909432,0.06618749989306277
15217,-0.35708818102128886,-0.5430355441692164,0.7817090676267232,1.244794669792845
54937,0.6123824350249047,-0.18911709961026502,-1.3101059235281398,-0.4598348858245526
58537,2.2018391058135323,1.0106384871677705,-0.27437060727513474,-0.41343484182471496
59097,1.1695828612099748,-1.266671278353814,-1.1491545973096962,1.5785954530825819
18657,-0.11829108432223572,-0.6578679684873444,-0.5638523486494833,-1.6273638754751485
22817,-0.46827882939951715,0.12410622520012665,-0.27071144534207475,0.839496093703616
26977,-1.0805625783805735,0.08157943567646408,-1.1521401443693042,1.7198590426216747
71577,-0.15350096777885824,0.06745954765815078,-1.4242366584009951,0.4547546615249456
15537,-0.9338354144637269,0.7353764813610465,-0.4769086512324842,0.6293752987884039
35297,0.5078256039276698,1.3865059992846502,0.9075240011410624,-0.5480528209004384
39457,-0.5253964295483899,-0.27736591130602156,1.042743358861183,1.2783911945660025
29897,0.4111311252854442,-1.3551525110650402,-0.5488014510349047,0.8309043815200214
64697,1.1499309523666272,-0.3338384654402773,1.3110736977193667,0.20665568724876396
37297,-0.07730448948631567,-0.3212660406372649,0.963222007724471,0.11567222456340612
51937,-0.021224092205571775,-2.0131693645145585,0.7389954694507527,0.2758487560235373
56097,-0.5880338029376363,-0.14966630447860235,0.5830521928355311,0.11157735523696788
19817,1.2578449775241278,0.9355830369441086,0.5593775811716065,-1.2381741441746366
52417,0.3937648170644,1.4198381695923326,-0.3800642450385249,-2.10796218407715
28137,-2.3054887901371766,-0.8743671211508244,0.9155752954652872,0.770802630955561
69417,0.3180102095814713,1.5146893276573155,0.23373621642517922,0.08443820378638028
24097,-0.8149504202609761,-1.2806784120706838,-0.9839426115440228,0.8859732391500155
60617,0.19378589307404415,1.1995373584158615,0.6479679030919615,-2.0347496071636098
36697,0.10805421345892298,1.0429026285843972,-0.31731175735781136,0.2211526352954287
44777,-0.3447028814785209,-1.52756421046272,-1.458264330408019,-0.4050958218594852
5217,0.2973132104962792,0.5231648052341207,-0.9902366625395288,0.2274528909193267
12657,-0.7658020476706223,0.3045833932040627,0.6883848282854961,0.10804384083006527
17617,-0.7762939869515566,-0.5633399765817306,-0.19414211492328204,1.4199015799048493
20977,-0.45131877485680366,-0.20991836240839123,0.6796458667801556,0.16573819563419012
50377,-0.8504488704765273,0.15112741783255468,1.934472749093525,0.4500835602438219
23417,2.332074303557329,0.4290612822080661,0.7831857567147777,0.3132757689078704
23657,0.09246418496718131,0.14433666130168882,1.5509813702320956,0.21776348864482453
66777,1.0565914190333388,-0.3886592406914823,1.0226601010635072,-0.46083926790392216
37617,-1.7022335588075395,-0.5421337259941656,0.1577952550707892,0.49414433893802023
41777,0.6080317331795956,-1.2219629748279095,0.8309365924539215,-0.8468987221550979
45937,0.6900618450850233,0.4327472480236486,1.9446476380465476,0.9412683052581038
64737,-2.015813419180677,-1.675548749846733,1.7822265276821945,-0.3503866786696745
31337,-1.8192152604621803,0.10844322373293468,-0.8583496127058508,0.14654214167868013
17977,-0.4561054179237075,-0.7216511172220745,-1.0773029717873923,-0.3731562029092542
7377,-0.27877726269059366,2.008627756113057,1.248558374035508,1.2920938980013523
1257,-1.1900970104175812,-0.08427497526233672,0.13154170895160605,0.10097558130603505
30457,1.2234535691062443,0.6306091555434088,-0.5411213250441654,1.045813334122255
34617,0.563464208649186,0.2640509705432624,0.38339917476844937,-0.39247629148931795
38777,0.6177219869339593,-1.4401266525229695,0.631752830773579,0.4586087625078019
40177,-0.4637190507860628,1.363654241129745,-0.6189983277889886,0.09068772444004763
53937,-0.8265693379557395,-0.2506683630093868,-0.01711260400312375,0.025434349693263143
72377,-0.8005972252472526,0.20450725462300862,-0.6813049639072573,2.2741472879364584
73257,1.17697947951563,0.4246129761766575,0.1299526016436118,-0.9692459163735476
14977,1.5053270690352496,0.02592262797005454,0.28638152357474106,-0.2822287428945191
48377,-0.13704902731668261,-1.8375259657946221,0.054807178123487316,-1.9499054577993595
23297,2.224630187099471,0.7551627637247655,-0.6806315177136371,-0.2380845475956123
67897,0.16959533937256435,-0.6207883686450181,2.0393473269725626,-1.4105854468191263
31617,0.9791989785934765,0.30505480317878403,-0.8651873810209921,1.2602630953108804
15617,-1.130120236761083,-1.8763084321565513,0.46331190222313734,-0.40732261936035224
35777,-0.3278393307985427,0.00042318509298745006,-1.6783476055591109,-1.1465679041757975
39937,0.46459916376716415,-0.7978225072616083,0.7209441153219293,0.5516245103570394
44097,0.7420581843914017,-0.0868574032738996,2.4435820866065336,-1.4035016205670783
62337,1.1172454591903356,-1.9464445427383792,-0.7296097127963607,-0.17297994278373688
48257,0.9257749817067554,1.790671675215335,1.7042850324675942,-0.5833349432766318
13577,1.671311828479618,2.590922996488871,0.2206102630334295,-0.7803608152758111
11977,-0.16372245960339504,0.7499685062276893,-0.8105695716776462,-2.314643313584573
43817,0.8636611201060642,0.43694186130570833,-0.9534746408628413,0.5518813687243037
60737,0.7688211787962507,1.7336008603891162,0.4918538476655168,2.47744638194246
64897,-0.8850072184771074,1.2929276216105916,-0.2411702440887613,0.0700246715398634
1297,-0.7948705126214064,-0.8825918419456817,-1.3651920202608139,0.2966482280900742
73217,0.9579003117460104,-1.2512396242571084,-0.10038825679073651,1.0778169468351921
217,-0.40354315386182443,-0.015986911687055058,0.7016498586665604,-0.9840988447073858
41097,-0.6836641258678965,-1.4662049003492066,-0.07871646317011495,1.6892042702303174
50457,-0.5312669049959847,0.08894742543412239,-0.24625108565724607,-0.0591897334916953
47977,1.5411820004516565,0.12427634452864121,-0.13955429949032339,3.4154941509927066
1577,0.8868383380746224,0.5915703739869054,0.5632047105789597,0.47167117919073215
8977,-0.9883411912977447,1.5019050168772117,-0.43806965358657696,-0.04795257448200122
13137,-1.1581970053227082,0.11941803056941948,0.4986275903093141,0.5499113373178369
15257,0.4245596553109681,1.2581987411916467,0.2251835559341203,-0.6128297667037662
57737,-0.2330116082057189,-1.2644975979626956,0.6424493312013855,-0.46983859002892736
58657,-1.6143871761260105,1.3722615960275022,0.08859995095214342,-0.5193330773021712
61897,-0.002319789445575637,0.3349453218412943,1.0579737926453876,-1.8083632969321535
25617,0.681076711322207,-1.0886690211807368,-0.814483848248001,0.9357683562925664
29777,-0.9282066268261633,-1.3239916038738853,-0.5703920713313996,1.1395690218338874
76337,-1.1883153997374387,-1.3508550946044418,0.7596348754156829,-0.013670832623437205
74377,0.015163353114778195,0.618099354546704,-0.27440187157172946,0.06531353849821404
46377,1.3417757838637334,-1.0303313262867018,1.127622337697535,1.713111044035045
38097,-1.316995059481262,0.769770993030555,-0.3896051539362628,-0.48846262822341524
24177,0.9695258464529275,-0.6650507748368686,1.6590390975529212,0.5641017636846346
1817,1.4388039977568237,-0.4473097010440065,0.009494783803863727,-0.19572591763836422
42617,0.7041927256798752,-0.6127459159856667,-0.5059033077773311,0.08538822402385492
46417,0.6604336168067187,-0.892239990590681,0.37673928578776794,-0.18897491200816757
3377,0.6356064540798055,1.7856470608085355,1.5808197451018144,-0.43031625982363025
14297,-0.29382891851944476,-0.2290677164220574,-0.7427205220576782,0.24256125411653093
58897,0.24584157769672085,-0.875470409869184,-0.8568824882256024,-0.6732485980212413
50057,0.6098850196333351,0.4810713109746075,-0.12766169397140267,0.03659606477087824
1337,0.14533025976031966,0.23102062500353843,0.5772922333277293,-0.6945157589427606
75537,-0.6626196091939626,-0.18768074599243512,0.1863798656855896,2.4266009506637616
39257,-0.04432867955568612,0.3851185273213549,-1.3555609546322058,1.160813647676277
30017,-0.6407470928041232,1.2741397779556862,-2.303865430836837,-0.7100526967681375
11297,0.6879910613498855,0.6033546647546242,1.0657626558904767,0.17983405383503853
54497,-1.7906486333941964,0.48813554568951106,-1.9276166757238278,2.5492256135732507
60057,1.0528589201276481,2.4088705835787456,-0.6538997639165925,-1.3357775906634308
38217,0.13398684468129254,0.9623248405652667,-0.7454233830940844,0.1596999625069693
64217,1.3940013460106389,0.5358755406737428,-0.05569947726080374,-1.297051018801877
68377,-0.7625969258880462,-1.1985772452705084,0.035591097551875235,-0.7733427215407315
27937,0.9927559342215179,1.2036718152233266,-0.810743663566471,1.0665065239744986
32097,-0.8121714376366094,-1.6423053715965774,-2.196395526667477,0.8590268844775396
25937,0.8705539179483003,0.36903594588685096,0.25236986616554336,-0.7130804123219617
64617,1.1037984234915652,-0.9577187432703277,-1.0029704876222123,-0.34598574149497774
4137,0.7973004849721324,0.6423567788556178,-0.729546403513787,-0.38295274769417603
2617,-1.259844572196667,-0.6509864651115225,-0.0788498151863953,0.23015801357217508
64857,-0.7328883746649609,-0.7504649735174657,0.3563306413651504,0.3128083471116221
20777,-1.0132793551529116,0.5147297531603776,1.623896346947895,-1.0295515623942066
24937,2.3443827710126888,0.451618706556497,-0.019361566967834584,-0.967412986810727
73057,-0.4693604176285878,-2.21679885150666,-1.3424049850143316,-0.45337602742090916
73697,0.609882388241961,-0.3650280707680356,-0.7190312107377862,-1.4273883573798114
1137,-0.3918358081756256,0.06529804272876717,0.9171417711726508,0.8294155393495447
60777,-0.696557915298769,0.3974192728747434,1.0431117494518,0.6178818777194552
49897,-1.352284946821701,0.8302406127663171,-0.6039749919950806,1.443725937886771
54057,1.7074269841606482,0.4762642645187923,0.3784842130801451,-0.8808613319845379
27217,0.8071838704215617,-1.13023918703146,0.9473874237741928,-0.6659686700528649
17777,-1.71178918936244,0.1645609781325146,0.34211782061814927,3.0599399768741837
8657,-0.7257710901402503,1.7251651732386273,1.2274521932500557,1.3203952334518958
58737,1.2212110426439775,-0.44351433569507936,-1.9806534985345507,-0.09261516793862867
66537,1.8695379748877936,-0.2893339085317156,-1.7502826103185836,-0.4995938178524064
67817,-0.856279418840048,1.6660574418881715,0.4828987539871568,0.059368270570038136
22457,1.937591670318496,0.3298266858965977,-0.9390343672589776,1.1217950031372088
5497,0.05070480468024855,0.866376295252916,-1.7696565129307855,1.0614161210441764
6457,-0.8706832664668521,0.40726055406231804,0.12076161864621726,1.0851022222450566
10617,-0.4687613962548152,1.1314881275454154,-1.1617053446273182,-0.03865884855118221
34177,0.7611299567228481,0.7126289408953278,-0.3853855689228877,0.9075247700354555
21177,0.27545547254658714,-1.6997468822120765,-1.3228755751781185,0.8366287827646482
63537,-0.5831970475392639,-1.6498813820929437,1.2901368467378531,-1.6234396432176779
67697,0.40555210794341084,1.3421742156393148,0.8289595948716184,-1.8862382480022277
21897,0.582328503423975,0.35626837339465794,-1.1048538714834335,0.6389869651967638
35577,1.0118101817725824,1.104418374220596,-0.022114614534038138,-0.006268892277743932
43897,-0.5699274952785303,0.8741515846497435,1.505818665816797,0.3108880704526333
3457,-0.07062402945382926,-0.3539693532183402,0.019226522829781233,0.03157192107232337
30097,-1.262734890741874,-0.5202490365267147,-0.7151639871702928,0.7867319529721831
52217,0.3738954130609141,1.031443927118827,-0.5872400609640458,-2.1110372165649745
36537,0.9239143223959094,-0.2255965453134084,-0.41742625240453374,0.13971251888551434
15937,0.24537260139938197,-0.6309912203895216,0.20847105474811728,0.2753140081780686
35737,-0.02033560900405069,-0.30677559514554037,0.8706754365691679,-1.7313175946015187
38297,-1.0984670916735946,-0.7190830933482418,0.033590395146837926,1.4793099387768955
24257,0.30950417220593257,0.722915672448872,1.6925501010533472,0.9076939363115936
68857,1.5143413453810375,0.2200778573725996,2.005482545932236,-1.5706814901321515
57457,-0.9427358234043635,0.6067915064621332,-0.17080560885703303,0.3382354810319085
32577,-0.8269982482980806,0.28108666334746674,0.9585001603155202,-0.24469879163348185
77177,0.813328475540618,-0.5633934150259121,-0.06556632070980152,-0.38012433065267415
46497,0.3300420468244026,1.7874056184242118,-2.233455480408817,0.0951382503734185
40897,1.0528351810686984,-0.0925361735780077,1.4059672028258527,1.2260043866707346
45057,0.012859193009276891,-0.8648763663568736,-1.5284888032788284,1.1454550045008556
61617,1.021384553734995,-0.07976210555015849,1.0579656138266569,0.5712298729930833
60657,0.8895321501732727,1.1929569552257244,-1.07841570076538,0.810081734158496
53377,-1.0056079830504703,1.2069064773043694,0.5642739993881366,0.12458085880988315
54697,-0.9172258996527332,1.2650067220476933,0.067393046511938,0.25743070179299327
52337,1.1216239819402307,0.5996500095984134,-0.47840898024572137,-1.2241223419670297
61697,0.23920749391424848,-0.010487473807075194,-1.353640333791448,-1.1102799982600597
70017,0.5414616398098949,1.9316227290409482,1.665542230411498,0.7794649372548133
73137,0.4245982030044954,0.31615762046919454,0.192748796653286,0.7221439280821491
33737,-0.6681516084413984,-0.4285687289864915,0.44479091802358456,-0.04117111785800784
37897,-1.3712099408986724,-0.07691256948986576,-2.5595612112039614,-2.7214532541579577
3657,0.7145969630631399,2.4837276314136147,-0.8733882624305821,-0.7867160078525111
19377,0.9152362456974109,1.4557873877982657,0.4606397425259015,-0.6700251378798835
40377,1.5141667370649068,-0.2487884692371302,0.4542264293726091,1.626261271668416
37817,-0.4452004512882255,1.3652406412734708,1.244272928506995,1.0636021668423714
54537,0.5494606111754904,1.0299196021144843,0.5107161373871227,-0.9643020571162959
37537,-0.18049798465487005,1.4215935475054593,-0.833587827570317,0.8477376821613785
62857,-0.30009097766695214,-0.18126421512356183,-0.4006464431726558,-0.2481770274797204
38337,-0.4773518080975657,-0.25973319347001805,-0.021632642017763635,1.581354729236381
26577,-0.9918908546591715,-1.3863131084857998,-0.0962512699444582,-0.23501017829548818
34897,-0.6117216102446976,-1.2564192108281664,0.9140041950605762,-0.6217470644823756
33697,2.281189339184566,0.2449955254887926,-0.44282246070116454,-0.5344212105584399
26057,-0.5569271504703515,0.285718898841382,-1.508987142391639,-0.5758017941347858
43217,-1.3494237783319896,0.7721883754792156,0.7027213960050548,-0.4440299225490024
51537,-0.11422593474773748,1.1128705528227196,1.5076677718952554,-1.3864877389258068
55697,0.8105907240849135,0.7548666168414023,1.583093461109818,-1.7268594202388248
34257,-0.560427451482471,1.1541422229404772,-1.120097243262189,-0.1875998464577845
59857,1.3318112731874174,0.5446280953029393,0.060483256021105256,-0.7520030746903974
23577,0.365594631877093,-0.4546124680169806,-0.13766008422773213,0.28575135448474887
27737,-1.4570544049265657,-1.1427431209861,0.34146005516110844,-0.55018668476975
2297,0.11040780753352762,-0.6853875120628659,-0.24400642794800786,0.48599061180056846
11737,0.5601284513540294,1.5248700842850549,-0.24979308044907983,1.2869178503524168
36057,0.027590697115092207,-0.8342265373132635,-1.3931239300504434,0.14767663550823312
40217,1.2866600862590933,-0.8958259509487039,-1.9445096308197962,-1.729158715525353
44377,0.6839108833494769,-0.24810776061275178,0.3509729990242896,0.22803951349570672
3937,0.5701044456894514,-0.18242898269279978,-0.14970389446915777,0.7062109795170936
59817,-0.48028660442250487,-0.6053374289423639,-0.5597990400480966,-0.8113906837653742
9697,0.6906552914134878,-1.0598099529806781,-0.8699502147357943,0.7493088245415439
52697,0.45010883133034313,0.5668438393998566,0.6635888672791606,0.16716014506724455
68257,-0.18775670777323336,-0.7673908749938435,-0.8067485031469749,1.5660378741295256
16417,-2.415948391449799,-0.5886033941923132,1.2380434043048598,-1.9742405439009478
1617,0.04241416706193371,0.19047563090943664,-0.3176117649672513,1.3613108612561902
69097,0.3862871017679519,-0.037741892203236045,0.7058660460763799,-1.9987886368944197
73497,2.469459255340756,0.07530474402862453,-0.1598511265939999,0.45927874554403264
37217,-0.22091558665149588,-0.22249086359349374,-2.0557732219557896,1.1952425243760247
17097,0.9121148460390909,-0.719029734951006,-0.7533898330198169,-0.18079956039558895
67057,-0.2210720533072695,-1.8000020958675753,-1.0773176818946884,0.09292979675459488
54457,1.9476009152992186,1.5411340024680873,1.6395941229717685,-0.14943806995738249
3177,-0.8847068738294392,-0.26870781323524817,2.5979207668802426,0.4848675926320154
9257,-0.8106975159599935,0.5200541967735983,0.24050035434783068,-0.3290934602065324
6057,0.08360483259326074,0.13754369301206804,0.14334027787750137,-0.6422196579531182
65017,1.8460684855261476,-0.4549376957644827,0.31559423874795767,0.7964502140424119
49697,-0.9302761507386055,-0.089392194288435,-1.0171556442896859,-0.6959322456070421
21737,0.0893264531316266,-0.4563629182691816,-1.3995247813354652,-0.09006716164413857
68137,0.2445365191241882,1.1141640925048781,-0.9840935620147956,-0.839163074966001
66337,1.2137956082134773,0.2797705611461532,-0.7471656294215314,-1.2688451459458154
42497,-1.2671045487888561,0.6134179022529355,-1.6507567084329278,0.3849778862894158
38377,-1.2154705998826483,-0.679533834630979,0.1490261205092956,-0.3501218843254128
12217,-1.0489317820496002,-0.30865430334173527,-2.28190105351028,-0.15355638237104122
56577,-0.5799710148667615,0.38304117696196865,0.18841328070212363,-0.06059453305863471
77057,0.5926550958962274,-0.10710398758014744,-0.08914517934504598,0.42556476884484773
50697,-0.3076735027401925,0.14298958539942652,0.6416080719768539,0.28802312335255426
55017,0.6338262293474509,-0.29562357350133084,-1.6026542770655436,-0.8218854316092475
18737,0.0934002502553736,0.7123548034599765,-0.5173386103622702,0.42714589752451804
16377,-0.9950946625486828,-0.23364257751309225,1.538606607493914,-0.44987333200501833
38417,-1.2853330286986528,0.004268241389334428,2.402207752277498,-0.5971791695283197
35377,1.2256089040651337,1.455779465660864,-2.061380144536717,-1.0190823413782084
58017,0.5691450906244074,0.2463373304033344,-0.5321373295043931,-1.4063770385426464
45657,1.0055278574812094,-0.6121573541879722,-0.33210717808973017,-1.2593783972978834
76457,-0.47824227010555526,-0.28738375693739593,0.4926036643188293,0.3540101070718204
56857,1.0862238106162214,1.1315703134849509,-0.34451566484434093,-0.2661097542968457
47857,-0.000717322142872093,-0.1875015155333147,0.844985764828437,0.38938122772560946
11577,-1.272289001149265,0.2671307702896033,-1.4879584023095487,0.23605737386943265
15737,0.4339115180986786,-0.12242722519638488,0.32104468955575277,-0.44094112490870635
3617,0.5445178834912751,0.3406281551433406,0.6118436036621612,0.5683646591447459
24057,-0.4214389688029056,0.9266165666235606,-0.19503163193820305,-0.38066314592342654
26137,0.4940263945056669,0.4347657676627216,0.9876142946813372,2.1106898588834007
68657,0.25718844706645794,0.13115171229450812,0.16610642949815607,0.6658711055474575
44977,2.346545253781701,0.42934081964297155,0.3679204884838483,2.1666814514752226
30697,-2.1883661995835206,1.3752696535856714,-1.137831023524396,-0.9594203085136309
63017,-0.29592987938984433,-1.8459469325123603,-1.6202381829906223,0.6396130936764773
71097,-0.37380019169741663,0.10159914215750096,0.49112128551823403,-0.8747252386352621
24697,-0.09968512719915557,1.135232415808318,1.3471257526543086,0.7549993795732272
44857,0.5761043523141316,-1.1186699396834707,-0.5547107473826396,-0.9464718646434728
49017,0.7320145117040014,-1.637428930054731,0.5271101899833086,0.46132751493074137
9777,1.0742500758273514,0.28334866481430077,0.28800412917930673,1.4884579367802333
12737,-0.6402143822736305,-1.9693887491304736,-0.1252027776301853,1.5416031923616713
57337,1.7568863894292728,-0.04340120765592243,-2.79457096981872,0.49174297054834265
61497,-1.4973387464649093,-0.6059777442334058,1.332837545251409,0.35407848531162633
21257,-0.8874466042818362,-0.5911272217639827,-1.0633958469288691,0.11119468291659282
49417,-0.24765449102487225,-0.8229276849655144,-1.9548182504125475,-0.6805051872164378
25217,-0.03402435364951479,0.4217548737282546,-0.5624314963497805,-3.117821158170275
48697,-0.8983685254772502,0.8519045179419191,0.860652251577811,0.026248845408743757
28857,0.7471703743411298,-0.3077280702193529,-0.25711804115254167,1.7601465771898266
41857,1.741246745275323,0.42118301097267036,0.05243149300031252,-0.47459031552154884
36417,-0.779363047383461,-0.3431635972381057,-0.5843800238603961,-0.5622210850034699
5577,0.523682929791388,0.2174383796183358,-1.4469382139077265,-1.441443563175269
19337,-1.9127650501870161,-0.22092435902733884,-0.8740152153763405,0.18144139201846224
25777,1.6961329157363434,0.5998821491665332,1.9679166462626971,1.47054437195806
45537,-0.29719121827578027,0.6386293464088846,-0.19943232449819734,-0.3650176264440095
54337,-0.9021668961873014,0.4519704959741731,1.355405720061119,0.606053216551189
53857,0.5286753441980218,0.48509302325545445,-2.668894439795782,-0.9807930870995422
18057,0.31481330746246533,0.5598808282494615,-0.7167339089536215,-1.6081589842653627
65097,0.651794724842565,0.5416467393545182,-0.7788150586680448,0.6375649570664556
62657,0.1379774086822838,0.9792420056283526,-1.4867185558815876,-0.8241120970675017
26377,0.3258362274836238,0.33618640005756684,-0.6659732331730074,-0.8907955892866529
74657,-0.2587135500825566,-0.34989296394181024,-0.23733833804578675,0.31827839253488044
44217,-0.6793527483676036,1.0292703514853796,-0.11040838980604324,0.6070637456221599
42577,-1.3691762115318489,0.37958982222733245,-0.18145617369620382,0.15524714057523983
65137,-0.5231632165341217,0.4095916481998627,-1.370126919685711,0.8907680127073393
68537,-0.9081524773239633,0.5418851040595436,1.3877957529017269,1.7763713181193295
51337,0.6747051042001548,-0.2481198579490804,0.009397958754314031,1.0265513456823863
61017,0.5566537455377844,0.10419330923111256,0.9614912686804405,-1.0183150133355663
55497,0.11473893263422065,-1.2113513063240027,1.0715198418189187,-0.8229226283919535
32417,0.7945114855157825,-1.640050854808877,0.04075978605527781,0.6112468772941272
27537,-1.0806907977029145,-0.18367467392549486,2.1178461677028078,-0.6075882482263597
69217,-0.28443358415641773,-0.06962833804218004,1.460734566066807,-0.44554548625766455
72137,-0.26162970479954156,0.6901069683444955,-1.1664856018585292,-0.26597428536962275
76297,-0.13261538644619567,1.628175310651385,0.32896663430370876,1.4858570389958543
40017,0.32202403737698293,-0.8122215733695642,-0.8708931284391431,-0.41064036771871265
67857,-0.36687045886917463,1.9489669545936905,1.114090112086942,0.04162938602047532
5737,-2.554867896065338,-0.4517344201686457,-0.2973994135739504,-0.7477752598096721
7897,1.3356484481935473,-0.8246473057554733,-2.2154064647264544,-0.04152974009520783
12057,-0.7417165465859669,1.5667760541306124,-0.8890852393481901,1.7064937396113902
16217,-0.27691742392944385,-1.3107225619847425,-1.3484091603390653,0.6719286499650047
60817,-1.141194985986279,-1.3627984462706153,0.29351938674302036,-0.30059672597864634
13937,-0.849724394238206,-1.019193520528435,1.3077296997498298,0.9758844593557373
24537,0.12466518342438196,-2.1908617987431867,-1.0030234136060492,1.0563148305418568
69137,1.654721886250448,-0.254352456409106,-0.7980102655129516,-0.9725082133652109
32857,-0.644381104153933,0.417140016091929,0.0134025203270401,-1.0715578684108775
62057,1.6560933652319132,-0.03841284668999241,0.006373677297060561,0.058836289126162684
1657,0.23768973265171317,1.3140731901283174,0.8994706782470547,-0.8897840869394702
41177,-0.08499333405173842,0.5306273772299019,-1.519209425337209,-0.5201028960991716
737,0.752227457566267,-0.35560023971219257,-1.0850833563114843,-0.6578880705453034
45337,0.7472234315666995,-0.571382856304202,0.5775591128081253,-2.129511181651796
4897,0.2606605722766431,0.05992472099784189,0.3212410355458788,-0.3995758582198059
49497,1.0766530898290723,0.3109174062075238,1.4285158641140143,-0.14870883238714536
9057,1.2321485126576075,-0.7192048509522345,-0.36770323479771766,-1.5360257062854468
40577,0.2961456503759502,0.5070883351134722,0.01249066403474762,0.9460608153769431
57817,1.261801823660466,0.10924621176647319,-0.005012780723126934,-1.4562599427008132
17377,0.659709099700097,0.852529861371207,0.9608322989688689,-0.3986715445790503
61977,0.17087170280621192,1.548412303109327,-0.13007793655637973,1.0091956435103944
21537,0.86077532620475,-0.14221283114305103,0.4388609980630259,-1.1411637039312235
66137,-0.5968843433882257,0.3123861539225385,-1.305296667706927,0.5692521848124368
66497,0.04088836215951287,-1.1733070381613513,0.670424810524085,-2.0088656255361528
69257,1.8230726910161723,0.6854236601902439,-2.556245568796506,-0.07612100742263425
74457,-1.0865376133490496,-0.033418733350462915,-0.6633991182529939,0.2761023743662043
34017,0.5974929014804956,0.08967303693262932,0.557526852525334,-0.450957002305896
36497,1.1100305013174672,-1.9851979348938236,0.8021013387970256,-2.063205212768949
10217,-1.137046945453177,-0.7577581439264899,-0.7586078536343983,0.954029574742398
29817,1.0163462455552892,0.1791431486090188,-0.24041636056345678,0.9638679280290497
24857,-1.7526109982041695,-1.963214645019557,1.1108930208970922,0.46658859469339947
21097,0.2895972637146243,1.3725991609679666,-0.20207522979158304,0.404333120185994
22697,1.3313160516882205,1.6055316941921898,-1.580595717682717,-0.40056023303477695
39537,1.3686675555957521,-0.3969006910566691,-0.5803711469395892,-1.3625674711818379
26857,0.5694342114821839,-1.876978607762736,-0.39156153618928596,2.636331247036755
57977,0.42189853075965406,2.335825428315384,0.4296460151063834,-0.7234406082753665
71457,0.22182722500685592,1.6692110871720371,1.0391759454827372,0.19540105808794564
75617,-0.6547111814685503,-1.4793430650393509,0.1641349339228274,0.10223071286247579
22177,0.23643089559743627,0.8545864975307147,0.9527516953053735,0.420177855127464
6817,-1.4573889322006166,0.4503900695144865,0.07395824211821966,-1.5504606595875818
7217,0.6761676904225737,0.7924272619752657,0.4805088187503267,-0.46704019633579114
54897,0.2732915709714037,-0.4327579181730225,-2.1547215435738125,-0.11538132979418834
43697,0.7012122829759833,0.4124703899683769,0.9003428588033916,0.8395162632995298
50857,0.6503259863901513,-1.8852138137451548,-0.5015073371768843,-1.2471137259169633
62137,0.18205813810965896,-2.2477687263019606,-1.1815932246063812,-1.7195508656475118
64297,0.5985677394996258,1.0436566753461272,0.631843130710072,-2.227645738789651
48817,0.9702626623926575,-0.18180682482957594,1.0571332837976086,-0.5677432249586861
57377,-0.45761242843483774,1.2115478013113405,-0.33078648820307416,0.9202302587220798
76777,1.4360695702688355,-0.6575711809932312,-0.8767182432976232,-0.6109766186330409
52617,1.6407182909285971,0.6992002690690139,0.7235097194885173,-1.6816301401540548
40497,0.6900986519852558,-0.3193391312861461,-1.0816319932459282,-0.5887770376916444
62177,-0.15445185206997444,1.1905521324307289,0.8228602239929675,2.7216103057011067
3017,0.3098242237358079,-0.19621355255538528,1.3569619589155433,-1.1132181752843655
16057,-0.8818774130090711,-1.5517738408153798,0.51798098939108,-1.0519727386994742
16697,1.3846572742111398,1.0967266146580286,0.862665750999843,-0.7487443764296661
65217,-0.6016667161744472,-0.2967925302952708,-0.274142121118359,0.5483719251929982
71337,0.12250944387895445,0.43821140758191784,1.3323526128977405,-0.466518401135624
69617,0.5714129670444837,-0.21185971942804602,-0.7794683946893992,-1.6672168016217
33337,1.2234253648151971,0.7531374345945655,-2.2864567346390787,0.13469709081052583
15657,-0.7939236867525378,1.6632835942064181,0.6242644667242516,0.8122859270675559
48417,-0.08281788684965287,0.22039840163236582,0.01000298662110276,-1.3008812775443226
1737,0.12165926810625435,-0.4343423848538942,-0.17734835819562303,0.7498503737360118
1217,-0.5759051594188769,-1.6455587420848432,-1.3294643011832508,0.7392399902403031
5377,0.3323504653761164,1.5730261165927197,0.033055552987276166,-0.6484337978680047
49977,1.3978235886388006,0.3756968441217102,-1.4296884694826544,0.28432821368960315
52657,-1.472956403616104,0.2294419332983604,-1.3316359324773688,-1.5229316399957196
60937,-1.3120771188341793,-0.17427824793333924,0.9781231481929792,0.8360525745962739
30417,-0.7740090116788686,0.8814056246976562,-0.7261224129686005,-0.07270690753735871
17857,1.880045182453854,-0.35453247616802985,0.7817504742711057,0.11237968587234154
62457,-0.4484702399497543,1.7226479148602964,1.8663428974554186,0.7921179652221793
47777,-0.9824220732615256,-0.9765889782535199,0.8027710750862135,0.04961248855171276
28217,1.6463653587530107,-0.16562211936087914,1.2512393749179804,3.0206923595260258
68217,0.15492964632117912,-0.39046517644807127,0.41572937566090445,0.45301147620150384
74937,-1.2218878028910574,-0.6561679120551541,-1.1435949008838402,0.6314603105745014
27817,-0.3838753580635915,-0.7006987777678564,-0.9852470046588322,0.4031132275301977
23457,1.2259135198169482,-0.9036697828416506,1.0634270607190135,0.8187504656652178
41897,-0.02625971038408424,1.104597165231339,-1.367182425313449,0.45279862830708767
26337,1.306308521739148,0.8847086070669772,1.2400189859599087,-0.08442806981655325
51137,0.7528457372776318,0.12700787777237288,-0.34569229629711784,0.6938289862309729
32377,-0.350074545434721,0.4121398684266829,0.9832072754326685,-0.6479876459157874
55297,-1.798685294695418,-1.4063165818663879,0.4762964586553433,1.555278390638935
59457,1.5429373162963096,0.19294709304886704,-0.8740690939292424,-0.3567973729684852
6097,-0.5066046608574,-0.03385438815381424,-0.3208256780717196,0.4174795252640366
63617,0.4142689251328407,0.3095437623754998,0.44839346493951865,-0.7919694206439668
75497,-0.984560449517175,1.1558743822721411,-0.7562734275685525,0.7076404813713599
67777,0.2851110117171892,-0.343953753712018,1.5115353261528184,-0.5169970653079207
31497,-1.013568520005324,1.5593343202387113,-1.1609977659077244,-1.9704134530307458
76097,1.2564420728657157,-0.8576646648302296,-1.8932999468123168,-0.6258093520341701
39817,0.1867341460692014,-0.24279365163197347,-0.5719704111530435,-1.3782441340682998
1777,-0.054320065073441406,-0.4513747084261293,0.13502477033106358,-0.3776214657180201
3537,-1.6771936237608218,0.33416763463173094,-0.4001338343024887,-0.21372214401855202
48137,-0.09153405525339581,-0.431215288218445,0.6902720792269756,0.19632206432969854
52297,-0.9019025201787019,0.009393913913537359,-2.397934527920254,0.4129141383533321
66857,-0.17941907226304585,-0.9708415115282645,-0.5706639890443423,2.208234612610395
56457,-0.6206972000806366,-0.2977353090521081,-0.09381788227004019,0.4519026266810675
71417,-0.0716611054166124,-0.6506350468848606,1.8833707169349483,-1.402874844065107
73417,-1.3186933298455386,0.49245044567415597,-0.7305063535818872,-0.3047043273794604
64777,-0.3140823680119462,0.7039335200620669,0.2913475566621573,0.01064849519115603
22257,0.5920067855644926,0.015323296127903202,-0.2002061868992734,-0.1706155618784436
68937,-1.1041903476441823,0.20613921719760217,2.0519993074429688,-0.0887450647431822
70977,0.9803423924019411,-1.0251337176968316,-0.6215759433802412,0.16087448902780788
38657,-0.8087584474966056,0.5983992727380822,-0.4657561700070366,0.004792957507425671
40977,-0.5106248545663123,0.16740267690266064,-0.45437637490826427,2.550335771413736
4697,0.5936387987492361,-1.2010708773265,-0.10870670882189734,1.3202385626375688
55937,-0.7525336227682682,-1.2748110939430888,-0.840929105330294,-0.908621307425225
8857,0.34739971006274767,-0.22333514492513992,-1.029354038162908,0.4061520525523776
16137,0.5529773780110455,-1.7234542240738824,-0.05796476633259978,-2.5612246042591225
53457,1.325180389819759,-0.7015203403068643,-0.4403993336940877,-0.32703308243936796
61777,-1.231442743006903,0.8404339632662563,1.1544540902658755,1.09107647448056
25497,0.11203460971541941,1.532387991679419,-0.06957165077642477,-0.40029540586183704
3857,0.8022025431987128,1.1740947786935914,-0.2974525152576289,-1.664106870308382
70097,-0.09992602429214618,0.6197784202774999,1.5616551760216608,-0.7494903705462654
33817,-0.6247530658616968,-0.6299297699380523,0.576901266732629,-0.03387274910387035
40097,-0.4885238955379218,-0.5718617101971886,0.11197413944062996,2.132856181714555
15057,-2.0804879192666084,0.08249290309582955,0.45987313912766914,-0.836979600619528
60377,-0.6048988155125948,-0.8114881960020481,1.2447577848800464,1.4405718715440943
42777,1.877069182217153,1.164988104219187,-0.02963652519680324,-0.9315029351364201
46297,0.20774307213532064,0.47483060160887897,-0.9122047984227232,0.746676437362503
25817,1.498054410185128,0.7286465273237703,1.019057893076032,-0.59380142356555
10017,-2.352517530115608,-2.2893527801916833,-1.7379380289500417,-0.35714120212978817
54617,0.2368904376797055,-1.190837008552672,0.32358840375311576,0.19347327076853602
58777,1.36686588823382,-1.0191420939573488,0.4217626714035174,0.16147793216614506
50977,0.48303981171123545,-0.4451694411165018,-1.0833926562314586,0.8123572414406097
21057,-0.03632051018409516,0.28661121120282534,-1.9524544143599933,-0.7828329561002466
49457,-1.1498098539304906,0.5590601565979674,-1.7051216224818053,-0.08615388800125581
38697,-0.8933036224995237,0.42477724026727837,0.22186273773803195,1.8189513847225942
6777,-0.5734148778270289,1.6632994565535,-1.1658391485228958,-0.42730383353555385
2857,0.7014137532294978,-0.642383290033506,-1.6924998229707926,0.5272776840915437
47457,0.5504817923816347,-0.7260099606358413,0.25186242203049974,-2.186264947150445
46897,-0.5637260206616856,0.918178316605375,0.26121208061985074,-0.9246352546231873
55777,0.17106915006888693,0.7927437983669114,-0.8389311215272685,0.31007940689030195
33417,-1.2783081273323538,1.422746534870436,-0.5187060554799012,1.3217327461137456
10937,0.7919923661775539,0.4806642856457931,-0.5324759942029008,0.3439051402531231
65337,0.7467194779619868,0.3427803334142463,-0.4617313712700553,-0.9529474642478932
72417,0.16969980372683593,1.742244687877016,-0.18739390629091426,0.33644873615142673
1857,0.7221064172158438,0.08694584254376676,0.31300563847129503,0.9618823229496226
8177,1.2965589174918006,1.2142777126554192,-0.5664341568038469,-0.24254866196784167
23897,0.3989519328853307,0.600553530517646,-1.384410085934186,-1.0048182246430395
48097,-1.169491628087995,0.5581683326955866,1.5638871528119245,0.6499669714858736
71497,-0.2886703189613871,-0.06631599339958635,-0.5177358781314698,0.8610546294005847
65257,-0.5984969465856754,2.889042547668512,-0.3057456186975186,0.7773145379294863
28977,-0.5133247273463786,-1.3876864134623754,0.44340990551479276,-0.8465205094624323
10337,-0.1508299851770406,0.5676584642267121,-0.1838461653153355,0.20585521317538608
33137,0.8519437155269564,-0.31671068445325545,2.071350253847311,0.6651955282604284
34737,-0.38986906297724433,-0.9779545995444195,1.9474591053808121,1.2188626656564094
48977,0.6183820894183378,0.09361701168386939,-0.8132117255498936,-0.048182842506513716
47217,-0.08157037633470637,-1.2682462036765838,2.13640045041142,-2.2859214108867687
1017,-0.03874024395978619,0.8399917077308415,-0.5496501649902298,-0.3947875534482299
2697,-0.4379638574081865,-1.1984844460483541,0.7739226620360994,-0.07167660131103334
45617,0.578242970454009,0.3004413561999023,-0.7252283630984346,0.9419542225498976
57657,0.05513434863396263,-0.10980655658202261,0.6823763129535239,0.03596699485888453
46937,0.7461642178038944,0.726792726129466,-0.4807524525642981,-0.3427629473728383
58097,0.08776194449623162,-0.26232018982627353,-0.3411902738054896,0.3284718480908052
14497,0.18523195969320244,-0.6038374877022094,0.05784832346052166,0.11912021129160541
42417,-0.047721267451773526,0.10305344912671587,-0.4501782783937669,-0.2989125491424174
51377,0.022492902500442127,-1.1907988580431623,0.48696432635442277,-0.49119956873852144
55137,-0.5366567959388404,-1.3350101568401294,0.18658084561334987,-1.5983881463786935
69817,1.699647601530349,0.017387362264636247,0.11787411684910623,0.621959312659932
74737,0.5433218488542388,1.0974864591178908,0.2759039745829459,-0.6642293064302589
38457,0.1619918234867369,1.3353181860648529,-0.7852781982830431,-0.8514590265447586
31377,0.05428766245062298,-0.28929071754470614,-1.0422990497689248,-1.2095512610250758
2177,0.2462988391397692,-1.2147009189106286,1.1278647246681075,0.0421521409735402
1897,0.04365901270311054,0.2563483874372485,-0.24957085314583013,0.7157505945818344
6337,1.0599610854073342,-0.11268418786516007,-0.005727186925479589,1.5949858844293545
50937,0.49681494996933734,-2.0569322293086967,-0.2935007344840009,0.582331227272534
13897,0.13044736807861104,-0.3189657344766213,0.3414603799327952,-0.03147457293281399
55097,-0.25240518498589687,-0.48816070184507576,-0.3970928776160633,-0.3495773604276545
32337,-0.3568189644507329,0.8993003715014904,-0.7165094584946986,-1.2100277296781787
18817,1.575578492550167,1.1376319034867748,0.05649845827885855,-0.7305524327185815
10097,0.2554287712475031,1.366028966941533,-0.23457441704578824,-0.06630653725860357
67577,-0.7858402156010955,1.203481796008349,1.0646034116044354,-0.5540740838831264
75897,0.3194108031567458,1.0841331721905039,0.06739886833134445,-1.1802191012363759
8057,0.62083314195014,1.1687556986362329,0.16689229075994283,-1.3419657915102128
39617,-1.1225053214262528,0.15800001800329158,-0.650479626891635,0.5496912599553156
3337,0.528432760740058,0.46166426171039787,-0.9591105408841563,-0.08696875646134734
57217,-0.3372513109952326,-0.8786993546766599,0.02637926661025566,0.27028629693539136
15817,1.2882210540813912,1.4739240992379716,0.1252462823270621,1.6097988223260773
60417,-0.30018925353781867,-0.8322041380266402,-1.0124742301937009,0.18830472160134826
24137,0.4681253438988698,-2.2726129294463493,0.0684264374161327,0.007554519306825654
35137,-0.21574341398605215,-1.4661113348094297,0.8181243265484074,-1.3688146774129915
68737,-1.0498608519700048,-0.6344322906209451,0.03190259951682684,-2.0000540952466412
3977,-0.06056240062671574,0.6191568133974563,0.42757583302323293,0.3697902998486855
72897,-0.3431985447937685,-1.6690102920171028,-0.8827008221255302,-0.4584974133415513
36617,-0.47296270879463737,0.5401732757481128,-0.751857650224633,-0.18901115060248067
337,1.092462324779813,-0.2334575714190581,-0.7734007943156971,1.3212085070303776
4497,0.23320602199383564,0.6471015783588694,-0.7112379027288405,0.2931838554291361
42897,-1.1569989057620127,-0.06599576759015664,-1.5516595969171172,-0.40545113637924496
49097,1.086139889707208,2.4250462929683207,0.37130773281591123,2.091502549515927
31137,1.680155402870028,0.47988815714690103,-0.5713142775342214,-0.17938894872695843
49577,0.5348922455810208,-1.6022650272485077,0.785927938442788,-0.8548446699230766
24217,-1.3731148745640445,-1.2269188073016368,0.22401351634590275,0.5436878137255216
21137,0.33489445863470596,0.6877735942517138,-0.5769866520264306,0.08417945238400015
40857,-0.5419045065796791,-1.2530702247539278,-0.23247643688158787,-1.1020515724446065
40057,-0.44274210324839053,-0.22127953749663948,-0.11271574950772177,-0.1428172420241725
69897,0.6938293147607004,-0.6180857140560151,-0.057768172904521346,-1.137923702959848
20137,-0.4142894921826152,-0.6929100132120817,0.3550718441175308,0.211608702130745
37777,0.023157606391678832,0.16198563596604285,0.09150908734171355,-0.13039468454599426
28577,0.28043778379662615,0.3427538195414615,0.10205453913357161,0.273491928068176
58497,0.9327286012733683,0.5964759669028615,-0.34415890496010587,0.8054458657614472
46577,-0.011892818403054421,-0.5627002560929268,0.9780776681788015,-0.41370078642594604
30537,1.5996622822836193,-0.9328523198344625,0.64464949085582,-1.1769305042284333
9457,-0.05408729131992473,1.2303923974622177,-0.9016894739716131,1.2757516709053032
54257,-1.1351088195978152,-0.8119824390042975,-0.4306435479342453,-0.9010513597450422
54417,1.2076076100916169,0.5504324247543756,-0.07165459519741744,-0.5460001946755675
47017,0.18692393615722377,-0.02047799895665077,2.927517484707138,1.1338462118541917
58577,1.676302698642311,-0.8138395940455502,-1.8976445189648108,0.45854004331000975
13297,-0.3854592992401916,-0.28330058442217226,1.0239044366162413,0.6653253648666312
22297,0.8638198512562903,-1.1112088221606544,1.3141615717987187,-2.246465468587243
71057,0.012105018885445589,-0.28096216559319137,-0.34302353957509957,-0.6224898836756497
65457,-0.14818025373842497,1.430871550796402,-1.0325689043972337,-0.8707454184876531
75217,0.8457640082181174,0.7028237285163998,-1.022437025175447,0.35359399154738363
38937,-0.4085906339409963,-2.4151405816866185,0.9575952224888297,0.3777127353582623
29937,-0.5520912424086976,0.05469471731762097,-0.39747998287489444,-0.4300671966948262
63817,-1.2439523698870092,1.5409950362453724,0.43343893179500104,0.07684624026445737
32697,0.5341213769001599,1.3883121383111963,-0.08585937227869868,-0.0073630027496151855
51417,-0.15167863072539656,-0.17732807084309873,-0.8674209162543111,0.5323157611846444
59737,-0.6331107367175398,0.05236387852567825,-0.5131909198729164,-0.6556380745648224
63897,0.9552543824712371,0.2791161193822391,-0.43408775061940374,-0.4136337859081144
20417,1.9477399637324846,1.7304929556272322,-0.636454512853907,-0.557294791319508
27617,1.1726536814333903,0.2292046432834917,0.7123827600819518,-0.370627238474261
72217,-0.4702123625975511,-1.478249345125914,-0.44933498569815483,-0.9469966731765
37097,-0.3606518715972902,0.39938840325332836,-0.48598599811280174,-0.47514288865479376
76377,0.12758571569096044,0.5472484975578867,0.3220635087669201,1.540491789705511
17057,1.3171531864531056,-1.1391884689296896,0.6548123919781963,-0.6424111701309418
28617,0.152966418867206,-1.1346112728829663,1.3329107690740387,-0.20183113994780338
18137,1.1268289097636779,0.3994289416306045,0.7544497444853012,0.32280774806905804
44257,-2.1958770191614803,-0.06629548286929302,-0.4742988941375325,-0.15826212619696575
64017,-1.1776858838201985,1.3444185727937572,0.06456133011419536,0.7572564816742796
7977,0.8489500704799602,-0.2845544422383692,0.4531105999909808,0.14309712344181996
12137,-0.3576460808047151,0.8577814922092895,1.1397086756483963,-2.163613515460208
69537,-0.3736500991042776,-0.7878483437469969,-1.0417027696318195,1.1495766869199746
67537,0.27709676402219113,1.8246326800971278,0.43764761701715754,2.1426324540383113
60897,1.066972910319126,-2.2434023248612505,0.954155731567108,-1.349108223323821
13857,-0.6973180155825918,0.45804623526915234,1.382430374864046,0.1275972209256327
65057,0.3271375089580938,1.1941006268145178,-0.7546912042234667,-1.8026214920617574
41977,0.7071627076745296,-0.1231740775367738,1.864815689233715,1.1810251286853466
55257,0.4162562601162936,1.1133108038486266,1.5618182754135226,-1.352805399295412
5537,-0.43003897562829907,0.2999051366514388,-0.7396353271081432,-1.4315644648100418
41257,-1.3498330585995835,0.633370789290645,-2.042776225813385,-2.1852446388974403
4217,-1.5505791137945213,-1.2965215745631284,-0.5679664562848932,1.818630864036023
65617,-0.3519355048920461,0.9117050702883037,0.536656202233438,0.510954427414674
53217,1.5668516949183555,-0.512210498041104,0.900836658235114,-0.08907444294333382
14457,0.7927642038664441,-0.888881419805549,-0.05613743402201751,0.1354967727870158
53737,1.042195282724235,-0.6941986672773998,-0.35327041479638693,-1.0626389486717231
56257,-0.11788228350215685,2.5474128304842623,0.08461719414150352,0.48742468854611365
17457,-2.826679458159613,-0.6763123399775708,1.613092837970253,-0.7079664044394307
72017,0.3049106553005337,0.5104970400231869,-1.293108733597973,-0.6238251538725657
69297,-0.7594926445658644,0.3344157625736395,-1.5692990555549462,-0.04269147132490577
51177,0.19776381786747646,-1.5044404289803384,-0.08298337565290095,-0.17303064975049476
70377,0.6491602590181272,0.7353841951597271,0.43571251120004845,-0.12490833853357321
74537,-0.9292563445915532,-0.053298927533710704,-0.7611052987411632,-1.5488240874114791
28417,-0.1542264838495602,-0.3411256764023433,0.14962973092498696,-0.7135421846111344
59377,-3.0535127719634545,-1.9604871587173636,-0.38783105542179064,-0.7274166234886082
6137,0.016962211345726983,-1.3778845487685387,-1.2224418476565175,-0.45289470559743156
4617,0.6939665188374711,0.5932096311075273,0.1316010112109179,-0.7308931857398748
50617,-1.1383298726157618,-0.3382329500812457,-0.19085820507039275,-0.2368533985960014
4777,0.7277968161432935,-0.6463522960506666,-1.6520807521719503,-0.28023687784796014
47097,-0.2194010078346592,-0.6048185769716419,0.9447933346579565,-0.483834473192768
50737,1.3182716302910795,-0.6545585107129773,0.8810774127122386,-2.473466853423026
67377,-1.1377712922455936,0.03199467982260112,0.45580948383860975,-0.048790504316125145
22777,-0.36346458612053445,-0.5469001405479019,-0.6680954510368223,-0.21331358801064135
71537,-1.5291207910369042,0.9364854491357821,3.557254961100722,-0.13590992081254338
