60759,-0.475103486169767,-0.17457726430097054,1.6466499385607487,-0.41798013136986933
60639,0.054751380772773,-1.0600131375437942,-0.3060314238992075,1.5510302543936232
58239,-0.3262879716735122,-1.0065646834296773,0.16125756143386108,0.015107796371941139
62399,0.06858659095194163,0.9157839598675728,-0.8450603004201178,-0.36884300554721866
21959,1.1733618627838958,-0.1607883770651356,-1.9631008798124125,0.9813345271702514
38919,2.151791357148184,-1.4614223976347727,-1.1666792560205304,0.13125034812881073
70719,0.6716889129759253,-1.0101735403393304,-0.46723967956740453,-0.5236433123370647
55639,0.42685633105243664,-2.5017466990596944,-0.0613410136319889,-0.8009161098417746
34439,-1.820864012908358,-0.06695866749573601,-1.8811008690344688,-1.220207964414202
38599,-1.1048094678380151,-0.8664475699982072,0.10432441781251074,0.43638783716002083
47119,1.0988834615373926,-0.24705507221996442,0.24600833192624386,-0.7760974169484863
10639,-0.07456071366465053,-0.10872202575245464,-1.1005016104028396,2.103414163655243
45079,-3.2566352467979427,-2.440510248615295,-1.1696206272141563,0.7152990061707797
54959,1.0583813417880912,0.26512953880150675,-0.5739463610824601,1.008456636317261
27279,1.1730235379078027,-1.2728221909381736,-0.3725401591614377,-0.5025489743428981
2079,1.0184915382942932,1.2454244757878397,0.38199473294958625,0.6284064003170681
39759,0.38200283954205133,0.8508655640129972,-0.7332683770603063,-0.46521302660309
3479,1.085625975701839,-0.977674894113665,-0.10517777190579011,-0.13849991652078203
7639,0.7926092022224372,1.0764102973721814,0.821253218461824,0.42796496339580403
40999,-1.4986306124423772,0.534502323288869,-1.2820343441262367,0.47121907988668116
52239,1.5090563100743077,-0.5386621080676758,-1.1526173284170633,-0.3042897670524073
31479,-0.1552680758882447,-0.5563966049813299,1.2553196111180729,0.5968886049286813
3079,1.1603929505699142,0.47307470968589604,0.024106456685099503,-0.8107525725270761
20119,0.09367445057509102,-0.0769849256459236,1.2103257669686192,-0.08516471502567172
64719,-0.7878999637720019,1.352119286568747,-0.28167583701420235,-0.6353507006975874
49199,-1.2249193562972533,-0.008834144063296887,-0.5028043478716864,-1.4356775083654167
68879,1.49495485376381,1.2316602644413421,-0.584321804810216,-1.5541416877471141
73039,0.4696333223884443,0.2988908594281982,-0.5685682631636381,2.338130134035854
77199,-1.4182723203625398,1.4011990925099669,0.8505062615709933,0.32237131870365865
63599,-0.04247652714360315,0.7666995148382624,0.337707406924924,-0.6205817476080574
47159,0.539731436708841,-0.5960482915685077,-0.507942938747336,-0.12521032103890503
14239,0.579541983006922,0.6434481228462374,-1.052251749346871,1.3852192573118458
12639,-0.19424656898863787,-0.36565905515379143,-0.3106773204248703,0.4345480893078397
13999,2.0250623702455774,-1.1052576753950367,0.8251519250566004,0.43184189927645866
69679,0.08448604938501279,0.802657694371952,-0.45573723234969865,0.9503931077178853
24639,0.4224897055205712,2.1035007157105814,-2.969378237204737,-0.9991507014686337
25439,0.2249625988574594,-0.1677210881814081,0.08156335048286342,-0.33562826323408046
25399,-1.3246366207460436,-0.7297808402534763,-0.9508133427036538,-1.1482551588979246
41719,-0.8149239244100336,0.8475818887697111,-0.4607043408184907,0.1370473437951227
43079,-0.00949517892156504,-0.44027370874723026,0.19129101562176556,-0.7632615829223138
37919,1.9492203053441037,-0.7443941251048394,0.2862392964628863,1.6948487230580485
37559,0.7296628538676984,-0.7869775963156048,0.41187670063295595,-0.22698460202951812
30799,0.931158758394992,-2.253895673385397,0.5641805548167319,-1.0458164108634385
54559,0.8845688910012505,-1.2146049030993495,-0.7758349260769039,2.402493108439268
58719,1.2965291744035645,-0.38793345790628025,0.45845486127135265,-0.22344658817296592
18279,0.40873930774663714,0.18803552636013995,0.6920506483726248,0.4382235903290861
22439,1.6533606198886768,1.4819807199955877,0.7223383880280799,1.4010740794758352
67039,0.1628746856510316,0.27837097446783177,1.1274082448104115,-0.8955138059409214
8279,-0.1667633346749247,0.6629914867928002,0.429652277324855,-0.625163628354663
71199,0.7795727508403929,0.5905132387611183,-0.41524117377018727,-0.9722326065269493
30759,0.3387410278106823,0.7957029005574996,-0.602290363801252,0.3445809019312927
67599,-1.4875863129282048,0.6260104382854625,-0.8778300926064067,0.17889367259125985
57439,-0.34732736794343455,1.5554117339160707,0.429570463013223,-0.09469860115013315
52879,0.480835620845203,-0.15188037156694686,-0.29407627476112735,-0.8921389216394094
71319,0.0804428823960094,-0.08174815574542973,0.38497434504224187,2.009554733507537
66559,-2.34788625397645,-0.3305225247625309,-0.09676170718750264,0.21021413926343258
70919,1.7790522042076196,-0.18815483748141998,-2.261352151658947,0.09269265030617968
45159,0.6089787695466244,0.18133168447617473,0.7716926205387703,1.1021134675673443
23599,-0.8377771689059738,-0.9811925262305414,-0.26985730106516553,0.3691968287181035
61799,1.338533560801211,3.042613630344042,-1.0457290208981924,1.1084056742028685
73839,0.2629246255599122,-1.0965499022554328,1.0231687932206925,-0.5851586110490579
40239,1.488855746111067,-0.08151143376257006,0.505941948052412,0.6835519363942693
44399,-0.08119541623354154,1.8229654537513336,-0.6267092299737175,-0.1416459088272772
1119,-0.3229094801169623,-0.2143374986735646,0.056494943331266485,0.4270055567647978
30839,0.12694940740196592,1.6385271778452017,0.8072821080638501,-0.15719268500350972
55399,0.6896378859498203,1.694960415882634,1.7896358200394735,0.1455077937215022
55999,0.27784518621044396,-0.7585979185260922,1.4097962808958167,-0.3934776469127594
69759,0.36125450180821983,-0.4648349997668591,0.5815434016215173,0.36364745293412787
33079,0.5017631458571121,-0.6267191813253781,-1.1753738300190302,-0.01822844112379644
41399,-0.706015673820344,0.5883374127499962,-0.3568969121431312,1.4651470961156017
6279,-0.2238883340269623,-0.03806983008735115,0.5948660991945077,-1.4914114084645151
65359,1.5260779695949431,-0.19073344249125018,1.289434906879739,0.8624896398383688
14359,-4.1565345576210975,-2.2026716943717397,-0.7328263176078921,0.18026533306188705
67199,0.7875395236930794,-0.45352134788052817,-0.8408446498479121,1.0026309383353997
75919,1.7718944358489657,0.028834379963852935,-0.10760358011507547,-1.4495573754439919
25919,0.23293625958395076,0.2545642341559579,-0.1971747114174508,0.664045682823992
30079,0.07671159593137433,0.3368015532854569,0.48819430017119936,-1.5877190610338359
34239,0.24900815387621292,0.7069883007033296,-0.652089192334056,-0.36937598152177825
51079,1.5101783317782638,0.5518946450292905,0.6393139028425001,-0.026693555261519536
53399,0.4740405808291477,1.5295891246409394,-1.1164932814741333,-0.482860497804278
69519,1.5813656065941695,-0.2131989921336343,0.004231413388498108,0.6907791208811865
42559,0.007264040499058349,0.5783979257973213,-0.0005717988979785844,-0.9279352245656662
18799,1.3998369531060406,2.7988466515063233,-0.14915121473127504,-0.4009720823657419
50879,0.29968035685395655,0.0008178647637162241,-0.32031987144046303,2.393662096373868
61599,0.7406686606475201,1.0290644330687684,-1.080548497247922,1.260666332560807
63359,0.46233414222802405,-0.6286201934468231,-0.7355443274428206,-1.5232692465363862
69799,-0.05832330952917577,-1.3514009561966411,-0.43426916661548476,1.3871491488511256
75839,-0.7715656274248807,-0.3036072516152095,1.4965320462065026,0.4343226416198544
48839,-0.8020504684630316,1.9170917259065932,-0.6807701995344723,-0.9877012529962396
47279,-0.5130335844204923,1.6500005207479567,0.02915637964357136,-0.7265247687940427
7439,-0.4855639996288468,-1.0357550016231154,-0.1639138130763156,0.8951833431758016
24759,0.39292269166207067,-1.14684032773868,0.5736025543462916,0.5870449021384178
68679,-0.6194022297247913,1.3635075867236148,2.1449366760469633,1.1507526808139574
53279,-0.05345786574210411,0.451994021506723,0.1084355206130308,-1.2264378802128457
32399,-0.6812235679356551,-0.532775265209211,-0.04575240743261348,-0.26378696404168095
76999,-0.06788067232609045,-0.026021093881068467,-0.71344634471898,0.4897602963001648
32959,1.2799965236819768,-1.3644323151507434,-0.3729695871945657,0.8959073183531971
279,-0.2449362596477224,0.4874198757466622,-0.10494816189907544,0.14223662625771472
8599,-0.2509806866254918,-0.9270185381129689,-0.24731768471496438,0.3048747410258276
12759,-2.1845054494861715,0.2085084050834811,-0.3879309042438027,0.32170413590118707
10439,0.01360262359141243,-0.715857238402559,0.8526866773971803,-2.227478601956509
57359,-0.5025623120825191,-0.5338928913197526,0.10663828687448156,1.22860699378883
61519,0.46172472997045877,-0.8405204197542652,-3.5627848311819075,0.7369419389223514
26999,0.09100614608224072,-1.2719780827451443,0.07017741543215981,0.7356574056547811
65679,2.3594101974665387,1.2326614457527307,-1.8957590557605324,-0.8681186704682137
28879,0.1896899284495585,-0.17180502684847218,0.1526172088346958,0.2324874498795138
73999,1.5448566697925372,0.47096727312400605,-0.15163409220550317,0.8966461948922664
62959,-0.5907191971657554,0.1959379045132123,-1.6113592771215164,0.6138914116716164
73239,0.3491240791620344,0.3666136089422628,0.3341804523456051,0.04927440030115922
41879,0.6160780098927003,0.7223830875221833,-0.24477730619591478,-0.27973099548829566
57559,-0.5184089683650257,-1.3480306023905875,-0.9164548701354674,0.8034661939229505
50199,-0.5362498843833584,3.5969930083139667,-0.45977124840440853,-0.26946812103302686
719,0.4873898587190836,-2.0227290948743706,-0.5200021566570598,0.2223084416374136
58519,1.089824288225414,-0.5813341458211598,1.6453250437077755,-0.12774428935667828
65759,0.12824488726984776,-0.7416477480423191,0.4484793325257666,0.24188221209488286
66839,-2.048263708265758,-0.3605105831169461,-0.20802070209542808,0.8928428840703694
70999,-0.8783187200893011,0.6528587211385365,-0.282069771137993,-0.9611705999128812
75159,-1.2477895540054278,0.2852707714478179,-1.2203661472709568,-0.09527236131128686
38879,0.44712473849548146,-0.17494447806190955,-1.0748506911581643,0.7343510991234444
43239,-0.48968771573694325,0.17685109662311851,-0.9915727512403114,0.8668874204710951
43039,-1.1389391356482064,0.054355239785218806,-0.7882648043492473,0.14495271490496017
2599,-0.20878633191682952,1.0097313050076842,1.159748843074762,0.5388243107581433
47199,-0.19188643368998334,-0.5491119510687835,-1.3573982200357977,-0.8427980531327853
39,0.1682638390939287,0.2731754851048093,0.01855260666528995,0.1916731904792729
51359,1.515342276441499,-0.5939980839968831,-0.7570067043676619,0.26956656678379287
71279,-1.9380986837813687,1.3266667302357193,1.6814918811371353,0.6964987562186427
71919,0.6373138604732692,0.9286456716649782,-1.114017868321489,-0.5947080945052385
63839,1.2205358252889311,2.0876437328068205,0.21342868630325415,-0.48459807649427944
72159,0.3226775585940107,0.6529786225221721,1.233735369611995,-0.36716772715925705
39159,0.8645827815250426,-1.5363537897195836,1.856737878141166,0.013769883075280629
50559,0.2764234650006368,-1.8037085471999772,0.9105542155933427,-0.10392671992253188
6399,-0.3554985151360208,-0.8930758668670042,0.5955634721163197,1.6133684730040851
26599,0.13539924088898087,-1.214299296634324,-0.4834423541115811,-1.1919426718762625
16239,1.4774925077893835,2.0860650205274545,0.8442721790716942,1.0734572091335817
60839,-0.3223265099189979,0.39480635612414966,1.4348169117722203,-0.2983666667315809
4359,-0.0914684890132986,0.612639077838716,-0.2887273978522688,-1.8851573695772896
28719,0.24888921769889227,1.6869162957651143,1.469537493706248,2.3023363171041145
33199,0.6342888453726913,-1.5948105663010979,1.7567234536446839,-0.546844557807303
24279,0.2553434973509671,0.9935185459131618,-0.037194306007792236,2.6350866781168456
5239,-2.2231823399853035,0.44795389378003564,0.7808002142666085,1.4733015708916166
2319,-0.09143565412113909,0.7446255759219986,0.39417674608634184,-0.07888065410166958
15999,-2.38117838850614,-0.12148534493956537,2.0944973220588383,0.739359469953297
9079,-0.9152049329974794,-0.7307718506511279,0.23184269693673015,-0.7211972394685471
53679,-1.8622990810964237,0.5448443077973559,-0.24966790967175012,0.27733927903204814
10519,-1.7411580158334934,1.3646509496951433,0.21846118740404094,-1.7734180634342958
44919,0.6561459819404513,-0.05586340077606757,-0.0329989087235846,-0.2885838889447815
38959,0.07198164819066193,1.453808743871685,-0.6337379777336878,-0.6996053328785354
7799,1.1256852460853406,0.7268341783986245,2.214016486480176,0.22206330808223415
29879,-0.7508387999426872,-1.5345291172700448,-0.37481644346995135,0.6984762769284307
69919,3.006834061532135,-0.762780018787493,0.46643090360870587,-0.26822155933266356
38199,-0.20418160778233174,-1.4519676885028987,-2.459004115555613,-0.8116805908161122
42359,-0.6801735674899194,-1.4206890725240793,0.4172802656460269,1.4896785415874922
41519,-1.0431818643871504,1.3429107441367933,0.16810246900732878,-0.5343253355365463
47399,0.46447061210469026,0.9168626633573813,-0.7343054197443506,-0.020240308493764618
36759,-1.3031033703140393,-0.6551737757907651,0.3316419758834837,-0.3918139184458821
54839,0.00700433341949389,-1.149045385131747,0.5279497544660554,1.584030208919454
22919,1.4315265532162955,0.334210034348902,1.283630486985977,0.4299349895887606
55599,-0.7610669342657648,1.6416299916585635,-0.20202073161772666,-0.13419107807861183
56599,1.357407834769587,0.6626557570065567,-1.1176970209455641,-1.0116562035060912
71479,-1.9545224860149137,-0.9964351144978988,2.2740829898229196,-0.1777637741415865
45679,-1.1877249432683743,-1.4958483435987957,-0.4194437793878986,0.17314719051858973
64119,1.3125894805561904,-0.8179591759909103,-0.015223046592247253,1.455381347254136
2359,-1.1921144150291951,0.17726049083004972,-1.0245021831828092,0.4957061665237876
36159,1.1841022138121855,0.2536295740795443,-0.41510357327711717,0.6247239638450894
37599,-1.365947241608064,-0.01008751476467187,0.4416476876063888,-0.34546188487479484
15559,0.3749390295149105,1.388301096570835,-0.8894977344109751,-0.36076276783070654
41279,-0.3537175189263789,-1.2491548890613302,1.6385465275337503,-2.0281593010875323
19719,0.17571766541184283,1.128136514579238,0.8358204810000309,1.7022355990051659
28039,-0.08318822280887847,0.3426496559045584,0.3531164734072632,1.4316433372939954
21879,-1.105464261424368,1.2634056176240827,0.5126203609679973,0.6696901835801494
39239,-0.08600209244632502,-1.7090248394378946,0.07168588559235775,0.8558155380688545
36359,0.6594868229914849,-1.268001960954878,-2.126579302256634,0.5929791996908585
40519,1.4968068075893217,-2.093539973950198,-0.730147338496283,-1.0417341461715466
16439,0.2585187965827679,0.7661527695728636,1.7313223834092621,-0.5233434941984324
37199,-0.0415610019191902,-1.1726960761133145,0.9898936354035286,0.34002651377495813
52999,-0.5895186062831146,-1.2348774142836632,-0.23270273476995312,-0.06915439386999338
57159,-1.5650139188025667,-0.7116613707491788,0.46885610268532096,0.31175101358741564
25039,-1.79895753184876,-1.116458824854555,2.2890847116896205,-0.8190675121063336
65879,0.64232366292043,1.4974177233159103,0.3482613780318911,0.29162761214579497
69639,0.033223513493175975,1.3492668834521555,-0.7185603683690284,0.9126728959792291
399,0.3635630487703123,0.07099262804515186,0.45596447191713113,0.8675088868699224
37519,1.2364052234500176,1.6185538083062347,1.3840344888221667,-1.1298229165616167
41679,-0.8844360166451655,-0.5691303062999954,-0.1954124910289119,0.18195584656623504
74079,-0.6933995580787085,-1.441009914052542,-0.2197607954335499,-1.3544776482822558
64639,0.5768997066415605,-1.5837257856912241,0.14056126906822447,2.1620488546094005
49999,-0.9918631702909919,1.3907196684552243,0.167288179339288,1.9211864009562134
16599,0.3739219787194292,-0.2882329897345321,1.1751727635097065,0.05655121036875901
58319,-0.28925705421611586,1.1958652745146923,-0.6207291057642643,1.010866961200836
72039,-1.6979995929570677,-0.47980996874808296,-0.31205280219893183,1.677888925278956
22039,-1.2255131914005462,-0.04875121663313094,-0.7734993939711231,-0.750416352542639
13879,0.880625596072492,0.5605717326835209,-1.2335052107269675,-0.8230096811297788
76519,-1.981181362926783,1.215648492856131,-0.9190025068204349,-1.4010241550569091
30399,1.5359742064453052,0.6370999873751875,-0.08626617651828053,-0.020526497848659717
29039,0.8897930725246067,-0.4804788950719993,-1.083236306666659,-0.9544967886726233
38679,0.18784738469175588,1.332403341108683,0.18296311248427694,0.7982068424265362
29599,-0.258685977732103,1.4201045930006306,-0.710970039021191,-1.73445093915019
34319,0.193341732964855,-1.0993084117772702,-1.0623086388285357,0.5685235450880104
67959,-0.6355067246895002,-1.1681616380323596,1.8892403472709347,1.2959381115762483
55359,1.2749298092491743,-0.06679033959914804,-0.8625874493448717,-0.677167456192674
63639,-0.26363773124310047,0.3208399321119514,1.7652367114517211,-0.3275800197887274
15319,-0.24280454378644414,0.1340636799936821,-0.7529755595240633,0.6696727580005395
27359,-0.40590003340423525,-1.0259249070648262,-1.0505113873466527,2.063534927700376
35199,1.1630872695437549,0.7272176998457639,0.5923660030346223,-0.5410074344013636
76119,0.6499720346505485,-1.4327027587315748,0.4963742384809568,-0.2505194783817005
39839,-1.0893284254577171,0.37035073493443454,-0.587652147658861,1.3451998062074555
75399,-0.9068581522233257,0.0156441220121853,0.890798270129501,-0.41280312200084085
2439,-0.3244424494262907,-2.164828367314279,-1.5455882210204752,-1.1732466303188196
70639,-0.3276991517575483,-0.6631296073189897,0.7297600254726557,-1.1220101931700204
52319,1.4407511822783614,-0.20761091749575342,-1.0233410457045085,0.09171268635927095
13719,1.1035524397204877,0.8722785056234231,-0.07963378393363471,1.0634652968796905
56479,-1.097883197356455,-0.055416909259201445,0.7588113332730428,0.13034878249995108
76679,-0.5599212700174233,0.5908341741007397,1.3912144826802022,-0.18959348294894288
20879,0.43088532760835285,0.9025692297045927,-0.21858773337790618,0.46914416017585425
64799,-0.5297985366114731,-1.0864024625880906,-0.20801683530132736,0.37014968382876184
24359,-1.0199993611810263,-1.7154385707533928,-1.3124184382098625,0.3736777848382804
28519,1.416825830817738,-0.18604021332576523,1.070725723761541,-0.8899158181674732
73119,-0.996034630973931,1.9689296841837567,-0.9126737522166125,1.1749492268087984
32679,-0.9032631736149139,-0.9403868137575003,1.1215789898402222,0.7799740546693869
70039,0.5631078217299343,0.4994516287764331,0.656797905977658,1.9170285481225584
46839,-0.8603303757887885,0.7881628390185205,-0.18135480685574334,-1.4837831293790646
53999,1.6341668692877958,-0.9292638737326074,-0.043426732141500515,-0.025317786944174372
67999,0.2885238519346644,-0.040895322953332695,-1.917136949155988,-0.38267531500980406
9359,1.381426570094974,0.1254383970025873,-0.7616684606066703,1.483091585962129
24999,0.7556609077025626,0.08043133298101679,-1.611555675702464,0.4764710010911996
39319,-1.1462797232415287,-1.224600817614159,-1.0603709090399438,0.44569597906314434
2119,0.2613087953104176,-1.9941467872062764,0.7927165450483434,-0.009379339269705342
1719,0.5276265358424815,0.16542077599664748,-0.7748226072103668,0.11574569669403033
12719,-0.5276902796410924,-0.5655414713279789,0.3030343930940243,0.08014822399632136
13519,-0.6926298899219413,-0.8078318025911331,1.7800071469119458,-1.19621427668116
58799,1.3418728725249047,1.6273933670217093,0.2626636401767592,-0.8127167487692545
20919,0.9178924012987689,-2.025337385782032,-0.09098399800942394,-0.4671813712277906
67119,-1.2686401748787886,-0.04942854875714894,2.8602545813546225,-0.2607852304123812
6559,-1.6110235247155142,-0.19440862999698286,-0.052867937597139474,-0.9720566086254707
8639,-0.3007389904888005,-0.8827352610353767,-1.2915927629931296,1.1303952681555454
40879,-0.32234394093205737,1.2460282713992126,-0.9806747312846631,-0.35112417127897444
11199,0.16535424790655204,-0.8727718133680202,-0.7805802223550273,-0.28268686797104153
57799,0.8550640179380908,0.019814408444769668,-0.25856901189963827,-0.9995471283963004
72439,0.9257102805321951,0.556729126108598,-0.0025053572323203988,0.9158514000687887
68279,-0.8258434640794541,1.915623354592992,0.0732991711620754,-0.893970388625421
14799,-0.3640375305862998,-1.1729938051911672,0.11864007595055363,-0.5337140401466873
76599,0.33114307704245616,0.0817077612712914,1.2857760368209288,0.14039149228961004
17079,1.398939887511728,0.7256567841749163,-0.021804939215851565,-0.9232908409956594
2519,-1.2033135967839172,-2.3722166159012144,0.1600760536155965,-0.6236195010145097
8199,0.7479934445473788,-0.7992800731220304,1.5767308384475833,-0.932945425051268
79,0.22006782930588897,0.06210831681694462,-0.01620690774039857,0.20294467852970327
2799,-0.7695212762045073,0.39729380340213094,-0.7561556268817411,-1.2793603171445096
51679,-0.2323590840758316,1.327239969797753,-1.4325306347262259,0.9420079223720057
24839,0.1367452555449736,0.4135891243574,0.10816959357463612,0.42722233604059173
28999,1.4832596451739686,-1.6932704473351656,-0.44546183931613326,0.21496684659572313
33159,-0.8917718503286892,-0.03608330716761009,0.5325055868117725,-0.22530777949643763
48239,1.6801025606668407,-2.1902439505740294,-1.4821885392254026,-0.68756434056477
59879,1.3686918001550192,-0.15564517218490884,-0.7777865266588071,-0.5908763251034261
45639,-1.1366366385954842,0.9032627506837067,0.30251094473335705,0.2632120838590477
19879,0.22646518196951484,1.925935745254823,-0.7257722598322836,-1.461831208025626
49799,-0.20812259687395893,0.0639104257946357,1.01454421980349,-0.10524358500165994
53959,0.6341676838304917,0.18891957720156097,-0.3584810249608239,0.08594275360591017
16879,-0.12108490651360913,-0.7711296102185282,0.09521393129333752,-0.6578408507700269
66679,-1.689273344363429,-0.803752780172614,-0.12928150653474108,-0.6437730919740461
62279,-1.4567957411850214,-1.0999946795526903,-0.805054238634571,-1.647417447557631
25999,1.9650218341405783,-0.6704397476330712,-0.68688796730682,-0.3242540808523437
70599,1.3888547140853662,0.6153062400917304,-1.5621582286353517,-0.7326540575715432
45559,-0.17375170362857742,0.9227053107489537,-0.7409918081735667,1.3968487982980686
74759,-0.45703764909282035,-0.44359975890732656,0.5997231531931857,0.3196282808064653
57519,0.06075682160926122,0.9012366110054661,-0.5704282526481037,-0.182047457890281
39679,-0.34530397333437246,-0.1341529023995664,1.9570689728594994,-1.187425628702621
2199,-0.036452560539596474,0.21770168395314424,0.8611687978777499,-0.5350729141212067
53759,-2.2081277101209165,-1.6303619706514623,0.09328389423132685,0.7763536826638555
63439,1.1675841092565702,-0.24607929088588587,-1.660921683469416,0.1024869515933414
31239,-0.8598524731650055,0.6886598878281672,1.6551376822041994,0.9180896865065916
38479,0.48242149638704507,0.21522898088457587,-1.9352821094332624,-0.963098512879757
59479,-1.0551289582311143,-1.40709031113675,-0.39781253615123346,1.1902299743827445
52159,-1.3598606917656297,0.9331837188644104,-0.5155167466226862,-0.8107622921708546
18959,3.3754802024530837,0.5906950155784878,0.8936956950964394,-1.2416166865676785
3359,-0.5261461842591072,-0.14223234238394977,-1.4422287266248268,0.31947779643792845
999,-1.2541745587487905,-0.23983328117033767,-0.31876082919825666,-0.2940041538057183
56279,-2.094780131610355,-0.46649174603042626,-0.27081393149820043,0.34806552311699124
37399,-1.0431894590758346,-0.017781305882180617,-1.9874313647099877,0.6218255093205396
63919,0.21604802513199922,0.15626463244601027,0.6893422642506883,-0.600547480800887
28319,-0.21198586347139864,0.6122020462128402,0.8167109907509954,0.6689103570512179
72919,-1.1811113776958446,-0.051766822513189564,-0.6577970235139708,-0.21283259476391314
55839,-0.008349991971056939,0.04721347886931956,0.2984533464341614,-0.3118689902386084
40799,0.106086698900314,-1.1827755547784597,0.43976893842586706,-0.7725414906864427
69999,1.0510281346617552,1.2454234450716128,0.868436328967124,-1.820386015978392
65239,1.4056451800575696,-2.4120129055042048,1.0191951684426268,0.24635615330218005
64039,0.4748635051584337,-0.6526650559358839,-0.31373398506714456,-0.9988362729557072
24559,0.18386702201141977,0.6263873742901823,-0.7961829071734364,-0.5702653998893112
27399,-0.4969902467161931,0.39908546117726684,0.7190123957040369,-0.031547490421767285
1359,-0.7741950433165407,0.9295093919033142,-0.08739048319194417,0.36192397862490544
51759,-0.43916603071146515,1.1164728386156537,1.1636554324090622,-0.29791902001873005
46199,0.7943547313816169,0.23762390530738534,-3.492739732379704,0.6062372019398391
8759,-0.5049224175934888,0.3780502856858234,-2.3442618922992846,1.0142713486757853
46119,-0.42911374707208744,2.08547345775862,-1.0006571728969311,2.6052851113569213
26719,1.1288118381343235,-1.867500947780021,-1.9883433026671553,0.6768266788591022
54439,0.406513975109671,0.43620276131606606,1.6393702578487255,-0.3341925096191805
37439,-1.159858964524947,0.35818203861915354,-1.0220348316394674,0.9201876107843782
24319,0.22369143016932377,1.444138300712729,-0.6601888652069036,0.5457840312917945
62759,-0.21743604420805626,2.0847320894538997,-0.6885630357593797,0.19702476786984932
66919,0.4297872793392639,-0.7970375245281537,0.8706732503470116,1.8247530468883106
30639,-0.7358523352330423,-0.1644555365443878,2.158299853701452,-0.13728214794098118
35399,-0.2842866684646111,-0.05571446923041359,-0.41966935176048753,-0.3082076165198517
51639,-1.5554232572473108,-1.6914623762852294,1.0614308599839564,1.0279208391501629
17639,0.2868561180736697,0.9278136209463702,0.4470014908376948,-0.5372658611033645
74319,0.3379729103843481,0.04201714051857934,-0.08036786535627381,-0.22521563029960692
26559,0.7724707086936192,0.7750671969367288,0.017692595433638488,0.9140777165968694
21079,1.1732480476846856,-0.25099644537154564,-0.011824843913904468,0.8678386207803281
72239,1.0626291338716507,-0.14325399805664865,0.9598718500865853,0.00208265564122537
19959,-1.0146628829523288,-1.9354997635507263,3.54472942860257,-0.20769276657522878
61199,-0.32989029156768035,0.8406904741946541,1.6765173034750018,-1.6344413523743728
8799,-0.34054865375239524,0.7534083667455392,0.48058777111229484,1.3021057845242543
68199,-0.30209522056787314,-0.21254324433386124,0.5959265949662772,1.1631215281342009
4199,-0.8127698107582237,-0.025228495860143158,1.1774775646789104,-0.012048847814591455
62839,-1.9196235682549991,-0.39314327868358745,-0.5408498245216652,-1.071718484946957
5119,-0.40833346503538737,-0.27112676465339475,-2.013814269453773,0.409514693734662
14959,0.17472610341101114,0.09555043419929185,0.9048115823061916,1.033477535316523
9159,0.12140382008370762,1.1370045860995817,-0.1410255500375999,-1.3739937762166339
23159,-0.3771765651211092,0.5744347337160324,-0.16321635780213445,0.8141886963742191
13319,0.14286325238620784,-0.5426030727937837,-0.7436113155114132,-0.22022124342999788
70359,0.5830294796005034,0.5119219632920379,-0.002926208062762659,-0.3137804514863965
29119,-0.7220010550223028,0.12158586939829558,0.06562080190374447,-0.08642949237142364
41599,-0.5725200290407932,0.5408284548766406,2.5866499926991056,-1.7174825595311318
74559,1.1354183932587187,0.04300381808696121,1.5883572949689115,-1.09796175319201
1999,0.4406702507228246,-0.6927427415657493,-0.6605718431235463,0.09409291184197509
60039,0.25505752054692155,-1.4810940617877106,-1.0488132816316424,-0.3933792296324197
6159,0.6438342587875091,-0.5651704323170604,1.5357846603714038,0.26955253302191895
71159,-1.2531707320900165,0.39154184092671135,0.07979225806622285,-0.5359315125085901
59159,1.5140291163551172,-0.6503165691144793,-1.0413427527736756,-0.9663153004535111
24599,-0.18841752569981868,-0.453298515098542,-0.5429529585365408,0.3451670235266196
18639,-0.9980970695039536,-0.527340674412896,-2.5743622970019064,1.5129605563798787
47759,-0.30629075906849496,0.4343523083554989,-0.9144828235726034,0.7655003316281844
71559,-0.04047763287088089,1.3721307111459902,-0.294898920018439,0.5061595394073611
10479,1.2640193669651236,0.6603681633956491,0.2004067956067561,0.4128840432196253
45719,-1.7631586085348128,1.5471506700638824,1.4324241767430401,0.6221294225028831
28919,-0.35074589714100257,1.0400970065865989,-0.9353618040687282,0.7257904203934669
43599,-0.43089271653119426,0.7318999689436589,0.4458019026228131,-1.0810506136381164
12399,-1.3101766140078812,0.6652072559117292,0.36581360397186974,0.3186819168421024
7319,-1.5810017523590585,0.6533838528789365,0.6214455857504209,-1.0084007664597205
2719,-0.7145931305216129,-1.1244341846821229,0.6779729143062169,0.8321060245587432
42599,-0.9307853098864893,0.09734382426761228,0.2373444780217683,0.8541259986442774
19799,-0.17144727027779227,0.17976945698940067,1.2790955349934694,1.0123495125763864
22519,-0.6608772893037335,1.4668932845498568,0.6292190836521927,-0.3208258615550262
72359,-0.7068129583518162,0.14426952456046305,0.013791139584780766,0.7014921073866262
72719,-1.6209792311126983,1.3323339986200358,-2.2717566864151433,-0.47267678565467935
36439,0.7630895410619707,0.5432740506867907,-1.2319763386565734,-2.6368253464559417
37319,-0.19813334372861818,0.6445187219675202,-0.8328614050507266,1.4547141844238385
4319,0.029837712035308668,2.010340349494305,1.3750322696413397,-1.5731440272206076
49839,0.19166798306787214,0.5519116678610371,1.5403796525503997,0.3016021955218863
34719,0.5648464462344789,0.22557608532987478,-0.5498603302519531,-0.9526322950908135
73719,-0.038095548618492556,0.30987911960897013,0.842261535540438,1.3017371567216387
57239,1.248937107835326,-1.212056621219202,0.6163884515211459,-0.012856055949246489
61399,-0.28423402558847083,-0.739840225262738,-1.348941466750282,-0.26632286119535936
58039,-0.8100618406616312,1.1907831603432946,1.8217472080156343,0.9450324702819103
65559,-1.6867759931733142,-0.7417136570121888,0.2538823642009241,0.13703531633905167
62239,-1.3121180651072895,0.06245120587225082,0.41633355750690737,-0.9222439598606971
74119,0.13887549886199427,-0.22245051266622015,0.5596834415167397,0.015684978374949046
35519,-0.8738611576981735,-1.6680153168655087,1.8940389781462963,1.3268003233652417
45919,-1.1600752158750516,0.5775246548104634,0.2657681958260851,1.7012733069562158
64199,-0.9709871727563553,0.819741336731612,-0.8848711800716519,-1.339277172907844
62559,-0.3002423647116308,2.374248254379836,-0.2963959975839246,0.7369064769429319
20599,0.34760771047964656,0.6866118537253877,0.11682123243464464,1.485568092439418
32639,-0.9365012167574168,-0.002370919614945595,1.1788218110921145,-0.5659675717995194
31439,-0.5718278804946227,0.6495883394654297,-0.38224131863427263,0.2574642292597371
22359,0.797247997904157,0.3827104818040699,-0.9812739637024644,0.3742522880124185
2479,0.7761425216642505,1.4023647412367155,-0.4239309991529452,1.1186363494507763
39639,-0.43024872715860085,1.616495982320309,-0.38843675349318096,-1.8439547863107
51239,1.075314858024146,1.8186987569718083,0.8943877419053589,0.05765891604890466
55759,1.0741561320137751,-2.5993845176980988,-0.9113457946477558,-0.26285432309380585
19119,0.7377523635013066,-0.856897148541581,-0.04912055239212246,0.7265860645448737
17119,2.002129030967665,1.4717835754566124,-1.7824031712733288,-1.1973182486428986
67879,-0.5434034460039578,0.8073903698374029,-0.23662192564069187,-0.5519347272475799
35759,0.38839952434625885,0.38059368567550883,2.9144417893530483,-1.952868085029742
66279,0.6507433118955674,1.5937819029317435,-0.08240175963455158,0.29281115412734676
34599,1.279867018888712,-1.4126067771296185,-0.9805183654274593,0.6470417598643875
11959,0.04460277285466393,-0.5852248481181334,1.0469616206790566,0.031524500012129336
33519,-0.7914320185816122,0.06905259761630755,-0.28174622028203167,0.07238494617416674
25639,-0.2528372338242095,-1.2798079428210605,0.272747183896847,0.07108474916817788
64879,0.0831119732228789,-0.712485385591858,-0.04775328343440716,-1.1112192349951857
69039,-0.6097004714661636,-1.1207305759786226,0.7483202051940107,1.947349035817487
51959,-0.4870443831206338,0.7094044975565549,0.44411065577589715,0.2729870992020933
36919,1.1857542020991783,-0.15754273604738372,0.20930140038183415,-0.010689254360814887
49279,-0.9104829216185812,-0.3739076146942797,0.07182598626184852,1.5219514659902333
45239,1.024698358177561,-0.7747902070421764,0.12819731548845284,0.9323583956090156
8959,0.4204588302838242,-0.5689013870524608,-0.008664137819485527,-0.4917652384908809
21439,-0.43613241881998865,1.5788210148774582,0.1539009137922728,-0.2631378398396755
43759,1.0317607604215628,-0.36390364258892705,-0.672006238567074,2.9496095880933524
58119,-1.0188985203027487,-0.8681237635845013,2.2805960059502097,-3.010031149948331
29759,1.8786558949944072,0.5381978468643197,-0.379127812589009,-0.26300474898547493
17879,0.8712393514032537,-0.5231454270755261,-0.7984871194918323,-0.03359149119394901
38079,0.567407084404119,-0.06436095983497861,0.7848494831487117,0.26232062617274293
35599,0.15391464687730805,-0.9478548633121722,-0.6139362254892636,-0.34785962838417706
75879,-0.1547176202445271,-1.093905564417009,-0.3177396228090875,-0.3339575031737662
38639,0.3599169706913328,-1.090514537077446,1.0793543448757252,-0.21808984368452253
24719,-0.26940103485055344,-0.5362311760135657,-1.1802087118683842,0.138322888755448
43799,0.952465778621621,0.9915387981175205,-1.0677350343875474,-0.7769154158123338
68399,0.6256034782215678,-0.39969344812145513,-0.4769316774649183,1.7586593299645163
26759,-0.10771066303173868,1.7577159151887012,-0.0036488857006235177,0.33337455099605107
71359,0.5781642300782419,0.14866581958032418,-1.2989978651652396,-0.6596314050984645
799,0.05591474391422958,0.6176885762404363,-0.2295982659701034,-0.8250026606103633
75519,0.04944942764442783,-0.7881808077886856,-0.5118513792867219,3.0028068137088177
7119,-0.016280791701788085,-1.0971803302354113,0.14226229614478342,-0.10502153873170635
29479,-0.13436244839911424,-0.8302411361906941,-0.05438528309250637,1.4143028390693297
11279,2.249074048696438,0.06247648888386387,0.5480242001309948,0.05959482773192933
55879,0.7877909783585405,-0.26478891800117377,-1.8798727177089798,-0.07944095131512277
16519,-2.6183505017659607,2.0889985976525116,0.6846326422767685,0.0712776385406251
60999,0.045736525059756464,1.3723668018457182,1.4536561567883133,-0.00677861661757578
6959,-0.7806337991633333,-1.5734734214563753,-0.9975369995308634,1.7228422847441136
72519,0.6951435688947135,1.6177189408925654,-0.7670709659682384,0.7916754534234492
36239,-0.18613585326570845,0.10276236806246743,0.1601168424108344,-0.3081494681203965
66359,0.41806176912041326,-0.7341445216773599,1.4632927217694416,-0.12841738880565728
20439,1.8823513535780902,0.9201506739142402,0.21616854114748027,-1.0146182381079853
20959,0.48388602416017024,0.05688640788188919,0.21446341820355536,0.6050370745299988
12439,-0.4416708057740691,1.0452588201978033,0.7215092627978841,-0.8308604005781102
60399,-0.11854559321288427,-1.8335876538336597,1.1387922784408355,0.7877482803239857
64319,-0.12023221162841463,-0.2424141115346335,-0.6628972287745485,2.2236977294265636
24919,-0.024214030203166207,0.11217135676582071,0.6670952612701581,-0.5969123502174896
4079,2.576990280974596,0.019314943948531206,-0.9820238674800492,0.48325961449445515
63479,-1.0916614099888906,-0.8877322337753608,-1.4230654188392273,-0.21237814761087087
839,-0.5632113140658522,0.5297946099384854,1.5245889293926014,0.6675615199476204
41559,-0.016921223033955372,-0.9541368052089065,0.9816300138951982,-0.2618525055106402
4919,0.3982999444802706,-1.2334872896050302,-1.3275088532223858,2.1921953257786453
5279,-0.12944956139157118,0.9363805963243038,-0.5354783950264014,-0.5837036200056535
18159,-2.0701651627650053,-0.9380878363705637,-0.9167299965375202,-1.7525699274440523
49879,2.57684170635032,-0.536937222079065,1.6376197116092863,-0.10843983156029358
60239,0.5074020659320119,-0.43951128024389663,-1.9200124042034823,0.45149598980258604
66519,0.5493699047520401,1.5053274664919776,-1.0690664491168358,0.9544795249110707
17239,-1.3730150172913975,0.9996495884341873,-0.9231051706700392,0.21419943986497436
50279,-0.8965920660757966,0.34746718511325175,-0.9283566636203622,-0.031576048575671825
34399,0.5622175276864355,0.8163449066750663,0.7749257489111141,-1.3143891168298738
19599,-1.069206422940657,-0.33851655873403996,0.672631739155152,0.9942304849898235
38559,0.15819429011255037,0.48341764458886627,0.07474293283646555,-0.17225165076395
42719,-0.16218638074631678,1.3365620949271086,-2.7492357481385024,-0.46744248123755355
2279,1.3715597094327698,-1.1223553824839814,0.12566697224478474,0.502192121338003
46879,1.2017822904381457,0.8619015433932815,-0.1474591941362258,-0.6620288247266893
10599,-0.14533175581306967,2.5886976020628025,0.43927506093524854,-1.3080930536556539
55199,-1.0360281659051105,-0.4161308609927946,-1.013845532862902,1.5552196792425035
23399,-0.16723443099587046,-0.12429838697475219,-0.17493697598786484,0.942376390062183
63519,1.7213892759281075,-1.5926743504209318,-0.5559362620251834,-0.813580927967772
67679,0.9659939282940353,0.16212732840057817,-0.31122217587101575,-0.9785885434771403
8679,1.3003185011354816,-0.24030913966659054,-1.0963034624840848,-0.39638122408926585
71839,-0.5306940631747652,0.02129858612971288,0.7318932228640327,-0.6955933913114428
31399,-0.29744867046910306,-0.7180757592434801,-0.3692584433375339,0.5218473035542207
35559,-0.3564567529562193,2.230302192704565,-0.8449222976922012,0.9561222931620703
39719,-1.3294356378871388,-1.0460129993018086,0.3432263931460349,1.1634273224647462
3439,0.38709940025657663,-0.37216176110959825,-0.34173804066981384,0.0794562024283213
19319,-0.7289218887011663,1.0255105493912247,-0.5792076299122964,1.7950335112671096
2679,0.3186306387728358,0.6328630668580362,-0.5746632856458489,-0.05549594942184075
2879,1.8241774579247978,0.39267450891031547,-2.1754279750372216,0.23419151766620172
17279,-1.4780675180681535,-2.5781382984733012,1.7671273749610887,1.0603058972008077
16359,2.3349204777233776,-0.8845052644255429,0.6864441542760434,0.5901542325535024
64759,0.7087665610844411,-0.14625023067158624,0.12111565454057531,-0.6458799328910201
439,-0.25471732849263506,-0.6460529913225366,-0.9823528252493468,-0.15013753024795037
56199,1.7129493562451752,1.3871252728371166,-1.3185578944428251,-0.237702425167897
73199,0.24530253906034913,-0.48679045248767183,-1.182275682688819,-1.9843045359762108
32919,1.1942170169119204,-0.8176511500429913,0.49410419341556294,-0.8487351576820357
36079,1.1507351857759704,-0.07327770659591548,0.7939326752115158,-2.0237926225781964
22319,-1.2043609286947774,-2.7106600508905765,-0.07374410575149719,-0.38115067184478246
43919,0.6312667119888028,0.9502666554954974,-0.7852929190531286,-0.5471146417948828
65839,-2.2659876023668417,0.8786401545966068,0.7975478836789887,1.70670778152267
29559,0.1769375212682158,0.37304649912909593,0.9247908321860752,1.2596253725957451
74159,-0.7212431442482731,-0.08451398549864411,-0.01881991844640767,1.1360053153315197
52119,1.5776169910511937,-0.20555202439970935,0.7457834190661158,0.014924818444549659
29439,1.280978802247093,0.3977438859926002,0.31628053819753,-0.16583978702902966
35959,0.08164424706244035,-0.37257647737094207,0.20709881855206108,0.8852607508845336
27119,1.0926446176431577,0.18306256977214586,-1.5110924828180972,0.380830305469305
50079,2.0216523867220206,1.877412478653853,-0.4793218801670188,0.9647337127838078
58679,-0.2965995617479898,-0.7533973793398191,0.4062219807575646,-0.18417176663998702
43119,1.44201148557826,-1.9019046872659442,0.5038339329002132,0.033517009696483975
22399,-1.0388778486819423,1.3531205193652287,1.5977994537137894,-2.276270562568811
66999,0.07952167000710154,0.888055338499745,-0.5611283743770136,1.4628414922065613
48039,1.3754880900595516,0.6134023166891597,-0.6094438095645106,0.24230856358731678
34879,-0.8057888572712362,-0.6648052718285583,0.15332430205042155,0.7479944037156837
5959,0.21380722696285082,-0.34378334640834624,1.9693312508229828,0.25454243103673374
15279,-0.26915930504779256,-0.7342088913875185,-1.1078619036643227,1.3574964261815932
6919,-0.5931284686859439,0.8623146759271904,0.6585233324379887,-0.2880182948669589
51519,-1.0624680055144216,1.128491111520576,-1.8048916575603056,0.3368368927366471
11079,-1.118159029067092,0.8673223672517059,-1.0378752321589784,2.9895330983322426
23479,-0.5456904803875002,0.4792033964315513,0.9259345764692141,0.8256486042333496
159,-0.39492112185784695,-0.19128911387060973,0.40641390473030253,0.9890658052080384
959,-0.3193209788216301,-0.3756599739840566,-0.5863848165624117,-0.6354846479700428
75759,-1.3908164879251432,-0.4965248427039671,-2.2748676688982954,0.7802302777195183
44359,-0.02591979013125716,-1.0480299608343757,0.028827424305891285,0.7468772177220961
48519,-0.7827203361985331,1.9630795808978034,-0.3472918282312057,0.3569231370588633
12239,0.02442407503831271,1.7539729887787838,-1.2956622635921895,-1.6936441273649216
60359,-0.5981326374493581,0.27562797859000127,0.5833539689814565,2.4348121317273423
16399,0.17066716354814043,-0.19315950995152906,0.2731526364013614,0.5590310525090503
20559,-1.2555066771896564,0.4371879900032773,-0.8412229727173183,-1.1260024510664668
55799,-1.290319064448103,0.05091300709890112,-0.3943021720275079,0.12568614360263847
65159,-0.7675618258394311,-0.051158977482118326,-0.6974043925221719,-1.0614344761685557
69319,2.0826473818878486,-2.564077210333148,0.33486268211972636,1.2422341591725836
68559,-0.44566420402642,-0.11506097905081705,1.343100157875174,-1.941836439186033
33039,-0.6375954322500379,0.050066700679448004,0.734263529753976,-0.11241461835244572
45519,0.014934311376455317,-1.3106382190426193,1.0848704112263439,1.396568718105827
5079,0.2593981664217924,0.21515941804209912,-1.904774400470324,-1.2865831264741336
9239,2.14588199085665,-1.0807297211349187,-0.19918256392832684,0.4510109790697726
36559,0.8743213706194215,-0.7597446129844151,-0.2908007729407838,0.3813421813014411
70479,0.728472670616666,-2.253487340651726,0.09106651077037031,-0.8637612384291873
17559,-2.037855356716068,0.8202387242173039,0.06157263062301171,0.8319484688467025
2999,0.2548716473131997,-0.3213432339352713,-1.0777712344525072,-0.5684607124710352
62159,0.004774942668651503,1.4796384730183914,-1.03254312300705,-1.0176167288921238
13279,1.3764238290239208,-2.0181821164031204,1.9126332913948847,-0.9048868647975327
25879,0.4824981541478534,-1.597930577440494,-0.5889316668926804,0.5655895117533276
74639,0.5446993858093081,0.23155905962654888,-0.0872657150301217,-1.3656883013091026
38359,-0.5309343175493261,-1.1799599315238434,0.9957430600297483,0.7469184836307751
41959,1.4512708054416477,-1.282012424777137,0.918406851361242,1.0268623076289807
40719,2.2416820709542207,1.2794166302687768,0.8711165127688653,-1.909596980741894
26079,0.644682529951323,-1.5491596787019186,-1.0444397824392833,1.103005560382662
6239,0.8578562717511774,0.45325262471055583,-0.31276205999284945,-0.8151295853616837
64679,-0.9420056878577573,-0.41320237557796513,1.0508766231550175,-0.8254819694038961
54999,0.6051466368053736,-0.4594702057707236,-0.8715504478341808,-0.42789704249097665
19439,0.27500005032202296,-0.112917580696129,-0.1506566132995628,-0.3749696557570443
63319,0.9825411999046948,0.3757654243568352,-0.3523069559523718,0.4069243420953021
68719,0.39408043156530953,0.7305549785160252,1.1274560447719542,0.9287514560757746
27039,-1.3017518327834994,0.3310044788444641,0.6417980326826541,0.08336004097053432
31199,0.8263994127505572,-1.2746131120072046,-1.0463486225206342,0.32724175313391507
37879,-1.190105976513604,1.1029129816309187,-0.1135924166286796,-0.8402976388953082
74239,-2.199316237404104,-0.22429799136414635,0.28761135959902273,0.620347601799217
3239,1.5937673634850027,1.068988243009729,-0.24146439535418068,1.2680931755329252
47839,1.7262465704806094,1.855953884283314,-0.7039077278421382,-0.7058316925544954
56319,-0.9575401483301367,0.9328136402963246,1.1238237317812545,1.5840865103925816
60319,2.7433573060598073,-1.233796252133847,1.2293124299686016,1.1448528458799694
25839,-2.0779755982740236,-1.3107708229877926,0.4208970694862709,-0.013208396483334944
64479,0.8498011425647682,-0.3854714526108563,0.942271923682195,1.053690842219523
64519,0.8597209017322561,0.15826127371523263,0.970996222441263,-1.195548243879467
68639,0.2098391371492127,-2.51185108990843,1.7186601439816742,1.5784211697513177
62719,0.44800719417044255,0.5482108548001272,0.2953919869614593,-0.20478816397608404
72799,1.0830411010229162,-0.7591633633414222,-1.9100670940469304,-1.6972405439861737
42839,0.3744730772927879,0.17193021190779972,-0.7074305682263096,-0.21428349799509186
76959,-1.1415549291502598,0.7184082169859387,0.08038398896916918,0.8268176209607045
36519,-1.5086880171908363,-0.36619150571720477,0.09039735773168893,-0.16575212487673233
67719,1.305808044124254,-0.3354287814790493,0.15232686475236065,-1.0664713749111578
62479,0.1371773322706111,-0.8435197038181872,-0.8964578504561883,0.9049994726905578
44839,-0.29178357316882697,-0.3596035455596562,-0.300273917558514,1.4775311618974643
76399,-1.9615420260552483,-1.5074728364832166,0.21549062747692482,2.0382948560178544
6799,0.568051946001471,1.2312559473431421,-0.27390984354269826,0.06703405618219938
2039,-0.18416295548310485,-0.3483101080205623,-0.5996548643310514,0.5519561144419592
70679,-1.0043127168548216,-0.07753546157584199,-0.2533402668222772,-0.6362289911484014
21039,-0.672205694062253,0.548611452647179,-0.0726899024919262,-0.6001480033516916
35119,-1.8122185131438386,-1.0222508399323043,0.09367650462370522,-0.43286799372880297
67759,0.7323632980106979,-2.3455062257325445,0.5072713920368592,-1.0076588712045718
7279,0.4577677705028574,1.4948224441556606,-0.4388676066841143,-1.185718825772508
48159,0.7500872644281219,1.072875319264325,0.8733564388056668,-0.9144131973240277
67479,0.6648183018736907,-0.672622933455934,1.6315574633722985,-0.32056856807815365
1399,-2.4001480602865244,-0.25324729140455965,-1.9001905046447782,1.738309961545978
1439,0.774160636409292,-0.02050810291498201,-0.5125397000554766,-1.0077182487176115
50159,-1.216842859887021,-0.2980080611815967,1.2304931029209505,0.36278740181198016
54319,-0.5694401515438923,-0.59533290829922,-0.22299102549942545,-0.5386763689615668
58479,0.31115857018321236,-2.0139704260620004,0.04204223129024562,0.5553295363915892
62639,0.13012082608871875,1.8024748048107289,-0.838846202684287,-1.6249109881303787
33839,0.15617989656844025,-0.47998498971340564,1.5388295419920597,-0.5942852843473384
33559,0.19035125524240334,-1.1861304327540685,-0.03140705016889839,1.082398210075434
34679,-0.5106789133628734,-1.0956642108717398,-1.4781661646204614,-0.6241774972926433
28799,-1.1503080961104954,-0.20057621396956982,-0.03479134956271939,-2.0735567542293483
38839,0.33983918454224843,-1.0671268407461219,1.6683916819020586,-0.5943266007023357
42039,-0.07180435163145969,1.7124083689499192,0.19215889965179758,0.5372508826890686
63079,2.8768163653761767,-0.6869612136323171,0.2310437860470439,-1.6285563766782254
56159,-0.1913205693998027,-1.6947374627212857,0.7028391928506271,0.06695497669662175
15039,-0.7737065100087782,0.9303668399340203,-0.06560500001802286,-0.4134537221256161
9279,0.554116521640598,0.9540835734123397,0.6815047161258884,-0.3574816554128326
63799,-2.1807076050613765,-0.26335668424202746,1.1410625670973307,-0.3128706509991532
31679,1.2832558597634924,-0.17714728963557363,0.7602000753234106,-1.32412279445748
17479,1.69970342310984,1.5613432740187205,1.5702196710779983,0.8303691434599091
39999,0.2557780086209825,-0.2428974426246363,-1.0596748328422159,-2.2283090441332023
34999,-0.8751352551443445,0.1623372619962643,-1.3793222748578913,0.41487114911568324
3719,-1.4003783221843003,-0.7239546675697945,-0.7517982129452003,-0.6411669073183365
7879,-0.2723532222470964,-0.8426960836714518,1.373981218015041,-0.5854273450860095
46159,-0.13531201171166163,0.4322696791308917,-1.0772462142036339,-0.43832202392750835
56639,-0.7937094045732437,-1.0486126519388415,-0.948587074133842,1.554275696327419
16199,1.3492850576562783,-0.14685005468172485,-0.42711274523945864,0.5590242615946835
60799,-0.8393657659636092,-1.605582980813153,-0.3136390989837145,-0.6019117238672607
20359,-0.18948922213411545,-0.8787207565934936,0.9147429184010879,-1.1556188744439895
74839,0.06187117461106433,-0.11270244247128991,0.5573557312792798,2.163826476440823
50799,0.7335902896999649,0.33738899267426115,-1.4425956858931699,-0.7240583015587433
49679,0.5328368498419925,-1.3805038614935619,0.6470827808299645,-0.15465757427576415
57839,-0.17361845786194266,0.24306283669034476,1.1048034773224333,0.7928453400453953
42079,0.6332034076673666,-0.15507465529818146,-0.006165792514171896,0.32781356211175294
4879,-0.8436435262663824,0.3368815695832163,-1.4801708601255334,1.8509791040547707
9039,-0.5919146742222219,1.073175463119922,0.14398837780375703,-1.0118593849009565
28599,1.6579236556661356,0.11796455508445458,-1.47869806196819,0.95086509121038
17359,-0.14436320618736423,-1.3377905129912513,2.179830731989173,1.5494060061690307
40039,-0.002363186322802415,-0.5688791921132366,0.19224003322802036,-0.7570270945996912
21519,0.2988536498833324,0.569940328818936,-0.09348851077294494,0.21018283685680847
66119,1.1358093580220425,1.0569983833525447,-0.5865471405622699,-1.0209156825150958
33639,0.3972210555120931,1.19277850729108,-0.9297722363380047,0.4234072077973492
29839,1.1080173500023458,-0.20637732173676746,-0.9323209078833814,-0.1634445896177229
74439,-0.07201634519664375,0.7872342872501258,-0.8495199429410917,-0.1490235006750604
27759,0.1514473736517557,-0.49536119552877605,0.5717525582965083,0.8341088663163988
38159,0.8144423877677048,0.503003662970522,-0.3557760484477822,-0.3704353198750554
1879,-0.13239633921294816,-0.3843480932926084,0.047165082312543516,0.23246046397755502
40679,2.7102066566315197,1.531568531000947,-0.245508797450473,1.0507710310541942
20479,-0.3896325897037702,-1.781636193314991,1.8180062487756934,1.2245831620013221
50639,2.0098638852500343,0.7319211241362389,-0.2276328427505385,-2.4034920960819934
56439,-0.8865810177941311,-0.17075294206807606,0.21508604220246727,2.003813511383357
22119,-0.5983968539626803,0.8356209055161308,0.24692600510339285,0.33726891796300174
58959,-1.23551285337102,1.2215966110490575,1.4417390532828829,-0.14695795635246478
7359,-0.4010478047908958,-2.70422231011828,-0.7108178579712424,0.04707876663037639
13439,-1.7646361664596384,1.1483630084525587,0.10016770152365789,1.3915345870634344
75599,-0.4194273073412732,-0.3196125572088524,1.0621363540699502,-1.2919625034495088
3199,0.20496423933209695,-0.6236230377916895,0.5879741420170657,-0.23698307773254956
43479,-1.3148665778602375,-1.0097061443941893,-0.10842604781259071,0.15744872102843258
21639,-0.8170373064077887,-0.4602077486559742,-0.4761876575695989,2.117302821601723
51799,0.7538516028581316,1.1994951470697326,-0.5445833764168457,-0.07989933703511659
16919,-0.18549154133840945,-1.2051127759962545,0.20769643086879952,3.239146979212875
55959,-1.6705306493406022,-1.031633827826763,-3.2455209291157616,-1.5475719678103468
19679,0.44011900627061085,0.5179698166217972,-0.48483404128634244,0.11143865145778463
60559,2.728710316089511,0.3006426648665353,1.1526821723090777,-0.1868723946629089
64279,2.1504243670988754,-0.20958321773580943,0.32733568316117045,1.2713887137752886
68439,0.23364602119476516,-1.0745077067291287,0.05268565721883082,1.729776992658654
72599,2.2438163281746113,2.247458629476548,0.8381175478922905,0.45088018458402584
76759,-0.05224181453340674,-1.9366572066561802,0.26380270651624954,-0.5241322348609181
68759,0.45103732933746504,-0.7075633485021934,-0.9035300503867619,1.8522272249221536
52839,0.15093017776506182,0.4291924805704241,0.58659496033518,0.5116021093157163
41839,-0.1515552997720691,-0.1382213364266379,0.08213970769220319,-0.0691031309595065
48799,-2.0180449669259803,0.7706963819440401,1.3235451415721196,0.03916292225957513
8359,0.061821719809201967,-0.6262903487408287,0.5214633893795071,0.4181979720479431
52959,2.1263119495562766,-0.10433560786608435,-0.4320432773456871,-0.8025521343543239
66719,-0.7254639889992109,0.18555086721485495,0.46712761067580283,1.0991662277886975
57119,1.1435584260033045,-0.00353661346045179,-1.0285045571886389,-0.7967962578574975
43639,0.04593023599723155,0.4094884318470379,-0.2318004114221317,0.6282859742956658
20839,-0.46200131509627074,0.22076378269166297,0.21920333091771144,-1.2198219481500132
65439,-1.741938589984584,0.5772473716388723,0.1994554010202181,-0.47859205134981303
52719,-0.21854287635780897,-0.8005309831836419,-0.9333028906448599,1.4069150963865698
69599,0.019812721139470867,-0.3899784019259493,0.7633262059335412,-0.07737672527546335
44199,0.13957647321408895,-0.8915817881900666,0.19743238993304993,0.1406163682018726
73759,0.24113102158398655,-0.9555840131938269,-0.00444556097886999,0.3699222574203104
33319,0.36677650495974873,0.7890944780069815,0.7786109342455446,0.6666311709712055
20679,1.720910913397785,-1.0416634072151179,-0.9352216053121609,0.3268884948133096
1199,0.6684004302060453,-1.2910064656374862,0.9924636223131241,-0.5932117931445245
639,0.10151738653801809,0.06932542681633007,0.10287094092904371,0.2846002599420997
42159,1.5724902148208304,-1.288619709076749,0.6152563431191753,0.4033062727938501
49959,0.672416740600195,0.42907374292624034,0.13061812774796508,-0.5776905298512665
54119,0.7056656964755482,0.6517904743340639,0.38307758507119727,1.0572395253604208
40119,-1.9899380192340048,-1.1539263409162326,0.23760332035360143,-0.12474037945162351
66599,0.6647784602640364,0.9616408753198077,0.17466072595302187,-0.1727899843996939
45599,-1.2247463807114616,-0.407505383378881,-1.7445499696280495,0.27314377312584637
3039,0.9690696227323824,1.1177409788530175,-0.4507687445176492,-1.8865607883890763
74919,1.316866604890364,-0.5717332121755352,-0.7260171272528313,0.9703595603136733
48319,0.5325857920175421,0.1796476123098484,0.519304664057382,-0.15478427800538044
70399,0.22381587792261703,1.1052936065739003,0.1681989998289107,-0.3133573145449019
42799,-0.11547673218324817,-1.8150685274550316,0.19779246201443274,-1.4731321090224618
6519,-0.8710743757263066,2.136927006203484,0.06624365150455913,0.09440223097705726
10679,0.6676160405926788,0.3322396876061248,-0.5308406294028467,-0.06801942936003504
36039,-0.6126570036032234,-1.2080547778635702,0.5335805043520807,0.9729559359129205
59439,1.186791239460659,1.4428066369315018,-1.110360371818546,-1.3285370970621424
70519,-0.9987153741493077,0.0522305713856116,0.19955035224768838,-2.3372775157188093
27319,2.307791403399787,-1.3309500295230745,-0.8462105508693922,-0.45553356995387767
3279,-0.3417063981818046,0.9214376185013698,0.7837462829032539,1.1466798591601748
39799,0.1455378696027112,1.1487768959894291,0.09592828944722519,-0.33946772879988607
21719,0.1430336945568756,0.19477069416055992,0.1633483153950091,0.4756298940598859
52279,1.4150331863145447,0.4519297851790337,0.13265450287247105,-0.5922834155618949
74959,-2.229514332800282,-0.22897222303743303,-0.5080483267348083,1.3036725182275941
60599,-0.769056512676644,-0.08217832959487557,-0.3346343343423209,0.2800447889766574
70879,-0.5814353627116438,0.5793686346809068,-0.07801347617296636,0.4138416931170865
68919,-1.5371883644878945,0.27682245061417476,0.9495147570801012,-2.4932814690362464
73079,-0.649462555029369,0.17744278950446948,0.9529279240051287,-0.30096773857378256
73959,0.02970655929790294,-0.8678453077731392,-0.15273044413388848,0.3345938166980731
7399,0.24700063522501683,0.43172638511766265,0.19641943899677106,0.9333153874645124
74279,1.084802644290096,1.4579951266430577,0.011691660637047777,-0.8409484270990444
8839,-1.2288750943086806,-1.9945678735152166,0.3240710275265975,0.38854610006216644
53439,0.334952871647827,0.509227827193021,-2.5352269621994368,0.12472089054508746
66799,1.2967665936402784,0.23810957500826915,0.9725657379536408,-0.6101923450648219
61759,-0.4653408693440764,-1.1130834994042544,-0.08319966471049285,0.8028963872092542
21319,-0.5976961360747993,0.07449829794028184,-0.5313749088404024,0.4161046972597343
65919,0.5839207037709421,-0.2367594779611869,-0.687242878676712,-0.06410907578638787
70079,1.0826844853566753,0.6659318094592606,0.7447305450357052,-1.2745341438410454
29639,-0.023762668198718924,-1.9747033906658389,0.9041947288542912,0.008217633766754757
44279,1.450641954355949,1.4026328297699378,0.5147265812840308,0.4630018011660448
33799,-1.1508536915926189,-0.8056139057811611,-0.35051187850267884,-1.1978389249715409
68479,0.560595039464895,0.824450137904339,-1.2796215248266327,0.2247848930043429
42119,0.18907889918517742,2.44824375970906,0.5914238184533356,-1.8566600570004212
32119,-0.28846559395368504,-0.2542261004476944,-0.9457502319049811,-0.5307809235336081
46279,-1.513890381398598,-0.21754353853715216,-0.9477383331987057,-0.2794018006578862
21759,-0.6403137450274119,0.07928938851693293,0.6610672000793508,-0.25677759343534223
14159,0.14640959808420617,-0.9645854856508557,-0.4929509361095322,-0.9612525598677503
7919,-0.8734721867989412,0.022456762309234365,0.13400192710195427,0.9242505120634599
58759,0.28829530998372227,0.1133589365044047,-0.11714578134751297,1.383557418021381
49559,-0.09520660606907685,0.4255233039204172,0.0452990789117435,0.3889569347254065
22479,-0.4779343610263163,1.4988447300391974,0.056255754301918516,-0.5707799795106183
40199,1.156224271675488,-2.342263501006128,0.9307360368845522,0.7607788678599144
71239,-0.46118527143126903,0.47352271201817,0.28210213314099397,0.8646958291444866
6359,0.6993804090578688,-0.5242372392230916,-0.8524973115055683,1.3089744589946892
34959,-2.271959449459316,0.9210821172024557,-0.30006534559875997,0.3705340548200239
27919,-0.6385377595731291,1.1112686850377993,1.3560781580945407,-1.2651124284405248
30519,0.7215960533099172,-0.7361076190696753,-1.9532953717665764,0.23959915616137345
51599,0.877772624028513,0.5781723995417014,-0.7382156818581586,-1.1324498826231881
2559,-0.27923651170199293,0.5702692803696233,0.15362150510890582,-0.024894319785803948
36119,1.3281106087483132,-0.83985024504898,-0.0990876241425805,-0.31305398970864545
64079,-0.1907514229820345,-0.7312701143149933,-0.2298295279674972,0.991964875067397
31279,0.7516821533299645,-0.4671533073647066,0.7902219974480099,-0.7268129196302056
27799,0.6976088359703321,-0.7104257164142347,0.9384891426385554,1.314265110940038
75039,0.2810120137770574,-0.5460554459372142,-0.24176391248694193,0.3061882007416439
76559,0.014058752929686056,1.5115697939568478,-1.1013791729321538,-0.05590213630834866
40279,1.1317535871955071,0.3786013566161842,-0.28757303360689795,0.7440592547605099
44439,1.2370244693633416,1.5558515154862738,0.5863722495065269,0.6524326002750654
48599,1.013001861058357,1.7102208734213045,0.36623659576995515,0.020361122161824282
1319,-0.4947206044637742,-0.7209475776599021,-0.6247862428981902,-0.8184749344640442
56919,0.9022301530640033,0.1749238992623974,-1.3651583956403248,1.5188745817033282
10119,-0.39222119245061954,0.4056991796467056,0.0013977564438404412,0.8125133642040409
20639,0.15436644530601024,-0.18944319398667817,-1.277722227581739,-0.49556198807173885
24799,1.5162895551850857,-0.4482311174435663,0.967196424505773,0.7430642941568558
70959,-0.09242977077276536,-2.175288226444413,-0.48580069765624345,-0.15565466630915156
69399,-1.1490356152625685,-0.11429791278521646,0.004522362605813531,-1.2618711950618657
33119,-1.6684769381612814,-0.7868225067528931,-0.9436770548734509,1.0709577802575836
42479,1.6096684785164355,-0.3353569125689521,-0.2665245051939334,-0.04491128332327132
48439,-0.8328530646472324,0.15572106681806291,0.3569287311589193,0.5199675881241361
6119,-0.9357081354455351,-0.8595542355563416,-0.3890047115597115,-2.1515371088283817
49759,1.2331690996741225,-0.6826635830579336,1.064065169410573,-0.4000157239114214
50399,-0.5612047120634733,0.5319342340187242,-1.0930017262417344,0.9955544139530854
53919,-0.6449699580073742,0.8565364376132327,0.9112098354647044,1.3158658696119707
60919,-0.9536864083462785,-1.050522719591509,0.4585808015934467,-1.115780537196885
46399,-0.8627952495305372,-0.7203818425034405,-0.5842498572787292,0.49486000622511
21799,-2.022740804109367,-0.183996855482827,0.06001988200422058,-0.28967631046045755
66399,-1.0195545715170526,1.2811668681990287,-0.2823595031508287,-1.2168428176043236
25959,1.4147128780270302,-1.5365492058022923,-1.4301590870476475,-0.16246007910772858
70559,1.725874778964138,-0.7738873389951063,0.30660527697432777,0.9256574713259468
30119,-0.42473948863761407,0.7828958021213743,0.4210853176811594,-0.5649278758026529
34119,-3.051022544535036,-1.6901793808857686,0.4445769988138165,-0.2011265238370407
65479,1.400491876047875,0.8292383567776186,-2.9260934017476297,-0.11450068740574826
2159,-1.0881311129644171,0.3419016724821265,-0.7800269726582891,1.5197230097387364
759,-0.9670789070420979,-0.3897300093681303,0.26577782754988666,0.38806810529587743
6319,0.5449881661088312,0.6712320910560732,0.12462820988997139,0.6868297212578957
19199,0.9756810157710463,-0.6289811870875633,0.05767906657011587,0.9861514428682665
62799,0.6969318450170416,2.2465377112805185,-0.08546969495047411,0.45091506567867023
59239,-0.9119373429806814,1.3552863646580913,-0.24646873202872333,1.1966979382302816
30039,0.4342263499689039,-1.3404996834111087,0.8939959162195918,-0.39453249100546667
71719,0.05103004443144069,0.5035083355020682,0.7441577059838509,1.726329306479775
51319,0.04454245979416248,-0.23576155378979574,-0.17210460838208907,-0.0496972119247641
35439,1.9334738461031933,1.0874462950248343,0.677362169620031,1.4066196112685803
39599,-0.13452627966447764,1.1867574242240297,-1.6617807302169674,-1.0493146239763094
68959,-0.14929884319195594,1.4542612264400776,-1.599237617155445,-1.080304172833308
47919,-0.12411196623127818,-0.22023249920508917,-0.30014425732839556,1.9114527353738489
64999,-0.7798601405748826,-1.3220052509072078,-1.3974623725997988,0.7515247166954113
56239,-0.13670459736204446,-0.9312420912338127,-1.1835862288776593,0.1370471731876065
37039,-1.459681290263349,1.1672101714980987,-0.4763059141453787,-1.3597953086845325
56679,0.4215573841086216,0.27288285534740003,-0.19961211779244864,-0.29478497572195955
32279,0.16877538802596226,0.7750063882038335,-2.269308390992429,2.468562362507959
64559,-0.4768727499475981,0.5134763975173637,0.4453991269776906,-1.4090057981108568
47359,-0.3065915596156859,-0.30680670669277904,-1.1128532566972802,-0.06362678034153646
53479,-0.7939477712660871,1.520890379564043,0.9387053341914662,-0.5328848175480823
72879,-0.68440512759046,-0.7765946082218604,2.031202834115566,0.2796773056907786
54639,-0.12322191217887267,-1.0137681866594328,0.13621115758738497,0.25764361210719433
319,-1.1631237758189892,-0.44030851053100817,-1.6458016003787956,-0.14971730061641159
22759,0.4044590554563958,-1.3696715761723035,0.10616494686087476,-0.4335489367095127
4479,-0.8152574127267389,0.043111250873935865,-1.289193634361052,-0.3901735927309165
41199,-0.22194061621926872,1.5601049134317255,-1.9416868454542986,-0.42917364777834116
49079,2.6188215690696808,-1.4261020664321817,-1.6834169325274015,0.9967634067150197
59639,-2.3353998721979403,-0.5437008945353086,-1.8874488170513692,1.268265149915252
52599,0.32276613152945943,-1.3135952821747419,-0.4457828823016342,0.04283792761807008
46639,-0.0347886841238913,-1.6406178963273794,-1.0721854548076435,0.07035222207457273
22079,-1.6191225629708748,0.1467259041435453,0.07580548486974252,0.10994314746110696
25279,0.1172961424304575,0.06426343806972411,-0.5703266774932856,0.34593766053882974
40319,0.5981829260873611,-1.1803597214281205,0.18160884539040412,0.15377437405984082
33599,0.0400879404004392,-0.9253242627149088,0.06517025125355462,-0.9304972565346913
17399,-0.6870081755120241,-0.8197652881798511,0.3300050926880243,-0.0522291304751768
41919,-0.8668536071657134,-0.8568191702034926,-0.44738379628103925,0.4498687101384603
1479,0.057203872091047686,0.18904202027222583,2.2690377845609295,-1.1770863900464859
17799,-0.3392545337248073,-2.6757163364980125,-1.0388310861616326,-0.18470018990699713
50239,0.04556408687627361,0.8376398865411514,0.9172355100083912,-0.630068914831014
26519,-0.3752044211141739,-0.7000843861427256,1.082752107322689,0.07607623306158096
15759,-0.08436070532613234,-1.778133921636578,1.0021159177110261,-0.7975188170247784
66879,-0.4609423476446683,0.5250628418436305,-0.31711661337080066,-0.9376156905645762
26439,1.329719505697868,-0.6675517214138464,0.7493454886143166,-0.7415564295098696
71039,-1.7485336284230044,-0.6525658492072918,0.3300147747616561,0.4772581235354592
34759,0.696813198429725,0.953249520000915,-0.25980128017194676,1.8163870449172226
23959,-0.9453222414236958,-0.19220196368702655,0.7273598834622095,0.6902395487643888
20719,-0.49794496625958273,-1.3174753929147827,-0.48535361861563847,-0.6546611042992097
47239,1.3918626650503894,0.8695675837074194,0.1187340716879556,0.3493268840488801
51399,0.7575626714883158,0.2885016616069392,-0.3602990658476846,0.5482737864657784
62879,0.6751366730020537,-1.3457901713614915,-0.45616198110045153,0.19662942631431765
25719,-0.07114640271786286,-1.6579593690436945,0.35570832601094776,0.9955173154063233
19279,-0.9049072490161395,1.8253197331444944,1.12180361023985,1.162455194876581
44159,-0.9371101092288264,-0.8244493929650716,-0.6014851741136881,1.058052855782569
63879,0.4529156629331306,-0.8873839387519425,0.34752680640404515,1.8318200468220465
68039,-0.5918696916090048,-1.4408578796398188,0.5638457909566085,0.020695511672074913
9639,-0.25368048373994756,-1.552747299662126,0.7324366311282128,-0.5446161040719575
31759,-1.0212387089576598,-0.9627017446320679,-0.5093104779996998,0.21847298998279305
76359,0.3368078886874864,0.6873466755315292,0.6975661945450203,-1.628654452023411
50759,-0.8995108028181326,-0.34828380876708226,-0.6627654782722442,0.9825777823750479
40079,0.39420774182376045,0.3332247292084989,-0.6979004904587406,-0.35181588532326125
3799,2.355175027924116,0.5815061887112195,0.30847870854496107,1.5359184998002673
48559,0.7827792444829779,0.6316713314137579,2.0563682515496557,0.5415447778489609
48399,0.8247578477715052,-1.8737791635272267,-1.2718067095105983,0.6332182923689647
56719,0.18889667660926981,-1.90090345076183,1.6048644601713353,-1.1335561632154887
60879,0.5879260730995942,0.8686229743022366,-0.9430186525263248,-0.3017231952631129
5559,-0.5436141512087649,1.4408404612353163,-0.011031432003770254,-0.862706806669121
65039,-0.576535119646698,1.6335997695685585,-0.5065168795425747,-0.3292398190649436
69199,-1.0041318795580918,-0.22119601869382263,0.72339633129991,-0.7360407735613878
3999,-1.7128801851339623,0.9785970419382986,0.4007879084376299,-0.34025155425982223
73359,0.5289213936303494,-1.0795165779495104,-0.34772225933840717,-1.37976422356752
34039,0.6563503816540738,-0.4965465886732783,0.30374692204397,0.5428891669077243
37079,-1.2280307192286317,0.7162653248981742,-1.274783065547029,-1.3455780096011145
44479,-0.7409756842686278,-1.2911397527269772,-1.1504038247387882,-1.22907061168406
41239,0.06126939532768015,1.4948812253691404,0.32490066520258953,-0.25640831777813733
55439,0.6152403706866103,1.666100062646631,-1.1666730146582347,-0.8372989549349285
45399,1.8694764691493357,-1.039789436755855,0.3753268958655866,-0.8883680778620472
9119,-1.8457362654441316,-1.161057573516618,-0.28795696726956616,-0.5131576151780037
53719,2.3049063730741035,1.7321195875596382,-0.42231381562481496,1.4005842662685912
42439,1.2292572725470443,0.22688808257275692,-0.715177407651506,0.661715100948759
66159,0.24133659862251539,0.629959358289277,2.3477930153767286,0.4790886288513759
21599,-2.0556197135655765,-0.2410721948640055,0.7842370399580575,0.4264664113264169
69879,0.3823945091382426,-1.2337862213220603,-0.4650107928233007,-0.9405863285706988
25759,-0.07037077396282539,0.45512010757146304,-0.6504099159471168,-0.763327716670843
10239,0.7106171403037341,-1.7766393083670804,0.11324508385803908,-0.6161029914010514
29919,-0.0886361365683967,0.7022712219166186,1.3725669815317947,-0.17155589888715478
30159,-0.1462982609753785,-0.5969158721377257,2.0893266475751453,-0.49628067538499154
34079,-1.5591565085207608,0.08648924029827923,-1.5532954294814456,1.084796676538972
46559,-0.507725548259631,-0.13623577295717226,0.17845432568976574,0.33682568332749896
28119,-0.1658526014728328,0.3409601994660481,-2.3674886957418213,0.013652021379345082
31999,0.754563407397946,-0.021020192104281923,-0.13972714030353345,-1.2964345753351316
54879,0.2555505116339374,-0.2043996281076506,0.7883003772906192,-0.7080895438313404
2639,-0.7921247129072982,0.3562710099218575,0.781080317881076,0.7494160394894337
5599,-1.4606263392671006,-0.753829008458649,0.26583923868083803,1.5452870421739118
56039,-2.911056011020643,-1.0856418293897583,-0.930789332842816,-0.6554197957471186
31079,1.365201287320444,0.3602225065123523,0.20799458254361958,-0.5552709230959857
75679,1.2109949484355331,-0.9209868392323123,-0.4728113167833045,-0.7432203344092625
27599,-0.46837636332953725,1.0566806407120883,-0.3712038398658778,0.6762037381394241
24039,-0.21800091065177044,-0.3854482156088466,0.13216156358561976,0.4930337237420753
3119,0.06622020100605648,-0.32055612886531254,1.3108448375987418,0.14922824526956005
18559,-1.1914419864800143,1.4760976845440092,1.3417997277911287,-1.7583238143329742
53159,1.50877479770185,0.8744209853193546,-0.4257942181310506,0.20855512248575792
11439,-1.6191926111221302,-1.1882467661077827,-0.508209090674762,0.3313254658485653
1519,0.04339079746819614,-0.511219769542973,-0.5696867830444103,-0.8948330164993751
19759,-0.13183367089108466,-0.08455933637558742,-0.8899058562077246,-0.32390880747095524
32239,-1.512132423755601,0.09775223608944379,0.29693434953623254,0.6074545792187092
50679,0.3675031983478227,-1.2843833691158106,-2.7697046841063577,0.7044269447235819
30199,-1.4813104561000623,1.8699374360794954,1.2680734146742496,0.7825497243047655
36399,0.217351011290044,1.162320499190512,0.8565479106353634,0.6196143987180276
67839,-0.23730513197441266,0.38362378886606874,0.22609594852588893,1.004770975840603
4279,-0.03985083691923835,0.6651731829253882,1.7037612628602627,-0.08205506961311153
64359,-1.4603244296912712,-1.4371879835284194,-0.5206994839708728,0.35880119511406533
28159,1.680920772638182,1.0447296733910751,1.6664954714508997,0.3181345642970652
53039,-0.28360177675203846,0.9905526913269276,-0.7252483230924761,1.0121272787990323
31639,0.22011685416464993,1.5744159424219717,0.3404399357027585,-2.5078483466394887
61359,-0.10295103816123699,-0.3103796877197462,0.8693768333603454,-3.399365212346992
26879,0.7019900662631544,1.5074949386176866,0.9028929905228005,-0.021366465258867134
26119,-1.9762468585723214,1.0370316597416318,0.514183897796162,0.9121644733714857
29239,-0.41671585083339785,-1.0576590391470513,-0.8642869333166144,0.18609637629593612
599,0.5331153181141284,0.9542338544509743,-0.5241458858154385,0.6619075772400917
68519,2.4659205966175124,-1.6206603259771837,-0.4645225543074939,-0.4771762934967737
45319,1.4788627713891793,0.8672368543627393,-1.0556883470153575,-0.033713167935683144
54799,-1.4965108589696314,1.4411953839417972,-0.454371631399573,0.6565282228800512
58999,-0.07733530483486385,-0.4147715103784595,-0.5158436807236152,0.23771258348607194
12599,0.6994972203112122,-0.22921381107797323,-0.5497739500509615,0.6301281104415546
9599,0.34316010297322624,1.2226667267287423,0.7852187106546811,0.08420831674332441
13759,1.450854130388794,-0.9674321675112865,-0.6743273178538183,-0.5977025416457459
1559,0.17358682699354971,-0.7069172378770232,-0.6730214284278913,0.6165611011189401
15959,-0.7075267740471519,0.30070779350100585,-0.5654807046589566,0.13430056048563843
62519,0.00421688204346371,0.6657150028775519,-1.8248150666216925,-0.40465162078810585
72679,0.19408156920751207,-1.2446339684769199,-0.10719559057841802,0.4358218172423377
51119,1.217919615599296,-0.47547663167410864,-1.0145211832873602,0.754931674706848
70839,0.5083240282719542,-0.4353054102477448,-1.0180866975129597,1.0850525151417216
12959,-1.4288509908620932,-0.5963012885981289,0.9139643328645187,-2.0925451210241683
50719,0.21609752605682458,2.0460025278917926,-0.16378726295192067,1.857461377812242
38719,-2.011569783858729,0.924746533315402,-0.08944131910477511,-0.2720718578921732
42879,0.37388819473092927,0.9189229516246998,0.29313473450024696,-1.7320369103958155
28199,-1.2825898306047339,0.884420562091869,0.6243492320072682,1.3127046947908743
76839,-1.9240038940236805,0.34577695784393997,0.24105192381801965,-0.055490455860413554
35079,-0.5396571146406387,-1.0715063746457139,-0.9817733853633648,-0.03992257094848929
56879,0.5479826342028196,0.8698669140306787,-1.0142878541092755,1.0672203125544226
16159,-0.7826361609053464,1.5014859016874684,1.1278281789986337,-0.5199351173635376
31559,-1.5094845863629276,-0.16778266263644884,0.5649839124401206,0.22832198375456234
39879,-0.09371108784305203,-0.9036539028549188,0.7907013419329528,0.3436712124947498
65079,0.3112903977977701,-0.5264952002232945,-1.1614393207374094,-0.9408855575511943
44039,0.24607113332144673,0.14151523758398443,-1.3268610864072954,-0.511453196803246
7759,0.2726931982442687,2.0124703808788085,1.2302940905577013,0.016145564386460913
44639,-0.06355957158508865,0.5417878544750557,-0.9784424581838331,0.21440163735114715
52359,0.23770276964079562,-0.31143598984324045,-0.7971472185512343,0.9786601814110336
1599,-0.8574252841633728,-0.07750147636516218,0.03803406799177608,-0.28362051731519194
60679,-1.4241272923591877,-1.850349323921639,-1.2353618155487256,-1.4657838737056144
54599,1.0438532502705562,0.2687459469469753,0.42676603480802794,0.2117910222427487
61959,1.0663147964418733,-0.03029972840672314,-0.8340403519380997,1.1366465866130497
32719,-0.9264510885261754,-1.6650926777068629,-0.6091913110182996,0.44531099953016384
30279,-0.060638781310670964,0.5403750264842353,-0.5914501018949755,0.565033952807699
33999,-0.14520782768485263,-0.046658475875696825,0.928266731193512,-0.7412339706307386
41039,-0.7328413023158573,0.24074253322789663,-0.8051418504156252,0.47296923290676457
13239,0.5969858838855048,-1.3262800166784525,0.1473526139532596,-0.21902247676406608
40559,-0.17928268498910568,0.26016909212401407,-0.11457134600839936,-1.0141055079312156
8919,0.5271903768628162,-0.2753575912811346,-0.522491623466156,0.12809339291383226
48719,-0.5485002568234465,-1.1891788820541502,0.17520842874251394,0.37566882971138743
57679,-0.7926562943826732,1.3251194717036987,-0.02264901759803849,-2.0810544415835373
21399,-0.018095984209351594,0.2774185482864428,0.5182341674009451,0.10180238575791659
25559,0.9519443253102162,-0.2632997690634344,0.36991032403807256,-2.343611015324378
46679,1.1403424577892285,-1.1328998409241897,-0.5417119900048654,0.778128589059171
33399,-0.5545890927477803,0.6104693070770957,0.5158201745532911,-1.2341262987976231
33879,-0.46225539476056077,-0.742193232001482,0.8573796289802663,-0.389461598289681
22799,-1.5683713604847733,-1.1719670729688012,-0.5779650809819639,-0.09090021584489733
3319,0.24304649808530737,1.0649710626782456,-0.27294920851495885,2.8743559341884697
42199,0.2066890014260415,2.1114186015105036,-1.5221964020467393,0.35925775034769775
24159,0.5898120812203881,-1.1009000762971024,0.39186613851959007,1.6201240931908347
46359,0.07186832879631458,-0.7782735574888343,0.643339205818481,-0.048712308116442685
65519,0.34295124004357286,-0.02882330737322195,0.8459512509770715,-1.3026068544720149
54679,-0.6040202811961746,0.6915626028991102,0.7570191024070008,1.1246330092628152
58839,1.0322411385268935,-1.3363099000993237,-0.33335850920055615,0.9733657434324345
1639,0.4240361298424766,0.7461524755569674,-0.04158270444258015,-1.2128220425109169
62999,0.12991234708339497,-1.5891266909652586,0.7303476769625369,1.1632466128351495
67159,-1.2344528719949965,-0.42412599071619583,-0.3426717482377836,-0.27956897678885
57959,0.32084041724643475,-1.104578771810365,0.37744350377862557,-0.865072193267749
30879,-0.2753688521949201,-0.33161358500830723,0.8053843845119314,-0.32199117031969277
75479,-0.6154148144248001,1.3104909599494392,-0.14122213239457146,-0.18682784265043423
61039,-0.20437663068614367,-0.2977041196191594,-0.3860305823155193,-1.4696918937735401
39199,0.9745058485225097,0.9694634396864192,-0.24744460697433804,-0.04860967370245079
43359,-0.46807522017828035,-0.8242769496370742,0.7407102679491925,-0.8069517303092616
2919,-0.2610344667970398,0.273968961167364,0.5466465170760543,1.1606023506301089
47519,-1.7929045480459007,-2.097775753013547,-2.705781621193758,0.3572203674436091
60159,-0.9010560286838627,1.4607448456598933,0.9591253996744545,-0.10866894900109046
38519,-1.4949359946896665,0.6309064591577662,-0.5370236024950944,0.45842954177192485
59999,0.804589534623143,-0.009984215327430608,-0.7713993769645441,-0.07465797949558475
67519,1.769785471490732,-0.4959814097255678,-0.1068117502462297,0.26214078935323865
23719,0.7589229649950316,-0.38920449343059743,-0.23187456936005982,-1.0714815532874646
68319,0.6427758635793821,-0.7983129554623256,-1.242859437945721,0.5554479209634283
5759,-0.5566822252658074,-0.5923688492280275,-0.9266706798354871,-0.39860073160981957
72479,-0.5386465512731423,-1.5591782264744285,0.7058006855882499,0.07422777921268753
36199,0.4072417819871788,0.562268973017627,-0.7241917494033528,0.28034243971770717
35799,-1.883709369689153,-0.31628813126059874,0.9765959379141658,0.46084851532898924
54919,-0.7914874017704605,0.8039284060911656,0.13734300544929415,-0.9756993424778834
48679,-3.3062834413949043,0.37575223426147436,1.016998940316806,0.5029577995851293
20759,-1.757992325325045,0.12319547572394735,1.9623400002413225,-0.37667137436513976
16559,0.19655698567257388,1.826466665335939,-0.13096422372405145,-0.02427719740439793
63119,-0.8407982202585936,-0.8863559657864176,-1.1547133070429134,0.5725460437071146
50039,-1.5394814848078988,-1.4626381201003464,-2.1290530742631932,-0.0056072358883976735
65319,-0.18554951775964296,1.310145507802962,0.9835236329165857,0.39186359499259105
69479,-0.2675504332973206,-0.31595357970450577,1.1691034867798131,0.3497125572043971
26159,-0.4150117956031569,1.188924916710846,0.5914261629971377,0.18327929114962427
49359,-0.913673160974833,-0.34508833505721614,0.9911365637407411,0.10584264925545946
9879,-0.4435289194307725,0.971344846349273,0.0711524177428674,0.254287773806492
1079,-0.47604821394147023,0.9339715384858991,-0.6234936124918798,0.5925468213144894
63719,0.9854746950530102,0.204232475976936,0.19135253987342288,-0.8049408045297143
25199,1.1393875713779773,-0.1895555150899827,0.35466484662767234,0.7056134724276758
9399,-0.7804092483872485,-0.12081255700167498,-1.4661476081274287,-0.14109616142639128
54199,0.4585241399569803,0.7972734368918394,-1.1547548102798315,0.06520307677068551
18079,-0.5316567951175097,-0.6948463401013463,-0.03442108156839667,1.0712392082898254
26239,-0.4690212115719816,1.6001970525769473,0.7764802261112389,-0.6240241055880793
13839,-1.1696452438157534,-2.229929311114236,0.27814776798682406,0.22248213713862852
62319,0.08949544980338982,0.41881897769481025,-0.00522594935336939,0.2833254338338843
26039,-0.642583612979843,-0.30728205355030963,-1.1270239608286257,-1.4461816732500439
56999,0.039893577816937635,-0.4211483336559929,0.7986157121101783,1.1588581590203957
34359,0.7627316908446564,0.014663680724430486,-1.1846039227949556,-0.8993195670748814
24519,-0.8123524107992476,-0.6538345754152961,0.9257280744183447,1.0051261150156738
58359,-0.006900967053888141,1.0692688930669136,2.0066934235001734,0.40224427390234757
42679,0.3241188085509963,-0.17297697744905308,-0.03212474949814927,-1.1343307531313644
76799,1.263411357741135,0.21085040440163935,0.18740828968174486,-1.2320705552689524
65199,-0.20306732618877107,0.019706201319477444,0.5647491137558515,-1.8922116526293307
55159,0.5077751876937525,1.0413621280190728,0.010554011120957172,-0.43161324303012416
18879,0.3309095876385126,2.71245921800007,0.4259888173054388,-0.1524618654530902
73399,0.21074030528379287,-0.013103490160448206,-1.013732694987937,-0.21802721679142514
67639,1.036864696000005,-0.9643754372703867,0.9435541003218216,0.5470824424969498
71799,0.5503795373463991,-0.6914501828852672,2.062561310089788,-1.5635192575345047
34559,1.2020974083768707,-0.12069942843012774,1.2550888176528028,1.4532241801523038
11359,0.9366422450038296,0.9618583694607522,-0.3112199723509384,0.3738661421717061
61119,-0.5043455916542929,1.2464854083964136,-0.43338321721186984,0.15583868669192863
43839,-1.2609012824413721,2.1606110509541785,1.4049263202243147,1.1804132271577457
47999,-1.508333202914998,-0.5138296901652412,0.4530855866359591,0.02361040226672587
29799,-0.6127332308012734,1.0496267035939744,-0.18449062661848123,1.2013185154724177
59079,0.4537183355239174,-1.6158067929295685,-0.08643211102501906,1.3955142133448886
60479,0.2917564909723732,2.2571495847213763,-0.5634907996412553,0.033076945680503816
20039,0.5446910985424376,-0.2317579285415364,0.34094471540422494,-0.9675984406472028
53879,1.6782673154260452,0.7613198079993988,0.592380893147252,-0.23383199611449054
24199,-0.29592539730197653,-1.0435268428063185,-0.33049656473611233,-1.4006754577885885
68799,-0.7700393728759735,-1.133357733810734,0.8644992028945552,1.5183194299931355
16079,-1.852792115178187,1.5672612718854069,-0.6957039422332469,1.1258911763369925
77119,0.756667992749489,-0.7511400155067944,0.3572492153860628,0.21087624430782723
36679,-2.181437572237864,-1.0968231747423316,-0.8884430644058846,-0.4166910439912733
29199,-1.2374666269862211,0.15995311516569186,-2.5240735564284633,0.005359633890566448
44999,0.5902003703504817,-0.7707922251629056,0.20482707314162066,-0.7713198010169774
44759,1.666227128298872,-1.1685433828787535,-0.9999655184420555,-1.790107805876447
8719,-1.4258561245828434,-1.0590147663038993,0.38168350280744795,0.23082195760009627
48879,-0.06760732650272526,-2.6209603753603465,0.24017869341262965,-1.1887867812331796
53319,-0.19708153853954824,-2.3700242792297006,0.5179768819892531,0.8979196716198077
48079,0.35562804962182876,-1.578850474681718,0.4606148551935969,1.3708346196677554
17039,0.9265352880516486,0.5487079206380037,-1.0890510151008497,-0.713523788390037
21199,0.9761660331594815,0.3558404631582191,0.9483163887565857,-1.6187699712013282
73439,0.0845460170074291,1.649427821062929,-0.006067172437794597,0.07367183393652096
65799,-0.3138565572765133,0.09940842605959561,0.5063461024471972,-1.0270116802488054
38119,0.3930728102393664,1.2961416624238546,-0.06193986773005719,-0.29696308578740666
69959,1.2686932711981111,-0.33181400021119045,0.029463836177274983,0.434712411366553
56559,-0.8574099007745716,0.8301792518938489,-0.04672653247669517,-0.33095760676122216
14719,0.07750710665295374,0.7688427324559737,0.10021516636823749,-0.518345574649914
74999,1.1126387897757488,2.1746180674021085,0.9134372956800214,0.44261094068788875
61159,-1.4738423060316503,-0.29946101611898995,0.7742563075005012,-1.293987119058718
23839,-0.40742584702373813,-0.5551076177154493,-0.1280222203197313,-0.46018335194722876
5719,1.7704548285795307,-1.5241026888545244,-0.5311632299125865,0.8451262449548388
72999,-1.3313853721252802,0.4458244845658217,0.4939758483648591,0.8110536813346058
50319,0.2548180393744585,-1.4303596444829207,-0.7031339050133251,1.1840825862648225
54479,0.9697166003085045,-1.3647122595392098,1.878096114956224,0.7453484871842867
59119,-1.4924502261064845,-1.3596429447936496,0.12827725572460696,-0.7307251129058392
18199,0.026505507324676495,-0.3792200533520733,0.14883435382858362,-0.24252915342088066
14319,-0.9300831475323725,-1.4951998092265797,0.9923123398227378,2.628281974403523
9199,0.36540048350703874,-0.35972587113721927,-0.9602613064831949,-0.4945145508624581
32759,-0.27118079432045933,0.8928601629674913,-0.3440008221556099,-0.04987431539346212
66959,0.0358798502760093,1.4452750762883944,-0.44459810481508466,0.8995508505975384
51199,0.329976622762288,-0.4039974300124843,-0.34389738930357533,-0.37894691990305746
4799,0.31000528001205285,1.1877396230257569,1.6228745513416083,0.16674142319038132
57079,-0.21012230228042006,0.2691819231372291,-0.7482601672467942,1.610543503154416
34839,-0.4746902836262805,2.134975859196528,-0.7157520518682874,0.37791207603745736
31359,1.0224359306231885,-1.0536449944417643,0.24115181788433546,-0.059492691359245516
43159,1.2109573495798465,2.334074465968528,0.09951586944356522,0.03967982612110944
46439,-0.2086262516802204,-0.9338707767731006,-2.231428658877401,0.7805836365034389
55039,-0.4159287382837619,-0.4685518130352275,-0.9748633105675117,-0.39833743362007323
60119,1.7794559141240265,0.32287460578604454,1.5726772058633542,-0.34424118285504485
15199,-0.6530393079692938,0.21446223177971036,-0.21702795947829814,-0.8685676559980173
59799,-1.4717976562089405,-2.2105045630554145,-0.4426200127272758,0.9531885528490724
23519,-1.6549205131807752,-0.1738973297624298,-0.8184649921319029,2.095016424928557
63239,0.43879373180305464,-1.0748206809543872,-1.8330408503646027,1.0210569884159424
27679,0.145903029495697,-1.8713107114433063,1.1434373862079106,-0.618945937523154
72279,-1.818541031802623,1.41196038776382,-0.39468125081446537,1.2594683918869638
40919,1.2714335909448367,-0.22942333107546942,0.8752350677139398,-0.2674183713423586
35999,0.645886051574625,-1.1395940686267805,-0.7286069151589243,-0.4278719797217023
40159,1.0152670031210453,-0.41863639227497695,1.0069980548795752,0.7354030353607269
50959,-0.5818036379668119,0.6551646503793002,-1.7312667105591069,-1.4892556155921004
44319,0.7943959541996126,0.7105781461438085,-0.07547569298538286,-0.590596591665271
8039,0.9299105292605246,0.07278763211303367,0.22487577862207003,0.5097741721631496
48919,-0.2435085089737824,0.6547327998602713,0.16307406323405427,-0.29860252501936807
54759,0.14083075675080708,-1.6142110083771162,0.5102941399720655,-0.6143507264077375
24879,0.08527951189075995,0.8347542344882943,-0.9038157639158887,0.07151437739225476
28839,1.426788476531086,0.45021958536696405,-0.040298590378591556,0.832280195553425
26399,0.18030386697048278,-0.2567819784985484,1.3897515690187348,-1.7155149573972963
37159,1.1315071301604105,-0.9469542016129856,-0.16597654062144798,-0.0051791077737934205
27639,0.6305486156491004,0.6930592032648599,-1.2274922313611403,1.0108338554033065
14119,1.1437355863898042,0.7725779567680962,-0.18972773025041811,-0.7571517374441282
12519,-0.6017688385198703,-0.39529058510115606,0.6889996798854567,0.5740484872239133
54159,-0.7171540528969947,-1.3126833046403423,0.3214719521088104,-0.0074669106306074744
44679,0.7292795666651168,-0.46950748376359236,-0.7371955463530488,-0.05779629829308373
49399,-1.1619625155704774,-2.0878778955059456,1.40505956822443,0.5669953965253228
62119,0.54458861561364,0.034043384745041705,-1.5371687900236335,0.9600416180981511
74039,0.9490687898684483,0.1396644587300631,-0.8497218458722944,-1.0247411881957775
1839,1.374024782670922,-0.7929346261527227,-0.02470835825034873,0.6742279443517509
70439,-1.0572237407733993,0.9443206947308146,-0.90959429356111,0.5940419936680886
74599,-2.1101176475200925,-1.585619143762425,1.5938556792984977,1.6775754157633027
38319,2.2228284247822563,0.11679989148160264,-2.6951606274686846,2.4274584847961873
62079,-0.6636340148252651,0.67922821708232,0.0948660848676751,1.0312407175748326
20279,-0.06671977148240256,0.2482968128040957,0.8182652085858639,0.27075639564862836
11919,-0.3496567288512478,-0.5965831149548008,-0.8999004779067222,-0.03001123391186165
6199,-0.8167985579379688,1.5336354547499755,0.14686987906103932,-0.46008070194389583
54239,0.5765107176065734,-1.009494294879777,0.753718966021139,1.1413967760078558
7999,0.7015946706002003,1.6738213515239335,0.1235797530914691,0.24326797452761303
22839,-0.8613887286974719,-0.7427930958623463,0.6513666780218623,1.4421550455097938
31159,0.589169423386582,0.057170162532246355,-0.784808775912054,-0.5728575447170171
67399,-0.5762795498183759,-0.8762665905849323,0.05454822730517766,0.8422805243393412
53559,-1.3715918918687457,0.18943915373877923,0.10767825780147124,-0.5327406948809951
47799,0.060890498639747985,-0.7105808964239407,-1.5534183015482756,-0.14341040583209452
44879,0.2549669213003667,-1.020934604017257,-0.43362611714458466,0.19566951670567082
56119,-0.9646670031946545,-1.719479732145594,0.4426841183522343,0.851991786343166
20239,-0.3924641318651394,-0.11221015376934122,-0.7677874914018522,-0.755500047546731
64439,-0.03739296290344933,0.4026870474626009,-1.016896072658053,-0.9918755211190334
73559,0.5363667302760433,-1.3467878940132616,0.15238470554445957,1.259879335162905
72759,0.15347166658452996,0.6564506244699886,-0.48544113424310087,0.5414315160732357
68239,0.2850055848847519,1.271625055517985,-0.7675956330833674,-0.40085972975021017
20199,-1.1351088261315547,1.6497992318994144,-0.5397831826615153,0.08177015952440468
40639,-0.410662715751944,-0.2669243541441679,-1.3093793106372928,1.0346915355986595
199,-0.5187333698724104,0.16730563827549305,-0.4424311230442609,-0.17991935126973757
51039,0.9512529293492898,-0.8592110454483801,-0.6019854251298278,0.8311693283445559
12679,-0.1623427971779497,0.18615255270764086,0.8518802363665092,1.0584466722571775
57279,-0.6121194324056514,-0.29086770079357227,0.53383488033331,0.27744178006145953
61279,-0.28430554481498355,-1.378043142805815,-0.5448175751421503,0.844740078081885
48999,1.651513254037012,-0.12032593933796017,1.5477544346839982,-0.13105533234066932
20079,0.5586409805400127,-0.5932596269788796,1.898549884738973,0.6485211118306868
10799,0.3635739575246047,0.3484536554098345,-0.9712642235491374,-0.6077188152154015
25159,-1.0168848064622467,2.0863895627497238,0.731301051965596,0.9418991418781499
67559,0.1183901087470269,-0.3162783367502715,-1.5093652227972902,-3.352270324840237
73919,-0.7024224867685299,0.18918989625863963,0.4553322104176511,1.1077214336450347
57199,-0.7983127441891382,-1.4871931355423182,-0.9067056279722293,2.073006160380682
37639,0.38269180910461303,-0.3649261947871384,0.7450359123387778,-0.5233045979859179
5359,-1.1290493013651748,-0.8367253413053982,0.580951796701723,0.3072778981895156
70199,-0.15936441039652327,-2.7186552727381508,-0.5653748411732399,-0.0845810586497917
5519,0.4144219504753048,0.5722150484307392,-0.3453139550547339,0.691955444063561
42239,-0.8284118964980298,-0.7901699267019558,0.5111804217807524,0.6333476232633986
9679,-0.5482622094449737,-0.19402518460775364,-2.208112098659362,0.4368455475845735
24439,1.1770644427140282,-0.25571577838076065,-1.3000028917131161,-0.4345109074531336
54279,-1.1841599662595637,-0.25755638731362895,-0.831319385241454,-0.9531049039435241
58439,0.5369920643028965,-0.6715998033901969,0.4311401180542496,-0.7824065424722398
31039,0.8599655300597523,1.9439920038505738,1.3388170592666873,1.1699901042597904
62599,0.8908488389907872,-0.031696206260151384,-0.8716707469981535,-1.5697863464091488
56959,0.742324369329604,-1.1038753385484252,-0.22573571940255086,0.3588399859549407
66759,1.3134595894898178,0.4469658986367603,-1.232246377870012,0.7641397479696113
73599,1.9705666889131426,-0.861271702924345,0.16600839865676795,-1.9755493727871245
74359,-0.20940587352620935,0.8575782818373817,1.8796865388885275,1.2344199503378286
34639,-0.32432617390376955,-0.6281993875524662,1.0852918317089788,-0.42421833656821456
38799,-2.255346761711032,-0.6657729543138076,-1.2759870150062442,0.2259570887936027
42959,0.35571439761898554,-0.048945638411087435,-0.10244394605563957,-0.6891184638353064
61319,-0.6551564948030523,-0.2020684443970898,0.0062021638485360185,-0.5690824425812034
6679,-1.6091227142944386,0.8355624723186829,-0.40755910535889206,-1.1423167645457317
10839,-0.20195212095525003,-0.28387312756499244,-1.3691087123580032,-0.6413649688171942
61079,1.3355029482524585,0.18208044224132197,-0.11701063348283032,1.3342232578035538
14999,-0.9122983509668832,1.535537604554188,-0.38053344610302453,-0.4504237893563434
36879,0.46435427344337743,0.3419394859959943,-0.26485602854835705,-0.8454104685206368
19159,-1.1126797379541293,0.32254289608099834,0.043462716804252934,2.372319494589349
49039,1.1389215742122798,-0.6665901305492001,-0.1890222737541349,-0.23301130799598319
67919,-0.47346182678276455,-0.4949816613144396,-0.4477619161364868,-0.519935327656688
72079,0.46264141591658536,1.6927025702916862,0.39720651516498895,0.07708665757928342
51279,-1.123842881792279,2.3581281417747646,-0.12321409532402394,-2.2925471011827554
76239,1.7620730654514105,0.7657190181925744,-0.8764841939545194,-0.683200052586035
46999,0.07802583966228421,0.05002896554458064,-0.9523933486642099,0.006396770033980544
45799,-0.9248251671692039,-0.6984651286739428,1.5717780188088153,0.45811216976826225
64239,-0.33340651866635784,0.46500871804099453,0.9316089700377369,-0.23215210184032314
29679,1.1366194089154285,-0.029187160412328998,1.112776672051417,1.4666400288995758
48279,1.6910607298422844,0.07852249521868784,-0.4190279715478407,1.4732777317080044
44959,-1.4508697816683926,-0.5137275612299859,-0.5540088413176557,1.1646997994826829
8319,-0.6061866857186797,0.03851631568224014,1.8962746349515798,-0.514215314416293
20319,-0.5870895180006959,-1.5782524462933403,-0.8286906057540582,0.3517436589833936
64919,-1.8576421135364205,-2.4396937277844275,1.8238866971715466,-0.39750399143076554
69079,0.6564435264572208,1.4172546884758412,0.266058153156918,-0.052773512649721424
1959,1.2401440514074544,-0.25397097737958507,-0.694201689095143,0.8320130282690656
32799,1.1911485567507205,0.22538793089338796,1.7806079415239136,-0.25483821128649914
36959,0.218464679034647,0.34459849556106814,-0.5059373583815745,-0.5887718388078236
59719,-0.0816787755451813,2.033801203112645,-0.7736442980758582,-0.563429284422906
679,0.44683441355636305,0.7707930774787304,-0.2595851791408034,-0.7403667978763483
45279,0.5786480466030899,-0.7190582489227186,-0.1095698951775962,2.5123781367904976
71599,0.37040910488321405,-0.9930636518596025,1.236325574643092,1.1192306724981012
49439,-0.3233302694057105,-0.7909935197845255,0.7202425395595504,-1.4459284529304628
8999,-0.37203627429972863,-0.8684563164251379,-1.0003862505099648,0.45402046668379287
53599,-0.016776445339603537,-1.2273019686027433,-0.34184022124972463,0.08231975304668117
13159,-0.5058948750514741,0.31087935540905415,-0.06312914105194065,0.21188000871109125
57759,0.05605015462881351,1.9848769831697581,0.5567660983647794,-1.2535276770718673
8119,-1.012583290632368,0.7145357440592771,0.4287686716333974,-0.011670285142352726
66079,1.3960708332090435,0.5564803646330317,-2.1979478523470766,-0.84402441860408
67799,0.8724519206016064,1.2546359312039517,-1.4606463630474347,1.6551884150121434
70239,0.794989403660094,0.5825006713841305,0.8072182163944176,0.7031724954774381
23199,0.9173569092023103,1.1084427811728284,-0.3683408486196769,-0.23601767289658768
28759,-0.954656864191541,1.1966891284242316,0.5980049904819403,1.1102487734716124
6079,0.21938263415432435,-0.1327877360540709,2.286255482820455,0.7793246070423375
46959,0.3207638027746951,-0.5479241627363676,1.7854622110687959,0.2779409115721313
42279,0.05482974886652226,-0.37443831322036,0.3185919184844652,0.8959894189949289
28639,-0.7625647212564054,-0.25608568449895763,-0.5095955970000738,0.6659613928563384
19359,-0.8973502942115957,0.3032218050488364,-0.08655896824406652,0.6443570021337393
50599,1.2297303766264651,0.6791937647141189,-0.9485372634382945,1.9061661204505624
23999,0.21329803804124386,1.6750630192521079,-0.5947351106896944,1.061341499988529
75719,-1.430915874610341,-0.8287691322540582,-1.3958397629010069,-1.4808675695821514
58919,0.0029661117635115214,0.5321255642969135,0.13388494300849324,-1.9592439399376067
12279,-1.8138004557812129,0.4698036709561275,-0.9535996808141096,-0.7691166669877152
67239,-0.8044664894067571,0.8131252572184803,-0.2736256572811753,-0.6178205463112406
53199,-1.4842481069852185,-0.8733152051161154,-1.2122818544796194,-1.065249228618943
62439,0.8952288812963021,1.9328445088763422,0.8207505600664088,1.1884282073843548
75559,-1.4575310836045572,-0.2990363439853818,1.1133884184074565,-0.8355349326953196
39279,0.8070126855690506,-0.39778572321395805,0.08036465696044129,0.1427922141395872
43439,2.0244322573056786,0.48402886078545143,-0.732881319982031,1.9105343581494447
30679,-0.07464983016212193,-1.1829308100859122,-0.16575445889925913,-0.23285300233014142
1759,-1.1382641080635714,-1.6950508794826324,-0.10583516828609277,-0.37667812756703745
11319,0.4900773035271902,0.6152526918963374,0.5458120376445519,0.7693616466026353
32079,0.04052160317232762,-1.1025014810697735,0.46629580624454015,0.7025753180261463
59359,-0.0015857747634437421,1.049666637758582,-2.194760776007198,-0.6080805188742184
27959,-1.6537134664996769,-0.6184789493656027,-1.380513304611836,0.03410727509829742
15439,-0.014839454577588795,-0.2484963861763167,0.14486718893228787,-1.252875987551521
72559,-0.5548398258918625,-0.03679755162784279,-0.644540672703639,1.0868658675220044
36279,1.2876980668695734,-1.290202264098991,-0.6841420711683605,0.1994934129214474
57319,-0.9250876861333718,-1.506482093419561,-0.8314667413132922,-1.400722051352153
61439,-0.8941782296279135,-0.7522277622727954,2.2386832479031793,0.4814998536482723
44599,-0.02824523775102627,-0.936808589436851,-0.9400009393392782,0.9872974892152906
5799,0.7061233671184673,-0.7430372600609838,1.3971120441933025,-1.3140557814612974
12479,1.0859747590237232,0.15343580645994426,-2.0141509596544185,-0.8807555022789333
45039,-0.3046099285875861,0.33425329343561105,0.24217422026080096,-0.32327466901732665
20799,1.3011228707668798,-0.4553415753095658,-1.1192371967486248,1.807727549903052
65399,0.7215522253906572,0.7466954621533339,-0.8572697530543246,-0.3219722011619243
33279,-0.5404041437877338,-1.8248884301184323,0.3033548396122364,-0.059488742938446006
69559,-0.9478200134502558,-0.7976832055500684,-0.21659322368201547,1.6846233929757106
42999,-0.24118455324886362,1.0157607803113597,0.042252228874550664,0.5740501643066073
14479,-1.1128769379590338,0.13955815693973767,-0.6360020942870451,-0.0363818669982569
30719,-1.0947481286666927,0.43523883350390014,-0.44803743735321433,0.4390924523475397
1159,-0.5081731082175528,0.44022638464229746,0.3247874245276132,0.21391303768768122
45759,1.3024409424780377,-0.09758336384702829,-0.6055102912013348,-1.0864817185888345
5319,2.0378756534213514,0.5968726029888936,-1.0325210524401693,0.9339705414831976
40959,-1.8404542788086966,-0.6736834744142519,-0.32443677159068735,-0.5488707476611965
