1421,0.06992020702479124,-0.03575700664081241,-0.2440479185448207,-0.24075805066051736
55301,-0.06746103159361093,-2.0078859541973855,-0.45955803103723,-0.6224212779012481
4501,-0.2506598583883148,-0.6080974944465667,0.5444613728505231,-1.2365957418497593
24501,0.07025370409007294,-0.9172361400940957,0.3927152387837369,-0.5265643120649266
47701,1.024033767462894,-0.3423277882816119,0.48488074726487207,0.00636910400468954
2061,-0.7136153895264273,-1.060619723981421,-0.6365759767701544,0.17784770283475917
76461,-0.25470395271805196,0.3208604020068443,-0.1756547862879188,-0.29041183221235634
61461,1.2672300180302178,-1.2632096281370566,-1.7095364478561328,-0.564086852719153
74061,-2.014673331921757,0.48660282693697493,-0.26188549458735966,-1.5307491034074647
37781,1.0290998087036098,0.7609789802879148,-0.9400828371347513,0.822869639876411
33061,-0.1295337381541234,-0.6567495540826962,1.4752316279918465,1.6178895629043275
74701,-0.7554205722070185,0.424195511691906,-1.236073416981894,-0.10219563262617427
38941,-0.00758597257618786,-0.20600177845949033,2.5541397046437586,0.5717215922705083
65541,0.058685910169368784,0.8713847690859804,-1.2039020687444257,-1.1648558733052465
13981,0.4384825658625795,-0.4288515182932865,1.4812730522013373,-0.16534331309404351
58581,-0.7955464380715626,0.7218093058636342,-0.08699308242367527,-0.44844020273251206
22301,1.1194031864696794,-0.061554518282633114,0.6066131940763736,0.23327302867922733
47141,0.03719332259589624,-0.07194438586991904,0.9371219416212677,0.27315079759069477
26461,0.17794921349861295,-0.947541508182862,-0.6797019144795067,-0.05403536993707328
34861,1.0942354109402022,0.09560409776061553,0.75139164108348,0.507482529639597
13661,-1.6608459084305542,-0.2731368673686607,-0.2315299904810512,1.4671486555440174
22581,0.09926684857642307,-1.5050952606825256,1.6219293845744271,-0.7387449257362392
59741,1.1999000307501422,-0.20095863305837838,-0.27321249218785115,1.1466495140349204
13421,2.793121529590117,0.6612215608779143,-0.14658694872510558,-0.7788566134795367
75301,0.898863268904255,-1.2289451495200034,0.6877245148132467,-0.47730997345411325
27621,0.20978909728194314,0.3975596683066188,-0.9760049892872549,-0.7365261145120113
10301,-0.3807343085307373,0.1117352345262623,0.5420036597595043,-0.07959169252198851
23221,0.4241426446984283,-0.5173028974415984,-1.3380666396948522,-0.1343132561681289
3821,-1.5111277156315954,1.1192267327120706,1.190021066317807,-0.12984004872538144
70541,-1.1118699238046255,0.81335946360067,0.5406193680291945,1.3384364334818406
69701,0.48495853168317854,-0.6101669407996348,-0.7305006519165995,-0.921861378140334
56741,0.3809668830247009,1.6080775721260425,1.1380814138625577,0.35886985392292325
26701,0.8155263742484022,0.4727850986005958,0.5978143750671141,0.6443632813589986
73741,-0.7101774209264976,-0.6123706983796777,-1.4434524931536188,-1.1993910242546233
46821,-1.554534795729769,-0.08306165084359159,1.7984563116138723,0.9845866022665146
73381,-0.2147663298031051,-0.30139773105664946,1.2573928354000254,-0.2849024216165236
49701,-1.6778914047969824,0.04547150820701075,0.16600326676840954,-2.5336513615240284
55381,-0.631435627986464,-0.6928378961390559,-0.7248624556159232,0.4462000342392845
63381,-1.7632754308651037,-0.2042112572881578,-0.7573764781891245,-0.10421745981304838
13301,0.5975343465479447,-0.05411422026812865,-1.0083031264975195,0.29097372209287703
63581,-0.667326545120959,-0.5434508067023197,-0.5225400944917533,1.0843310099614663
67941,0.26243625972145274,-0.10360663692415888,1.2751153021015256,1.1691090252122003
53861,0.09849706918265372,0.4875244396097298,0.37188273354664725,-1.0546656848477363
25781,-2.881783138128715,-0.039293193626478234,-0.7126799082873375,0.6485645873689713
72301,-0.5749201503817081,1.1948721352219172,-0.684131780883018,1.8435620517641818
70381,-0.3010088215271625,-0.512731907139201,-1.4063978902679288,-0.4329420761537294
67541,-0.08026010369714502,-0.46424338808800314,-0.8554953383785002,1.7418395931821795
30821,0.5798411053318456,-1.7322191691694964,-0.029937753839415465,-0.1610862770872144
62781,-1.76269501582812,0.8911313509519272,0.6036305721383863,0.22078997810063591
46581,-1.7389560211733406,0.8523998061630745,0.6953792703494429,0.026627321206854054
8301,0.8406763210185441,-0.8953355069981521,0.8258044947582172,0.018155464923120004
62141,1.9462388302065234,1.4850611885662048,0.41220910707896424,0.05096181619202554
36981,-1.3327853068563758,-2.0089606787031244,-0.7116459242200843,-0.32799993803430066
75701,-0.6640469451749014,-0.7614564650926169,0.39680474097856167,-1.59191493208109
55421,-0.6867671292422682,0.02322777685467546,1.0778725796452722,-0.5533289144054745
21,0.768785563452926,0.6451926647744699,1.4811656155774273,0.4360189871128614
11461,-0.9983248229779003,0.4564086302774072,-0.049294084054243126,0.7462737844517502
56061,-0.6629196178702894,-0.08267367832970526,-0.9800494859332671,0.6834787308505464
15621,-0.4485787386214654,-0.8213330281127048,1.1683304109182557,-0.6179621581777137
32901,-0.06877420290629835,0.13593582559962375,0.8240870231464353,0.10569004093987723
55981,0.35274676152796314,-0.2613271200338822,0.2717852083758178,1.2506489117335542
141,0.006108277602791656,-0.07532507647533832,-0.30691542995320764,0.2389845842111916
36421,-0.16904496153755916,-0.2919755132514688,1.667130639141934,0.2879168802072377
4461,0.8521932152052515,1.0083443928220466,-1.0048492566343104,0.07751980760073772
44741,-0.2529315335520892,0.16750234381272877,0.048564504974595836,-0.4533832192718992
76421,-0.8379996281459667,0.5168999272240558,0.9896980234054884,0.21332464348498953
48901,1.730659553386821,-0.4902383740045613,1.0771971929527273,1.1298885722486296
69781,-1.2048746910068566,-0.6090975135698058,0.2527986163983246,1.220957293679191
57221,0.19040911180147407,-1.0274295575882644,1.8750318982381629,1.1396937770744682
24101,-0.46808174098093225,0.8015594898641414,1.054181159759595,0.7779963097727242
61381,-0.6219739082730774,1.452485783763317,-1.0235101837202765,0.41855369721377994
42541,-0.45427866727249755,-0.81453213156733,0.4734001208924841,-2.2316844544331285
6301,0.5506567388522361,-0.19823510108263684,0.2372299706202926,0.5252157799442831
29261,-0.07074466064974962,-0.2946101261718433,0.7472157325769423,1.5273280520818993
70341,0.3024803092795283,-1.5563720844306075,0.47310162595859756,-1.0177744281312764
33421,0.3429497006841093,-0.8473539596089065,-0.21107363206046378,-0.8086657530332456
71781,0.8860196632118305,2.072007694313508,0.1948501065268229,-1.7974460023792689
55461,-0.7949046935154197,-0.5083577300161514,0.9459652271344301,0.7455518656997484
5461,-0.7503810212560285,0.08042519482767069,0.9733841706443944,0.4381416634472216
28261,-0.15469029731233971,0.650325453059839,0.3882057779430672,0.23351726000595344
9621,-1.9166596411650296,-0.647348954266601,-1.5202584316476733,-1.8412477471076245
46701,1.978093410358488,0.4403515251896351,-0.7945976818008708,0.586638372496807
65141,0.33208760182786345,-0.9997647582847563,0.33950371264072765,1.3557175793130303
32941,-0.6871770890015172,1.0667131397227407,0.9937025073256817,0.485792252517148
44861,0.4905870003073747,1.7173807616673245,0.025828505748800978,0.7822412324554164
8221,0.018545697078526508,-0.7825814979994016,0.30816209111361165,1.5040933571487778
26261,-0.41261440261652194,0.27313783550247384,0.3037516315725065,-0.38223221678070723
75021,0.6522986634431502,0.3197838962475917,0.06330704041585043,-0.005060151054782457
30901,-0.688056971336922,-0.42781073223425825,-0.37075394597288797,0.3403646514279356
42901,1.3353625467618817,-0.02481552508950787,0.25374843594754554,1.5115085375615196
51221,1.060618345883321,-1.3496954043782772,-1.2621100823631097,0.4896041515379882
18621,-0.5926866817067614,0.7357070335201746,-0.5159795114396354,-0.9837025437011295
12661,-0.19587382229167186,-0.5412294891215321,-0.45941844876137744,-0.7673707533732801
47301,-0.9935877940124885,-0.5675937382722699,1.0125084636910051,-0.4476218583710463
72021,-0.9647056509922263,0.24527181339018767,0.043876370626287894,0.03982913649968793
76181,0.09687920800335365,-0.21898868070771652,-0.43375561883882946,1.0062863169413185
55501,-1.0292133795081322,-0.342635541844368,-0.7547870366411384,1.8939273914921093
37581,0.21104495928823716,-0.5692318107056007,-0.6069562208235558,0.96209965516488
52381,2.3007710360300813,-1.7570913269202504,-0.09682605743522424,-0.31127693983383076
56541,-0.10546417205262612,-0.4467254288363971,-1.3594670744650401,0.09117937392457397
60701,0.1339669291335326,-1.099752391714409,0.7521853789425427,0.26810742488171085
2261,-1.5129628809525755,0.11942854684317304,0.500092123841131,0.34031651851067773
69021,0.465080939530542,-1.5339518213453356,1.119265104526297,1.942489110795905
28581,-0.16118117880304839,0.9356637166003693,0.8744643819104699,0.2971948325336159
73181,0.5665455619616022,-1.0808375902185512,-1.1293998076746252,-0.7938826993610156
71901,-1.8404785089283895,0.7160028623149279,0.4481749554675408,0.35192579160394505
57381,0.19603279470178822,-0.04541173325131364,0.1641968013566596,-0.5599123583445689
4781,1.7875776323750003,-0.7333025136195356,0.8655036417500169,0.12697652421177857
27701,1.3810386799821865,1.1190250918404485,0.9647971366304953,0.7856207604315671
49381,0.822165830139,1.1701334138517792,1.1274059614295735,-2.7612845002241313
59621,-0.6826910645865383,0.09137686107686337,-0.5061199704645571,0.10965575819231943
53821,-0.4932696643841508,-1.1831276494040037,0.2844304666268259,0.041993806887160666
17261,0.39916170357479885,0.5616509711976047,1.0260761138680705,-0.3220767895809828
66021,0.28563628176452066,-0.04239984251600055,-0.12708881861245067,0.405687428193299
37101,0.1781022804516563,-2.13683672324029,-0.1209325548633492,0.04824207870858006
381,-0.6330728322830407,1.5301374424636005,0.04980049126219561,-0.5417491442233083
21101,-1.2544160829824251,-1.841334251563567,-0.31044726880616824,0.3025271767120114
1781,0.44801469367258534,0.42219003217825224,0.03174078540199165,0.3585465128117434
45301,-0.017773338672945,-0.49734393974606433,0.1713866041347753,0.4579022002966369
18421,-0.2966999188555206,0.5272194729209374,-0.9666333110838077,0.3083828307874767
22781,0.5166274453485817,0.7233695375184155,0.7550135971878487,0.34247082069681273
66261,1.0052474276667078,0.6741208241581714,-0.5306669698930514,-1.7221074741106386
20501,1.7223985388764935,-0.7956551869157215,-0.169471630983847,-1.7043669518941373
35061,-0.10356654355184365,-0.30640644770906955,0.00042249610901972344,-1.006545182555612
30981,0.9303058319034305,0.5234947150738619,0.3219420816695789,-0.5693388132904297
11261,0.5705485508839611,0.41731070912172274,0.20153302511861895,-0.3011808781554977
69901,0.2232601186185876,0.7033910722011453,-1.2758976817545762,2.386955995736707
47861,1.1839882149240413,-0.12373876929427591,-0.19406324888440146,0.09010183892141924
75821,0.5192157149556391,-1.37396396650235,0.02973012708261422,-2.1501648666980953
57621,0.18339166262203174,1.608267562448178,0.6457101741984888,-1.0541334573086485
68341,-0.05992956779371342,-1.2479218968439207,-0.8609003600501572,-0.5347763305970786
47381,-0.5088086579415716,-0.773445881209386,0.16024365547322225,0.28389704692714524
61541,0.4776247425650125,-0.40190281102323006,0.6509037234346171,0.038419961213866774
40381,0.11737772875503773,-0.6305166184046376,0.43635040541886366,0.15835783593730138
27341,1.295244435195428,1.1593457275468908,-1.0408606485678127,1.0358275208982028
44541,-0.9342364387556485,-1.136040086604871,-0.4258648873968495,-2.930968493467307
55581,0.6962355174399353,0.9177728616240143,-1.1186632469918802,-0.7470404398605046
23941,1.0332752828567953,0.5221703161329647,-0.2357158640507859,0.2286714306372199
16581,0.6316617746432496,-0.8581118998669125,-1.4464532261778555,-1.6284674387974676
20741,-1.276577447360151,-0.7657915769007814,0.30250188956774826,0.2413580997017103
2341,-0.43495207112439754,-1.0625726349591467,0.04580332464242619,0.583147304471119
69501,0.2683439082876124,1.3237975502500503,-0.12936523297308233,0.8446652010661491
35581,1.1953576599595348,-1.7614492002018591,0.6183503926614595,0.4821100371338606
301,-0.13988671563899252,0.08140998116781578,-0.1577528578861606,-0.9734062656754056
41541,1.132875850875511,0.7918356909092351,-1.1168023480192197,0.6712868831772862
23261,-0.20882930298384306,0.8810046419061123,0.1873174357968756,-0.014502618286459962
68861,-0.4769649411612954,0.34404643261001233,-0.7017599496044857,0.013282750026923492
41021,-0.6289402213965083,0.008929437334290472,-1.459074441209722,1.704895881737146
39221,-1.1104488937639172,-0.2592446613777444,-0.2240433727576509,0.5131730480773689
17741,0.15070353218444016,0.469845940710626,-0.4082821188515843,-0.3900398410364305
21901,0.2520866486290021,-0.6440904989285539,1.0149898665437982,0.6073959355903157
26061,0.7621276457098352,-1.593924989574357,1.872949099503499,0.14331944559011583
37181,-1.185964122201364,-1.3896398881751346,0.6761009200600371,-2.5164044188326247
74821,-0.09767758223529252,0.8875265582014105,0.044874021850880366,0.14369338055942873
12341,-0.04427931883369945,0.7012794229009096,-2.0115496180502404,-0.19231148855515973
38541,-0.030170126044372518,0.2372293261116116,-0.291309289093726,-0.03890024811420278
42701,-0.7793117181681509,-0.3859704525724989,-1.8027622991242827,-0.4576322786640571
45381,0.8327937995253065,1.0632956821824808,0.23175615529246335,-0.19181004444454372
10581,-0.6289581610589866,0.5792839950866577,1.6451427010361994,-0.5994415493315175
36541,0.7248604288351257,0.6024876490143897,-0.7309402036944214,1.7856144253342667
18901,-0.6917447216207927,-0.029923645321755853,-1.5365354378299458,-0.42048380201103797
63501,-0.5834704940433968,-1.546243180359292,-0.051892322088591736,-1.9534259008253658
43341,-0.5511385033490829,0.774615398055012,0.8985044366947693,-0.15854551950050405
52621,-0.053642569947459647,-0.28034151846500893,0.5037829236333283,-0.4320621479235488
31381,1.409646328444659,-2.389099202043488,-0.37104357425258844,1.4557775559576025
73421,0.3529261454494398,0.02297805956302466,-0.6551374403100082,1.559099938081965
54821,-0.06592279903134121,-2.0373630449237,-0.11367970737638541,0.5030000682815552
341,-0.4238804618957786,0.5403396573267358,1.241208212915561,-0.04995512700972272
56341,0.2627860084798697,0.8456792617345663,0.5317646561688705,0.6395385055770393
18781,0.38789413599482747,1.9060919763000672,1.2949819256620496,-1.4606357371047516
20061,-1.838803152001747,-0.031042440604960617,-0.9812494039933465,0.8100878582199873
62181,-0.7617100599042895,-0.26347233302266665,-1.3134992410377069,-0.18691347877481962
64661,-0.9189969945415727,0.04122291398855864,0.4272530265822305,-1.3095733551300597
28381,-1.5725254341931867,0.05417090876058506,-0.486031169303686,0.2037412461862232
72821,0.38432611978040043,0.9742195542224721,0.9342261586707702,1.2393781861923967
57701,-0.3685366441864085,-0.15243200890811937,-0.6741029501944873,-0.5821422099109294
36701,-0.15941423871358723,-1.0225773637982536,-1.947746423916184,-1.7658024949051003
40861,1.7455582511108907,0.5650772941749954,-1.070839058557924,-0.13579411966253946
45421,-1.0883200776289335,-0.14170096892845033,0.46112125597091647,0.45427678983887926
53341,0.7547720925830378,2.1479512449633735,1.4734823866317097,-0.2668217021665007
61,-0.23260376314130232,0.015958704039033655,-0.2646763907407978,0.06620280787547374
7381,-0.03869382284086305,1.4993866621074772,1.0569669531723747,-0.14558862512617113
21221,-0.6727983444392333,1.8286696636745903,0.8714552650115927,0.7112706391405145
2621,0.6133465070196671,0.3564762779636927,1.488143779072296,-1.0717296035849053
43381,-0.712433762501075,0.0038118826064475544,0.4478836107992273,0.2948418311056527
67461,-1.6359694091236645,1.6688877747052309,-0.5975518723099532,2.220900794694791
61821,-1.031671417190238,-0.08144684042324178,-0.6684444763048644,-0.14017205948617428
14741,0.08787786028718418,0.7621940118709977,2.151068624257895,0.7203135734040029
9901,-1.3136974920919071,1.015234999140322,-1.0484196583417127,0.5944874185212182
54501,0.5142175744251584,-0.6504404434312854,-0.8813178482158573,0.7915617129534319
59781,-0.3198070576125036,0.8043611217013411,0.3302784564248266,0.7321336741295312
48421,0.20155408301639746,-0.3656888825646273,0.6038009131300027,1.367589633072211
16781,-0.8415324713844785,0.7845144320668617,1.79329013576069,0.2344414231139192
75501,-1.1198174878364966,1.5440273812865672,0.7926661646456423,0.46474105084581396
34141,0.031061793409131663,0.5905398856276288,0.0542421885362247,-0.3961381056215836
43181,1.2526888447966857,0.22132907469831517,-0.6724385463329842,-1.5950367334261308
6901,-1.3460795766226712,-1.1992129711850548,0.00094941223880755,-0.38334050432794164
55701,-0.11843011097278901,-0.4653337326044941,0.7880964569197919,1.053737260511444
55661,-0.5416421704241996,-0.6537292924521282,0.16319125570746632,0.8787082040870556
6181,0.3628050720894503,-0.5312303754901333,-0.840404426827887,-0.9446658677751822
24621,-0.5915305111378668,-1.3130476447380357,1.147559207334661,-1.0520250446444386
43061,-0.3325032488002418,0.44459816485017184,-1.0593063362363544,0.07378182590463192
63901,-1.0252032274764646,-0.3746348163764097,-1.626211659013153,0.48393791974128525
8261,-1.6240096807366802,-0.6205470896458279,-1.165222848979253,-0.5343015208860812
40181,-0.7113332796925631,0.0754858177699813,1.1419210517122884,-0.6152638202705413
72101,-0.08850968373185929,-1.0342289706617458,0.7049700505485992,0.7193633172464189
48501,-1.0811133972943525,-0.5357695140175719,-1.1197086620857237,-2.644249050472153
12221,-0.6943122729793652,-1.159710344102101,0.2170172993723453,-0.28704235759127383
37941,-0.08906015072224556,1.3966559861648369,-0.48462861298693577,-0.3731987750812418
59821,1.8174602416787928,-1.3968882907720501,-1.798958714520527,-1.8068796570559493
74141,-0.2998682521291532,-0.12137100318479377,1.5361580496589315,-0.7234214055212943
73461,-0.9603734400199497,-0.7100103287623448,-0.26047006216056817,-1.1758303140824942
47541,1.45774396874738,0.01767393188729616,1.0976070010589287,0.8034340152120726
45501,-1.1378703869712392,2.786879907578754,-2.001900133304846,0.3142700402659367
5061,-0.9269013029903553,0.09379211465207034,-0.7466717940847435,0.44621066297637924
49661,-0.03483587676457536,0.43978908409375045,-0.9071965193181577,0.34116170118755745
65981,0.10852395480724669,0.582954633067394,0.03098081342431979,-0.5968130824904584
63221,0.1110179962920011,0.7507678489414716,-0.5935084392141037,0.255233923069153
21701,-0.1679076235826871,-1.8315448656689055,0.25309723261761685,2.2752105407382888
43461,-0.7368459979966526,-1.5956060894867448,0.6974076424482473,0.8709892008391986
30021,-0.2321345176258307,-0.7127907262445484,1.003485715402145,-0.8312083029996132
34181,0.6079754635111851,0.8625288172479217,0.30320892676455213,-1.0195169387690153
38341,-0.6222134153734034,-0.06799792669287091,-0.16192369017649352,0.38141457104256793
461,-1.3256168016468817,-0.21075145880866347,0.121331377819929,-0.9183398182498551
67661,1.4549254974515329,1.717864191817712,0.10718765944475454,-0.4169963979970091
50821,0.42499140667962265,0.7009044690010733,0.17157862113293698,-1.2896130908288204
14541,0.8399864332249893,1.1209569862192483,-1.902935498494639,-2.1207223186644315
8661,1.1862853908041509,0.2376778276080304,-0.9046826471678177,0.9985648828957872
27021,0.2589356075542995,0.07144926525683432,1.221844005472086,-2.0058735726469834
71621,-1.6499284071415268,0.24935654206283858,-0.09447116459513681,-1.2784742657128998
75781,0.9195106634912993,0.17254420413857252,-0.12178811197833836,-0.49503353989322585
47581,0.3449401455513727,1.2043557534705105,-0.35272249507484266,-0.09240471865589125
61861,0.632636093216756,-0.3684662204339007,1.7826457344916795,0.01628791166656426
43661,-0.825406342926109,-0.13286994135396674,-0.0697120107352735,1.3469929106012823
47821,-0.9903822698055084,0.9943526148673032,0.23395275665800475,-0.2350783707450249
12101,-2.0647482866765876,-1.1328198952758755,-0.1566353192026823,0.25605138197357447
11541,-0.6053298303828184,1.452503591087232,0.9924711540832653,1.5424261167420754
76261,0.6812758439899569,0.8232067308952107,0.47455007989148507,-0.24614727583262064
15701,0.6397131779327403,0.464983123869009,1.0347859068667469,1.2987022460080775
64461,-1.4852227608510364,1.554118040507836,-1.5070704614416979,-0.9095575918871128
53741,-0.32686898047504753,-1.9794580466628686,-0.1020352515162443,-0.2366557037341404
72781,-0.004218649662993897,0.8545750048020951,0.4095841917693667,-1.1472307571429066
66301,1.1924363455689646,-0.4219157259627676,-2.6560982548828855,-0.4932988490965021
25901,1.8912252544985506,-1.6086498177814743,-0.9215703014105763,0.5432651735987655
221,0.04643064317390071,0.11452032450605494,-0.36920918576922934,0.18631221889418312
40061,-1.1460426573751559,0.3841443157750562,-0.25516223671385335,-1.3796850833917433
44821,0.4881663161251385,0.7835669076776851,-1.2510155858928245,-0.6250621576367688
72181,-0.24733714371711116,-0.0014436475497223206,1.1002897329811385,0.34457836611545845
8541,-0.3123174359443533,0.596162504659438,-1.049448427692815,0.17864528987689168
25981,0.45355571212098433,0.07703243787040517,-0.37214727579481494,-0.40486870714703366
16861,-0.2899038681517278,-0.09836681000173358,1.471436335106481,0.404818363388267
39421,0.18115421944536614,-1.6044597059130192,-0.48801380043436,-0.4259983813697621
25181,-0.8754617622596732,1.072988806962911,0.43140231357746006,0.03222153269281724
14421,0.01496394955730777,-0.11966167163614057,-1.138696815037998,-0.7552472196393679
37381,-1.6738985351254956,-0.3194353575481759,-0.4335272655977917,-0.9925329638323254
1381,-0.8268662774583436,0.20177055272961272,-0.1405798782968857,-0.35648854714487266
57901,0.20930081122551586,-2.9532255775210867,-0.15686300711008908,-1.186303591237389
54301,0.38736557671986677,-0.6660750065354495,1.2041325089549626,-0.5879518643067103
25101,-0.8146280145588272,-0.5804070531018114,0.18261264590451454,1.022162372853483
49581,-0.2949276711362559,-0.7158163923909702,-0.04510255480200243,-1.5180722959341826
66781,1.4606616059209805,1.4119261350115788,0.18690395946485897,-0.23468356182308586
70941,2.342700544574172,-0.4035779488617542,-0.5597455696946783,0.7821181045172306
12821,-0.5246599088596026,0.5060660924562228,0.30753001293015836,-1.5662300792387012
34661,1.3925573969239615,0.02464961775420045,0.08468211172545925,-0.34819552302134005
15661,-0.015292276411765436,-1.206871690760377,0.09033943899923051,-1.6927225351305752
57301,0.9789851865297506,-0.8287434249496104,-0.2790995309899006,-0.09395976817159533
42981,0.039407823025859746,-0.7832999376795314,0.855284724650889,0.8600626429474602
72221,1.3421941934744561,1.6667187354611053,0.5864626355059763,0.9999583556781281
51301,1.2205275312213046,-0.33544943738892835,1.594748380575462,0.2277184932150563
39461,0.7977638937004368,0.7903962060700134,0.6740864715274288,0.07724169541919884
16301,-0.29009083533846064,-0.43952822271080205,-0.8960419973762819,-1.2884415766130668
31661,-0.5055096831849276,0.20717419278699822,-1.612139513397554,1.3172851262264882
30181,-0.026749184206633955,-1.5673605624712736,-0.26260326885406815,0.8891209053563733
16941,-0.4643077127817337,0.06746636314130303,-2.114589648705131,-1.5517094248062737
43101,-0.026172201351448883,0.20599636208914476,-0.5892352121961122,-0.22175967628227558
48301,-0.6706111180362799,-0.9507183142207448,0.688918932853259,0.09701736971156937
66101,1.1489357886628675,0.983794237141929,1.8200484111307895,-0.35916461783269443
60781,-0.576865691716406,1.2721446830125795,1.2460952325177932,2.438907605903408
64941,0.24435752968354615,-1.0209446940796096,1.7133547660485455,-0.629320695603778
69101,-0.2470136404528557,-1.3859823890751746,1.4259434013278574,-0.3989938296780057
33341,-1.2328242842831494,-0.3750063389322456,-0.8253330288949722,-0.8062416018666336
16821,-1.602491063949429,1.2519168792031465,-0.8760074567769248,0.7272427202031172
581,1.9549157386235976,0.5036345039205113,0.2027062862173307,1.7215958134171936
13181,-0.045127592628434625,-0.42195055389716474,-1.10360730135164,-0.180394310947221
21501,-0.025045492256080205,0.6769864810513138,0.6807220918045188,0.3351401102485115
39501,-0.06753054600274552,-0.062124140015847325,1.0548994505012264,-1.0435929616795026
57101,-0.3944188991516532,-0.3098686936058272,-0.8012906559479285,-2.5029885475672757
27221,-0.40679316076087657,0.7295401985389753,0.4097799415960671,-0.09711763090866568
46461,-0.613401692565338,-1.267026765027967,0.08856285740051206,-1.0367876125239146
50621,-0.8114324428690782,-0.7441375401944936,-0.3540998418426974,-0.45348015893944593
54781,-1.1642465522617935,1.2775387038157127,-0.12443301191780373,-1.5239970963837908
14941,1.682669223623005,1.4817277954986627,1.1024942187722524,1.3298287837274014
18501,-1.173500959467571,-0.47192712246455665,-0.2060400203934353,1.0222965052376667
101,-0.1897794067373839,0.0848793074152256,0.05687219007431468,0.5022012590945061
18141,-0.3274649872261951,-0.5915775033845576,0.6736297139872394,0.33107604860734735
73341,0.7940326446070138,-2.3388857514657517,0.5528137918769073,-0.01211906254227059
43621,0.3428640900683996,0.2794160698783845,0.5006378706655936,-0.44304786999235823
62061,-1.2696114687818718,-1.515359304977031,-0.6577960041132824,0.025035283831937115
9661,-0.11071989485609851,0.39766903444404383,0.5240222188515435,-1.4843806582243695
7901,0.28207817421357095,1.5460766421656917,2.5913035965285585,-0.27253842058913236
39541,0.9496344286410415,-0.7528245760676282,-0.6517369337235026,2.461868295173629
71341,0.8387166843270124,-0.5677924595112082,-1.7635225524949052,1.3225889699617557
21581,0.44401795929818555,0.5278635385184651,1.0505794026904056,-0.04362760226319531
27261,-0.029693584904957437,-1.3661627213951184,-1.0902250558835551,-0.4671935571071949
49941,0.16392711816909497,-0.9580397720272811,-1.092401422016904,0.41910633850363216
16661,-1.3333668035370687,-0.62671378653635,-0.9358177728060723,-0.9576412192652342
55941,-1.2278999563459774,1.0352239405433112,-1.7419904063205727,0.5605130973640161
61261,1.0281674441129693,0.5215834912439504,-0.05395425769392048,-2.213154428870735
30501,-0.24999667951326102,0.7960163183694597,0.20255807956896238,-1.4122578870350984
1621,0.38569982088338695,0.20534165225719594,0.14015904277827454,0.5562114699897625
69581,0.25884374387861303,-0.4407950814446144,0.11876699355095918,-0.6519167134037144
67381,-0.31233442387541605,-0.7089123275085658,0.6167634181888028,0.4821568123050785
33301,1.213555431884302,1.5137209330003047,-1.0209230352266856,1.389319761288918
12941,-0.9819847233119985,0.09984817322225208,0.8489102298905384,-0.11809101274798878
37461,1.8424944748655026,2.116034407826645,0.2720820645376399,0.8489916766890363
54381,1.085578440661216,1.1602684372293233,0.029937650994601626,-0.11807292820767952
1181,0.7986090112368744,0.11661256080698824,-1.9649643517695348,-0.06260685025187693
6141,1.1711301417762525,-0.4067049689232042,-1.0802406296194882,-0.4789798116828473
21141,-0.3477591606259184,2.2259878657288725,1.451903819911709,-0.9845250089139093
54101,-1.3892795351447438,0.8245390688882817,-1.2215340119212894,0.8234937020143787
6701,1.1939705773780156,1.0549559184605426,-0.2336595444007039,-0.772910604616832
26141,0.09356484006596769,-0.6156282454418882,-0.8716892299931178,0.7784730411485898
29341,-0.03395509854470421,-0.5444138954219111,0.031189879512168395,-0.5546087832203208
12741,0.9776614600400837,-0.8407493647428115,0.16584259548989375,0.8997133146689881
74901,-0.8262676440502519,-0.6006764581339036,-0.04097047635542249,0.9722998364099477
38821,0.9596005729942688,1.5156193734495507,-1.4555169898088618,0.09087472378243334
47781,-0.39425229793290284,-1.3954015405070221,-1.0927124857485024,0.022599259299728947
46941,2.6264402763085593,-1.392156751192644,1.235625703855462,1.1233732895218411
6101,0.4776751371417,-1.4391175319906608,-0.1693797599592253,0.5456506298954857
55261,0.8447406473825954,-0.42541661080898613,-0.8680376561830992,-1.0845428751450885
15021,1.5614300430353234,0.4747984974374954,1.3564911991649156,-0.5549659830250218
53021,0.17983017945564464,-0.5446464932051923,-0.9746549957191558,2.906047677304556
27301,-1.1656616983555481,-0.1939529307501531,0.6767731761193965,0.9933327981109751
61421,1.8096534019668666,-0.2638600241330587,0.6918276939866386,-0.3963455968016788
74421,0.04074592202662538,-0.5305500246349477,0.013588005090015452,1.5702778076147883
48101,-0.65802919269384,-1.4371858308017054,0.46987165351716587,-0.5802722302902299
701,0.19636468789788444,-1.1054959026750837,1.4413567731288548,-0.12522808322588752
47221,-0.31380561242115657,-0.9473609777278647,1.175140371079223,-0.9677737835595894
65581,0.8620700024218096,-1.977278413719554,0.3941792596980817,-1.2730706737280237
49861,-0.32817805777139586,-0.6807182941153787,0.4164359162316508,-0.8652655637464378
73061,0.7426119702858135,-0.04396364187031265,-1.8045524637736403,-1.3619678926633811
36781,0.19118535467063638,-1.0052452302502135,-0.3457255693056292,0.4928162792075259
17101,-1.318116988142561,0.8538335694299695,0.5422932934784976,-0.9735773542927258
72141,-0.2661921120344086,0.45848261964976045,0.8090924481258288,1.5588403241060973
69741,1.2097530010206439,0.2850551277508804,0.17202050987472808,1.7523460312912267
53421,0.8297068858335341,1.3750086608614016,-1.7738770160813797,-0.3296272941308341
64981,-0.359774935325355,-0.30566803703396467,0.5209254066914766,0.18247703516152988
57581,1.2207397165880696,-0.3205339756134364,0.0471398647390421,1.047609630130847
60221,2.6695581714642698,-0.8685865173368018,-0.5030098248420265,0.9652650131348741
45781,-0.020475722246548138,-0.757169844244836,-1.9255706038976423,-1.4148891700439439
65901,0.4637970635323156,0.43618222650647537,0.6158053927106224,0.5907813561998355
70061,-0.762094281674742,-0.6086156147464599,-0.042849490352708776,2.293811293593065
74221,-0.015701369156549953,-1.120294751861625,0.33716571869984246,-0.6284199419252908
33501,-0.12485169886476996,0.41270482323726787,-0.657596879813004,-0.04685370380206417
50701,-0.19533349209945383,-0.5401464136652325,0.6590071727886505,-1.3363805219898992
56101,-0.08404558544651479,-0.6181888601858365,0.10645200817910402,1.2888773779060916
69141,-0.7687621385047756,-1.0980211221314813,1.6209335427292217,1.261031379502537
46261,0.5575326112864658,0.3760901986585561,0.394256061538233,1.9618706712323928
31461,-2.5024540583279893,-2.3857672037405444,-0.4027892276311703,0.6466725751002451
58741,0.2754068933378703,-1.439389843526474,0.802291117254127,0.5706325908037777
71421,0.4023787330105782,0.23637372575589102,-1.0487653348865231,0.4544232010399949
62901,-2.3344184938809622,1.333815348073257,0.22460104089123972,0.6586747754766954
8941,-2.119297393178082,1.1208175968267031,1.233420462118932,0.4124096061656425
65661,1.6129061230617423,-0.09192531095872156,-1.3466438522882394,0.12459086459024875
43261,0.5603239605023265,2.6763178518398614,-0.5284596355233963,0.39147799115370874
17141,0.12185509690661389,0.13028424954808282,0.5723644600413395,0.843719996681814
11141,1.3608526312599694,-0.7113306102843706,0.318772043106727,-2.242078373788277
55741,-1.4356134027162506,0.04715851647560046,0.5951287949523871,0.22849858816456511
4861,0.5167973584333607,0.2905194765880153,0.6942863314953783,-1.1754229250582184
23621,0.26408867936905644,-1.1021357469801731,0.18532327676105173,-0.2418763324401165
29141,0.1195954851284049,0.6864161694668368,-0.3557886567292213,0.3635006538098111
27781,0.5678811794654949,0.2531190621771614,-0.5043483592681566,0.7256108108109576
72381,-0.25144752062091674,0.25284452844716443,-0.5815310952819829,-0.3681365831891212
31941,0.45748711777617185,0.0640519343299839,-0.5298050728477917,0.36055589505086166
76541,1.4637858580060759,0.9501821586887373,-1.7417519289164929,1.7185871712817975
36101,-0.7141067224173113,-0.1866202518057184,0.04460821152967818,0.7341175399532464
64261,-0.4399633593342849,1.4174199186439287,0.5520227832376173,0.8780150652169995
40261,-0.48195651941622586,-1.0370143221055887,1.6016141634363,0.541358542426901
21541,0.1604701558098989,0.4170188002926247,-0.004921389026847898,1.806189656675776
44421,-0.5227452612777769,0.08142085484297601,0.7736383328430916,0.5418033075289943
39981,-1.2021976145350428,0.45167985827280605,-0.18365497647240334,0.31268342316310543
48581,0.5986932517567474,-0.8467304572739235,-0.7868991456663135,0.8775560078836501
58421,-0.9988117610825028,-1.1171410208022439,-1.2202581609165741,-1.2303554370710013
12301,-0.26249026376867085,1.383273466903631,-0.5399652360273256,0.6351299929228189
41741,1.792658736942227,-0.9229431820829769,0.22836618594254407,2.3106392874350448
16461,-0.8005319090021663,-1.2099054088090617,0.5472410717805697,1.201643758602096
33581,1.1476539982910967,-1.6819109098964995,-0.3301392184447203,-0.5519884815304523
39701,1.5111706126540452,0.642107093845858,-1.1161765143949076,-1.8679001571750098
33101,0.1386965933610233,1.1034311942456527,0.5143313189993063,1.0385207584531204
44141,-0.04196095163698981,-1.9847320583420696,2.972254703777434,0.4543479088257433
41421,0.30737052353398725,-0.6857480552378561,0.7284683413772953,1.5246701194783427
69181,-0.589901568028602,-0.22156128660467367,0.4331311973181708,0.9576742596602028
5141,-0.36697706372637034,0.5375121798556024,0.6416447880883694,-0.9090231537320846
27421,-2.0482873940201616,0.5685417590116966,-1.1029184712385756,-0.8085679512110838
9301,0.5185636573120438,-0.62103133206105,-0.5951911076794459,1.9874562561465952
12421,-0.4097906148375058,0.7711870782865108,0.33890540990988066,-0.10591070755602626
53901,0.1177273046652699,0.7385985543037107,0.06550705515398064,-0.8411781329065778
58061,-0.31357404718917814,0.15940916928681417,0.30079530167593727,0.902616290359533
66341,0.619316906826944,-0.4894544312765063,0.5649222505438688,0.38671352579552487
66381,-1.5886076728883787,1.2390998399887192,-0.6829359288502811,1.0094921116576834
20341,0.6991149083713175,-1.6045730645735055,0.3369094978446038,0.17131110927845605
30101,1.4225352806329166,1.1799111746269086,-0.532709114764117,-0.5740241427074151
34261,-1.1052054329041712,0.8861874621908324,1.1171434643425004,0.10233698690750194
38421,-0.11282749521793735,1.44758901286872,0.5524126729636529,-0.5419725334330201
54061,0.425868582658749,-1.3897318003500228,0.028589735688340532,1.1785443039967403
2141,-0.4232566035456765,0.48404512091166724,-0.5705610688490154,-0.3330995349315967
68061,0.016511067940254972,1.022415690024935,0.9180977137620416,0.5387307887020165
50901,-1.5846690028436998,-0.32334751880634727,-0.2487495822288241,-0.22424138129573568
55061,-1.1055543423192413,-0.45337465618014866,0.05251720035278861,0.4458131643965225
821,-0.8860614388328752,0.9495785335579379,-0.756105617947765,-0.9556622052161193
59221,0.061351318068079405,1.0467147542263726,-0.9124778471589879,-0.5528086017544802
22941,-2.124786987456555,0.336944356579473,1.7075876290628655,0.5132876585337854
27101,0.6367150088812432,0.07893362217673097,0.3691084314396093,0.20393940969877586
71701,1.434254635744587,-0.003876536338494315,-0.20432590984500032,1.1693173643208028
19261,0.15823915520756562,-0.4965404105568805,-0.6978437715489667,-0.3956321454922951
35421,1.9224641274131804,0.620643234448083,1.9005995764024881,-0.10360484907954254
46901,-0.23977433653764793,0.12337242784554751,0.32178995112982955,-0.5207648421416311
43741,-1.1351200254341738,0.3589109580087291,-0.0666709908124272,1.4366811522260736
75061,-0.7132273059970055,-0.8966881020014502,-0.5310678387109616,-0.15099636388400714
68421,-0.03181316154712336,0.8402833198788856,0.7036243651306864,-0.35833292203197875
64541,0.07833555225233751,-1.799018415403499,0.6634888366311719,0.11358407633071121
56141,-0.6703892566669049,0.5378617799440938,-0.4507245443291507,-0.5279235321269554
68701,0.8946250140517579,-0.20315215301747408,-0.8001354753162164,-1.6547090707018068
61581,0.6985807580830933,-1.9955395912428004,-1.039245872603013,-0.2803113698654593
14381,0.9111446883316896,-0.2568635768769331,0.34063738622394524,-0.2058060843216621
77021,-0.9084671184575942,-0.4137524086804504,-1.2046266162558301,-1.2347115186242008
51261,-1.2432920363120596,0.16920513065751308,0.06707950891343786,-1.6470814357732977
33621,-0.8577330918924341,-0.26203076171641776,-0.04900041808730295,-0.6404739445852113
72941,-1.565708447724069,-0.6918109815053519,-0.6533507160713178,0.771274971518507
8621,-1.1676091163493516,-1.1403595545089122,1.1960583056199146,0.6973889629232369
23381,-0.5915585726372304,-0.07860971209520212,0.9110613482400056,0.6374093221217606
41821,-0.08462074122192603,0.6134607383284382,0.8099107531486079,0.5003761445510141
18541,1.8801938588318219,-0.6428014645910486,-0.4389817973039151,0.27818219818860757
45541,1.0945154649928899,-0.022598658695729665,0.22979894697604106,-0.6765012371998673
39781,-1.4502402736890607,-0.8418110070723169,0.8376295719106552,1.2629762579163624
4701,0.07642511899819505,0.06080371147765151,0.8594278686794354,1.277487810529404
73861,0.7391974998621341,0.8028857788471686,0.6794610791988155,-0.29486012150752
9341,-0.13718249688849932,-1.1775173381879631,-0.03866690940220588,0.3038873582745001
27501,-0.27574690377802985,-0.5123509571389251,-0.23914475538893826,-0.4920480340448683
70461,0.33466643809143864,-1.5100174533899828,-0.5565783007176087,0.514884195485056
58541,0.6924166813865501,1.2928226034188426,0.6410883742389064,-1.87863307761908
62701,0.021514923579649656,-0.9872851163072872,0.3111852172319048,0.6312713647241945
35701,2.0544047886440677,2.101973086662306,0.4542829111954301,-1.2435880129755208
71021,1.2484338428458568,-0.5126658237996053,0.0512459467364709,-0.499631154192886
33661,0.5660189282840753,-2.509260805165164,0.61616283229011,-1.5454272229669448
13461,-0.3565351949185977,-0.5318568423660966,-1.3016802307806312,-1.4480728532025486
51381,-0.02228139434074933,-0.7450693824873921,-1.3254199008475969,-2.182413684998007
41861,0.2156047620367358,1.0233554988040847,1.0486085077599359,-2.328987934018296
63861,0.8999373643753438,0.3510364602887314,1.1695340311102274,0.2148894163906013
23141,2.0121010903981222,-3.1452636462352257,-1.1604877634643436,-0.4806868915519642
67901,1.9854531025738467,1.190190992721012,-0.24680541567768044,0.898884163127091
50061,0.13364233625464658,-0.6831837973942734,0.7257678760509316,-0.3602727340272672
68821,0.7214250886744459,0.038404217786548865,-0.7327441845047556,-2.064900911140913
28141,-0.6608952734357371,-1.8010689029409395,-0.38890840334355975,-1.8381854866115488
48381,1.7943030981307642,-0.4640704176830849,1.1327909902873594,-0.0018154012594488035
7941,-0.6729970080424816,-1.622441548515207,-0.07011800803378271,0.012948272216500382
58261,-1.9876142178658947,0.11633926165294081,-1.6792749003734337,-0.3231768439985397
11981,-1.3101393543449849,1.0072093371991342,1.1752317210652972,-0.48567229095395004
7221,1.4472302538013007,-0.11035929699190823,-1.6638894888678875,-0.8803935839384222
25661,-0.6973681188156418,0.8910818806614705,0.2793735681709136,1.0502696232093403
56221,-1.9309694879087889,0.8805771338989299,-0.7607901535225554,0.47556164284118335
28741,-0.043140398473434614,0.9332047255488651,-0.30029733196093605,1.1969671523216703
27461,0.7605313286706704,-0.796450234889689,0.22593077249691337,0.1687623876649219
60021,0.587089382320788,-0.9845449598657259,-1.503767440531465,0.5719578354923053
781,-1.3554969135778745,1.2845209080744122,-0.015193903413497144,-0.7512560881603899
43941,0.02988644660669089,1.3552568624054877,-1.5376452922502892,0.10274241622819587
35461,-0.3828734773566985,-0.5213228074450079,-0.22605050975608199,0.5039068240916724
9101,0.6833564663416818,-1.2494521359405495,-0.5341075459094639,-0.142942293861045
29821,-0.014462237134296,2.580222263466607,0.064278994869029,0.33192534543168317
13261,-0.14718419366244478,0.02976280343153723,0.823668805652652,-0.45380374062785744
17421,0.11003655787318395,1.0328047135472391,-0.175904068933639,0.3891790197907068
21421,0.40509744296645805,-1.0709874761641378,0.9895155755533283,0.25888414484084044
62021,0.5221818081120897,-2.7114494060259857,-0.4409132365104949,1.6252255284605663
47261,1.1250769433398307,-0.04207699164187547,1.5077460056682082,-0.8352757825496213
66181,0.8761240151129283,2.124873810275042,0.6724424934636148,1.3462232105436496
34061,-1.844550487160048,0.2132208973940288,-1.271310623200011,-0.15409129386426626
9141,-0.48628101656274547,1.0361025470027307,0.877602936497908,-0.07795462699094728
42381,-0.5901182324566369,0.045444997117966256,-0.3464071260137854,-0.24106353620980622
46541,-1.3045400616564566,0.2504826747110631,1.5502315642026219,-0.9466881460735245
10261,-0.32180205490280295,0.022792323489908263,-0.2790118470992133,0.24239217683268047
17341,-0.4350005847430041,-0.8498501551418212,1.943854669274492,0.1462179436699757
20981,-0.12857420450529333,-0.21327902263128834,-0.18983020809478907,-1.223103941901672
59021,-0.7781318059604099,0.8410122831102526,-0.45083132693379224,0.32090167651632673
63181,0.1849662976926032,0.2886842613757155,0.06661433411868417,-0.14397735106496426
67341,-0.5942468550960301,-0.9456055770680234,-0.027703690636673516,-0.06877441551986171
66501,0.06707201312173151,-2.249859287425343,-1.1535147269417227,0.9135562874846299
71501,-0.8185783639527789,0.559257514683693,0.1597447197154408,1.1815949186713972
75661,-0.7845819004297097,-0.6299916681751108,1.2136815281690552,2.2999607777497824
39381,-0.29046995220320687,0.019064256903688147,-0.3732390449237881,0.6366055859870479
43541,-1.0706452970968594,1.308023237149656,1.4552127909451973,-1.6521497728675092
23501,-1.9620298802675016,-0.3275987975532953,-0.09768979644966394,-1.0742933814977464
51821,0.295009963561557,2.380758414103451,-0.16525346067510827,0.7436450464404227
4941,-0.7261522859705672,-1.4428950615567486,-0.5815209789548565,2.5399710112718146
11421,-0.4804930067764666,-0.898401316959546,0.600156032105742,0.08528894110066029
23861,1.1183517092944366,0.6579828525241724,-0.26311864645464383,-0.7893817464150708
50501,0.12280327473296936,0.29682697231184857,2.129337112684505,-2.2517565837933198
19741,-1.2433212904989863,1.2795692895519821,0.3708379301158982,-0.23395048506604416
62421,1.270919834092013,0.8425970915713723,-0.34221241456760415,0.6595544295049113
23901,-1.399212492382632,-0.4822378652283607,-0.9225911041889288,-0.564039122293201
28061,0.09213361846636074,0.3893177830259836,-0.9353862113562328,-1.208502857313008
36381,-0.15678615305365307,-0.5021224048135363,-0.5348461140568969,0.11025323016818984
9181,0.7959899888406463,-0.31988295336087097,0.5631844275969475,-0.06497667168159983
65701,1.466798815754157,1.2360379769581507,0.5912678792918644,-0.14453845827615905
44701,-0.4955878788943329,-1.327548837433468,0.48679896660251204,-1.1394044575658422
48861,-2.447340476911518,-1.8339478480317015,-0.06442813218642993,-0.6265420512693879
8421,0.3217773413681654,0.9028138160888971,-0.11061369442993116,0.6585114421582137
12581,1.1255176339858324,1.7540991611257981,0.7054158504597343,0.35114630211973985
57181,0.2219384397131968,0.04521230803810173,-0.8599783415406627,-0.7653341030727153
16741,-0.6362981500242231,-0.552035512882022,1.372807182547921,-1.2597073552402784
20901,0.35749003224880405,-0.13875525413852302,-1.39983208067048,-0.8770233409466202
60141,0.4152921639601607,-0.05189302607745215,0.8315562318819374,1.1619237539726444
25061,-0.6524460283683783,0.1292654327346352,-0.3435024709251182,1.1937129731120057
69661,0.34894790150916727,-0.653590377738631,-3.5084210985204844,0.4158717330641243
25581,-2.228149817635827,0.23088222593399513,0.8269954203517995,0.382674827741553
73821,1.6718026859590824,0.5235898176524824,0.5023176568437694,0.49986208203586097
29181,-0.08834665406857113,-1.1928801155137978,-1.1072496444079847,-0.12681365097685188
23541,1.5447457797170503,-1.420488970487398,0.6922500429227335,0.05153240440410844
45861,-0.9163937714192517,2.118632780445471,-0.36931901234479325,1.8122011379372391
50021,-0.4573669047048801,-0.008936003041107435,1.336977325041313,-1.8118194361130842
17901,-0.31433449049554374,0.08088995279097866,-1.0509775430375146,0.9083116366955379
72701,-0.2879379610392183,-0.7642348098564946,-0.2824537137523822,0.49533018590816047
64341,0.0016659566087467504,0.8046913204519194,1.4426198470826892,0.09649364766600582
30381,0.8809124519553251,0.4108753813896094,0.1471630164645343,0.870685722370789
70661,-0.7170659474940404,-0.4465535146878498,-1.3805633884726372,1.7629933314183048
22061,-0.46446865776161916,0.9148915976512321,0.9856763312222945,-0.44062303798890157
6581,-0.07447238214244074,-1.172978682343244,0.2132566130045312,-1.3213116137665186
58941,-0.23330727512519925,-0.11575562749084779,0.3720772121702221,0.3263976276244371
68621,0.6349561393300982,-0.42699838809403784,-0.144596226275478,0.6097021865527067
2221,1.0768428125155398,0.5293466831749227,1.1153128745368392,-0.0317706732385656
27381,-0.04037644083407487,1.2518291874042968,0.7639885854918546,-1.3837492659069883
72621,-0.6374685600004804,0.6520286952686618,0.20945358880381754,0.1907081472085944
66581,-0.30846936264887337,-0.9764900375850324,0.9519657664234032,1.9026096482756318
44661,-0.8229972888403693,0.568777672748877,1.1739500603758837,0.43933316565809877
39861,-1.3222608291978721,1.2371677363193405,1.0296770024216964,-0.7510655068539003
44021,-0.8655639407144643,0.27044730618482243,-0.4271880430564828,-0.3575154023444964
3101,-0.19506284187738837,-0.029932851330407965,0.7468434187685157,-1.5310414378377106
67701,-1.7720029532047086,-1.0887702123217493,-1.8153130376876745,0.9367809702919293
52341,-0.9166090856982314,-0.24872290056407784,-1.222733003293704,-1.4082051613462168
16061,0.5486055950035584,1.9066684109809593,-0.33476046873084575,0.9499439177347756
76781,-1.0794863684669536,-0.5582425312842803,1.4818570613082194,0.1085354465817318
60661,0.2279613690319594,-1.3113038166375324,0.25913796004813816,-1.2458729262572545
62501,-0.8846165887816061,0.5120195348478405,-1.5233170046667754,1.034317594615803
25621,-0.9640686457293856,0.22073199789356182,-0.30644681255304174,0.1349457952154472
68981,-0.8298964100271117,-0.0485352399701895,1.2248146226549148,0.7806693251457687
20861,-1.049506096883838,0.26608946860274674,0.037508880489751074,2.805737192179503
32701,1.266814970209226,-0.8648779914773946,-0.55125779597644,-1.0775417875867277
50221,-0.031041809373614563,-0.18409608690463536,-0.23029563416036744,-0.6322728257097502
67421,0.9598830003979136,0.4990902131383246,-0.39621826197991467,1.3800552076951647
4741,1.754033722286243,3.045162094298342,1.6351314622824842,-1.194683306501795
57741,1.0750759521940698,0.9107601022800899,-1.1116030897482252,-0.0374647032799959
5421,-1.548180232366806,0.9782282804895432,0.012156177140746694,-1.4746459581967095
13061,2.801712445485297,0.3029260216617695,-0.8358165788498596,1.1460991723754146
17461,0.3762117655669539,0.5932424857328197,-0.458320864537289,0.6076653060541415
17221,0.9668552809695583,0.03365415849695377,0.22594169913848205,-0.18674002868003603
21381,1.1108833010352273,-0.22999214922652741,-0.9981356674858138,-0.8689396474626716
35741,0.7228773771373442,0.015455374762917131,-0.1486529315032075,1.8093420079940616
29701,-0.7070231974683766,-1.0383621884961944,0.17634831331800935,-1.1631670890681176
5181,-0.31266075281337186,0.5134493364233415,-0.049191805446552814,0.3861309151993538
36021,0.0990177386926657,1.0908898333236494,-0.3426566700380419,0.5403750654679937
38021,-1.3228603234173508,-2.1695459588618005,-0.42768705782346106,0.5452566835320672
1741,-0.2429078855356493,0.6737396042991227,-0.6364003105386168,0.00017525660953863
46341,0.15454104915064046,-1.7693780383148543,-0.09406856280862363,0.13508531895335313
13381,0.47727964758982727,-0.9117463577400533,-0.17663170939245593,-0.13577112870604446
10061,0.5050137959237496,0.8540439467048241,-0.5727215109889224,-0.1907746142276669
70821,1.3460063584663797,-0.11020150828106477,0.6447283685020561,0.5930311039145052
22541,-0.8276285012076292,-1.4158936642424569,0.7451942023065183,0.3508988692143631
31821,-0.49055724611257756,0.16772449956342764,0.2508971744275492,-0.01794899941598531
67141,-1.3294350476513925,-1.213134889951748,0.05601217438096216,0.2264365066157137
71181,1.5693700125898253,0.48302557867319246,-0.5247800142029854,-0.031565396100138865
30861,-0.2969864312694699,-1.3854801518791213,-1.203444697103688,0.7022830923346632
75461,-1.1424067624310892,1.0629799967504465,0.3129459348165505,0.8586665298495875
11901,-1.0585426409008856,-0.743202367595055,0.9280732979302582,-0.7854628107298414
50261,-0.4955263213736583,-0.39036720496766075,-2.488494791081904,0.5810583306710208
2901,-1.527208067077856,-1.1836369843236347,1.4640127112830095,-0.816981961275177
7061,0.4240853425720974,-1.036137797664383,0.3871998221101096,-1.18163433278258
47021,1.0798280090345969,0.9539264867055822,1.3257312143951372,0.1309919842939709
621,-0.00939626022585627,0.03188672412809213,1.7200990791177158,1.1239665478713028
58461,-1.722903736466605,1.4745087131615815,-1.184612540764318,1.198603839514156
29541,0.23006668867771807,0.03203957207670748,-1.4717908931405306,1.0702331437725672
64141,-0.7104476353983208,-1.1974853994731534,-0.7449300499301522,-0.22171988937300133
76901,-1.3335822014797325,-1.430950880924074,-0.9968393397285941,0.9133053327072858
36181,-0.6206234399993075,-1.8485048688675823,0.2708469424359542,-1.402737520818219
40341,1.3992357029402156,0.09267502337180125,1.1090451906691348,-0.029081812028148614
74381,0.9053205939351657,0.24833179641437553,0.6048547974431253,1.3074760465510258
44501,-0.7679526727363151,-0.654052747881984,-0.6238927130873,1.457274050082963
23661,0.42086763398316135,-0.4108797107243738,0.7147632056097775,1.4103980934395586
12381,1.852668079461126,-0.686452967912735,1.1417751835478565,1.0000012006654977
64701,-0.24626461318871162,-0.5411493530403378,1.181872974377815,-0.17028658644067807
16541,1.042759304538278,1.0476964503374588,-0.5753519305865045,0.6491286907706316
34221,-1.71551684769306,-0.7022151653216762,0.784301153786574,1.840615848550577
65301,-1.4216928103448863,0.004737604341931033,0.22564306450363686,0.7824763423896637
42101,0.7761054174306848,0.30663324514189566,-0.8657492204928682,-0.8605859135373314
36901,-0.7018297058389907,-0.749484628650807,-0.829841114807668,-0.6090376917735163
30741,-0.36634903738055696,0.8988374207045745,1.7854953112374914,0.08208160760263278
41501,-0.6692717025625029,1.727800235057072,0.4520424554130656,1.7720161077610326
50301,2.2061194461672917,0.23593265399973645,1.5934270084124698,-0.9726384687400046
45661,-0.3976439337176885,0.0759090247478722,-0.09776852453325602,0.32430963102905563
23061,1.0187164571659344,-0.11312995054663252,-0.1562783438873881,-1.163034335439719
49821,-0.43795154702301964,-0.041840218118085776,-1.5452258532893601,0.6800896494581815
53981,0.947606321326259,0.18468605320082543,2.6962121235188383,0.02355006455081609
58141,0.2624956669419388,0.20045963562767777,0.7191699506488326,2.595339518103279
68741,0.3715143300644736,-0.05660770596652531,0.7373824021473135,0.459046249199495
21861,2.057921575704437,0.04689913530501737,-0.4582310434753212,-0.1082895009522291
49981,0.7245250425942349,0.8424657741319638,-0.3036789018777091,0.5326111396060766
3581,-1.3531101422054463,-0.6788216031198533,0.35140449907451077,1.85960587045041
74781,0.9506819383860339,0.20480089505586593,-1.3378077260999208,0.1488772082746808
15501,-0.7141762488992905,0.9305758127551426,-0.6262796368254622,1.7359129304595629
42861,0.27233326542395137,2.1855814910736244,0.993858282857082,0.8240747125904418
45221,0.3592733360176192,-0.07704810474349685,-2.2281912967874686,0.3139531615695219
6381,-1.0460452418605615,-2.074291861737731,-0.28964284096143683,-0.7484688207226203
54421,-0.18750821969942497,-0.5505672581801528,0.22831048202664633,0.5532377101268959
18861,0.8781782929998709,-0.7040484097673881,0.8227446195642252,2.660677052400833
23021,1.6746724968556532,0.2783251519235926,0.1020247605943017,-1.2067347534505808
72861,-0.029891798159374393,-0.8384004152751734,0.529637943589361,0.5411036223925241
62661,0.06204647723384314,1.1943109719631624,0.1833787378428478,0.18519507675426858
75941,0.29769647589975584,1.6571726279302055,1.7793714915835357,-1.9025971762315197
46141,-1.3007738077059996,1.0238929572179687,-0.6744014757934298,-0.3470590614180577
50341,0.14039343706065033,-0.4662062460776404,1.575602052311378,-0.28976430409484083
47981,0.7538125407893145,3.7313470104759756,1.1154319115913578,-0.8020488704984845
52141,-1.6069382350919381,-0.3220955490774572,2.2475561804418205,-0.9754086970434543
56301,0.08410070725512139,-0.606683673313217,-1.1906730328130337,1.576664125952439
38061,-0.17815716553016417,-0.5893954127573929,0.451600303021466,1.003218244301891
31261,0.042142415130785475,-0.41379509973713247,0.08791885446583424,-0.6815664128631709
71981,-2.26345429335705,-1.7694618848987866,1.3927382368434884,-0.07427896373152115
68781,-0.9218016649895618,-1.259188572657151,0.5401480481666202,0.4642816944314682
11821,0.5087585917668138,1.0550316237535295,0.6657600440927751,0.2751463040860643
32501,-0.7294176536582736,-0.8334723220019377,1.4036404997704945,-1.4455266344959365
56501,1.6372762842803317,0.9703339990169979,1.0426663901110238,-1.08645493191964
40821,-0.24024349242423815,-0.6814316247797374,-0.1828313528446316,-1.0413750987896493
4541,-1.5155696892990993,-0.41414065196386995,-1.0367796243068108,-0.26702603511551914
49141,0.7309403934501686,-2.1240687771585836,0.17905660153478162,-0.6042393334347574
44221,-0.8696588201519739,-0.722837123981947,0.3334488356721428,1.3061170105694753
30581,-1.354781630157038,-0.2414872537741167,-0.8151672396339178,-1.769584765270253
61621,1.194781066029764,-0.18737390983416904,-0.03395170663027321,-0.16458839006746662
65781,0.5966710808478966,0.9815661597668667,-0.8047298753417743,-0.20248912239509972
72901,-0.5201650315835575,-1.2266436741799371,-1.5778241476959638,-0.8340372366983879
74101,-1.9510635043903426,0.9208394986561999,-0.3492514113724859,-0.501631318181191
15461,0.09343358688275663,1.0912350352946332,0.5513494901459117,-1.9013839595623971
29901,-0.6882932158021068,-0.6802970602515362,0.5326900933364165,-1.3483477716789654
5701,0.5799533300626731,-1.4432824233497232,-0.9784283813591282,-1.4523200172419377
19661,-0.512237403301644,0.999006417084427,-0.42921998025578734,0.8271938626315599
9861,-1.2055076079916789,-0.2319875193073102,-0.7547879042691968,-0.16304597249341943
24381,-1.3050220083756594,-0.9734676138538557,-0.9095602799760645,0.46957272257779675
27861,-2.989054915848074,0.23999156860031137,1.5143359704518313,0.35993258973377323
22341,-0.14824740053968596,0.7180683228210626,0.6746352216077729,-0.6868519379188903
66941,-1.947564394222037,-0.3885709540782158,0.47678368831787626,-0.9264050576069928
71101,-1.5685961210882653,1.0669840332428329,0.8221199653937757,-0.47247129667720905
5341,-0.030764341880751275,-0.2499197661585516,-0.6937682985930715,-0.13665450238614998
38981,-2.419882391403001,1.0268928333772094,0.4801061827413727,-0.5322217271796797
29221,-1.7718990407620652,0.9190152987246355,-1.5758677938751164,0.33540691039689835
2701,1.4863447860518668,-0.683643836059024,-1.0184018028351134,-0.2274935332678864
6861,0.7875444448818112,0.899337227690925,-0.5038534280325949,0.35907047529891184
64741,-0.46491331548224374,-1.592978517310562,-0.34791546707739646,-1.0960237695706925
70181,-0.6704830353288506,-0.6282673268029301,0.2584851268640166,2.1029502962503455
19341,0.27131076170447477,-0.04857414695444988,0.6445442216562502,-1.2376665339881985
63941,1.2719354587684908,0.09687184499773169,0.027192440775901505,1.2782277622285456
27661,-1.8173558503861358,-1.0978440149021234,0.39665350706803026,-0.07496167692157955
1261,-0.2786051434828724,1.4044042639466492,-0.5028771470237515,0.7117193169877699
72261,-1.0024198657552537,-0.983263608742736,0.8041224996055831,-0.18409695277036997
64381,2.168482587169605,-0.7297328644555243,0.28483998954618234,-1.5486943467458385
35981,-0.35100605857648454,-1.2172431913920878,0.17666787784839902,0.1515548007977344
74341,0.43911922247786334,1.2391858821431065,1.540640480239267,0.5190511624586072
29941,-0.6788573889991008,0.7765783227766725,0.27203520650623336,0.03557632799974661
46381,-0.948682125703591,0.004958602933757826,0.8920420579793714,-1.0207700941591236
12181,-1.4692634628655392,1.5706439815130049,0.5121758813566106,-0.6983132136419317
56781,1.3373210671184261,0.20571646366451507,0.9319699120425969,1.1490605012547477
60941,1.5209713855394067,0.13213179361690894,-0.9471125630105095,-0.9206356261361897
38141,0.48077206821052915,0.7197599680022,-0.0629110165284327,-0.7589393832077044
63701,0.8647395876990275,-0.7489198692641543,0.3096145059702874,-1.0760437273782424
28821,0.3075556943125777,0.9057662285957387,-0.38063637825016805,0.47574625203947585
32341,-0.6444712241465971,0.07254836772793842,2.2985615640298875,-2.2190444435538703
34421,0.07254228386566965,-1.5359435988461465,-2.336326337673816,-0.03244915588462851
56581,0.7246193609072713,-0.4648045657465775,0.2873711743551381,-1.3860814938559434
41301,-0.4912986482480799,-1.7866077557718893,0.5945462250811843,-1.2836724679723803
45461,0.6709265589532919,0.237913487309082,-0.6909132056029754,0.7073622188092156
49621,-0.6725528205755846,0.42186881263043546,-0.5546417512020678,1.001789283815481
53781,0.36547777610768667,1.075058714792154,-0.29432999181179953,0.559736078498918
13581,0.18665117689623953,0.09567533675652737,-1.076201561175198,1.7973401002332674
17501,-0.9384214422433972,0.37024101270204574,-1.4671039579370047,0.32543026856182067
68141,-0.3929516384501879,1.0694932113093358,-0.7172193858344954,-0.43885367808377085
62101,0.07969402743636134,-1.145758918324693,0.44904831116313443,0.34696965037198985
9941,-0.4934419731747468,-0.32625969380866343,-0.8095235121323353,-1.5444596546888874
70421,-0.8546966388928053,-0.11980692848790818,1.3959207336897848,-0.2259569824226732
52501,2.5018082653239073,0.949791855748072,-1.5013024388026468,0.5759879174900001
74581,-0.4558763772878662,0.6519368025971782,-0.812647862101721,-1.1761795898796794
42461,0.3796385771440085,1.0046882969385584,-0.043015571871570825,0.3809224369845729
2021,-0.002007827388978285,0.7947833449649084,-0.17589125167096667,0.28009470931134794
9501,-0.10243289972314056,1.019344072210551,0.22142794304995803,0.33966595032167946
50781,2.0514822443237053,-0.6702290149140314,0.5284330825877429,-0.34114667794209913
901,0.5542585238034611,-0.9133195382222296,-0.34170158420062513,-0.007904655048040301
54941,1.3617627516030442,-0.08506812113176913,-0.9628404182475395,-0.9513745631543333
63261,-0.4702472758955731,-0.8110466119019629,-0.1439717675608644,-0.05556532557000462
38181,-0.23369433553922675,-1.2121984864245006,0.929376188668852,2.5071979582418797
26981,-1.7214525208480982,0.3726062850533731,-1.6816201643276196,-1.0128813107279433
71581,-0.7386886760877058,2.293300634340203,1.430480819721105,-0.15964656394121884
31141,-1.604993944510405,0.5243347812766087,-0.7562945783250964,-0.6286563896617648
35301,0.2616179332339197,-1.3479699907745506,-0.891582999747881,0.523641482498719
66861,0.5055221134363854,-1.836184232277206,0.4663380515976727,0.34049827757917167
3181,-1.1751976095328192,1.8156330553199946,0.47890351392208963,2.1171608445527457
52741,0.4294396549950179,1.3828800508969041,0.34715155761339195,0.06910135142055465
34101,-0.03738479100099702,0.6122079811243873,0.3749525134797851,-0.15878401224243982
73101,-0.30105242574156804,0.6932195107935974,-0.2092300916874979,0.009258555876746438
60261,-0.28917150866766195,-2.388115602766098,0.5708705799010625,0.6975142382064572
68581,0.5544357842120967,0.4173493114282295,1.0662370473205132,-1.4060974834781135
1341,0.43927177886226676,-0.6836438596693176,-0.11231273187442592,-0.3490420351577657
20781,-0.0912132460182856,0.430132842458987,0.07164726468969228,0.8131611221622101
55861,-1.419934017114045,-0.8464540026551385,-0.1846342241407401,1.8528718469794658
16021,-0.39354536462525497,-1.794470924319509,0.4847840976395418,-2.5850623782215827
181,0.9279999097538735,-0.04260916342616588,0.49383252409765266,-0.16881269206407634
57661,-0.3119779972966526,1.2556540062841353,1.2020283982525817,-2.1385976664807314
70981,-0.23453729888731348,-0.6009670151392082,-0.21103094701851496,-0.5430769679233697
20021,-0.6886492644032927,-0.5684779811654145,0.9493823185554138,1.6546534311417496
43221,1.084172553309388,-0.614717499167656,0.14987642195499587,0.8145122923284196
24941,0.44262932644462083,-0.054046506195598414,-0.5321380730456833,-0.28145806019512376
27981,1.3367111522814925,-0.8361666297094076,-0.9785516610262422,-0.5472463124959567
34701,1.1849027940103776,1.219539341709657,0.10909734459702582,-0.3820998486885626
15421,-0.19418925675431728,-1.2804555824620634,1.7707620626880125,-1.1990576609664592
77141,0.07342599743081323,0.8888576672092787,0.3534957058795073,2.69789653214773
5501,-1.4793676398306737,1.2771352717446611,-0.7165648757977544,0.12644076246150168
50101,0.878960759867395,-0.22213532267739458,-1.2238105601110785,-0.730439229423341
5901,0.7445435032164884,-1.1581081595165403,0.1818043197505252,-2.036550658587858
54261,1.1911575419342446,-0.020227916660022986,0.8740050723393644,0.49146529372353925
75101,-1.3122898154973472,-0.4942678394910713,-0.1748275312599232,1.8930131216397246
69861,-0.7740508671841413,-1.012295693774562,-1.2909423818407102,0.3407045671792932
70901,-0.6650884401769481,0.015196804696443,-0.8923806221236776,1.035432689306933
62821,-0.26977759685111663,-1.087703067993439,-0.3239364169896802,-0.9891157035626088
14301,0.4411106004151574,-0.9329856947917372,-0.23425999135274167,-0.3521336473728469
38781,-0.8617581633928946,0.19205564805815445,0.7252297092311876,-0.4946756475434354
42941,-0.6232333644472724,1.7644940717956414,-0.10575366125684621,-0.6014366191701671
2501,0.9849510447051738,0.4964456651808547,-0.9107678013244829,-0.6364527538820337
6661,0.3382761659264608,1.5510320834917424,-0.10436241502185521,0.12692738826216635
19821,-0.5018968138902888,0.13241977003920805,-1.1472539584666546,0.8977727721577939
43581,-2.388668105952311,-0.7782602306981075,0.12806800694536735,0.17066691539529635
14981,-1.2433819498155607,-0.3457693475127549,2.259760358115399,-0.14175379972171903
19141,-0.04031013769097657,1.1797581320939365,0.1986021894808302,-0.9413940633000271
23301,-0.2665975136897644,-1.4277871775160447,-1.7030968107650915,-0.8875899774870128
38261,0.819434036572344,-0.6739869775179884,0.19785454576466868,-0.22327926631399236
72061,-0.9226577288780745,-0.39708281953726304,-0.9910998405599406,0.16205672469492746
74301,1.645185618624496,-1.0179505479375972,-1.0622037067149224,-0.5164544305083969
52261,0.7907567958117696,1.524777928956485,-0.6733954640698363,1.2490251657093931
55221,-0.46016627644516456,-0.23049129274711105,0.06670960939402706,0.3984505857310373
36221,-0.4353296531198882,0.22801843719615,-0.5059459853486248,-1.1316307635953466
68501,-1.2329835282468744,0.6593978409229728,0.48874197815138104,0.11134941523513184
7821,-0.030844255043307064,-2.32254956599352,0.5940267410496671,-0.3465906690475281
52421,1.0498126676428607,0.11847180695572808,-0.8831169781584978,-1.0065512303100292
16141,-0.1621633913694221,0.19233321758953528,1.133115456732736,-1.2464903829345624
13701,0.7179698737123222,-0.7805421328884865,0.1465834102193078,-0.3538792370467704
60741,-0.8006170310067577,0.2686800968730131,0.3687938018169064,1.7287005197083172
24461,-0.3917403911888555,-1.4381098344958385,0.803846257391763,0.9776187581216977
69061,-0.13301020915927242,-0.30383939681212446,-0.035224056658242714,-2.155535758802992
32781,-1.0479516865906613,-0.4830326410553195,0.6340944247923622,0.634530161561415
32141,0.02334320426998069,-0.02633335819550086,1.7996534448683466,2.1082957762363708
36941,-0.9580890743680808,-0.4609817774688938,2.008697983566533,-0.2686163212031804
67821,-1.077396230228767,0.5222929870892256,-1.7385922312175026,2.3675102459055806
41101,-0.7952920106549375,0.33266582563683533,0.14392366658250905,-0.8054193902987045
14901,-0.8321794123175061,0.10146040801017737,-0.6028705546707609,0.030101330040060336
45261,0.13091934513999476,-1.3150043958171707,-1.031857350354712,-0.5900565125724762
8981,-0.2036971913003606,-0.9190880310562839,-1.0855290311006354,-0.250520707539522
71061,-0.6503465965620258,0.4793227089566581,-1.6004495035608906,0.8287113380929653
13141,0.8277341157986661,-0.042721543973359914,-0.4021095122614867,0.928008444255431
17301,-0.7778141771433679,0.059440690385717795,0.47197092322140693,0.2286604178580716
21461,-0.5924147708610398,-1.6153711333175338,-0.26228499764258856,-1.3778130903998596
60181,-2.5224713332069646,1.201689763417345,-0.6463137472403694,-1.7018291529683314
66061,-1.0930703301444447,-0.625311536982176,0.5237832518061095,0.038371972352268115
17821,1.3978920339028296,-0.669505323766529,-0.8232155334872476,1.008439840620236
70221,1.0940669727479757,0.901746883714633,0.22053642975204527,-2.195876678778709
51781,1.0856501505865988,-0.6236021884876358,0.2813702100856924,0.9456108860064806
33941,-0.3050221543969171,0.3719173852996652,0.15199171254788907,-0.5196956830568751
38101,-0.5068939748802698,-1.2018826561012537,0.4073045956330089,-1.1545621541426814
45141,-1.2075537367802092,-0.7769374844729787,0.15732928274844027,-0.20831424350439826
42261,-0.6851639323602907,-0.720223756752055,-2.9839099823361037,0.31034123083018184
66981,-0.9090699194423397,-1.2083544276468168,-0.328953033603104,0.810866434556346
46421,0.06835910577937034,0.0733072453542716,0.9980483274929103,-1.6264126675610437
10141,-0.9236643961390223,1.9427935021520533,-0.476093047828772,0.1806260828288994
54741,-0.41920121555068623,-0.7832169219383078,1.540755812769678,0.11468642500543594
13741,1.07870998400813,-0.18876814133120517,1.9958223285313663,0.21170375380098808
63061,0.8624869074625744,-0.0016203803690110967,-0.9344320275493729,0.327399685082879
61341,-0.4147237991262687,0.22382415395295782,0.19394537233243433,0.9185086300936733
67221,0.1578303535610419,-0.26617373093250063,0.12716862153963965,-0.021884687442726123
49301,0.09010464918373585,-0.27938742678827244,1.2695276402727786,-0.3608006361531058
52661,-0.17826026179075669,0.47514648962219164,-0.09904334619391869,-1.7937394915192175
39261,0.8680223002913869,0.043278578793935416,1.123293083092458,1.1009238256234035
43421,0.2086591456845032,0.43388183072180936,-1.1091464745744433,-0.7986431097146415
62981,0.16264495762887735,0.6222207458415061,1.6379670858474988,-1.0254144551804016
7141,1.3179866751707312,0.05490605673130632,-0.46780516606980255,-0.6721543079751853
51741,0.47609837375383507,-1.8470878572806833,-0.5069104219107541,0.3767259685140538
60861,-0.14575166317533253,1.33256354254858,-1.0184255145913643,-0.7041017653405731
55541,0.40545801504377516,1.7994368940192653,-0.3703486834307512,0.32557556361474255
60061,0.6179407580442358,0.07506517614267795,-0.7206838485226645,-2.170919181370253
2301,-0.16952136798502748,1.2866650318424422,0.5655165961058908,-0.9126906485718621
23781,-0.18978482203567973,-1.1854074578487264,-0.7337278344010361,-1.1039924535593215
28101,-0.1872980736787871,0.2952752507373177,2.967093411462475,2.4643587896386174
72541,-0.46770484424581904,-1.1240292160480019,0.39450284369903776,1.2622907033387485
32101,0.2092707612908738,1.2827714850023968,-0.5167386379670162,0.3886644148082573
76701,-0.7340815785398171,0.29169757930254253,0.48254334927470477,-0.7243486610921492
36261,0.06322248169411128,-0.1988496024689354,-0.10562744681335486,0.3362302639510597
28461,0.16351225679611106,-0.433729508100728,-0.6272035383104264,-3.4123847150427435
15981,-1.0143906198720165,-1.7638638833548435,1.2106637383554333,-0.14737566759991785
74861,2.167499735815024,-1.5534309363524674,1.0587153529438844,-0.49261623402520927
36301,2.3211093442445505,0.4464483651360345,0.41971650825700363,-1.160560528407113
3661,0.4642830134142671,0.7027919323048192,0.5740544594662071,-1.2912524453355123
65461,0.5560296970929061,-0.8217224227783594,-0.8118254324024895,-1.037069184658757
75221,-0.25333489898467415,-1.4509213077748384,0.4651986702187523,0.5615108109709944
71301,-0.46992537160999126,1.441102535661079,1.7717128101584518,-1.898888818854033
65381,-1.193632655598145,1.2699875628113577,-1.6422762241782953,-1.3584423449175527
15381,1.1135324311987227,0.6113203108412503,-0.3044796447094025,0.075833713459678
11741,0.6856122875840708,1.6472921055065828,-1.2723626299574111,-0.05806360784403198
41581,1.362070631694428,0.014194103974088918,-0.4974331475212866,-0.1307262726260813
5301,-0.775545702092161,0.01539637331706338,0.6319104276290894,-0.2711363102229729
5021,0.4340539650642871,-0.19961323799854286,-3.1233438304119043,0.8492124251979579
19941,1.0481185628413228,-0.3491662148302078,-1.0658833263212684,0.12771053727213685
70701,-0.7966434307407677,-2.07673778665405,0.029338642816714142,-0.31526398036711273
7661,-0.004000725224637513,0.058602957365533725,0.8361239520968169,0.6967264955548447
27901,0.7285515840272119,0.14009088116786186,-0.14274835705428915,0.6603657976876306
38581,0.0691896357347433,-0.7564638055608391,2.4715473751187518,-2.2271352014879073
56421,-0.23680771750145221,0.29928188132283223,-0.53018153324057,-0.442969650319147
5621,-0.26020419437021236,-0.24117351882159677,1.0383032910967882,-0.19427073733556027
51061,0.2361255555038606,0.8735609860009588,-1.444300858819202,-0.7573806175624694
23701,-0.0397740603276224,1.2882426427984772,-0.888315651782095,-0.03380568023450931
14781,0.548571425945765,-0.8278610299224153,0.771478966887837,-1.634783635891319
18941,0.2893172413132748,-1.5464337580344143,-2.2051337026286917,-0.2308359247735701
65021,0.6069396309419736,1.6342616351085295,0.13807167993558625,0.26209920134404363
16981,0.23791515162352142,0.7623120340081148,1.2273901607973225,-0.403357448600185
31421,0.696434563595719,-0.3605589914437686,-0.05475748434485164,-0.04270173971372967
76021,-0.685364101597765,-0.5650977207352127,0.45006438400438015,0.28754634682622676
1541,-0.42723699663583276,0.41435909554405104,0.012775891463079034,0.7359655459044784
43901,0.8226839347751287,1.7116354349986809,0.5519132508459005,0.4093161656021075
3461,-1.701609157635014,-1.2501709340703218,-0.5860251423655274,-0.10621107168105878
7621,-0.5714616428140913,0.016527958055584602,0.9702710385233758,0.3805856092287309
52221,0.4378146486826561,-1.664947232556098,-0.21691320064432126,-1.4288976147740513
11781,0.34617136988090913,-0.7110528603186259,-0.30846493677754055,-0.7117762389811556
40461,-0.5591776772788842,-0.7770231047544641,-0.7745004253810486,0.9026498322640739
41901,-1.2627142789733856,1.0051332269694286,2.4092638281879895,-0.25992029424885266
32621,0.6515192317383689,0.2566213468770006,1.5035604853532067,-1.3133667423262565
60461,0.17731655247894434,0.30866286866889525,1.4143325590212543,-1.3985974450898155
28421,-2.418635690715189,0.3416874718632966,-1.8364653134712254,0.18459679544545085
7701,0.5747059949903868,0.17891349113076613,0.22302437252312104,-0.9856986702666135
77181,-0.4413729078975709,0.03306168578495404,1.060695905738676,0.6800127982521835
5661,-0.1760194647784578,0.4620356953494427,0.07125608097565611,-1.739897096618711
49221,0.06489990442537609,-1.3495751098364328,0.6221075968415168,-2.515318958192597
41221,-0.279475386367959,0.11424196387238061,-1.0666898476418467,0.6337882189935922
53381,-0.6254735231000298,-1.1912754863734303,1.0400458172894358,0.8289363051666072
57541,0.9283940582938117,1.9798206637578906,0.4818331728095988,0.5642204978672617
21261,-2.1926436863820893,0.4103046312861185,0.996676879944735,0.7694399846129604
13861,0.05304937269150391,0.8548440658334415,1.0354703577059419,-0.7236022357158354
25421,-1.2948355735683983,-1.4252608486596727,0.8577764722183869,1.32441385069188
70021,1.0187537872672676,-0.3552219786780878,0.2757714749718121,-0.8867600451984579
23101,-0.2207497071994045,-1.0779972511257039,1.6173643235503157,-0.7520287629778672
74181,-0.3266490176202365,0.7359053198402198,0.2903265958369283,0.007307449745912792
37901,-2.10404314091702,-0.6566710338949729,0.6149784887450008,-0.013892272909718513
73261,-0.8613653932677691,1.0426747383146833,-1.2364345947499145,-0.5960330476371709
45101,0.5936250811403229,0.3900911717776036,0.06460599729160205,0.4779556528853537
76381,0.05205527147141462,-1.4925371674439207,0.8443920331104768,-0.8844087897474966
5781,0.3356341821781326,-1.5244096456201461,-0.7050932683349278,-0.38185391796690976
50381,-0.30901390644588717,0.971786086646059,-1.2633082226730161,-0.36691854327235673
9781,-0.7001186799260044,1.5274367275022755,0.8045923726440019,-1.1064829139856214
58701,0.1986868215658882,-0.2912853029413381,-0.20376219161619055,0.5895109742184732
62861,-0.10230914795693259,-1.0294419899911464,0.6534535255988246,-0.3851159074743043
54021,0.10676874595757468,-0.4752417541907318,0.12281514826057904,0.28767124714530995
2861,-1.0094635123511895,0.25494432272605344,0.4753682852364374,0.7325189338363738
17981,0.9790992397253244,0.24088568939385846,-0.041793149212096384,0.1185210568225322
21301,-1.2476715690526123,-2.1700153638219,-0.8109968944683051,0.2818901654756459
19381,0.8971445562632294,-1.9360618721143095,0.7662771395499588,-0.36729913089900296
39061,0.7520926969388234,-1.5838498152542682,-0.44320741928493756,-0.34403471124934193
2781,0.9082868824882804,-0.38286027097354364,-0.12188033030485518,-1.4431969502029052
46661,1.6168242126273207,-0.23327712323015315,-1.1372456259753028,-1.4357086037931357
76621,-0.27898952639758856,0.5122064759569178,0.8289639191268604,-2.2942223231579026
59861,-0.14670731837432904,0.737383378409148,-0.7534912732495992,1.0219001756963293
71861,0.6575130298653736,0.3950412900364039,1.3385204291259303,-0.36949598561006747
44621,0.41135077072602216,0.11575766140704107,-1.5910691195340674,-0.9332902587104589
68181,1.9392870349986284,0.1928363217726276,-1.7739717843154388,1.2264114521183394
28941,0.22541432460726174,1.4184674081390258,-0.14346796241911827,-1.5995763446997475
31901,0.6085962753107172,0.03587010046695876,0.5421778922016358,1.2550482409627661
36061,-1.503773048241867,-0.7194086008047463,-0.16744563363959017,0.4736281670767492
40221,-1.1249365586121445,-0.6011974203409896,-0.9346607190792787,-0.7161904184243864
42581,0.4896985615096672,2.21548266684482,-0.796177891110902,-0.5241902863564879
44381,-0.18647492228015364,-1.9566769762033767,-1.1251966479889781,-1.53022864106359
541,1.0347137169312333,0.8356741705117566,2.217707775766746,0.7534953672406898
8101,1.4284637726008866,-1.1069128172445029,1.782486109402635,-0.802529237466674
52701,0.7255577850798237,-0.8076651615730179,-1.3664718430968352,-0.7606376998447161
12261,2.9649923471295323,1.1808574926067041,-0.2615630621694528,-0.7920695013536956
56861,-0.17823746417666286,-0.9093168523479555,0.21845259985346138,0.6231859084080595
40541,1.0071629568867224,0.6482946243520056,0.6924425117239049,0.40989774650205724
61021,-1.7751706924020278,0.18031345815655506,0.865552075529911,1.5679921422774958
2661,-1.752832481082706,-0.10672789256076654,-0.5571065643921317,-0.17074112898032634
24741,0.5149728882160528,-0.06127813510866737,-1.0967931866473584,1.4199559755674438
28901,-1.6857452617701738,0.34822798935767585,1.456338888902435,-0.2133152896443237
73501,0.5526296017090159,-0.4167676933306871,0.04136870729638094,1.5112005268929138
18021,0.22985774601018533,-0.03067412297097695,-1.1258716861151024,0.6770469686914402
61741,-0.44813390654826707,-0.3748638873407014,-0.1163322790201318,-1.240473315329838
56981,0.1502578895084348,0.9775457084632677,-0.8293547967157945,-0.11078244329452458
41381,0.17955174174906854,0.24464627939943984,0.6430053568904875,0.8474339492391955
67181,-1.068163246270111,0.8967343130678546,0.2804002440545603,-0.6254243913702578
27581,-0.3536295487586003,0.2060890079851472,-0.4784009802975104,0.7276900039655361
58021,-0.12596024678898965,0.3120110191821817,-0.0731968075588269,-1.505349899759563
1061,-1.0273767162572365,-0.21212612413681467,-1.315613586248304,0.5293500538573105
75381,0.06739268118556282,0.4483379847074862,-2.5647514835064693,0.75822942783063
70501,-0.4338662836447081,-1.0111717537351905,1.3659219347319307,0.2081165986308894
56381,1.5244819213231624,0.7228678502668945,0.6664610060925237,0.6571209562051018
32381,-1.480710363723271,0.06254747865684099,-0.8547913792725917,0.03091620829164437
21781,-0.9338712051274194,1.0866979899974,1.9163251275025934,0.42424721610168376
55021,0.06285097986341978,-0.5234641616193901,0.7491500312038093,0.6368908794198179
61061,1.400814532228318,0.772878453021641,0.191849889576664,3.058321156303507
63341,-1.0940125659795419,-1.5289261266913956,-0.26064126615362243,-0.4329604196566356
67501,1.0025204448739544,3.150979116451766,0.29415006470607336,0.3911243030778526
71661,0.5989879098670182,-0.009188803482519953,0.1103697277803331,-0.07117155376063694
28301,-0.33642481552778597,1.3880240194300246,0.6784296630046852,0.3500474009487746
55781,0.9594921622056994,-0.40543507567431436,0.2087382211818313,-0.65591162870268
10861,0.6462178345870964,-1.1054543696552892,-1.4579750991577731,-1.140883592772817
27821,0.952989284491653,1.509755534655527,2.29108235445594,0.39210953872800997
7421,1.8462789949527738,0.5719518651649629,-0.7286181579194368,-0.6577585168270992
68901,-2.0624959379435794,2.45470694051248,0.12445570998577368,0.584595495927216
46741,-0.1912895772347445,0.008804691401479759,-0.6564497843746203,0.0564920148811917
56181,0.46639782726217255,1.1468669065689918,1.9597045085175633,-0.010743681637063546
19901,1.2069842832817002,0.007934944426850103,0.878013522177005,0.38256969537613433
64501,-0.2092383884469064,2.0730770320186935,1.6114549685618091,1.9656227111101605
34461,-1.1709368504459354,0.624900629393181,0.47801855975808927,0.03540067454246615
76501,-0.37793818487474323,1.6347879081947456,1.0623278966410028,0.5889910600084929
20421,-0.6012849027829008,0.6581855933454386,-0.020207382172508427,0.7056783120213931
26381,0.30370966833174406,0.32039751047053694,0.6240264410914919,-0.41937995080624374
76981,0.32488202384759024,-0.012822163899985813,-0.8026272519974732,-0.052374691215578285
7781,0.2310643960303692,0.2275384604677185,-0.08565027052086588,-0.48121633798950764
22461,-0.08889055824458855,1.046741535422605,-1.0417459087274594,0.07469885459285106
261,-0.35706437150123116,-1.0021729293732822,-0.6189778012482875,-1.3460703061668486
22181,-0.48476557448261526,-0.2433835760273696,-0.3563580129548102,0.3247223373672483
8581,-0.1510990706911977,0.03517798140192441,1.052037768279995,1.5135566731883172
64101,0.4705871174752748,0.424311415536065,-0.3918878252161666,-0.38855391921275795
17701,0.4682976507446277,1.175379884773053,-1.3417550213455733,0.3157448460316856
20141,0.3528455539487755,-0.6168574922816055,1.554682960863917,1.1020384663881357
21061,-0.660716114867195,0.554161908282636,2.6901880869708314,-0.06047506156674187
29981,1.203615821355322,-0.4123351646210802,-1.0989188092854054,0.8701526717432079
25221,-0.15188091991542427,0.67145475981831,0.1141719589401423,-1.8766324866231114
69821,0.5471906537170963,0.8612726150638074,1.2343631540198983,-1.2951134384470868
59061,0.6491121505899995,0.7470505122789627,-1.8772526488095689,0.5721932222121126
12861,-0.8331859809789827,0.08927308988220012,0.7228397391761845,0.04841695560768006
26781,0.8295458358799095,-1.2920193353819074,-2.0550566255082887,0.39185497694976823
46021,-0.7913562917857739,0.5197154837272838,1.1735341143100435,1.1844764361854083
9741,1.813656015049643,1.8053628077103112,1.414249451822419,-1.1333189770944683
67261,-0.3082958378139863,1.314587938641339,0.13461877760625043,0.32951888021253756
54341,0.3840122751016241,0.3481824704706478,-2.640732687645622,-1.8923410989459442
54901,-1.0630430132580684,-0.3265240727614762,0.23004831881307572,1.1430982734216657
58501,0.21213242603574362,-0.395661434003756,1.6338440138646604,-0.4289029671960776
22221,0.8553964307479943,-0.14919369198591317,-0.24936335387705463,2.344874352340979
66821,1.7777423129859309,-2.467730441465399,0.7936085574800387,-0.7081323537048873
14021,1.3642388766637934,0.3422005916627316,-0.502262215192258,0.25722073438147297
30541,-0.5790090547076144,0.17070081600908316,1.158937784726292,-0.00914943206612606
75141,-0.5749995370639702,1.558079577233162,-0.23933842489803184,0.3623225921105538
44461,-0.5676315823057486,0.03005112331316297,-2.180232740713943,-0.938923859765845
38861,0.05612696141029148,-0.46090058948563223,-0.915554362447019,0.9300921745572991
2581,-0.9785947535267228,0.7407790089024335,-0.2656833224247534,-1.185111789951595
52941,0.41345300030308285,1.1712995588229533,1.3156742695967634,-1.7773028577593337
34941,2.189114160601394,0.3190637382429861,-1.7408476102280055,0.3620478866068509
54221,-0.7215501487020214,0.1915160735214041,-0.14134364318434015,-0.7316528218780934
51341,0.7560549825633935,0.9272003790851433,-0.2933082147141238,-0.08234070414708355
76581,0.05079652890615181,0.2196096095930658,-0.568344962946964,0.4669464366800537
61141,-0.21892187639350524,-0.635273974694719,0.7097166790004164,-0.6190272936045051
63821,-0.19007743675690808,0.4026065372529922,-1.547072353895386,0.6852849904746305
67981,-0.29540113168141446,-1.9753476430282042,0.7472711651583056,2.252217582068944
38621,0.23510397430237437,0.7757450862285129,2.2598097989895245,1.7096125448289683
53541,-0.479674280435525,0.7712079926987865,-1.5582627294919071,0.9457398176788999
3741,0.7996632841132355,-0.4552033973542032,-0.6769055672722469,0.38084003618636136
48341,-1.336115683453727,1.5421252959106293,1.1159498425212708,0.6214615031084353
34341,-0.17047013241153947,-1.109437820536779,-1.0376791952292663,0.48740275594337545
26541,-0.18888128089599598,-0.6784796098133231,0.6360337185936185,0.8221752362027644
67301,0.6540557044304258,0.12415139801552956,0.34832626249623766,0.7100936870898114
56661,-1.6695980503591432,-1.3970722983552446,0.6025860178481485,0.7506756418448668
60821,-0.9120365575684689,-0.35322823588026386,-0.6370405636957156,-1.9834169181022119
24541,1.0931488968723018,0.30834315281044367,-1.2207130173236174,0.06710229226515643
39021,1.6014606202858048,2.294281655448468,1.332984577964768,-0.7701651200213886
28701,-0.7588173197935013,0.6282732023638846,-0.9571689363258886,0.5251440133750724
65261,0.3198291419511081,-0.9889935510941499,-1.7207477164685034,-1.1125693226315305
32861,1.0220603898251739,-0.7182193366322028,1.346180528844367,0.7962098014698015
22141,0.5475758800477796,-0.7019593581414377,-0.49491711077046896,-0.31785679656452087
38501,-0.41185880937272024,-0.6674409413643058,0.8274446217372808,-0.017020970895889238
41181,-0.346686635215319,-1.7981789219909543,-0.8983143534686611,1.2690797126917925
741,-0.4907214178527048,-1.5716816492616126,1.9911507101704438,-0.820865320170144
45341,0.150717261597755,-1.7542920107972706,0.9543302347671776,1.5184512655297266
12021,-1.3283536117081225,2.2388548174350373,-0.17538062575055835,0.22209722421244674
9061,0.8336061150514328,-0.33886087501584977,1.4611648654156009,1.576213786363358
47421,0.12784837940545501,-1.3926916506965388,1.186919545924288,-0.1151797907034743
13221,0.06699273285495261,0.2264386355113724,0.5012549592600957,-0.20603949680382616
17381,1.459258879814769,1.313317184539416,-2.5528879553862063,-0.4826844160695179
61981,1.2610900800909464,0.57996711189122,-1.372215841904956,-0.6742573463165443
61181,-0.23579441210999175,0.026283985012540118,-0.25222367209271684,-0.8418436719402593
66141,0.6828547137162522,0.35528512177038746,1.4814407737045605,0.41978502047196026
72661,0.8167821002729218,-0.8862322883277258,0.6411841221195079,0.0641277105966239
70301,0.03182472187277298,-0.218720011500506,-1.4749578303124193,-0.8475274233005293
61101,-0.06047250260674487,0.10650590742977321,-0.39012085444953865,0.9638289566446879
57341,1.1254297206100534,1.0629198875072612,-0.21262974320356912,-0.02819468803649225
33141,-1.2443311746902574,1.3358929213986623,0.24809350271864244,-0.09265674416436066
59141,-0.265732209246588,0.22017756065939728,-0.5217501801635465,-1.2090965380215544
42341,0.3516485002120547,-1.813621137967796,-0.04739221090598216,0.1021601515426399
46501,-0.8606986994841748,-0.8942916743778634,0.70509081879009,0.473999659161022
43301,-0.8984578946707888,-1.027567491521866,-1.368790206690138,-0.3183998675107623
36621,-0.31545203379036163,-1.226492439106786,1.426976782656708,-1.4806215330369557
58981,-1.0160117209800428,-0.7530813592918696,-0.12436163872192894,-0.5854299166382559
42061,-0.0017686303389145798,0.6835640353503286,-0.17758999035601955,0.27997521027739247
63141,-0.3854822216033632,-1.0456757373420613,0.878369076328463,0.2513793873809824
26861,-0.47645170161850325,0.4634254087418008,0.31472727746838247,1.0924605438391857
34581,1.6254847657009892,0.2100771775436079,0.9471746412204131,0.6054755520086109
75621,-0.513960985605288,-1.4143799618679995,0.3825082052453598,-0.4958043095382843
39341,0.2324544965873509,-0.7124870272677052,-0.635159302268811,-0.8675897877244881
50981,-0.1765636410012763,-0.5317863323060215,-0.08538897808175372,0.7514338625112355
42781,0.06659072475688915,-0.653838169671408,-0.6041375095002566,0.28014810371365584
46221,-0.3966877569167596,0.05815488825507416,0.7232373641296976,0.5461568285893393
45701,-0.049472599876012706,-0.6635901859428424,1.439596906788328,-1.2446670410625924
18261,-1.4291067887056845,-1.2849044501082685,1.3607152118209023,-0.8772817926009691
15541,-0.4837769130643617,-0.10230202321721826,0.1114462934820535,1.2707510783797744
19701,-0.7930272680449353,-0.8345297315901641,-0.05240908346657746,-0.7204151155132431
68941,0.10184519816512527,2.3486957358819147,-0.4816334207946172,-0.27275982425036904
64301,0.7468633763816692,-2.451456991252696,-0.4974523024356523,-0.322680762167764
68461,1.630607771522008,0.5084532129255063,0.7917274143575068,-0.09653039127743623
32181,0.16343943183947668,-1.7061937011140786,-1.2043144313047798,-0.23812545417021716
8741,-0.925816863826055,0.3804078469340087,0.9679027170527382,-1.0272118035581037
36341,-0.20870969039720097,-0.7496209501739588,1.6706382299488625,-0.6453003237036926
3981,-0.5674410839600758,0.21916600644181267,1.730793230685162,0.526977903458159
40501,-0.2253786174822683,-0.7753475191078651,0.8437704916207242,-0.6895491428146323
22421,0.9233290302218299,-1.07807320335967,0.9695495216404965,0.07414483759784582
75741,1.500174381201817,0.34826994245006515,-0.017609130364982697,1.0458020530259133
64061,-0.3962365360589159,-0.7607951751993581,1.541801649482338,0.7097737387424653
12541,-0.8507140653379297,0.1635965818164111,0.3241857727960038,-2.4404925852787445
57141,0.568915994099349,-1.0349003095494498,1.4611904483061509,-2.8991402784807163
59301,1.4740979624811836,0.2524671853627988,1.651554997526614,-0.4234116458691139
35221,-0.8021657397556111,-0.6059310503054006,-0.24680766014758937,0.9254821379743983
69621,-1.1972426417881665,-0.9790928647347054,1.2654331327009802,-0.62705036925222
49781,-1.3165843569024838,0.6269575124889463,1.073429846307272,-1.3956002003658323
3901,-0.5214802755782431,1.0093521056329873,-1.1518241102328932,-0.5281830149635187
68221,-0.07629463955218496,-0.7389219114281664,-0.6119173293394972,-0.2339541750120902
3381,0.23690532011620896,-1.377193943361419,0.010551725885091331,-2.0354828477540936
1221,2.707555036783561,0.5599859476282076,-1.0035058570523372,1.2729118065442007
45821,0.600022554234068,-1.363961213144846,-0.8534960193854035,-1.7528538341020674
5381,0.0948471280963944,-1.6262270814237691,-1.0022318213867603,-0.5533842828023161
1861,-0.7731864005125656,0.5061291423182144,0.3484225951182063,-0.7753969035063648
9541,0.5972389185586412,0.5969730527376962,1.2930638619455972,-2.043388311578436
7261,-0.747666653867318,0.07046102453780878,-1.3151875086530989,1.0661100220397803
35501,0.8081138074264544,-0.647669390185827,0.6546079654325505,-0.5735827146891171
17861,-0.522054283246018,0.5484334706309455,-0.5911731837524516,0.4605813115139126
62461,1.903359273331284,0.44130586517351383,-0.7780546654761656,0.006670677025521147
20301,0.30109348164311417,0.4784595105062274,-0.7555155623138239,2.1484583496494123
26181,-0.6213838167902833,0.5902824756523706,-0.04371563136831644,-0.9132455002488296
48781,0.7395516342512003,0.8125846953623821,0.6789722240255155,-0.35173181915490354
30341,-0.4407234072784835,-1.2264384768749872,0.25135312890399486,-1.0894238157494862
74941,-0.22049884718100266,1.5423137954886081,0.07869908456022418,0.15292051253395383
38661,-1.4032452883513993,1.8390851915173372,-1.2157529122831117,-0.9068634604854227
69461,0.2075857045166384,-0.21808869400869726,-0.5311237452314301,1.133577607826705
42821,-0.0967970448880601,0.31154348380624425,-1.7604501096554026,-1.4716678530942653
51141,-0.3886960703485714,0.1890032947308068,0.5723091792648075,-1.1373817500552321
16221,-1.5806476871854334,-0.17892068275771728,0.32999867799729854,-0.5902550604516954
53221,-0.9203725499402158,-0.18634461922958884,0.6214877776520918,-0.5960527696480935
67781,0.4553533265206765,0.4909905770840782,0.524523310118001,-0.4936747200883716
71941,0.9595933712787839,1.0603674171221091,0.18496550685276963,0.9031610200247902
44901,0.5148822564352941,-0.1877758135782433,0.4660692740988968,-1.0088968717865905
39821,0.42456861513901173,0.5159206354003586,-0.34900880994493083,-0.06602878506536411
43981,-1.108119533835536,-0.9437817511489772,-0.2928096649224291,0.5343351423524453
16421,1.2280569858290624,-0.523140617316041,1.5868020246729653,-2.06745182809825
48141,0.4009877300680741,0.3541937947906741,-1.2444144380004551,-2.0946257310802525
22381,0.8166663246262973,0.10133336536607104,-0.7393531165474981,0.6056143712238362
11861,-0.2050870137039163,-0.4941979712521416,-0.510660385831727,-0.3278893703320655
42301,-0.3916509037065241,-1.1452975639747096,0.2466279398383018,0.08102158466017359
56461,-0.4606563112830755,1.1753722711128023,0.6563392211346648,1.8356595945396554
40621,-0.7700362177304314,-1.2111637364424768,0.20113489195300313,-0.255223362613646
20181,0.919056751650477,0.21990180359079192,-1.6300969850350118,1.5708190018264847
1581,0.7667985907595604,-0.799171016235863,0.4015430420179705,-1.1813002542500561
14581,1.237932772721483,0.09859853569852793,0.05448263207030881,0.9914832196216175
61301,1.1704119971912406,0.08190274637477898,1.2572547890292298,0.657784479880123
53581,-1.1749672588282898,1.3583078782417575,0.41719167696519205,1.3135840685324893
38461,1.238859100766565,0.6852030071855549,0.5415654614742643,-1.8362842163481674
32661,0.15810925459645422,-0.1291123680775227,-0.33084469261724875,-2.706872059476662
77261,0.35816669066100826,0.5652954822404426,-1.5725992934133624,-0.39944770171362437
44301,0.29982259061840205,0.11625450180290083,-0.618620283521071,-1.4007616948243664
40981,-0.353677614410994,0.3913355955691073,1.8137684167970964,-0.04651056689950108
28541,0.3235986441069849,-2.019583297023566,-0.4586882708496964,0.48392227368759577
56901,2.1465122094617692,0.5888642193558495,1.623992691806242,-0.405393386243678
41621,-1.1486241733933011,-1.399811644044656,1.4138477722799345,-0.24134336747864357
75341,0.23079011531079385,1.1983698832344218,0.7504826520792838,-0.3364523418739657
5741,-1.7301722209108137,-0.7092820586386149,1.0146443664195886,-0.17193754263982755
74021,0.08612369509096926,-0.4178859144091759,1.4660546655771425,-0.10900926960812023
24181,0.09516224512079208,0.9301123196922167,-0.8528128567440841,0.536132222247489
17181,-1.3040730835645011,1.3383020372524614,0.420188524184193,-0.22211056005990654
26501,0.1156977062210317,0.6449728361978382,0.5330467764569571,-0.8117604253175821
61781,-0.07894568059291293,-0.7664972178931935,1.1520001833545677,0.404862497214433
25341,0.6286951487282151,-1.15247109349677,-0.24528868264103093,0.8243612682742842
70101,0.17435134857871062,0.1284332484888798,1.3782563132461063,1.3183520244675861
71741,0.831353191580071,-0.8628431259997976,1.536142876452574,-0.6457711150045972
55181,0.5229926493806281,-0.1606339957796573,-0.3733555290661037,-1.6888750583658108
37981,-0.7017626723860627,-0.9359703647888513,0.5323260654802024,1.0284099386381769
35821,-0.9278324091134909,-0.00682050186817013,-0.23103805983573522,0.32832653496698205
42141,0.20973532881826393,-1.3057282039378553,0.3306428147794224,0.0314252210482337
1701,0.515119997187354,0.06047346146574401,0.010378741080679939,0.31209509736284574
46301,-0.23568448360131705,-0.48922440069052653,0.5519961550425809,0.9232300919481279
5861,0.8765940977908423,2.553206863980683,0.8608761684577162,0.7105253588320811
23581,0.2305513856437941,-1.3163182519250944,0.1300670908555252,-0.3103732430666835
73621,-1.1414986867466388,-1.6473967813750687,-0.7972162888823272,1.5421489367417822
58781,2.0339576703767337,0.4360467033275583,0.19166860443585831,-2.177877519283098
18341,0.2644770708230291,1.0307789853565135,0.945204743962729,-0.17042505763744184
18821,-0.5583257912335151,-1.1719477538777208,-0.28288469697520685,2.9793800963464365
67101,-3.3206664387439573,0.8917904739515052,0.4837269455141626,0.595903974886611
51101,-0.42773813053256177,-0.02711747355816143,1.424204590117427,-0.21600851409401575
71261,0.2401752375551116,-1.1592146002104948,0.6859251095212622,0.4241865299741043
19781,0.6167396907614171,-1.338037781542204,-0.24460730627004257,0.12433008578487599
75421,0.6981311577757627,1.7522249022309635,0.6150868841484979,0.1478598558658954
34981,1.4892617916748492,-1.12664891531207,1.1527162460634233,-0.9421364962002976
27741,-0.03144334810859152,0.14474109593766937,-0.12412596908157049,1.7662964745620882
69541,0.17699789317933912,-0.8868836699329545,-1.3554848519873315,-1.1662416165049587
62341,1.1814507009988773,1.1003457554454992,-1.2824175212993976,0.5664455864930341
6061,1.819565758142604,0.3967362802941989,0.7921106860751242,0.1312583365974277
24221,0.04590473131536612,-0.4081467667383096,-0.24411906821492085,1.872583656367397
8701,-1.33931008762556,-0.36336181135691137,1.1237713085940497,1.222739031953941
36661,2.1993629690983196,-0.8926416770985033,1.1141467097281976,-1.426509822522674
53461,0.5638906026012019,-0.6871352272718436,-0.34781825908207875,-0.6981670633297412
72421,1.330174835999293,-1.22058668653347,0.944014888331662,0.5737759323178536
34741,0.697023947196065,-1.0512135133936023,0.7503453300136578,0.38751345098746043
73541,-1.7136521306937886,0.19126751533220315,-0.28669593119251197,-1.2232166772019766
40301,0.26467618486680633,1.4007220052193752,-0.6938923855766008,1.0392123206697308
18221,-0.135740890539952,1.204276497897551,-2.5550732188403495,-0.5796173666833242
1901,0.09593830999400743,-0.783035924465086,0.9844695334282156,-0.5044141940524681
17621,-0.5472584082229067,-0.09527282470874125,-0.14504679117751718,-0.3045971522644605
1981,0.9947807673539615,-0.3558994243490298,1.0776318451835072,-0.598189188133694
64621,-0.30109964336268374,1.4172430081555918,-0.5273068398913819,-0.6648063152330096
56941,1.3553488359121895,0.6162958881052144,0.8186100958352506,0.10702839171706807
20661,0.4618680560120272,0.39719679566841104,0.44857175777164854,0.32270291887879604
55341,0.9161215587354594,-0.932528248672291,1.138539718603595,0.5025470931675106
40901,0.11151499861763368,-1.0694522348245332,0.3538046697396187,0.8549017800493323
10021,-0.6780968120322842,1.8257498219853996,-1.2813313311042702,0.8809237678662356
48181,0.5205946616371491,1.0959883218460773,2.1181326977060393,-1.1434970109451013
3341,-0.7805425627890736,-0.35755359186870456,0.06472838025816847,-1.0306782042396088
37301,0.06636557260631588,-0.8755702550033502,1.188519292174072,-0.5789203728318982
41461,0.18911177258835302,-0.08294904470437939,-1.1669190703228927,0.4964652889802444
18381,0.11358859919800349,1.1617139604175752,0.872299703249519,1.7210881413366588
22861,-0.6967650246218963,1.7583324408174896,-1.7745877107059218,0.9750119096216897
53941,0.776149900189188,1.4842111611561277,-1.2143151336751714,3.049636411927551
75901,0.13018809725735558,-0.48682139567656335,-0.7442747778947564,-0.6166082972801985
1661,-0.7747073386991188,0.8674806424423355,-0.7915775093743118,-0.1845912415729989
58101,-0.5381225052197579,-0.757854976871443,0.25480719679584096,0.9213522382841485
36821,0.4801424169297596,0.9552190695616716,-0.1897544090083684,-1.5036879600989281
28661,0.10878029045869131,-1.0001448936344564,-1.129337076482498,0.7106708646354862
66421,-0.5705458010740646,0.5822775058735044,0.8076311823486287,0.7305503930062714
74741,-0.8030349128271971,0.05231162833982683,0.31535325317608526,0.6283404929792653
34781,0.22568961132173393,0.09405662939035844,-0.9995823215556142,0.3160665117834294
42661,-0.22484570871814227,-1.9370745328171661,0.5520595918627903,-1.7532469311768262
2181,0.759661468687084,0.2665358790903131,-1.2394157248918705,-0.43195607494917326
46781,-0.5148969118436872,-1.2713131430285716,0.41957851948965125,0.7841575779780646
6341,0.50365217964321,-0.45190367780217466,1.5321584108301263,0.21994509175442453
50941,-0.6762976407281087,0.3694694427369554,0.7452841642864182,-0.6333469971879102
32741,0.4761746452375611,-0.1964330974999145,-0.4548917135795495,-0.3347303541777524
14661,0.19748053433474388,0.4344401803279401,1.0617367099138026,0.38487748513754755
48541,-0.9166948295552737,0.2171741919472049,-2.2593479826498437,-1.49577564920087
22981,0.6318409007171989,-0.3572736911751105,-0.2524516128737745,0.4285380482071897
67581,0.26187868331420233,-0.7582876377108878,1.719553221844747,-0.19924639659067647
27141,-0.0701172243610024,-0.9265258315736291,1.0190375260972437,-0.02960144023006142
40941,-1.4958626542869728,0.009602054293241456,-0.16993612568233046,0.529299161660714
41981,0.2827480867501813,1.4382784294370525,0.7505127869467498,-1.9560088386233534
20581,-0.9241709992154831,0.29804415781106725,-0.8365616697470208,1.5752397435880838
39621,-0.15374807277747718,-0.8553752303120502,-0.2998092186193934,0.5519399485956957
47941,-0.3103732656398986,-0.6841133613106368,-0.003759789265226863,1.329200876665112
57461,0.49701837253682274,-0.705816237898996,-0.6393442782577503,0.7238940214786275
8181,-0.005200438000089949,0.22540061510015413,-0.6400288124883443,-1.529000560847341
29501,0.06304561596241443,-0.4185131594633691,1.7041295668159324,0.5403822309805156
52101,0.49856045684677724,0.7398729955419818,1.4175155064657983,-0.8998187048395072
15821,-0.8691924193927627,2.7400472563154894,-0.3261049856952287,0.5357355601743817
22741,0.16503095625285588,1.2769200792644921,-0.6916993835023415,0.33128509844858856
16381,-0.7693291538429877,-0.8262183614354616,-0.23870816034060843,-0.23925130884801568
64581,-0.5132160318377024,0.16397472362051752,-0.19458734379155837,0.03624722022415611
51541,0.43358052159076305,-1.5000015987286328,-0.04672535366828484,-0.2865692532689301
