30183,-1.1266915748963375,-0.577477807139591,-1.6011419957602877,0.16584345472422335
48623,-0.8201781016699016,-0.24693840975240716,-0.4182209357318038,0.3298435738762924
20663,0.5570291094922011,-0.5448789376803601,1.4000929986944424,-0.4442430249591021
34823,0.1896111452624934,0.08528713218193017,1.29556454785899,3.1942924709581546
20823,1.3925968989180644,-0.38185983161806797,-0.14205737507473973,0.9882025989685465
2063,-0.17839277911158444,-0.31619864479923804,-0.09754038969235125,-0.22049843031169927
21823,-0.2646009889919405,-1.2026364006859198,0.051138907724476594,1.2058603706751887
23,-1.4284765180745957,0.6482308549976367,1.5605041155025732,-0.8099329001111392
15023,-0.3898172865768311,0.34230647574712186,-0.028126264753547313,0.42926922228534536
46783,0.8440771871528143,0.4093027858779794,-0.38018490618157347,-0.41373519010719095
49183,-0.015492806439598291,1.6583663725025712,-0.9666306911739687,-0.47403459123001
16423,2.1127334182562674,0.9610017439909481,-0.918011010395894,0.8237123254220157
1983,1.0370642137897397,-0.6084903785596146,-1.2886704372415352,-0.15406275179094217
65543,1.2487226259292872,-0.47538099009017754,-0.6790521438556198,0.30457559583853583
24623,-1.2368202566922133,0.9639044796787265,-0.9921087717525932,0.6782626487464168
43783,-0.4247395577447612,-0.6306315134884862,0.6008750954813337,0.478278806603308
47943,0.11983015876932748,-0.3947483015559041,-1.4173420228768532,-1.272560711910229
63543,-0.6359940565903189,0.0348866267642635,-1.670609352713155,0.673791972336326
64583,-0.8172759540639221,-0.7732985037131089,-0.6996336014368915,1.6202695724196319
13663,1.4670805542450251,1.5690273466894438,-0.33498875959079455,-2.447912612250262
28303,-0.35870745300179047,-0.6427191773168707,-0.04935519660209009,-2.1475111438320478
71743,-0.22674417091030832,-3.0311363850600928,0.7002224529861615,0.6959524071736374
77063,1.539989744414898,2.0412347238662507,-0.7920823567874301,0.4912297168187664
4503,0.7274546689354309,-0.4358303785623493,0.8409142167942195,-0.089810952270535
8663,0.3045852275428987,0.062269922201713665,1.0904602706627073,0.37074495458014906
59463,-0.8114668458250404,-1.2859216258252266,-0.1274881567095518,0.5011962245479636
46223,-0.13106134495623784,-0.18007538542756718,-0.43807154758841876,0.8626016726466135
74423,-3.358312163980122,1.0952289138510045,0.38395665228101,-0.20520341612266974
18263,-0.030620201570904722,-0.13182574564221833,0.26150310873422716,0.5532799078555196
66823,1.884291301845829,-1.0671768148782264,-1.0780547060838286,-1.4417860425050624
65743,0.899794428021131,-1.3302084657333972,0.2642194332400009,0.7920085541357125
57423,-0.7428639311873352,0.3164678906203465,-0.5304843222815779,0.7094879842868137
33623,0.056973631253790145,-1.8113115238880773,0.2931012497133619,-0.912634537498432
24663,-0.9185700816423289,0.6937890567572998,1.3480916306172834,-0.08164494337023774
46103,-1.189186964654217,0.6314217725022923,-1.5085088049914235,0.5114608799814456
22423,1.4657529664364215,0.6054569113326566,-1.5412937816413494,0.17526727589721072
53263,1.098806048904413,-0.8107647049386751,2.0538060233204773,-0.11383909536866894
54423,-0.2701536870627634,-1.1879434168361551,1.7543866689033092,-0.3743920250977014
18143,1.387554488337795,-0.5820690389148009,-0.8001431506362717,0.796405037494286
43103,0.3787047488431771,2.6918255265125133,0.15459688764200752,0.9891575341435004
66903,-0.05098733780206825,-0.3903453807688973,-1.0720453604397133,-0.4316108375020124
71063,0.12357073894465455,1.1447775165865879,-0.1774592732019285,0.19169420563319725
31343,0.3815877035157485,-0.0555291336835308,-0.9816405027419978,0.5960563831512737
71783,-1.2228186915886101,0.9740989687109112,-0.2017610093847429,1.2479664077105241
6503,0.6212109546548992,-0.44611992413502954,0.5725906658170128,1.061740619464389
47263,1.3720401876358335,-0.3541862369216209,0.40306356028471446,0.8701189815715326
49263,-1.40846278382904,-1.3154703057451291,1.3242552299830885,-1.5593704547034297
55583,0.5325461314667526,-0.3102275336270861,0.561441394022339,-0.20170461051802516
63463,0.4411087925100103,-0.7662840652591343,-0.8407794349246097,-0.41360865964530596
36983,2.206576567867744,0.1349729542868497,-0.06174164092053374,-1.0524648942251873
703,-0.10299397736388193,-0.5869820333782917,-0.25569532108249493,-0.36747882991001757
55423,-0.1775590028455696,0.3965366402854416,0.7855153379060349,-1.5694063368131312
52583,0.11854989838867722,0.13378181799554476,0.9937007899558996,-1.1862000591235786
32903,-0.12595074100927575,0.03613929505542436,0.07953123687067401,-1.5767252136765
65063,0.4202873605642384,-0.22900648952200645,-0.48621166459256776,-0.2667424204959501
61463,1.5954785907424234,1.9326008419019949,1.2037910921700952,-1.257505050248102
73383,0.028442251984487476,-1.5493820771943336,0.46800213526412293,-0.9134812739105319
71823,0.431902212851685,-0.05446544562632245,-1.145793949965743,0.850824520081468
823,-1.1702729962401142,0.47619453404395035,-1.9115547861174007,0.5338923699690983
45423,1.016236667322794,-0.19447598037840694,-0.5484635115126191,1.34690889054709
34303,-1.7767292394324208,1.6221947633065557,-0.028719611149780288,0.5746895911544762
69783,-0.1891266497101148,1.2881109241432875,0.17883672639536516,0.24533266288543124
17463,-0.4668800405476216,-0.404570088069434,-1.1485508971025473,1.6058008549710514
50543,-0.14451500364887707,0.18336765031280258,-0.41019991786578525,-0.8497015796423748
25783,-0.28936358955176616,-0.6220520561704698,1.6165619143170222,0.16136438860873867
57503,-1.1174193171550875,-0.3400568293619621,0.42927790942895283,0.5538682433278328
34103,0.2679537739709684,-1.4219236498194165,-1.2098145619815106,0.3668386409579342
42423,-0.18002577692401503,1.1162668702263243,-1.3592265300707098,-2.589373905556965
65703,-0.28088590041762607,0.23294924065511996,0.31044739857879977,-0.2001883826250738
70343,-1.8239325768223704,-1.4158788752643385,0.43067944046959444,0.7478374894003121
2223,0.4378587910671562,0.22872718194599675,-1.0337483568498982,-0.6736430289822571
19423,0.24644407221348064,0.611509822475179,-0.03312376668581557,-0.9791703505464574
61623,0.06846365539825175,-2.2833691887311427,1.2075659866332995,0.40520051543434027
37863,-0.11688456281621984,-2.144091206767801,1.7739844878953586,-1.9959189391787198
56303,-0.4964423108197187,0.7803609412088648,-0.3091709371832439,-0.1679331784906935
38943,-0.03724379478219652,-0.04621104300104779,0.9430969926710525,1.0472663217294977
7303,-0.6833635349215736,-0.7610068429054935,-1.6599793430154983,-0.19141297680616873
11463,-0.48706735808821994,1.3917227078329577,-1.1391997602390604,-0.22273496997046552
18623,-0.303693443094371,-0.26681443304120134,-1.2305257257758242,0.9954103453767362
19783,0.841499291287526,-0.06743053400581965,-0.2735094748011097,1.5519862484951472
26823,1.47102292484296,-0.6212292249117098,0.1380373811182735,-0.7410501273070036
32263,2.123047771932042,-0.540046680798052,0.27724657088566956,1.1495669762973664
63863,-0.33384920472537477,0.61064207771112,-0.20363302997930194,-0.3183683277018197
75983,0.3595377612215125,-0.0714617928994343,0.5463147131685134,-0.027044600735375034
16783,1.0506785951763897,-0.8688462298507726,-1.3470125746150925,0.0247763326730747
46183,0.35661679495591847,-0.7481409613597166,0.7448688136066484,0.978855826053889
43223,0.01615029202171418,-0.10655937885508021,0.38789296411955354,-1.6632559246073726
75143,-0.5426842718555068,0.09527429820137465,-0.96036195469903,-0.8435514044132565
69703,0.6450445042518481,-0.19178300293182257,-0.7013879250597364,1.7110695772988351
37583,1.2637780969403638,-0.13489798535311592,2.052118305675336,0.28782133565423634
51423,0.18128650445728905,-0.7695833694577292,0.659536070458821,-0.4780454687911952
41743,-0.7144988490792039,0.5414340675515658,2.020099750018444,-1.9381113006819826
54223,-1.3124545843716988,-1.8841433843241095,-0.6722961483320123,0.5584045831549753
18663,-0.30845061059544937,0.8200760549439818,0.9813569207205288,0.5546427590073496
5423,-0.1668598782335911,-0.9100163875237655,-1.082980611529165,0.2777418127001008
12863,-1.5915265028332242,1.604301779273163,-0.03748826296496509,0.7597860486451972
57383,-0.4076277144759867,1.665889111770476,0.9072302942967396,-0.8472189329231689
30423,0.5124502420441033,0.13746093882904614,0.6859983115862665,-0.9105784302595514
47343,0.2173548944212814,1.0745290949824438,-1.6429388183237785,0.9760369284930575
75023,-0.30263493137935066,0.088944988041448,-1.337463758862686,-0.8084520857022213
38743,1.3381533219183952,2.0569245555044215,0.9208853050245609,-0.7879504781417485
68863,-0.14676034823919604,0.8224876205264561,-0.6405459933714026,-0.6486669728757187
2463,-0.3810524703235768,-0.680118765913214,-0.47655835461076923,0.6849207001353832
68183,-1.7968816236012282,-0.34992722586975117,-0.4106974930621919,-0.10035690968922514
55543,0.6024000408287138,0.7995476105148338,-1.2037364543513336,1.252553676046657
51223,-0.48653598407697,-1.5551331312159253,1.06071700197976,-1.7767485082843526
1823,0.7983049410535469,0.19704117010765815,0.8986011082770394,0.21173799368655288
14943,0.11018867221426493,-0.5337230418854537,-0.7819782617725212,1.2687798890320028
10623,0.565755764066436,-2.254082268270546,-0.9133549159704262,-0.41559025630680746
43263,-0.034617007571730155,1.0948770823779264,-0.28311524640772606,-1.2962068651985257
7503,-0.09599458695057668,-0.86973142610005,0.22658559854101498,0.2607424241356221
49143,0.9921104480783479,0.3780982982192299,-1.5757733443313924,0.27465764652337316
76183,-0.21562819327043437,2.5144957337778795,1.5887758911424388,1.0762856338842168
67583,0.12650811133585185,0.3143307562445014,-0.603285288231999,-0.672086886807669
39903,-1.4963556933757436,-1.0782548969268375,-0.2616794986508928,-1.2909003920408924
61703,-0.6453173552831584,-1.2344254781697204,-0.8131639445672875,1.456783243566543
44063,-0.40695098909102423,-0.7878868584021977,-0.5994011415554462,0.099837461854672
3623,-0.17364447411783418,-0.4861930118508839,-1.1244898220808057,-1.06948881322759
4823,-0.873484206894179,0.403301930786499,0.3521965276996999,0.5874543629762424
69903,-1.513560688744597,-2.5459006414702596,0.8527679854584339,-0.5668028155664531
24423,-0.7120731040021077,-0.5837970454333812,-0.4091276589863537,0.47390660208301266
6423,1.7945778023687176,-0.8587364539757641,-0.4921823084003897,1.6180681467251405
14383,-0.09440065442686892,-0.7101493932314193,0.46791851492020664,-0.6645079864957922
4783,1.9568560756168736,-0.41093552198098976,2.4367897697132266,-0.06802395815214778
4383,-2.0253592160700897,-0.3648535896057887,-0.3002831670083953,0.30399896198701193
28263,-0.6514560922920066,0.3110375523064316,0.11198197608564972,0.36534909881738775
53543,0.1345560352805121,-0.7711409137103298,0.27633170628241743,-0.36000634518575625
57703,1.8779714231603382,0.9669177279407727,1.4103002087530847,-1.5004708683329735
61863,0.2936428030793554,-1.143187311666844,-1.6223344873330743,-0.11486731430700609
63783,1.2723234096243912,-1.1668204869216174,0.9407955843458624,0.33596567048673337
18823,-0.31125082254291325,-0.43812474879178215,0.9742047030134551,1.1192705489825596
20783,0.9783632912118486,0.33257078126456213,1.6419879682346294,0.7240946128526631
5943,0.770542754714466,-1.721203689163178,0.23369590641474852,-0.9832579152654736
10103,1.243150634175631,-1.4912758816961775,-1.7047794591279315,-0.6028377368247437
54703,1.7164592997926889,1.306765135385654,0.10171990933305747,1.2146735228679837
39223,-0.2740069928105526,0.7845582513759249,1.7999465524945673,0.6090719444275396
28023,-1.5271210944384068,-0.24888641417752097,-0.29273394066279684,-1.463154497989808
24143,-0.9490633809233863,-1.509698211435028,-1.4779382297386316,0.6525791769723588
23263,-1.6709806187721004,0.4363121083529138,0.8963920732791326,0.6606558024735364
26943,-0.37129698008144024,-0.3787708695891459,-1.7159167850435058,0.48375691428744827
27903,0.6550038702222994,-0.9325043033696703,-1.2724648304463564,0.7024185362758292
47543,-0.7353432849883086,1.5688790070405267,-1.3033911192411778,-0.34922617975157727
35143,-0.574831219452679,1.3124101375077382,1.2089345196316001,1.0144971010164416
23543,-1.3073733962241727,-0.2966840742978361,0.6924345392525975,1.4186878544976853
73783,-1.1379705071760353,-0.23193051755580646,0.8721040146548323,-1.4859883787554078
74063,2.620949138254002,0.29035836778743845,1.4584208884181078,1.1525017419611363
32063,0.181267103416484,-0.6475155264625072,0.5697952031613667,-0.10214530208049431
72023,-1.3098244590186754,1.0855727588594768,1.0945584444656853,0.016261593478855994
4103,-1.535520979803189,0.33408067884274095,1.3847988625902705,0.6216163195702415
67983,-1.793297931949839,-1.2174211799539694,0.22020262215757402,1.0778704825519014
16583,1.347192247982484,-0.041866398145147136,0.3493155557738164,0.8730963792754746
8543,0.5498558217639034,-0.24565270939486786,1.3997082208775784,-0.3285988756931192
24903,-1.5716671532791942,0.5150104567704987,0.8405499424075418,-0.4784273907683907
69503,0.1311436120991303,1.1448984479147066,-1.1284694010016867,0.13813223963003798
64903,1.1873720562553964,1.1939094540032233,0.7591755231360484,1.2247349834532106
67943,-0.3998064688348428,0.45548727622489393,0.36667491864173773,-0.24604481564977163
37383,-0.4434984736283101,0.7353283291737571,-0.8058172664475257,-1.7688175039218372
62183,1.0904890365940263,-0.22123021630041048,-2.339839971862309,1.2843578984940134
74223,-0.7952691452703942,0.01574839282674524,0.2305577975785898,0.5979873265504937
24943,-2.73556076795024,0.6897543975682088,-0.08625031184980894,-0.8207047557145957
54023,-0.5352408807655645,-0.8989077930130216,0.11628560665569257,-1.3319081922534572
17743,-0.813744083019914,-1.8231179065252932,-0.5692993020977117,-0.16182260889571823
62343,-1.8100226697558681,0.7620867008480032,-1.1300303285488857,1.4601620391385293
33143,0.704688461548745,0.7223189793556912,0.8158683814764071,-0.12043713298979501
34383,-2.0276241491877616,-0.24425813658934373,-0.09681512314215718,-0.296130896008984
35903,-0.31690336988303464,0.46651277061032664,-1.4428345349376568,0.5819133220914919
2263,-1.473963789351393,-0.1374288334991034,-0.4772182245698192,0.11980591618172273
383,-0.6039541799930553,0.10194396179143209,0.2605352603704928,0.11305524506200348
46863,0.20159479323901006,-0.18233860801823867,-0.14222894047288867,-1.2380879565840142
40183,0.825504459505353,0.5375501309249358,-1.4293455338618182,0.4463901869478268
14743,1.2639801465480598,-0.3307738417796424,-0.2665032561510837,-0.7978687814840488
29063,0.20928605874587702,0.1517039097676034,-0.03737105642691439,1.3362655303415736
63503,-1.7734269816299946,-0.7974459018345008,0.5223262627729026,-0.47230298701456486
67663,0.5573623643869744,-2.027091930377555,-1.2901251293208604,-0.0864348021364202
24983,0.639444102206102,0.12425498698471198,0.8675281629353047,0.5589053981644841
31383,-0.8507542036236475,0.36801275301029346,3.1455326192560746,0.2971037433563681
49103,0.22838248507623246,0.7544975832660447,1.0585963151849924,-1.7955818530210668
27023,-0.14414356025588643,2.341731094300361,-1.3684910185062462,2.599230921500019
39703,0.7670044971727515,0.3309514523835951,0.9563163954782553,-0.4063594002285886
21143,-0.8983267553044427,-0.1700916214906306,0.27879262815605277,-0.5692132796080432
16383,0.6165806076391401,-0.9913929385942748,0.28331259325088076,0.1055437838428315
48023,-0.004813362545092632,-0.5097493511542462,-2.4576545884175602,-0.22958023547923628
11743,-0.5260537442539115,2.8268679888552763,1.0063092163228937,0.7366875762407089
35223,0.2177100242377697,0.02701725182780034,0.19699699112128216,-1.5271785802273758
60503,0.7772494800494685,-0.8870832894397056,1.0227305809660803,0.15815995582972808
19183,-0.23851046333338322,-0.9073835158928273,0.14797064489414355,-0.8894179288704549
64663,-0.2797400219102402,1.879641042395435,-0.6605945090354859,0.2175749293189023
28383,-0.49277232332515836,-0.7880285815565479,0.2415647839851381,1.9901881908514172
33183,-1.1007493906105819,0.7270368887253004,-0.08778566067564289,-0.6788792561976116
2103,-0.8678101976327217,-0.4624424306942912,-1.7560760484419289,0.3576346254400919
11903,-2.0554675405207443,0.809896468643467,1.0146227473235239,-1.8765478448671264
45023,-0.5016778729114761,-0.37196196529964276,0.48700364351359204,-0.4597290893145521
72103,0.4178417844674613,0.16613279667455236,0.9722679312416953,-0.5649056436564552
64823,-1.9308939728761132,0.11224354033502963,0.7770535498620007,0.14200598440719553
18503,1.1386151423237505,0.4154819070176521,-0.21545372985829292,-2.361240621573334
61663,1.1093808890519985,1.1305910508957393,1.62229553477489,2.129090890619591
49583,0.61709206820415,2.8705115722745562,1.3818376967731063,1.6841229179642594
69983,-0.5072662401128935,-0.11462272769038351,1.139141185103451,0.017830281327899163
37303,-0.667639567533275,-0.521866959226289,-0.5845760213614922,0.5074272466330897
36463,0.3406828824544628,1.8448502145471377,1.212356913264701,-0.3378061793605261
15463,-0.2529633508398595,-0.8254604876626966,-0.05415377116527979,1.0362368101172716
74143,-0.2224506229030878,-1.6542704313833423,1.7721296933420596,0.8082284739545336
9903,0.5037733903677764,0.9413206277398363,1.130807023879655,-0.8956869351740879
14783,-0.13907430628420414,-0.6490499373655034,1.619845348623103,-0.47550006192259947
58663,-0.6127566561749025,-1.3304317633766969,-0.38466378930243283,0.64016407429519
73463,-1.2995466900906893,0.4685405804823272,-0.8220470915856167,0.5588121553012785
13143,1.8397288581981512,-0.046098240445015246,1.3539100647134623,-0.3007732018900917
47303,-0.3460579927166238,0.14820791331231964,-0.42738450367022834,-0.7849387596547616
43463,1.108983708926384,0.6979927902358852,-0.7115654906878518,2.014453131580848
75303,0.3546433426042203,-1.2986903962300307,1.1567936872485993,-0.6107433792989693
36383,0.07599974262388957,1.0629788265007463,-1.0372851036300594,0.8273023191884067
6903,0.26590282136116083,0.06588328409281534,0.47539514612428757,-0.04778276053793523
2743,-0.5322331962907441,-0.5155248564112157,0.6547222806998962,-0.06580008436822771
73343,-1.2577344138556281,-0.5417049473459522,-0.90168853460016,-0.49270391432644034
31183,-0.45268732752732327,0.3339864736029068,-0.06372093958868638,0.42918010943348
55663,0.30419820967657873,0.0290816632100089,0.08937394603269792,0.09497784302074078
29143,0.10549238173754615,0.5471472353102068,0.17269898199057454,-0.5068802421745721
68143,0.06757041345234806,0.9320329200911416,-0.03584397556632275,0.5906992951789743
6223,-0.3674397103324787,1.1056357075722274,1.5905411330791315,0.4642239976474538
76463,0.11632545456729024,2.646898709559486,-0.6353715268253378,0.16044832865359765
6623,0.010344552887739583,-0.7524596225999209,0.5552229857567101,0.46988225040284604
25063,-0.17558017307019638,-1.0515884859108173,1.0987793272225115,0.025829101143106895
60983,-1.3093933645772073,-0.5238480793123138,-1.2043348833725835,-1.948786070782769
66983,-0.15815490846382665,0.4177064857659836,0.25553674381296443,0.4639156546110375
69303,-1.587312125891393,1.0526749146012633,1.5019258435012885,0.061979814207581196
12783,-1.304008465715372,-2.0102048042835596,-1.1846843270399983,0.9757515424259009
55023,-1.8626592737814283,1.9119032626783083,-0.8560050523551797,0.051139975274022455
73223,1.460258089197383,-1.6485660650238425,-0.7751034405655248,1.4081023078844288
45503,-0.6131003243025083,0.560268361843375,-0.03553188860600411,0.7098247097000651
5063,-0.9554804769092559,0.3457811056417913,0.6832217405196249,-1.9876434887915662
61943,1.390785268757206,0.4890086602822836,-0.03897267294655826,-0.2375019031858668
53823,-0.8663781746013647,-0.6357625741436472,-0.7232152511939499,-1.3545717001978295
15103,-1.4166503768315348,-0.0703104442319731,-1.0919610762117054,-0.7612644799872114
59183,-0.10914634556745077,0.916005171447915,0.804645506897193,1.6549414914270286
70143,0.08231502685646766,-0.5318355528339795,-1.492282960440717,0.7749349052112682
70463,0.4829891940702048,0.6371960334948785,-0.6191052096232551,-1.1495005273643581
34183,-2.448555980916648,-1.1862726499660041,-0.5704191907946704,-0.08160576390717512
38343,-0.9482678428679804,-1.619559170635881,1.6233007242542854,-1.6677818649506044
27143,-0.09637106183044492,-1.3672347126391104,-0.5713013840300162,-0.10575214119716833
42503,-1.015290832407249,-0.42999065234944595,1.00976988960983,-1.675336109205501
46663,3.0462219384576517,-0.8782673722350914,-1.7250353805547107,0.7738962786763763
45143,1.9607768516769686,-0.558104863171023,1.2157858351688213,-0.664714487513558
50823,0.9489958613520332,-0.3573003561156169,0.6225446614509698,-0.5902723977410708
25103,0.09444358853443571,0.41078733866017564,0.6009208821043099,-0.10294512388144975
59143,1.6934703112908,-0.6511018847542104,0.4694241952654733,0.5180742767434495
63303,0.5899639469578114,-0.3856891098750743,1.8003967370287546,-0.22413775048679732
7423,1.1042433900309068,1.3621231474173345,-0.5029274652578793,-0.16315310865185023
67463,-1.216839197937854,-0.8753841674243787,1.49998913286197,1.1088837038333434
17183,-0.8169471206873895,-0.09402050179027657,0.45576226376299644,-1.1236791847981744
2583,-1.1217086748204768,0.2111812747563713,-1.0033302249169183,0.1723995688812339
72263,-2.3854012326939746,-0.9125133564519843,0.04718905884681613,-0.5951571439341418
34223,-0.06240435851157988,-0.03991171389867053,-2.8682998083561944,0.4147230084592504
7383,0.36938162473136765,-0.6541496109959538,-0.3168546042100696,-0.6322689807657494
41503,0.011204108721128415,1.295021330806147,0.12503328619404408,-0.5010310193052331
56143,0.004650512968146306,1.020145879064434,-1.0200109197104243,-0.2839923804875466
24023,-1.0222707704800025,-0.8781837998875484,-0.38057604417312585,0.5929813319721352
70183,-3.1315075848906835,0.28536568512265476,0.0031258065605749667,-0.5873820150468668
2823,1.0198672190866451,0.3033025126976124,-0.9366460828945079,-0.9764069213154993
27383,-0.10985956748222264,1.5533545704771814,-1.7285568571581578,-1.701965694370487
40663,-1.4769948736150902,-1.031151286532549,0.11509613370908217,-0.1745530540674284
57903,-0.9695814621450891,1.811635613537073,1.3123941929955922,0.240893593215763
45623,1.2452344401337643,-0.9397764372708359,-0.03785718172647107,-0.6369987976815286
44903,1.0507044774352465,-0.33444619230142725,0.27054354177352535,1.5293423388097411
47863,0.4567625594161062,0.27798186976631595,1.4369935839667052,0.8475783957080182
53343,-0.9319543003598878,-0.36482855550140714,-0.16280052878569112,0.6204387485391476
73943,0.9725665794827344,0.1614922532562749,-1.535148169053043,0.12725282547885017
2623,-0.031032397591990016,0.488467876515535,-1.0481138548971054,0.24708113022976538
37663,-1.247707039426481,-0.6905386325541466,0.018045357073816666,0.15417928560774105
1383,-0.26976914743243885,-0.029553423803864352,0.8120183180662545,-0.28613002793013953
45983,1.554893000500698,1.4844856016830241,-0.22976480025349863,-0.7906265292790553
583,1.7240791538592104,-0.8413925189831154,2.197630082753467,-0.8977380894725508
7663,0.5757106986314103,-1.8337735796590677,-0.2826900429284549,-0.1728351484392629
5623,-0.27132568925256967,-1.086436507265946,1.1540984929282743,-0.15614888581196584
6583,1.6098073607705001,1.135416978320402,0.5855020417961789,1.0502831486115332
29263,-0.041419125011172044,0.3853827762430115,-1.9148840017488615,-0.5412945064983209
75103,0.738009275040239,-1.6359706121658024,1.5615890041072737,0.6555955839258754
34663,1.253564207104898,-1.0747715697641809,0.4740010912526458,0.21993283050397566
38823,-0.05746389703326869,1.4678558454489152,-1.3002368561740463,-0.8697877287680058
16983,-0.2840057121447733,-0.19546262616895466,0.6344484304173353,-1.5126628791233179
36623,1.7096327692426405,1.222413198046693,-0.8484336117675962,-0.3505143653744563
44543,1.3792952521430315,1.1770460046596551,-0.5701975526579288,-0.4500960924399698
25183,-1.1155424058768153,-0.7571513465231003,-0.565189590600992,-0.6771975874167
27503,-0.6451297732427858,0.15155584843937245,1.2685353216651154,-2.031759137785794
31663,-1.9754816946816665,0.8888458571033756,-0.0076667923995848,-1.8255297843076965
2663,0.8243030821855497,-0.4882875809527041,3.11923603558582,-3.0462863858219427
103,-0.23980196189418562,-0.13810021028991887,-0.05981481729545716,0.06749335563652065
27623,0.09301678651708911,-1.3751612945431888,-1.572485351637311,-0.9222773362119737
62063,0.25908336488869205,-1.0502679079901103,-1.242268268969481,0.21158008925643268
60783,-0.6379777544340206,-0.06518952699903043,1.8457475427985215,-0.809635929635612
24503,-0.2191751391218136,1.0387630629096332,-1.7309773497415548,-2.1118600119628055
19063,-0.3401989660110287,0.2076661053089115,-0.47415971606704005,-0.45402136994461856
55743,0.48637970957072274,-0.6348722188758615,0.9785214402424334,-0.264740906745887
58343,-0.3789663633594445,0.10852061812963552,0.0027183919203347846,-0.6612907235960402
68223,0.46339337356537375,2.0684833863409393,0.5303182766730098,0.9977581923638287
40703,-0.4861501027328891,1.0213597357519808,0.29196783551576594,-0.61794252450639
57783,0.6045888340933493,0.19393570434172513,1.242039060783493,1.4578745446192491
76423,-0.3485265961947593,-2.119165338755134,-1.100523756322827,-0.41558901051211267
25663,0.2809988638027876,1.545567274870523,-0.6702005441575741,-0.18508034410753002
55063,-2.0480970281644213,0.3457682344068213,0.17549817685238545,-0.9591750481540258
72143,-0.9834363219825293,0.5809821863671331,-1.3348058503437226,-0.8105799744928674
33983,-2.1344915127363135,2.199573610752982,-0.9744663282362523,0.8378616700674768
43663,0.06654092353571882,-0.21124053448463231,-0.235488183629491,0.9935263180217121
62103,-0.46469152764620847,0.437502188610512,-2.1027474049469745,1.12648732545683
58943,0.6943378875261762,0.7631284173072674,-1.8009503955119186,0.5093723777398329
28783,-1.1835073133739817,-0.1836530102176586,0.48529623979448816,0.11214376366619408
49823,1.489296722289819,1.7950005448741801,-0.9457575730393069,0.9150866376879948
25823,-0.7077096281077604,-0.45098282451328264,0.44570504623426915,0.4796020935394576
75583,-0.13440412797213477,0.17850126900544624,1.3816957666026037,0.9304117111430195
3023,1.5203081706628758,1.1212486676722155,0.3871095369208584,-0.07050602365863669
58023,2.0164172846954727,1.775137854032519,1.0389613017545594,0.7072076920217132
12743,1.2064520437395396,-0.23649910389253462,0.19551160721742752,0.9338893772068375
15503,0.2300015962272887,1.4461726384319982,0.3258307792442662,-1.0951355180203695
19663,0.00572020150460599,-0.1785983223348948,-1.1817933132299643,0.2655599464668695
55983,1.5396691919239152,-0.4031116593001922,-0.08575788863908902,0.11575175352599862
71623,-0.29706695233900443,0.4106691932053596,1.5486322289453405,-0.08115963476112094
36303,0.00623587804890365,0.08606794196415582,1.6917185618405701,1.354539551999474
64183,-2.35505541290367,-0.9075014448042915,-0.08537259194420894,-0.465077585108187
38903,-0.15100055506911575,0.1098869935019284,0.45661681550426747,0.24711999318628466
32543,-1.9340247386685805,0.13790279045821113,0.6367116419490608,0.24410614457742394
52943,-1.893863161346335,2.314044454999568,1.0897541785193543,-0.7184114561466888
10943,0.4106064391325206,-1.8956348469107618,1.1527231547032961,1.4896787231550404
16663,1.0785883118304604,-0.9694916233093703,-0.08042229317814852,-0.2756680157745988
61263,0.6484906529685784,0.27088393860047477,0.5140594524976893,0.8416869236792948
69583,-0.04802545494288704,-2.002682465149838,0.4427895093962297,-1.084589721283356
49863,0.9574700221522525,-0.2626137643629136,-0.8469243065689827,-1.2688553965390972
73743,-0.31251249607441595,0.6599975271860001,-0.6382693442229981,-2.1384503607040837
38303,-1.9104374180694683,-0.39357773863813034,0.48453040206563086,-1.7823413448563223
57463,0.1626310761646056,-0.43862380124196293,1.9559195771167845,0.22199780932979365
1183,-0.023420066515802654,-1.446678208549931,0.7861234559933696,0.7258639065614029
5343,-2.2114283721147086,0.9637962135495307,1.0058567883225542,-1.5341013351393844
47823,0.2253107410726843,-1.1906472012166034,1.0489851585770893,-1.2464511665520708
10343,0.8595181042087157,1.2272205815020225,1.460786863443643,-0.207583639931617
17823,2.1044558724021907,2.1363964015576085,-0.7194597498939047,-1.3072088639617825
76503,-0.9111842303605767,-1.3305403189557512,0.04807205215804263,1.167861248264668
65663,-2.360054284106341,-0.24942815551210223,0.1226603615854496,0.9095453773807423
31983,0.3553187614241099,0.23394382034321404,-1.330347074180734,-0.6252539010877445
20943,1.576529364825579,-1.112254595504793,-0.3537383396489384,-0.16175465977195475
34463,0.4791296854684983,0.4258551363037369,-1.4278140910069375,-0.9070606646027206
33503,-0.4182106599267469,-0.8396849660460444,1.3460518695911952,-1.6670562836769784
14503,-0.2221140727943965,0.6137611430728146,1.9441809271873685,-1.5008074648316587
51103,1.4973697631410428,-1.0751419313146489,0.30083363863093326,-1.9764021355474564
21223,-0.8726019941666412,-0.028308265969433324,-0.18274975623818981,0.6228562125307007
52863,1.0115746852771037,-0.377643474456778,0.8449156316643035,1.215469430470065
30503,-0.16834945552467726,-0.05183396544367099,-1.5692738594184037,-0.8480284167661281
27303,-0.7601249782742714,-0.8527953203136118,0.17829345219218537,0.8793197522159665
29423,-1.987607458955557,-0.38792548279483574,0.38100442758588493,0.5331014293557288
27583,-0.11158402691029329,-0.10299181769983343,0.9345339638683582,0.42160015647193083
3503,-0.28537171670377753,-1.7275991821765575,-0.37631327660759784,-0.13864428542766227
58103,0.07243104101543962,-1.2687936009069292,-1.2236770487354476,-0.8565115288896022
75903,-0.8404062968701027,-0.37361001346291056,1.5421454868796973,1.200866186400662
64463,-0.7746955016253739,0.7918927694362247,-0.05052388811177329,-0.12840647816144415
41263,0.5930971442332128,-1.2880546868611402,-1.9112177221810465,-0.503671353512134
76543,0.8077791307730584,1.4452972612640242,0.18667873590834944,0.36813151285939394
31743,0.285478827064562,1.2458133584770235,-0.0303866663793477,0.007687238403937174
73063,-0.15658985309889395,1.7630201022048275,-2.1841508116006234,0.5367443548817612
36783,0.16846626146820784,0.4195483240622031,0.8039616149359232,1.8534628980472656
64263,-0.5753508289232492,1.7994164308634986,1.340551417126578,-0.216065983779627
4663,-0.8278212263364833,-0.6704231595149287,0.3161361613276067,-0.2796475457528807
18903,-1.0907044296797312,-0.48583956450646343,0.36683315427930224,-1.1370542671826205
12983,-1.1621137300719506,-0.7571403603604143,-0.23347116280152883,-0.8501036832908192
51983,1.5858308543168356,-0.995506235130203,-0.7100083872672124,-0.4622654021749561
61743,-2.19631455502876,0.17190519159286202,-0.898004288964325,0.2990780145980642
65903,0.08389366915334436,-0.5074294141796954,-0.016411517751014282,0.725358779087925
70423,1.5026663323743326,-0.009647815848028766,-1.0740553938125368,0.04744859456073544
37943,-0.7127035379788877,0.048220969208977275,-0.9717201415729336,1.3865251402043741
7983,-0.42336294831419746,-0.35092295824692865,0.3243239389402588,1.5521304224698675
21623,0.6449719161247484,0.49630402807842067,-0.39586209850944987,1.3418342103940688
27423,0.22217471562052765,-0.6919743020443975,0.07440672754151563,-0.6709161893883383
18303,1.0694311025033476,-0.994406718839553,0.4368799326047748,2.31511796234341
25383,-3.553799303753506,-0.6266224200532049,-1.0006243992519408,0.9414866082204362
30543,0.4968065047269527,-0.8065936441577662,-1.8107341589462054,0.3386060335311348
72183,-0.19738416230608696,0.8466767852975055,-0.5804018896507415,-0.9174522824429288
73863,0.7246669629867669,-0.8121045517603745,-0.8771558929565311,-0.06920515267335699
23343,-1.4735935407912348,-2.151759303596947,0.9409162773231553,0.5154695706392692
51583,-0.2691027721582963,0.8039799247872748,0.43826812137809606,0.7135820532830477
72503,1.8679994750927669,-0.23742579281788267,0.3480408703644979,-0.312393017777597
64063,0.8416410565912519,-0.9493667370722397,-0.7784335419755478,-0.7129137015728124
68063,1.402477863140154,0.5343084557252596,1.2077053853822075,-1.2043536067904954
27783,-0.01261148444137204,-0.6260581159272485,0.29867955613485614,-1.606752254087337
54943,-0.42704058959337365,0.19875269185328648,-0.7843044314526358,1.368268352924101
31943,0.34540654438027557,1.0674320013145882,-0.7692487247907168,-1.0089862676215415
9023,-0.9660482698450477,-0.12746782428648964,0.5162075195146999,0.15497267868731104
40263,0.43141201923972294,0.5435045875225359,0.4420241306743766,0.3243212732983191
48583,-0.48912442813996876,-0.9400912430737057,-0.09855482370985118,0.009391930329643923
58183,-0.5592236528238914,-0.7332740338325198,0.9797698182327435,0.6928455043486708
12303,-0.1431375222534015,1.2760947526271607,-0.1607798582824116,0.07093192681067054
56903,-0.6437332436569182,0.22553862318319465,-1.3497035449970105,1.1627755852140418
62263,-1.9887558690966063,0.7753117010698378,-0.452280920902819,-0.49000073234993596
61063,-0.4025896967613624,-1.818580962933482,0.5327941263448781,0.6761310467465528
65223,0.8320334721260529,1.0414585511758017,0.6881672073862163,-1.2544942384725049
45903,0.9531879527933842,-0.7674657146505831,-0.0407241965618091,-2.2658822657707995
37263,0.4347637759980962,-1.2532478963772615,-0.4894871400347913,-0.9687317687393258
41423,-0.5144324457112701,-0.09218043527357588,0.706388943432347,1.667358830836325
74583,0.21817609431214738,2.097488658955526,0.6776031977359945,-1.1264746580798617
45583,0.018733744969651245,0.1470662994883459,-0.7352065845299512,1.1402643112201503
20623,-1.1335976326601314,0.3665098813507771,2.4559705956833056,1.1591353940849463
53903,-0.9826678148025908,-0.6054505011251833,1.6215212281512081,-0.44122906888567126
51943,-0.027450397916477062,-1.5625192157760566,-0.11855328357353537,-0.22557917701585964
41823,1.8349192169899935,0.784203056028649,0.3496815190977016,2.1638362297207476
25943,-0.3293586319730421,0.7423644714540742,0.47159979154039416,-0.40003090818686254
29543,0.23851691653367957,-0.4277639551304185,0.8421655864032508,0.9209463941943019
2143,-0.5433193697251553,-0.5411313402727563,0.9915366243313143,0.28005556124460385
9703,0.047396324901257336,-2.324529078979922,-1.4282530526997645,0.43919785694640934
56103,-0.3045760861966016,1.1476488446309399,-0.01862041166546432,-0.813087972866117
17263,-0.2265995510547378,-0.6137791264722889,-0.3649411675309649,0.768936128499255
14623,0.6796945814734875,0.05716870357910426,1.0792246221721011,0.20024285699603972
22943,1.5904684444858272,1.2133876152481433,-0.233273568407425,-0.13334336429138963
61183,0.31057774176547337,0.6276304342998428,-0.1203704970260802,1.3577818542249573
27103,-0.07849007029151153,-0.3289069087050515,0.4039209832648177,-1.1677231571994666
76663,-1.668228415166001,0.40856703075168904,0.2654407915961892,-1.0199183150100113
71703,-0.6506248493248685,0.7554255680952708,-1.0214450967900348,1.056979545222324
60223,-1.3423405889348465,0.49777529090579226,0.5633674515760216,1.784999524850831
33783,0.31650243024987296,0.45984110838280867,0.5119748969200205,-1.230131844409349
43743,1.0290323372012282,1.6269847962428434,-0.5137007941514448,-0.11195497689177171
43903,-0.7767748505609389,-0.1658464342299326,1.5594511853296487,-0.15012723955691296
47903,-0.9705240810382788,-1.6655081510493148,-0.6906474149886445,1.5905821532385236
22783,1.3873880327693788,1.5368199221064662,0.11933908941170787,0.275779847777128
41863,0.23633224670775974,0.5171534968400483,0.11628206750960253,1.2356795283670823
18023,0.036034360512981325,0.5467652799997336,0.4400951317142353,-0.2283408336487963
68703,-0.8979270923260652,0.8777249171636111,-0.07468251579735741,-0.004733442664096443
59543,-0.2864083237452276,-1.144188541759828,-0.43255926881455253,-0.9191652142379588
54903,-1.3062866947215386,1.9620567945153158,1.8796359646465828,0.8390405849924778
36583,-0.8154443916511169,0.6528027814035984,1.459139358385522,-1.9220891359771772
40743,0.5794341049891745,-0.6321418924162426,-0.057380934896790636,1.6598689550630712
4463,-0.6284111897278815,-0.06256490263562181,-1.0001324058551704,0.41900812800110826
68583,-0.47015586745351545,1.1262781411204987,0.2735498704054437,0.04640853386945455
7063,1.146437366072776,1.8782240879604288,-0.8815032475388388,0.6702732258866727
16943,2.1118512231926054,-0.05747357447860547,0.19983331349380493,0.14431131097448285
2543,0.2639187437568267,-0.931434450193459,0.15969381622446155,-0.014238319284621697
35863,0.48169262754701314,-0.6660962780340383,0.006677265819563094,0.746569692103199
56223,-0.8719636980983132,1.337489514673801,-1.4053578116730105,1.7549620093591012
33583,-0.23446012746765507,-1.1709531260258732,0.8310147988731104,0.15468422736105353
41903,0.03481005391880693,2.1319030600003868,0.2985457039525679,0.08237926479335382
2983,-0.2899085660407489,0.39205721295626844,-1.5639682686241583,-0.24371216638354137
27463,0.7373191156873043,-0.8065913029155491,-0.5285023968677177,-1.2320863778930629
21423,0.45053194403252805,-0.9579245998805048,1.2394723469104463,1.8744292049040585
66863,-0.91641699484287,-0.502047283633438,0.5700060445813052,-0.6414163063164054
30583,-1.2221886010628624,0.6551388134373336,-0.1701000352591158,-0.2419800888483341
75183,-0.3221501440767139,0.4496894313832773,-1.4675149897837123,-1.275541864308325
25743,-0.12648244773854175,-1.684740049072439,2.4053906119944055,-0.9558026202425605
9143,1.8663715985656335,1.1598364569224773,1.0259012989445222,-0.10981875803148221
20983,0.37102616275903466,-1.3343448665254436,1.1345075327000884,0.06038897435301093
43063,-0.04596754553340723,0.16232142084673304,-0.1617807091481418,-0.44186760983717205
16223,-0.19954918883286313,-1.423851253385427,-0.2622312488242348,-0.29345136524478127
67743,-1.2442284412047484,0.40092831163174175,-0.16070469820718955,-0.1869949827346634
6663,0.0781851194345802,0.2647806185339629,1.3488543032861968,-0.7084628341163355
68543,0.2920834686595036,0.3645985536867442,-0.2571892820498502,-1.8641444555287943
19263,-1.792475515643104,-0.8628267355777699,0.41233702911980297,0.982366973743958
68023,0.11366340904048672,0.35802824390366145,-0.9802382435542709,-0.17616547018831888
66503,0.7369436155541698,1.5091909587072263,0.37809722586026745,0.49201910185083064
20383,-1.4508544952935276,1.4510878605565671,-0.4540641116976469,0.17763564525038958
76343,0.3666016586087526,-0.8074231269004164,-1.8641721334845327,-0.5138348846296508
41463,-0.5727479539232884,0.027317625016944347,-2.587232869165305,2.1950825429970955
23503,1.7768113934195089,-0.6460077923272189,0.41965129235944965,-0.4537159157032272
52543,1.7683644055477177,0.6752652052373691,1.2425379324205712,-0.30111781627833895
56703,0.6035846254257302,-2.081578416663329,-0.4619733302594789,1.2672916710954247
47743,0.5721265713619338,1.2954680556582112,-1.7951051297250207,0.8997369473277906
41943,-0.35778014497101984,-0.9681750557268991,0.3271521879263906,-0.44046777746730403
69183,2.0312589135072057,0.0857767834509295,1.5115739673077866,0.6381003751978767
28743,1.8832583023915304,0.30069303636848194,1.3265007825224027,-2.6517152835949176
25423,-0.918293976958419,1.6375912033783224,0.19282901786660792,0.6568635985903793
66183,1.2062870691876824,-0.1663418550938429,-0.6635200012865432,-1.457852716454269
37063,-1.1065860062455355,-0.031041172928703592,0.6141490809756694,-0.03144726114765602
29663,-1.0411696446564596,-0.4606087677225969,0.11694196445615432,0.8555369217709415
783,-0.4647125526338108,-1.1448534778847175,0.0059833187406566814,-1.6248092945876247
45383,1.5003463521061369,-0.8248536207756129,0.006406416452557927,-1.0623395507269364
49543,0.5286159133852856,1.8078400057347725,-1.3274622181553635,0.19368196802716284
53703,-0.6151685902130613,-1.8133280827916098,1.0623186703976033,0.3425396646274589
48103,0.2548598970312527,-1.5086047185768685,-0.6717932073104775,0.47294120793916156
17423,2.1411195707528905,0.348481998366774,1.3465981451206326,-0.24462314349826866
62023,-0.8662378367046086,0.010461184056444774,-1.1915735900485327,-0.8794403910887014
75943,-1.0470276810001853,-0.1161481480089801,0.8415526568623128,-0.5234402551713244
743,-0.9902986471570268,-2.2426385156131796,-0.3074654673368701,-0.5689203886253518
46063,-0.6871734033358746,0.8963264804971397,0.6845970766606446,-0.32929098926974537
64103,0.8427785936006256,-0.6265721026152434,0.5762904350623089,-1.1852859413285342
56063,2.1128163884759266,1.416755477269277,-0.3424287362980226,0.08945915094338482
13303,1.1208032500133158,0.09776423557999765,0.32617476185407784,2.0529139740306945
10263,0.3018746895997692,0.3968173108245806,0.5984647003105101,-0.2752567529474129
51303,-1.0647626059126447,1.901598013082721,1.2324725162097294,-0.30286695807605796
8703,2.07776227795122,-0.017981473615650508,0.18300349148868686,-0.5747172240633394
69743,-0.011110442266818591,-1.2402800273894197,-1.9442712883947137,-0.9050106192205846
41983,-1.496839409153375,1.01173148263027,-0.30976170384509094,-0.24266225362227994
31063,-0.03212090202167901,0.5178301896832316,2.3406460476021844,-0.6623027805482391
32383,-1.4359401845985735,-0.6104725083082932,1.5437448193706271,-0.5400069692996533
39383,1.0740781119313898,-2.1565076850342724,1.7131053642504095,0.5817553525222123
19463,-1.1594073793437505,1.2223589416144618,0.16289248641102666,0.6982155928217119
7263,2.3385682965538317,0.33637520126367926,-0.6441144552683455,-1.3128360178156857
43863,-0.5896232684913819,-0.9417781429899571,-0.4991893665716293,0.7906068408373966
11423,0.44401871728272785,-0.20783899007410434,0.31905473888633845,-0.7926923124663782
15583,-0.13013291513505304,1.054920077727641,0.6636313931886323,-0.6795848871172178
7183,0.029257567705928834,0.7622071535882773,-0.0365764967573257,0.8778868882276731
64343,1.7577811948041382,-1.4072927462259466,0.2256324952206391,-0.6428784380502159
68503,0.26314636439666184,1.5312235849365257,0.05670448571730918,0.821665570409302
32223,-0.012386607524530125,0.3691678509014382,-0.6560540408526293,-0.8893392928173552
66583,-0.4886896822022007,-1.2879546685830616,0.7599660838041037,2.1171016466322494
76823,1.1562180146474361,-0.38676879492301475,0.2962397414920202,0.2502738584217341
63663,0.12835124342647178,-0.1448847148888565,-0.22507380578491404,0.13257387426888848
64543,2.0992893675762443,0.004979124186022453,-1.5663545596812383,-1.1562129104062193
16743,0.42593122656242977,1.3680569363075232,-2.3849971903036997,0.2333099841120847
17383,-1.4042344123644483,0.5102325842894792,0.7682691156016118,0.40555416815852396
65503,0.23902193480029407,-0.010131648906888962,-0.808317610617357,1.125529313772688
52263,-0.05443400646712668,-0.02296548502819304,0.13486614093695704,0.5283565547720288
54263,0.2921855863281236,0.9262136283504342,-0.3004899553910457,-0.4721756422927826
29223,-0.23309165342126825,0.6177058244028467,0.5283129858152087,2.239181936004284
72703,0.2777452077470107,1.447693881728512,-2.1805180421598056,0.6117959824172964
1543,-0.24116772719146742,0.15660157967908822,0.9140207385988169,-0.30922758045608434
50223,-1.130200455589617,-0.7060188868256978,2.0494303763662463,1.340468286552961
45863,0.1056617200191197,0.07335181272957675,0.6468864432706711,-1.8901751162850684
9583,1.8342172874182427,0.2022640260852689,-0.5034287406304607,0.9751717495294144
50703,0.4030655853123411,-0.1668923542436948,-1.1689610455376847,0.3593315575568667
64623,0.5373705361196797,1.253515665851013,0.43060717705083834,0.0646074976774405
27703,0.43563234490352193,-0.06215660349905706,1.7511391204838236,0.7858629088696317
22063,0.3948916541735246,1.306911456666669,0.3818069291026496,0.719592145629333
52063,0.008685621606538185,-1.1114123610411222,0.5021642144017948,0.548984565588008
30383,-0.43566703680229363,-1.736472684414286,0.55996110391691,-1.8327827849924925
76863,-1.3994502947306298,1.932512875943521,0.8765121335621355,0.6250007828757131
25703,-0.10543813742279037,0.634185309477118,2.492586154150978,-2.4303882730061046
44143,0.1598467910384187,-0.4337119476495215,-0.08600362356350293,0.4392496908919919
13383,0.33524313344624757,0.6393984449849199,-0.1802122756097895,0.542429638213845
30903,0.38761660615466254,1.16129404104963,0.4873205937439762,0.21436817729428992
1103,0.08851658399212568,0.795392881199995,-0.8961981317581694,1.6718130563651412
71503,-0.9109143798113261,0.18678685441417048,-0.9980584505982623,-0.14487251494846826
71983,0.04443321193655627,0.3098452005390476,0.835316505630703,0.8605580063587958
66743,0.16547262988472664,1.2799928370270617,2.0267297670164703,0.09161205409701295
70743,-0.4983743238228367,-1.9401079163490778,0.6896290185739506,0.4919024781389468
13743,0.019130335436148175,-0.3684558469789602,-0.29635549322098637,0.316526987645139
40463,-1.2067023823744183,1.5144714991320243,-0.7978027111238644,-2.4450699062964496
57223,0.6094760967009673,-2.161386118280287,0.9731143328074475,0.4989696455683213
16063,0.34944906479381815,-0.5670425227371169,0.07044147529198404,-2.5743168547159336
75663,-0.25208375179819104,1.0349983883792417,-1.0825525933790532,0.8804436010480821
58463,-0.22023340062155336,-1.5285832215664303,-1.497251995335399,-0.1561498757992611
24383,-2.0548722802937482,1.3561636902030594,-0.2164023248506376,-0.5888630114960994
76903,1.1655808370939393,0.07017643037823745,-0.9212847532024312,1.2790881455224485
70503,-0.0035216016798619693,-1.9824876520548307,0.21287232043533733,-1.4588639326068438
4743,-0.01722025872429091,-0.6614568707620555,-0.19024804423868868,0.6063809472652489
49343,0.012196427784094627,-0.586780027571569,-0.7862771612670412,-1.8414202784397427
13423,-0.12664406329798222,0.5469943152369041,-0.8236392176514277,1.8061897796657496
13063,-1.2501664021005297,-1.2025483302893791,-0.12508606572590852,1.496459849434598
47103,0.9393767852735904,-1.7793951404485395,-0.9869055956539314,-0.17599633542599474
23903,1.5719117669053542,-1.6149054851215838,-0.07858455241722201,0.6499090444225568
21383,1.9353020018942013,-0.9452512965875676,0.583474547649689,-1.3874699614574988
65983,-0.34907440937820394,-0.3842257748140639,0.0674665042127852,-0.7894021482623833
25543,-0.1708967144695114,0.012111656885445497,-0.02298620404234186,0.8773691110145508
62583,0.21999555792387535,0.6832793885791559,-1.126547788283085,-0.5101814699216632
29703,0.8163443543935488,0.44258840142707057,-1.3592565541519637,0.03827226859048463
39103,-0.7535857276313526,-0.8304976702175145,0.2039541001164048,0.6179600636991921
38023,-1.782806551459866,-0.28257739366301154,-1.3967652603839311,-0.08279812462916857
50303,1.4652658683811188,-0.8613940286639107,-0.30717919683173905,-0.1458871547391368
5903,-0.10066549098827768,0.35437405538767275,-0.07812800219494216,-0.20516417567677614
10063,0.7073446354492339,-0.8283760528816179,-0.28233015565681874,0.12326665169059531
54663,0.9775918663547655,-0.27253296723977843,-0.593895516118773,-0.04896937512558267
68743,0.603808158012082,0.44682210726534594,-2.0221302371394714,-0.7272084763600827
64023,-0.07235503538101419,0.7491608024146318,-0.7450222407016739,0.6328426201162602
30863,0.7420059592241525,0.7645747533053743,-0.7970948669218214,0.8252209548883606
75463,0.8941468366752388,-0.5004115266805139,0.5941151790455399,0.3294487759497865
66703,-0.1811754328761682,0.7967232720249711,1.2391561669448026,0.0005069691096522364
2903,-0.26525965483449765,1.3918803229974774,-1.4398024455153209,2.150810778251253
47503,1.0526422613225932,1.0262923999538625,-0.27949171249657173,-0.9802987347482627
51663,1.6853093580772904,-1.7107425136393783,-0.422280722755359,-0.15877498338930068
74903,0.8964587295503164,-1.1629460143386805,-1.2133734335196562,-0.934124708035316
15383,0.5728738205561068,-0.00403168380952792,-0.5395356785506815,-0.46992299735451787
59983,0.1281196411829571,0.5995591125882732,0.06362979050847468,-0.9720353779043595
7023,0.3241700410172806,-2.561168953990437,0.36861482301905624,0.33671631048890277
23703,-0.8508568287821414,-0.134687970647703,1.65742787018087,0.4313311079653171
27863,-0.6672089111614625,0.32069274862656333,-0.1921896921425403,0.5619415864769204
42143,0.7984687218371095,0.08596385983634575,0.05685803768504529,-0.060260557646349765
72463,-0.3277408708438182,0.6023307766029714,0.7578463634238416,-2.3375912129239693
36183,-0.2281768347406981,1.1732105512287825,0.31871914204010976,0.5039780731540136
40343,0.12639033784416415,-0.4490295661092005,1.3564896907699684,-1.5238565713560182
26863,1.7762442982793245,-0.21839522207779008,0.41763607250517876,-1.1141386236228699
60583,-1.131314479952057,-0.710751570096437,1.3336549393348727,-0.7939573663215955
8223,-1.5356494601131998,-0.6598525163672737,0.39754339207105466,-0.6522296108650881
12383,0.1533177429423134,0.9148959761877555,0.8499669537947178,1.4128106591793992
6343,1.4275222211023357,0.7415690875016837,-0.03990310475011203,0.3241986019534037
56983,0.8810360630478581,-0.018151375658824884,-1.5978866109559848,0.7590532620817179
61143,0.026957226760969854,-0.7491048350186875,1.2541269442775749,0.6384175796619664
68783,-0.5179996730307332,0.5111437285296525,-0.8282850603927601,0.3457364503888147
65303,-0.020676503860330625,0.8655409374134633,0.10570352160263012,0.4015610780319266
58983,0.44451488530712485,0.06500687454914379,-0.8979811324324867,1.3898330021848582
69463,0.16879675692839505,0.4827347613187276,-0.5997527606972851,0.7206893133919429
31023,-0.5507266437826959,-1.249621521257291,1.08376284287399,-1.3970493951472756
37343,0.7346020541582258,-0.0003552442493682909,-0.6292158133036719,0.9871789204808685
36023,-0.8516866018714149,0.7807670352495406,-0.6454656922243786,-1.1230278257040898
21503,0.08614266937352724,0.13013872021822998,-0.7999030468644007,-0.15894915942194063
1063,-0.22951622801283822,-0.526347225655949,0.5479120103321548,-0.03114209245615641
45663,-0.7025831913036114,-0.4315121113425924,-1.198846067311914,0.9442742555504071
15903,1.0346964574328035,0.23613171525111637,-1.1557796084894525,0.5104828061811171
23743,-0.5235329356030546,-0.6187866745606178,-0.8769265361280847,0.376306732965109
58143,-0.209189447955244,1.526165545269517,-0.1802291562412659,-0.5784708230832992
17703,0.8928640237266253,0.8680108977760347,-1.0999561972801355,1.7462472037010572
35183,0.6747654712400392,0.6204741765093251,-0.720135412463015,1.3773715379089138
21863,-0.6115747462125055,-0.02401604002687252,1.1330379953623149,1.2520762045754612
66463,0.7519339704083765,0.20377256414094647,1.948840067918202,0.7368817585657734
70623,0.6001376678310396,0.04288423677123296,0.41374676751898476,0.6496872784159241
72903,0.3304455702881444,-0.5519759778100338,-1.3363285217567775,-1.7523511682268893
74783,0.7087936809440818,-1.2506788054462359,0.9483562137935372,-0.4643467473672121
34343,0.3511782799678778,1.1229456851964563,0.5560352944160615,-0.4216765567222847
66423,1.9150529122835014,0.4443260990667935,0.3008264000466399,0.7637489677238933
72823,-0.7320566242031025,-0.5909285271151277,-0.3637080113400812,-0.41706222477076743
70863,0.694446298642275,-0.634635652276615,0.6138502555384111,2.1351712286817355
14703,0.020106460410901448,0.1735440001641477,-0.11807979339254528,-0.3656105986281796
17623,0.9037642862838741,-0.7778443054651207,-0.1218572657064636,-0.7431465772215265
67623,-0.6283042184503279,-0.45992416671234293,-0.7303634198702754,-0.40108108364279466
14543,-1.3405928800126112,-0.11880759410855551,0.12653425297266302,0.4135627530368324
20303,1.186900049035213,-0.08491068465229877,1.3628807225748267,-1.6928332516321918
56543,1.892686535066139,-1.0209232014814267,-2.0312420650257037,0.3227231726428325
11703,-0.35793337249887136,0.6926193757218359,-1.0285353533593606,1.8495860560479793
54503,1.3221903351379296,-0.9458262076337077,-0.5847620122618792,1.6928233795280483
8743,2.117312127096378,0.5540096365415396,-0.5744115218206782,-2.0439564946122895
28343,0.6265359911444985,0.3051761006579587,-0.3569860661701791,-0.5813832591137239
72943,-0.6036370334818103,-0.4572611057475173,2.3851055877429492,0.27482683167381217
36663,0.8248935310139474,-1.786095807400829,-1.5922961377787257,-0.0713805216891397
40823,-0.35953679739248473,-0.45428000714134276,-0.5279055700214171,0.04100571811601114
4543,0.7309641378967615,1.3504080789265414,0.18025149091627962,-0.7941262344994565
29943,-0.08098954956227904,-1.7495628556427796,-1.1008885384327802,-1.1978067841566664
53303,0.9116671228248673,1.2841804023653962,-0.03396204974831716,-0.052586853840474984
23423,-0.13225794269019772,0.5014546854068667,0.4621464249762709,-1.7333976013479009
12263,-0.9762092115051668,-0.18474458010791367,1.1644909171249704,-0.20319332224398912
21183,-1.388202943077629,1.4922659251830452,0.43587912600085793,1.4339840747828583
49383,0.8797072533210425,-0.04301654261146187,-0.5978426546177007,-0.2715743199691996
48383,-0.45024535749952893,0.8889095256317101,-0.4158322819420094,-0.8363629204814027
29503,-1.4137002743656555,2.004046734869755,0.1614383186682319,0.03979673898560616
33663,1.0144077010304262,2.0208737229750153,0.3795512301904392,-0.7858638582766859
76783,-0.850365564580522,0.6209962845695994,0.7772433753531709,-0.5068155972042518
36103,-1.0273739242727924,0.1827541554142647,-1.4072589648553737,0.9745691090300762
12143,-1.0354698373834728,-1.8468673878808481,1.439452442014832,0.15276486223624722
5703,0.3660302324325019,-0.013822412680395475,-1.0283670390243018,-0.24205683892515084
63703,0.3635628259371249,-0.34111755154927387,1.0906715219930523,-1.77604834560685
54463,1.9373909467675225,0.1890617521312727,1.7817306182497001,-0.8752621347627026
63,0.03811516813540626,0.2361252254946972,0.16081974798741286,0.2895499344211216
3343,-0.32353859161686316,0.7966334207219778,-1.633229158099103,0.342127767745504
18183,-0.26624258365845443,1.7065679356707895,0.08680193593516776,-0.2110778039270689
62783,-1.2220918487169337,0.5819789746522173,0.7189454586602833,-0.178218809201592
66943,-1.3725782313938901,-1.3365114141374521,-2.3550140999734905,-1.303162720123798
12023,0.06013394199576696,-0.28066431613894754,0.1256748530998908,0.8711026113744204
71103,0.19470245611443768,0.21288993444615445,0.2855815270723135,-1.0764650728630067
60143,-0.753755860484385,0.45920097509260915,0.9352185262684999,1.0247764325891073
11543,-0.382978813383755,-0.9073200047704255,0.46085131259871515,-1.0994194954062864
38983,1.049784313642521,0.3846430673588336,1.2952502203411984,0.6165622946667643
1583,-1.4887610514122251,-0.13995042116019238,0.944406909408348,0.028402875025419598
6863,0.045544313725221997,1.2411934604619235,-0.7531518274778135,-0.8926086096816164
9503,1.1022559651629487,-0.067427087074023,-0.44125862390631876,-0.20136645399252545
51463,-0.7083434797519532,-0.48637203794690526,0.6648825712932126,0.9339717778621889
19343,-0.3487179074160935,-0.26549294529845674,0.23351173403799697,0.3016240906988967
17903,-0.44685807104527436,0.6691699686675207,2.093287985423578,0.2680181974859322
63943,-0.19995592974424709,-0.9056779943871404,0.6276515001934954,1.4947187023555408
7463,-0.11390113643474356,-0.12482166601895298,-0.11419350272359141,-0.13775451754019907
54783,-1.386443196244991,-0.48499349655982676,1.855196786962124,1.5140902333593154
31823,0.8373540695688063,-0.5703352470442016,0.16985470853395096,-1.2640980574245342
903,0.08553972932904147,0.05761102316428936,-0.23362163544664583,0.43426009311016145
35983,0.9336327811172592,0.09039658332278738,-2.240538628650983,-1.8928928905955147
40143,-0.8008642177587433,0.483779084054792,-0.8169263107516682,0.8046258551814838
77103,-0.5675751446756002,-1.2848475321907964,0.8605567382833043,0.7914748181856273
44303,0.30925323074684524,0.03933500429902523,1.3678951984721124,-1.437380918767544
48463,0.9090318298977316,-0.5066015937180857,-0.8401514669184389,2.2647290492838725
12183,0.7875491751853285,0.3496602467458688,-0.4385708203048683,-0.7687153239130637
56783,-0.006901507434725114,-0.1911308559738443,-0.62811256099982,0.24003184626991975
54583,-0.3053488267173301,-0.9367464484305746,1.4221752178984486,0.16698505067900324
65103,0.3561915404024847,-1.4716255652834314,-0.531825150181619,0.9091950498099128
77023,0.2336353166612379,-0.9305033934575113,1.0241174758477667,0.6583253314825657
28823,-0.16812591595214202,0.01209280067682651,1.351991800496626,1.1753574010006635
32983,0.42950808566167675,0.6738384655737946,-0.03603299928263899,0.26380551240205496
42303,0.22646558803320688,0.16738277014178593,0.25360828869733704,1.3256069827744044
37143,-1.9834180971681439,-0.1927159619088359,0.3933983262038443,-1.2351504310415684
49423,-0.9369836151895184,-1.22493566468343,-0.8620708127121023,-0.6133041265870569
41303,1.8684328658677682,0.07701632550648267,0.06357393048039679,0.12391700003928119
45463,-0.7924168698080496,0.45578935709429863,0.17916896560393045,0.014171906715421385
9183,-0.7885702700575992,-0.4898114471278702,0.7285963452462423,0.9663383251672211
30023,1.0744426893894188,1.4502716910361506,0.18222304607045,-1.5690606068251864
66103,1.3149949092835473,-0.4704362481755823,1.5558291480316773,0.08133502464190538
21663,0.8524033915001791,-0.11198296829064805,1.2085768550420217,-0.23026701491375867
58063,-0.06469959209118875,-0.03811520730069176,0.9669146794903062,0.5258381199620434
66263,-1.0095981705225163,-0.23487256846630783,0.8776363371448158,-1.6775542063263476
38223,-0.19324684994613237,0.7170174494208081,0.5050467218172748,-0.21335099149427755
29983,-0.24390605283079794,0.09102623589307478,-0.531854696148794,-1.2738460160274363
34143,0.21106796914109466,0.6266563373545248,-0.6631247527599363,0.5147456059491747
26503,0.59591051491047,0.8543717813627606,1.626099481309491,0.3779911833812781
77143,0.7979591020892203,0.7306033627237928,-0.9821352085328141,-1.0200337108857933
46623,0.32499763360889605,-0.4993433189054839,1.4150397288961987,0.39978193207695045
34743,0.07117487960363429,0.13886073495845158,-1.5785430027029117,1.789832058530909
50783,-0.8501116830766992,-0.9799387964003765,0.5165711378712999,0.1304800373262878
9103,-0.41108140116817365,-0.5845866849644342,0.24804635622885632,0.0621100160703833
33903,-0.9636598654548021,-0.4401559585790409,0.16273813700873033,0.7939070686405434
57743,0.69536005704305,0.266076832984751,-0.22871310822203525,0.4348920731872589
44383,0.17045864546404546,1.9099639615070514,-1.67691222551708,-0.9552897632920783
63263,0.0966606128792805,1.3644678023096748,-0.9637456584125981,0.2215342179139234
22823,0.4532258929313289,0.14431212299228513,0.22157574499640542,1.21380846045004
67423,0.5573364016981159,-1.659465005749384,0.3611544055291433,1.5644648783564117
71583,1.4615812450124768,-1.4182847173153976,0.2876515358139598,-0.5354716158054569
31143,-0.47217880681294466,-0.12227981535289259,-0.3260496391941511,0.8207599949846724
75743,-1.1610113085152955,0.7544724939720503,-0.3358329347285515,0.8466321208546831
62823,0.6325433607662324,0.10285154884881345,1.0609823737749182,-1.07217521604639
39463,0.7956856150356973,0.6411450427558253,0.3468366281014302,-1.3684382035063645
28903,1.94078479163401,-1.8723507871264344,-1.5414096092310292,0.5447707366517732
47783,-1.258913420942639,2.316372303730998,1.082667886658546,-1.5132887347883432
71023,0.7021801164634636,0.3344415412867384,1.0035789910492137,0.9303097682674084
15663,0.6561535495028974,0.15016216851322894,-0.1590352859498225,3.0751530296192615
19823,0.7592174895239958,-1.4057533820401198,-0.6165667821042299,0.8435793690794668
23983,0.6845091748130444,-1.2812594598823972,1.3192692466508824,1.8098443043428405
58743,-0.5463556151815395,0.6875083024290707,1.021133820861444,-0.6355522226360878
4063,2.37330014130277,-0.6688783005239549,-0.8883737021724243,-0.3882700719918601
66063,-1.4675317500779346,1.3796791659065186,0.2875376366856351,0.34998173481159456
43583,0.20484686798112225,0.3929792271750445,-0.47782031539131975,-0.30913196443450874
183,0.7458609297304432,0.8717655005485591,0.5912000069825231,0.45134455503684406
46463,-0.4280892131110193,-0.7123088424863202,-0.01251548438926137,0.5547169469995535
48943,0.555580889808423,-0.12439900184142724,-1.0270030177949923,0.3856847902223927
47703,-0.2277658956956082,-0.5665799807861187,-2.8709885240293,0.28211389681862153
74983,-0.025859152220990604,-0.2598617565756234,0.4972851897022775,0.2150884596605371
44423,1.2655022609964244,-1.5597173146288965,-0.35928404912238404,-0.21795598807152494
623,0.0423250504406221,0.3513695893003314,-0.356551278279018,0.2504798659736488
65583,-1.8436758779752405,1.6454589325011695,1.17157757031088,-1.3811032194759327
34503,2.243746323707664,-1.5663387565391755,-1.373756340642917,1.0045677580256627
42903,0.11360596123081378,0.20182907768876848,-0.752582620107834,-0.8147678098850115
37503,-0.8081769455045575,0.0704336224997662,0.3376639605728643,-0.6004964984251043
42383,-0.30670280140652634,-1.1989778955317862,0.6804335686947306,0.5133504548401847
41783,0.1250666458083838,0.07950026175835817,-0.4083848721400674,2.111264518128015
9623,1.1820663319596176,0.8702817191563168,-1.06489569467907,0.5755750391563027
58423,-0.5098095081355468,1.1714217218340353,-1.30883792749878,0.22959209114086632
6383,-0.26365504584979366,0.5024521922778512,-0.9312738183128874,-1.479639828495775
26303,-0.10372620143888071,-1.53452527830845,0.46684739655247975,-0.13164823035576342
28063,1.3501457466320494,1.058632164710843,-0.38482176646110733,-1.416935397944815
75063,0.9892538339516703,-1.4691793091608136,0.19904902018849263,0.1850399891917446
38783,-0.007536736329138384,0.8583211293952243,-0.04923176057201936,2.5645244330826147
42943,0.11046699428167246,1.1071895984838949,-0.6372412806902233,-2.7957456210169145
2503,1.7712941473054393,0.12503174864810254,0.9538553631428613,-1.4734472231589795
56743,1.9303959470509238,1.2039901972026787,0.9376564827557486,0.363833982260395
45823,-1.5829471115827278,-0.07357586725962986,0.593392755395127,0.7246234965513472
57343,0.33593228788409835,0.9445202229544518,1.1242391661372377,-0.3973820050202455
51783,-0.558768315632989,1.2082961420623624,-0.04567475749781659,0.04723528018533754
59583,-1.0889056500938965,1.3469551755495268,1.3992957707527698,-0.8637120016497271
19143,-0.5982052453430436,0.27657807877205653,-1.0146034154318224,0.22981635350208418
64943,-1.1179387286645739,1.220724418434935,-1.407302720907175,0.3378118470596778
23303,1.4912553534956505,0.36563721363464174,-0.5908257057487724,1.9928366466084084
67903,0.9500936538885169,0.744795346305812,0.18716453573688768,-1.2391481278238932
72063,2.306261879987333,-0.10257557644585337,0.22860210230491082,0.586971921335891
76223,0.14534464105053088,0.9461764668236871,-0.1658414524793081,-2.6477576368985485
35783,-1.69231279565578,-0.4421646843479851,0.24561184298609348,0.28549010050249224
1463,-0.23870637015753038,0.6601111560173598,-0.5009483323122762,-1.1288338220144747
3663,0.9361536420765694,1.8135581974513408,-0.5323500341015509,-0.348184646510869
40863,-0.1738481948263491,1.3258702386798138,0.4296201188658143,0.16519395134073633
48263,-0.1425260144335958,1.4086154653109253,0.06536595497610675,1.7545073137606573
52423,-0.8135072345194487,-0.15342060205991812,0.0812834056163075,0.5125027514564783
9663,-1.1914921862536765,1.0809862994693065,0.10082182555251416,0.8930418849972729
16143,0.8228128929677245,-0.4443033115174102,0.07517672688037387,-0.26912982879594594
60743,2.2040120821111397,-0.4858152810302024,-0.26453417084278635,-1.3735750529240143
24463,2.0333107611861085,0.9674272667117757,0.23711879833878016,-0.31893052232198293
69063,0.3385129875513901,-0.4517787071458231,-0.4619368153033093,0.39189781815383584
28103,0.04337530107403019,-0.289357783104119,1.5122659893867354,0.7777111375866288
32783,-0.5250492003908169,-0.6718195386581024,1.2818375936995643,0.6513869030605589
36943,1.6467084926876765,-0.043462279398230344,0.1825401674814332,-0.39599475426730874
65783,1.5670200644866552,1.581212937486225,-0.6647617638160321,-1.3559860444496934
41103,-0.04536661643297027,-1.6843692175917309,-1.6521847418582323,-0.6746681732455156
67823,2.8855401140371697,1.7134821586626976,0.49613965885980604,1.016197988543027
15823,0.3437698650000642,0.7676192208691252,1.1583503591158144,-1.290503037180887
8983,0.39192252658438026,1.9258844319168598,-0.18403708320060058,-0.4173085915126493
53583,-0.2201588564184688,0.1363578322226758,1.3991081685818212,-0.13511165228633704
34023,1.2966055714250657,0.9961556622013334,0.3024160461213955,1.3167867023160802
17303,-0.30825388120712804,-0.6229511402842823,-0.38684500596561633,0.05054407532691077
21463,0.27947211903534297,-1.659777060270795,1.106471780789276,1.6669780559829952
44503,-1.0841747681351592,0.17298020963369026,0.15306160365580437,0.4816752915844316
25623,-0.1866745324478497,-0.874482306753773,1.3884342305245239,-0.2981711109130633
70223,1.292291382098341,-1.4164674471539604,0.10459870129199766,-0.4501973357313564
49743,-0.4793676270134569,0.3133693756048588,1.3731097078734105,-1.925010016080757
25583,-0.5363672367331178,0.06356421129988611,-1.1277792435996463,-1.3010090491260395
38103,0.31824439175421637,-1.27516109930947,-1.6530430915792478,0.7302101367236089
1503,-0.1758865926973465,-0.0636969109978376,-0.055418812221086425,0.32488379768210274
42263,-0.9007183793464089,0.29925970820215086,1.290224042397744,-0.23421483377722824
10143,-3.2224032930126403,2.704354288121435,-0.4876034942094723,0.1599166150357281
54743,-0.8512752529072407,0.08865812882703931,-0.2605717280865459,-1.0962835705686458
19943,-0.5457127375128082,-0.17448530732891793,0.5971679771131746,-2.776136245206563
70903,0.14637380034198197,-0.4264328071777132,0.9248157461854231,1.1908967957346446
49063,0.08548959564304484,1.1977037017494234,0.216728406862902,-0.9608119994436671
71383,0.3851489478126794,-0.8004349236367079,0.3722156725555982,-0.6926465345568837
1783,-0.3610587206708733,0.023715209330467894,0.4581463853580176,-0.9729081626543137
30943,0.12380639776029079,0.456781041395225,0.054639633954452774,1.2423801210910417
28143,1.0464619545642202,2.7110043029421105,-0.34795947727071636,2.0649800995556555
75543,0.3751209647668281,0.30349376389882643,0.1667427865339924,-1.0569979991259657
43423,-0.47250793584162976,-0.36809677282243575,-1.4882683957048088,0.8139594250712299
47583,-0.4416520638513357,0.897022889209405,1.8145311329346694,-1.9696220315276307
67063,-1.3703166917777978,0.30187503388100095,-4.067431079315153,-0.6616594311461637
11303,0.16091001070644778,0.8734516453602534,-0.7857456467274825,-0.01680254888602121
55903,0.21205136523431506,0.18193281914033665,0.021735897969015292,0.576360317631785
17663,-2.2090354055679833,-0.29286243352813723,0.18401670833239903,-0.6042695491334662
70783,-2.1306599880357386,-0.19796896326799437,1.3988386469406497,0.2526957042774077
64223,0.5645052830161431,-0.3755624058911029,-0.68504777531342,0.4677054070365641
75263,0.3932484824117292,-0.689190916246041,-1.1071278183919215,-0.9065906884611091
68383,-0.34741848899348543,1.8388435762179527,-0.32008079371105147,0.5047837897345655
27943,0.8988046457330144,-0.6730045605776472,0.7408556515865279,0.2544976879153169
72543,-0.43092611731350233,0.43144430445247545,1.5865388777466591,-0.850141893717748
66023,-0.6555672852152121,-1.3373236742020131,0.0632220521958631,-0.7268158725467001
19623,1.7095195029846404,-0.04727186368181054,-0.03051602492343188,-0.09625546937821988
52743,1.6650205705415402,-1.0926570921746788,0.6993312453498309,-0.8180731780611112
44583,-0.97706333252077,-0.7819809862613122,-0.458140179814485,2.4568337322023943
65143,-0.5686801255578993,-0.18771017667108628,-0.6885705084341551,-2.356131576596251
57943,-0.5800300974616598,-1.0661759108058626,1.456894205580855,0.04805861933939746
52903,1.1772227876892327,0.55091862624117,-1.3049870701924828,-1.9573885203696277
9743,-0.7685595836756386,-0.13509892675111998,0.33135334740841815,-0.21658492787147732
61223,-0.13572408483865758,0.3050134562245222,0.9247857398114253,0.5742564099913703
46983,0.468572189757673,-0.11137316993113038,-0.32025887851306173,0.0901434520382011
23783,-0.8237988562092583,-0.489443343459793,0.8593253115707474,-0.4455853794465482
29103,0.19702758846435753,-0.8139208725079231,1.9224186089333828,-1.0631105451302163
48663,1.7985707153524506,-0.3750633219712768,-0.7702171963751067,0.2076667041306787
72623,0.49749906596334853,0.5047182497798672,0.7522740083483043,-0.28828932403685886
5303,-0.6941651303644637,-0.1787512820160104,-0.5698979530367689,-0.3930225579386832
56863,-0.5698636739577737,-1.1967220055471497,-0.2774827505742508,0.25440212535582696
74343,-0.7206637993374284,0.3481383202676743,-0.9241753231296037,-0.224756026592398
54063,-0.5182369600206223,0.6036951786782802,-0.3009536021020702,0.7798463905914181
21943,-0.06815759443262016,-0.33138798581992984,-0.3245266726833267,-0.3106637940694246
24103,1.1729156011966333,-1.6306286177130538,-0.7014483314206266,-1.3962990650942466
41223,-0.05752927482344417,-0.49819969271840764,1.2123778880871752,-0.8501132503497357
63023,-1.65772134517912,-0.32370547039637243,0.3904191357034558,0.9805228161907946
46903,-0.6699787533512334,0.6339890893838305,0.7014315464012281,-0.9174571232004642
51063,-1.8246127142688486,-0.05990850376326667,0.5402213766329403,0.6985848004275917
50743,-0.7999661410764666,0.5746238052810556,0.23889826735840441,-0.18283535264646925
23103,1.4573708675955395,0.5231403906078127,1.143349013455399,-0.8250399455384314
76383,1.9408397966999806,1.3201214452017533,0.25071857228624644,-0.09473961763517635
31423,-0.7480625490816873,-1.6080359403017255,-0.5216958072369091,0.32403007877618856
48703,1.160020687328868,-1.75398028545638,-0.07728653382910816,-0.42934679289779853
8303,-0.062133035907951835,0.6450970012229746,-0.3720716542554895,-0.4980245238021195
39743,-0.8937810187764135,-0.5689116386834397,1.3723906271774389,-0.026243999613506142
26743,-0.0533255614267018,-1.1348570475802007,2.0600851298938556,-0.388666555510098
3463,-0.08249343206614809,-1.201717916599115,-1.6141203580720196,0.8454279155192947
67143,0.959668236966152,-0.5850111761219942,-0.9170169482877369,0.3728655324354953
663,1.529539000812399,0.1446592784458792,-0.6319083568003125,-0.6494103852370522
15943,-0.9524832856288832,0.8846086406372297,0.5903309507933396,-1.2059943361061012
70583,-0.0589530099292444,-1.133172752237585,0.16610131755836827,0.7764307906954141
58863,-0.8818764122410216,0.38069866061696794,1.1738740082302503,-0.7790188004376261
44623,0.23888681569422937,-0.3213673623681308,0.4354343541356787,-0.06289383058910974
73023,-0.9973997486930829,1.2264560078804472,0.02472649943741724,-0.5708814281195935
77183,-0.09129104655726084,2.3613696186905053,1.4377473514006023,-2.18291416956752
36743,0.6489597358351993,-0.2138554516637378,-0.5027331868665982,0.3883734832494065
40903,0.9836740130593302,1.6821954487728756,1.635144669222726,1.0224780520152041
1623,0.9208094359635102,-0.06538025202089537,0.8545813715634346,-1.2611613617459745
4623,0.7157681341482633,1.167060175010811,1.8986634223234118,0.6595801871314375
8783,0.5909277357618317,-1.7641015302992367,0.2073406031632214,3.143857843263645
34063,-0.7002288183762059,0.47089218047527936,-1.2172964196061336,0.8781619888902493
58263,-0.0020810206097549304,-1.403332616184106,0.1974763961678178,0.0043982122908131655
9823,-0.5764927430349949,0.8445177907129707,0.1918978944410863,0.8578297104884156
21263,0.8114451148105908,1.094715329126929,-0.2840913847872348,-0.4789965515446399
65863,1.002063584921276,-0.5678839646116032,-1.1060642443086468,-0.5489406477572836
70023,0.46456915401300974,-1.1752901163945964,1.1025933014866167,-0.3038970906768267
48743,-1.580638372517641,1.3829550002286446,0.5093451276527722,-0.6105157726639405
37903,-1.0913767676488075,-0.3708265115891825,-1.3404325993872888,0.31365709960849647
67183,-1.0733552716008448,0.8267196191689917,-0.28686439929786556,0.6848214661810788
42063,-0.23341662674624827,-1.3086224979646244,-0.35792443933178014,1.3046132128122798
38503,-1.0905566048921258,-0.512894368163925,-1.4161246241150023,-0.03264803796889525
23663,0.7172069147055612,0.7254004793565264,0.999919396003467,-0.7017855998112899
57663,-1.4972040545578855,1.2413746172923454,-0.6567996584651157,-1.549578323652169
5743,-1.3015724406483462,-0.7276786186597726,0.09708194077177319,-0.4925388292826926
58703,0.21323428050119153,0.10944372711560695,0.7159150162329395,-0.5488174585658376
14263,-0.5113702573249088,-1.8066812135952532,-1.0122483884629085,-0.4313131016705521
67023,-0.39481396304417793,-1.5603465710168525,-0.3400073390430409,-2.362576958699091
24183,-0.6298604878045553,-2.458807178993248,-0.07453375196704111,-0.8712026803529883
75343,0.9164621886246287,0.9144914665208959,0.8588255213643778,-0.8960742621096571
22463,0.5961312532966976,-1.1927856073639584,1.7492994712091963,-0.7100770088143142
39063,0.6540442275271108,0.44054751700264233,1.516206872128605,-0.9781050865827786
2783,1.0564479045006516,-0.02143009398626556,1.262738313460388,1.6321070231226626
42623,0.6398694498500642,0.6928826526738888,-1.567079940322262,-0.14896837674927926
47383,-0.29136069113605734,1.0981289793942317,-0.7770157367707071,0.2510038346687106
57063,-0.9991446190759804,1.3856832287704641,-0.7517311028748823,0.619192834217062
55703,-0.7189910499516929,0.8347705629466263,1.8986882290085767,0.039489922871703755
59863,-0.2877435174501945,1.3028161936412,-1.3573993999856337,-0.43371578279311
40583,-1.480806175816649,-0.6457064913147228,0.6873753315362949,-0.25400052663475003
27743,1.6594683804011445,-1.109939833601302,-0.1303156148829132,0.7397072313752497
52503,-0.5991878424525949,1.032366421365806,1.2984548863275058,0.8172878999306853
72343,-0.344884253370796,0.8830970004095866,0.8699966247884703,-0.5286921077481167
36063,1.2943041780881592,-0.9043555637484854,0.017715595548911535,-0.01980833498297334
69263,0.008825518860350025,-0.014339679884518047,1.8123255115837116,-0.20726667360861753
40223,-1.6440492946324823,0.28824245855335945,-1.5380750071572842,-1.6679834577932324
14823,0.3950953722259831,-0.24209586990247994,1.025401196657916,0.02948161823554463
48543,-1.0178118308579998,1.146133291586016,-0.4696815529841379,0.6059799377483991
52703,0.32507339401572344,-0.0050801023922226445,0.11285306801863876,0.5680212760642681
36503,1.9709497159794918,-1.5878735263437813,0.18569497637570082,0.1458354236837312
62463,0.7220832275538802,0.21274209060882285,-0.11161069780808704,-0.6710142888500988
61023,-0.1280652349395936,-0.6034523957040213,-0.1053679121741284,1.0848558180504053
72303,-0.3522232282238972,-1.019360190005841,-0.7744001187035192,-0.9473408601059852
24743,-0.7046576499313162,0.5714021301184962,-0.5811503115909883,1.9553446540566264
69343,1.1780801109037837,0.8892473148768619,0.07821286595000533,0.7181054600377432
24223,0.7365292106022884,0.3064305432978514,1.2616565415927703,0.21669986559541804
73503,0.8042674148208789,0.9569726928567828,-0.5568491268466297,-1.9176830973483874
9463,-0.904576406530046,-1.3594641098094082,-0.47236133174448397,0.6853059991772577
1703,-0.11464326676166245,-0.8801891788355988,1.1760379649070076,-0.26345538359047177
9263,0.5023441667187906,-0.8317703676849092,-1.314400097004989,0.987316382674424
56263,-0.7252381698965088,0.9170688409697294,0.008578021147509916,2.1851890420008253
69543,-1.2675841068593552,-0.9613675723885217,0.6812513475395027,-1.9888153582487418
71343,0.8406020575060255,-0.394933723339187,-1.4298819336328092,0.09543335230012881
64783,0.6346141791357431,0.016095627990605793,0.6176687615963404,-1.5778787029468315
25903,-0.5364060685491939,-0.4675792558366789,0.2040409873747953,0.7405026106200423
60023,0.8370243271736277,0.2055333996674671,-0.33291998107726933,0.3298746679232103
30063,0.08804143017321048,0.3928271590894546,1.030075399306154,0.9139158156114618
74663,0.9483444905942938,-1.176379124989414,1.18174368855812,0.6858861040383735
7863,-0.7500568791727936,0.15162364646167525,1.4553563230856654,0.4135988585787569
42543,0.6517616685427918,0.9876135531054037,0.18319914207421234,-0.4990732060299629
46703,0.22440579481717726,-1.7199939605778711,-1.0012475333824484,-0.34554486980499144
50503,-0.993267903764579,1.3170350638551185,-1.5311604782647963,-1.4990582194477
10423,0.7085286464924723,0.3466524895880872,-0.2958910716124589,-0.5443051742700517
45743,-2.138853752675012,-0.0313960021270114,-0.12971691090535117,-0.5388347976303509
67263,-1.2810935866732007,1.5022717589016648,-1.9562352018592484,0.20465410036847204
18743,-0.8617027300984773,-1.2311620665370948,-0.38521786313994877,-0.4656428696245042
63343,-1.1728135140712308,-0.3068670345810824,0.26368648503773195,-0.5467501765463203
44743,0.3871801867766297,-0.308330527247421,-0.736659680186273,0.2119388631839756
31463,0.46051222583451284,-0.8129407881606975,-0.07813434991579295,0.22270674244480468
44663,1.544214854571958,0.055162528710697344,0.3577081005670291,-0.8877864885172806
49903,-1.8721883255807128,0.23108058538240944,-0.6760049701675718,-0.9730124494058753
73423,0.427452525397186,1.032722550045714,-0.38858968399640575,-0.35198029885140847
11583,1.0620995386261722,0.8977760239209612,0.48564098167177505,-0.45968801231171885
15743,0.599105386160207,1.5235588521448369,-0.5112288068916835,-0.7562628322814183
19903,0.3049028138949397,-1.3903824917406893,1.4577018357961575,0.8401109589363593
50903,1.1449219603868908,0.47279387854058513,-0.9997144948206159,1.835003309201299
74703,0.1786786369677688,0.4212434728652855,-1.5327902614681668,-0.48463095856973515
76983,1.2419421295984145,-0.754709446783447,-2.2713641763996537,0.25859391417230565
38623,2.3130904816292177,-1.2493429865774712,-0.48356448242479355,2.253816359877188
263,0.8084232757223471,0.8033919124890325,-1.5652880267324876,0.6979942130166682
44863,0.3744701126462215,-0.10958940258469117,-0.07513650135937622,-0.44264467685195286
53183,-0.6845773990644544,-0.060383908295399906,1.893112695800624,1.895982748584219
16103,1.3070589441191323,0.4500156306900254,0.09459399104540668,-0.13967481324081257
16903,-1.0187650436856468,0.5021663532718659,1.3550436095156015,0.6197119877330257
46023,2.338699074881107,-0.17475113900532152,1.2332256315162857,0.07619917761383066
69223,0.5153924834110287,0.9497097758756758,0.9745347308324154,-1.4122213489466733
74023,0.46772827523009314,0.21148502689613027,-0.5334722742854391,1.0687385257658806
25223,0.8005346443631952,-0.3298286669953473,0.2786669431247015,-1.4843704993946583
69823,1.502593700477222,-0.5472547667776924,1.0586353282396577,1.6283899783929974
14063,-0.1413518582924213,-0.21900633974556913,-0.6242087599409801,-0.43454669134877705
33543,0.006771600184061838,-0.10745025167190628,0.7788787244480117,-0.13919840526450075
1423,0.8653757229700794,0.5501395100261208,1.1100007730773256,0.022220404667433746
5583,-1.6733450177587692,0.4924794596953214,-0.986345091776502,-0.31159638010535445
52983,-1.1743216368661535,1.3770176959325031,-0.03626768648214672,1.341798261361328
50183,-1.753221945776949,-0.39271617689401384,-0.44055112316380163,1.1987156878329013
34423,0.17872087398807926,0.17972110892644064,0.6912428616361252,0.5717602543180224
54343,-0.27633356395025704,-0.44227347331362016,-0.5465064771585583,0.3342242348854682
1663,0.47094103122092645,-1.0515739009292004,0.26205687891785945,-0.39035576820928114
20223,-0.4960263431836351,1.009156565478403,0.8765879433768387,0.449082110091944
26383,0.6532626553150296,1.0557760270214125,-0.23136166446969836,0.8462306945800758
71303,1.1554077718968565,-1.8905805747361975,1.085193409793626,-0.45276105006096756
17943,0.11127601945423506,0.18704321167459942,0.2506671694666986,-0.2820187346189554
66543,0.7018926631065721,0.6528602044745724,-1.5906343032221224,-0.1745577201922629
38863,-0.8979613130459254,0.3070856071076902,-0.2498566936858562,-0.6166488330032283
69383,1.3636146786268417,-0.589279033877816,0.7461904906228389,0.12584932038039484
47183,0.6940392937041542,-0.3207556604769335,0.6151051642848168,-1.4307684841708457
72663,-0.7000220026026015,1.1353659002950667,0.2009931782089678,1.4224667062162142
51343,1.220113125789577,-0.543598930068038,-0.0870068906711896,0.8102502442176808
55503,1.0760033738995756,0.1382049337751795,0.8939616563360916,0.5437688035753714
57103,0.536008100311244,-0.12855632850639145,-0.7233204880101082,0.003933190105124366
5863,-0.08992246916116534,-0.4896322789837032,0.4666742943808437,1.53149902894137
24303,0.24055321827192624,0.04458854348057997,0.9259679737129529,0.12146453247403734
27543,-2.0139680679373915,-0.785419052661052,0.28382773350547025,1.0965385554313707
31703,-1.2301818292835418,-0.2258742420190896,-0.03791912070219954,0.7342942491539592
34583,1.3332374245293401,-1.3624072828984062,-0.5977177693186747,-0.24794989087288488
76303,-1.0503084686381716,0.19395199393781604,-1.1466623878108617,0.15628965831160785
40023,-0.7330900803662513,0.9653550048762684,-0.05875283421985348,1.2584106519156955
46383,0.7852042269039015,0.33951737862011266,-0.8522376474092643,-1.1549758012239217
3743,0.6710925010256594,0.9444123365616507,0.6665479144636628,-1.6154870146879488
7903,-0.40519332858618873,0.12693178950969183,1.2068842017294124,-1.0969398689752496
42783,1.400128828970413,0.18786683174512134,-2.2754027464326865,0.4977142652153791
74863,0.43164354927286325,0.14797768688057958,-1.259439959957044,-1.714502752080318
56663,-2.69662069642466,-0.24689859139452883,0.6488168370617171,0.7124001862568312
503,-0.9601622911414182,-1.3319333537529823,0.05859573506005837,0.13212120591092869
18943,-0.23469336657838846,-0.014802285916840768,-0.18964262635923343,-0.6297619670160062
20263,-0.5053568127582618,0.2683528585827663,0.8173386514513543,0.6349206713109764
28703,-1.3405281447720927,-0.4896530056348358,0.0345306395058285,-1.9525876788069467
73303,0.02354590557700907,-0.2972721140703711,0.7209942010068384,0.7398303329608588
45703,0.5854745827005512,1.6929713853272261,0.8089329535723675,-0.0840774425128898
28463,-0.632951671379039,0.7575657095257446,-1.28541258088324,1.4563359447504387
45343,-1.097691991143546,1.5023887619748988,-1.3520791787459854,-2.3384370891544144
45543,-0.6775223076992186,-2.784912383162102,0.33728967068415855,-1.0541598422867602
53663,0.3164007124001023,-1.3271294708329062,-1.1995013442330804,0.900700836736243
8423,1.1693163882304534,-1.2512927196335315,0.22140823712291546,0.3179621660112681
57823,-0.1039481515616495,0.47936842741279895,-0.7638146880529088,-1.2010297826641172
67383,-0.26539202710699294,-1.1192552074563107,0.32984622458835544,1.112172514160469
27223,-0.5882794965844332,-0.368439024675542,1.8267794220812814,-0.3960945994811561
21543,-0.334929870001812,0.3092908291158277,-0.4071009507213503,-1.1480905735500322
66143,2.1819410252017892,0.6178054804259586,-1.1585376682230388,-2.5088193849020994
64743,-1.6408793500403334,1.120567211535393,-0.4226637130888036,0.4390696346560891
31503,0.5258190515771904,0.5692508284289067,0.03781395819019815,-1.2637276214699917
29863,-0.09216281795810514,-0.6649673305410555,-0.5250347171400946,2.0087666838538936
13583,-2.075308015659107,-1.3268222722080132,0.2987807773305291,0.734654366943409
3903,-0.5123970408939709,-0.4922642829778495,-1.207101713793728,0.7731982783506444
38183,1.2141009810236922,0.6975528623992137,1.528325944911649,0.8631999187502668
27263,0.32995537664156066,0.04910481762170268,1.385044689442707,-0.636694797673173
1903,-0.024349154527334924,0.035378571921155365,0.040301167172410654,-0.16432476515921124
46503,-0.5179252057129077,0.4706439704980252,0.06603887314863335,0.28578563063685275
22343,-0.6241727041686415,0.08676444517712026,-1.10584524265596,0.2240513207506846
8183,-0.4133650604748881,-0.9709324702137178,-0.4103488950828795,0.9739325784552955
54823,1.7871348569496202,0.35540504373532716,0.009539978538361697,-0.139678038610888
45303,1.123202932461895,0.5018223159902079,0.2427717443417675,-1.5870400112828795
69943,1.429959454337517,0.4173923977592023,-0.348630351847657,0.44446383530335587
63143,-1.6984089941043663,-1.2696028966573623,-0.8384689214230692,-0.5598537838325822
51023,0.18146148907092305,0.3228264239714331,0.4246135485701505,1.352009118723771
71463,-0.16082420991455068,-0.8841090707193081,0.6428539006135068,-0.13881408033845252
75623,0.7917848320941309,-0.4184420502987797,-1.5261105672573536,-0.8848234777079045
31263,-0.18300293713511645,-0.6590870310606649,0.6427389783961616,-0.8048818268542802
8023,0.07952858010373065,-0.6578348141340274,-0.5813899021874838,-0.5134983062651303
7223,0.9602331795887784,0.38076876184401603,-0.9034542574833443,0.7006539407878245
21903,0.4417893425277957,0.31504100291346515,-0.9701428001793132,1.3064666481698486
2703,-0.6489711173506681,0.5224731671005524,0.21705338142029734,0.6239578418055222
17143,-1.1057326318443528,-0.7176178912087198,-0.23439766434938578,0.7157797857270755
15543,1.0313947872204436,1.7131084747840364,0.0034114526371072937,0.03581265065774847
46943,-1.0560797370927966,-1.124932414047749,0.7893720761885161,-1.0086876871868609
23863,-1.2252048500530661,0.13743833051473084,-1.3868572199827094,-0.6237833491804227
68463,-0.2586654315737573,-0.6621468423134865,-0.9161594901390216,1.0330992452115353
32183,1.5632728776813491,-1.6273066728580456,0.6632450675840634,0.6979271539644853
65383,-1.290017694345414,0.13387600222818039,0.47386753454609404,-0.9911499538823946
2863,1.1266652191539008,-0.7117709620693494,0.5840222986852102,-0.030303845133700155
40503,-0.48707827395773845,-0.4851265936923302,0.3590554205112499,0.8062027437748932
67703,-0.41741415598649684,1.0590683028313261,0.24142057705299447,1.1246540059737917
42983,2.275215332738755,-0.8125390080992274,0.3972600633279264,-1.0105942026703947
48823,-1.2731095430070758,-1.5427375212149463,-0.2522710813097771,-1.6893462207327565
12543,0.8779154216303074,0.981118592267362,-0.37334205890894306,0.18433412590084466
16703,1.0503476233917464,1.2107961759163177,1.6166014257968953,-1.814185422599762
20863,0.19906125821642526,-2.592600312013945,-1.3422031655791469,1.4836615331642
57263,-0.26689753774319086,-0.017182229000438275,-1.0424999366069443,-0.20382589914467192
65463,-0.2796016422686665,-0.8300819194601642,-0.8682687511747756,-0.4907975059240652
51703,0.2433234676748658,-0.6439421313552964,2.3867155532903275,0.8210949819328073
71543,1.5904512165516145,0.8403409945334116,-0.3245327430980947,2.516928715917827
49703,-0.8632708491310229,0.4195434886925555,-0.8671957249244769,-1.0541832401773332
47423,0.5631302639459759,-1.0098553794908782,-0.38031526918706526,2.5123288274438864
3303,-0.5109077753382146,-0.8731246924525677,0.47827175738434263,-1.3056591348955753
38703,-0.974670102266127,-0.2785293165442425,-0.8291026286910113,1.3620368862582264
8063,0.46345105842170825,-0.14862550607577726,0.37536210230728,0.7644036131914597
49983,-0.4013976728910582,0.49469562109773135,1.090965570145065,-1.5945999830978614
54143,-0.2870576157869286,1.130441072544726,-0.12629558592054532,-0.48792046945126205
57583,-0.2780560175182893,0.7562782294662695,1.2947554809699369,1.4811714489655294
58303,-0.7324740847510312,-1.3227938314831875,0.5036436682477181,-0.47724718507707314
76023,1.0121043056247006,0.5177870999499359,1.069294347330065,1.0752740264205565
16263,-0.1986146495319377,0.2741294257314542,2.4633036493082763,0.4674469549562789
3183,0.7287382554126812,1.2942314148999339,0.3290835195100036,-0.4544676171974826
66623,0.5327388279322861,0.6742460015456689,-0.3067380564791982,-0.9779305637447885
41623,1.6529014436103193,0.32899281771388994,-0.7903488193245262,-0.3013361408444347
52223,-0.2435083073819374,-0.7401470362110738,0.29961387696872627,-0.488142974264056
74943,0.4828679456908802,0.43537443601938386,0.38640078385685456,-0.2757503840495398
77303,-0.6232096456612088,-1.2261587598697985,-0.11485631453878854,-1.1963625478761226
44943,-0.8256267963423634,-1.560665698303575,1.1836389467974509,0.1622099472106457
38663,-0.2306722115296576,0.34980529821474315,-0.5892932315179052,0.7697507864483539
6543,-1.0277184179347245,-2.2586434435352265,-0.26765747057638,-1.1130100624069375
10703,0.14521200550998792,-1.051319930339853,0.372516002565717,1.763921355468064
53143,-0.3232835533877241,1.6034756961762988,-0.719303980968191,-0.7096583005152742
35823,1.1948567955387888,-1.233901553219018,0.23009686626692716,-0.24176231747768723
63623,-1.0559207036201306,0.5455115617654904,1.035619193063959,1.8166701485291796
40063,0.42850299564176236,0.3652286880228454,-0.4313042931029916,1.4412136287052832
27343,-0.2711018954636115,-0.17202094696121029,0.4922657206852869,1.140830481359965
30623,0.7489908145432259,0.5031166468529289,-0.07501711551786268,-0.7946188315235478
71943,-0.2662838430074681,0.32288954624605815,-1.20152555696574,0.4445777283375715
76103,1.5384866056137576,0.223576681061101,-0.9382617833637232,2.340341192276312
9983,1.0502462513510036,-1.078837847451187,-0.9258520028303884,0.43157902031175455
43983,0.7175364421569387,0.3812496611944748,0.46881154731789887,-0.6182330822197852
59303,-1.17238861697389,0.35847163698349693,-2.410369409865598,1.2887001563866984
48143,-0.06790540099016346,-0.3522258652735752,0.6531405972509128,-0.9621787240006643
43303,1.0748661001491189,-0.3261762787600645,0.12654485174794505,0.22599731522068361
14663,1.3130996283592666,-0.5074928836983095,-1.0920631668148908,-0.44804185613137737
5223,-0.714954424557068,0.31058841501286166,1.2103529777581359,0.4935123937722456
60623,-0.27029516587345304,-2.105169451627964,-2.753454660029979,-0.33910061444267986
26543,-0.7983110763391095,-1.1851163175489117,-0.14456799210172877,-1.1776555852926316
26343,0.7346270403255893,1.0416974100311114,-0.6240377568338613,0.6288052380624057
42103,1.887178994614155,0.5095103821610315,0.5380734053970809,-0.14114557530272023
68943,-0.6446832145568353,-1.025604684976287,-1.1601535402519374,0.1774093802472096
8863,-0.2160485995867479,-0.8204727463230258,0.946114896276995,0.47934702873346935
32663,0.385672322870419,1.6090800226702113,0.5506286801200528,0.3416894288257477
55223,-0.785564312012362,-0.6453358523572968,0.21079945750160176,-0.9660880586543051
40983,-0.47944891792267774,-0.07319921547307726,0.8248850262942541,0.04296204314115087
55783,0.9563725087426445,3.1252083959198975,2.5383478587222017,-0.056165577835149284
44703,1.0026580998843173,-0.5386646703632932,0.1146111299999224,-0.5337405413979462
49303,1.5228884411522803,-0.7680639678045348,-0.13572614308279282,-2.7079229583725923
27823,0.16816215749267655,0.054275466918958314,1.4406678533891275,2.2778295464609304
53863,0.3785952261995785,0.3743464296690767,-0.1301340882008482,-1.2800799321756944
63423,1.796780788935812,1.0513324895819343,1.9818770627524673,0.691601641359604
57623,-1.9986250661827467,-1.266012412969217,1.1910840387961226,0.3496708538723232
59023,0.10161114008963724,0.4913101809349784,-0.08416712572429008,0.495916017010137
21343,1.8960372731576507,-0.22437759563013016,-0.07752613402358982,1.2662116990238492
65943,-0.36223836801812836,0.8705687833669655,-1.4986773258460957,-0.3982953517057454
70103,-0.7467537762408314,-0.3461202843170967,-0.6871260942575071,0.19566580944634912
51143,-0.6400806939894337,0.5517545437582442,0.3398373399661665,-1.038102577496422
74263,0.8760437410360044,0.7218385489681676,-0.2714368854495686,0.5252054884239957
55183,0.7500341014872625,-0.23563658812613164,-0.692572681579215,-0.6143206382896544
64503,-0.898905383782373,0.411855171284991,0.9110035432272922,-0.7586951085042637
73623,1.8972701243968069,-1.7048460033063628,-0.8886206461905124,0.6384805534747141
50423,-0.12083629162182959,0.24301459474147893,1.7585177124762812,0.7934458595524037
46303,-0.390570666394665,1.969142219095133,-1.4928105143915131,-0.2260286313399622
28623,0.11336723248339595,1.4869652101964215,0.1270439987500672,-0.29081826793712856
10023,0.9935689027567948,-1.2277441916718506,-0.6991423529934896,1.0270300929832394
60903,0.38137916753669754,-0.860715143887993,-1.22131032492736,0.8128877003819958
67543,0.38603402611427484,1.3612802356598461,0.8311156835776186,0.15843626540738037
58783,-0.4168277537133301,-0.9142518080160856,1.0486582750369793,-0.7061240612174621
45103,1.1646341036046775,0.9164866838746442,-1.3046717502437137,-0.7092497673447742
62943,0.4783875661195126,-1.4783516328192956,1.3007797274133797,-0.38112273537430447
6103,-1.1292816395380751,-0.6717676286852546,0.03292360674705443,0.06435018624150944
71263,0.7484059101455182,-0.9204552720482767,1.0469418360872014,0.9129593768198705
33103,-0.3693301918802694,0.7423003963524198,-1.6690208026148543,-0.2494683766897391
75423,-1.3396077927137704,-1.189257721119509,-0.37045797177342377,-0.10745802816433994
34983,0.8818418504296857,0.3979662942051218,0.6207929058454751,-1.0261636404644194
55263,-0.7968439569577862,0.4264192194178981,-0.3848026955797905,0.7372377837073877
7103,-0.055099565962702046,-0.6129453632996458,1.476330931366848,-0.9082883584009691
47463,0.040520941461385754,-0.39879049446628656,0.2129179603992766,0.30306105240863546
11183,-0.8683125966921145,-1.0596730413103441,-1.5303932240070748,0.22123239013538715
2023,-0.6792465277232346,1.2978311491218066,-0.5393441114394151,-0.054471192778926925
32423,1.7083908263736876,-0.5587801185416118,-0.9992839329641475,0.0005058551941144636
68263,-1.0384902300155716,1.6057997032592939,0.9554608425089792,1.1666880755607154
18343,0.0006207956472450875,-0.9434025044052128,-0.21615128939354922,0.3558857848509632
40943,-0.18103374427553395,-1.1988604364917836,0.14259730675327068,0.556467560515147
36143,-0.2795914755280602,-0.3402908219845666,0.21596673982709072,0.3907418560440123
72423,0.6812043141967206,0.6358855682514042,-1.5531598184333408,-0.35235338009278894
40303,-1.0374772679728954,-0.33953712558121,-1.0758214761483194,0.5029754501707585
4023,0.0969509944568141,-0.9705221842415684,1.3482784617731844,0.11005144022998453
59383,1.1713342439509602,0.3978242264964591,0.13729557256618477,0.8936165905592841
11263,-0.1482059024642154,-0.5921887496887543,0.23393654934756325,-0.09848034852255906
61103,0.14864915007700022,-0.024628148387893897,0.7466489175071016,-1.0116940616322219
6143,0.32642589584362597,-1.3132326084534713,0.11286451627700489,-1.7507421089837272
